# t (s)	mx ()	my ()	mz ()	B_extx (T)	B_exty (T)	B_extz (T)
0	1.1811253e-09	1.1811253e-09	0.0019094023	0	0	0
0	1.38801e-05	3.627742e-09	0.11814887	4.3633227e-06	0	0.050000012
0	3.1513267e-05	3.3746437e-09	0.24490458	8.726645e-06	0	0.100000024
0	8.5384374e-05	-3.543376e-08	0.3999147	1.3089971e-05	0	0.14999998
0	0.029445648	-0.028677793	0.6765734	1.745329e-05	0	0.20000005
0	0.004448096	-0.0041959626	0.8731701	2.1816611e-05	0	0.25
0	0.00022961102	-3.7904e-06	0.9519822	2.6179941e-05	0	0.29999995
0	-3.585675e-05	8.4315474e-07	0.97489864	3.0543255e-05	0	0.3499999
0	2.0753669e-05	2.1935184e-08	0.9843468	3.490658e-05	0	0.4000001
0	0.000107574764	2.5309828e-09	0.9919947	3.926991e-05	0	0.45000005
0	0.000105811596	2.3622506e-09	0.9956226	4.3633223e-05	0	0.5
0	0.00010374735	2.1935185e-09	0.9961829	4.7996553e-05	0	0.5500001
0	0.000102094215	1.6873218e-09	0.9966245	5.2359883e-05	0	0.5999999
0	0.00010074023	1.0123932e-09	0.99698156	5.6723202e-05	0	0.6500001
0	9.961245e-05	1.0967592e-09	0.99727625	6.108651e-05	0	0.6999998
0	9.865774e-05	1.1811253e-09	0.99752367	6.544985e-05	0	0.75
0	9.784014e-05	1.0967592e-09	0.99773407	6.981316e-05	0	0.8000002
0	9.7131735e-05	7.5929485e-10	0.99791497	7.4176496e-05	0	0.8499999
0	9.651131e-05	1.0123932e-09	0.9980719	7.853983e-05	0	0.9000001
0	9.596531e-05	8.436609e-10	0.99820966	8.290314e-05	0	0.9499998
0	9.547934e-05	6.749287e-10	0.9983311	8.7266446e-05	0	1
0	9.5965195e-05	5.9056265e-10	0.99820966	8.290314e-05	0	0.9499998
0	9.6511576e-05	6.749287e-10	0.998072	7.853983e-05	0	0.9000001
0	9.713138e-05	6.749287e-10	0.99791497	7.4176496e-05	0	0.8499999
0	9.7839904e-05	7.5929485e-10	0.9977339	6.981316e-05	0	0.8000002
0	9.8657765e-05	8.436609e-10	0.99752367	6.544985e-05	0	0.75
0	9.9612196e-05	1.1811253e-09	0.9972764	6.108651e-05	0	0.6999998
0	0.000100740726	1.4342236e-09	0.9969815	5.6723202e-05	0	0.6500001
0	0.00010209432	1.6873218e-09	0.9966245	5.2359883e-05	0	0.5999999
0	0.00010374719	2.3622506e-09	0.9961831	4.7996553e-05	0	0.5500001
0	0.00010581149	2.3622506e-09	0.9956226	4.3633223e-05	0	0.5
0	0.00010845858	3.0371794e-09	0.9948848	3.926991e-05	0	0.45000005
0	0.00011196549	3.3746437e-09	0.9938558	3.490658e-05	0	0.4000001
0	0.00011679981	5.0619655e-09	0.9922534	3.0543255e-05	0	0.3499999
0	0.00012360833	6.9180195e-09	0.98866636	2.6179941e-05	0	0.29999995
0	0.0134416	-2.1405365e-05	0.9259092	2.1816611e-05	0	0.25
0	0.0441326	-9.9765944e-05	0.73778427	1.745329e-05	0	0.20000005
0	-0.021383185	-0.000101748206	0.4618233	1.3089971e-05	0	0.14999998
0	-0.011337394	-3.2716496e-05	0.2864195	8.726645e-06	0	0.100000024
0	-0.004804218	-4.1039043e-06	0.122014254	4.3633227e-06	0	0.050000012
0	-0.0025812327	-3.5495345e-06	0.016224038	-2.7854506e-20	0	-3.1918912e-16
0	0.0012671588	-4.851472e-07	-0.095047355	-4.3633227e-06	0	-0.050000012
0	0.0017514451	3.067551e-07	-0.23632365	-8.726645e-06	0	-0.100000024
0	-0.0022777128	1.4308489e-07	-0.4286796	-1.3089971e-05	0	-0.14999998
0	-7.616495e-05	-3.104672e-08	-0.6535159	-1.745329e-05	0	-0.20000005
0	-9.566121e-05	-2.0247862e-08	-0.8166281	-2.1816611e-05	0	-0.25
0	-0.00010558282	-1.079886e-08	-0.9114229	-2.6179941e-05	0	-0.29999995
0	-0.000107864515	-8.43661e-09	-0.953324	-3.0543255e-05	0	-0.3499999
0	-0.0001071428	-4.0495727e-09	-0.9722481	-3.490658e-05	0	-0.4000001
0	-0.00010781047	-2.8684473e-09	-0.99199444	-3.9269915e-05	0	-0.45000005
0	-0.00010581115	-2.5309828e-09	-0.99562275	-4.3633223e-05	0	-0.5
0	-0.00010374722	-2.3622506e-09	-0.9961829	-4.7996553e-05	0	-0.5500001
0	-0.00010209409	-1.5185897e-09	-0.9966245	-5.2359883e-05	0	-0.5999999
0	-0.000100740246	-1.3498574e-09	-0.9969815	-5.6723202e-05	0	-0.6500001
0	-9.961199e-05	-9.2802704e-10	-0.9972764	-6.108651e-05	0	-0.6999998
0	-9.865786e-05	-1.0967592e-09	-0.99752367	-6.544985e-05	0	-0.75
0	-9.783999e-05	-6.749287e-10	-0.99773407	-6.981316e-05	0	-0.8000002
0	-9.713168e-05	-7.5929485e-10	-0.99791497	-7.4176496e-05	0	-0.8499999
0	-9.6511416e-05	-4.2183046e-10	-0.998072	-7.853982e-05	0	-0.9000001
0	-9.596536e-05	-6.749287e-10	-0.99820966	-8.290314e-05	0	-0.9499998
0	-9.547929e-05	-5.9056265e-10	-0.9983311	-8.7266446e-05	0	-1
0	-9.596529e-05	-5.9056265e-10	-0.99820966	-8.290314e-05	0	-0.9499998
0	-9.651146e-05	-7.5929485e-10	-0.9980719	-7.853983e-05	0	-0.9000001
0	-9.7131524e-05	-8.436609e-10	-0.99791497	-7.4176496e-05	0	-0.8499999
0	-9.783995e-05	-1.0123932e-09	-0.99773407	-6.981316e-05	0	-0.8000002
0	-9.865787e-05	-7.5929485e-10	-0.99752367	-6.544985e-05	0	-0.75
0	-9.9612545e-05	-9.2802704e-10	-0.9972764	-6.108651e-05	0	-0.6999998
0	-0.000100740486	-1.2654914e-09	-0.9969815	-5.6723202e-05	0	-0.6500001
0	-0.000102094404	-1.5185897e-09	-0.9966245	-5.2359883e-05	0	-0.5999999
0	-0.00010374739	-2.3622506e-09	-0.9961831	-4.7996553e-05	0	-0.5500001
0	-0.00010581091	-2.5309828e-09	-0.99562275	-4.3633223e-05	0	-0.5
0	-0.00010845835	-2.699715e-09	-0.9948848	-3.926991e-05	0	-0.45000005
0	-0.0001119651	-2.699715e-09	-0.9938558	-3.490658e-05	0	-0.4000001
0	-0.00011679969	-5.39943e-09	-0.9922534	-3.0543255e-05	0	-0.3499999
0	-0.00012360918	-7.255484e-09	-0.98866636	-2.6179941e-05	0	-0.29999995
0	-0.013439187	2.0428575e-05	-0.92590636	-2.1816611e-05	0	-0.25
0	-0.0441327	9.7720906e-05	-0.73778415	-1.745329e-05	0	-0.20000005
0	-6.474811e-05	1.5620888e-05	-0.4460521	-1.3089971e-05	0	-0.14999998
0	-1.4740613e-05	2.5704661e-05	-0.26678106	-8.726645e-06	0	-0.100000024
0	0.0011424195	0.0027826983	-0.104674436	-4.3633227e-06	0	-0.050000012
0	0.0006670946	0.0014780652	0.00014005059	2.7854506e-20	0	3.1918912e-16
0	0.0017100547	0.0016933978	0.10367115	4.3633227e-06	0	0.050000012
0	-0.0039211214	-0.0039655915	0.24814264	8.726645e-06	0	0.100000024
0	-0.0021580867	-0.0022360987	0.44736397	1.3089971e-05	0	0.14999998
0	8.337915e-05	-1.687322e-08	0.6738479	1.745329e-05	0	0.20000005
0	9.751353e-05	-7.059755e-07	0.82886803	2.1816611e-05	0	0.25
0	0.0001071828	2.9696865e-08	0.92022675	2.6179941e-05	0	0.29999995
0	0.00010880426	2.7587712e-08	0.9581174	3.0543255e-05	0	0.3499999
0	0.00010767766	9.111538e-09	0.9749021	3.490658e-05	0	0.4000001
0	0.00010720891	2.4466167e-09	0.98924786	3.926991e-05	0	0.45000005
0	0.000105811945	2.1935185e-09	0.99562275	4.3633223e-05	0	0.5
0	0.00010374703	1.6873218e-09	0.9961831	4.7996553e-05	0	0.5500001
0	0.000102094265	1.8560541e-09	0.9966245	5.2359883e-05	0	0.5999999
0	0.00010073997	1.1811253e-09	0.9969815	5.6723202e-05	0	0.6500001
0	9.961176e-05	1.0123932e-09	0.9972764	6.108651e-05	0	0.6999998
0	9.8657845e-05	1.0123932e-09	0.99752367	6.544985e-05	0	0.75
0	9.783981e-05	1.0123932e-09	0.99773407	6.981316e-05	0	0.8000002
0	9.713168e-05	5.9056265e-10	0.99791485	7.4176496e-05	0	0.8499999
0	9.65119e-05	6.749287e-10	0.998072	7.853983e-05	0	0.9000001
0	9.596529e-05	6.749287e-10	0.99820966	8.290314e-05	0	0.9499998
