# t (s)	mx ()	my ()	mz ()	spinAngle (rad)	E_total (J)	E_anis (J)	E_demag (J)	E_exch (J)	E_therm (J)	E_custom (J)
0	0	0	0	0.016871518	-1.8183925e-17	-4.5216e-17	2.7510472e-17	6.3040005e-18	0	-6.7824004e-18
1.0000000000000124e-11	-3.3746436e-10	-2.1091523e-10	0.0001363869	0.018043363	-2.338999e-17	-4.2851837e-17	2.6195281e-17	-4.0637034e-20	0	-6.6927986e-18
2.0009999999999403e-11	6.749287e-10	-7.5929485e-10	-0.000593185	0.015397501	-2.3822201e-17	-4.2983445e-17	2.62813e-17	-3.8535783e-19	0	-6.734701e-18
3.000999999999824e-11	6.749287e-10	-2.530983e-10	-0.00142653	0.013244263	-2.3999294e-17	-4.3775993e-17	2.6764643e-17	-2.471754e-19	0	-6.7407668e-18
4.000000000000001e-11	3.585559e-10	-2.9528133e-10	-0.0015938597	0.011493243	-2.4092108e-17	-4.42151e-17	2.7030408e-17	-1.5481364e-19	0	-6.7526025e-18
5.0000000000001785e-11	-8.436609e-10	9.4911856e-11	-0.0011234847	0.01012986	-2.4150645e-17	-4.4488672e-17	2.7197204e-17	-9.905437e-20	0	-6.760124e-18
6.00000000000024e-11	-4.2183046e-10	5.7474403e-10	-0.00034454433	0.008903676	-2.4191807e-17	-4.4665725e-17	2.7308964e-17	-6.88137e-20	0	-6.766232e-18
7.000999999999771e-11	0	6.9008826e-10	9.790095e-06	0.0073861233	-2.439192e-17	-4.481155e-17	2.7402166e-17	-2.159249e-19	0	-6.7666104e-18
8.000999999999302e-11	4.0073894e-10	5.1806054e-10	0.00060649804	0.0064931028	-2.4665505e-17	-4.4890956e-17	2.745087e-17	-4.444966e-19	0	-6.78092e-18
9.000999999998834e-11	3.7964742e-10	1.370949e-10	0.00064648426	0.0060168994	-2.46825e-17	-4.4907367e-17	2.7461147e-17	-4.5488937e-19	0	-6.7813888e-18
1.0000999999998365e-10	-1.0545761e-11	-1.5818642e-10	0.00062063057	0.005598909	-2.4686198e-17	-4.492769e-17	2.747287e-17	-4.4955814e-19	0	-6.7818193e-18
1.1000999999997896e-10	-1.05457615e-10	3.6910166e-11	0.0006089618	0.0053733326	-2.4687273e-17	-4.4936272e-17	2.747768e-17	-4.467596e-19	0	-6.7819178e-18
1.2000999999997891e-10	-5.800169e-11	2.399161e-10	0.0006269419	0.005278708	-2.4687662e-17	-4.4929688e-17	2.7473952e-17	-4.499866e-19	0	-6.781941e-18
1.3000999999998715e-10	2.6628047e-10	2.9725866e-10	0.00063860265	0.005253483	-2.4687813e-17	-4.4924093e-17	2.7470842e-17	-4.5260557e-19	0	-6.781952e-18
1.400099999999954e-10	3.0319064e-10	1.239127e-10	0.00063690025	0.005209048	-2.4687864e-17	-4.492496e-17	2.747131e-17	-4.5225624e-19	0	-6.7819583e-18
1.5000000000000362e-10	2.0300592e-10	-3.4273726e-11	0.0006288715	0.005171899	-2.4687894e-17	-4.492795e-17	2.7473055e-17	-4.5103103e-19	0	-6.7819674e-18
1.6000000000001186e-10	-3.4801012e-10	6.591101e-12	0.00062731624	0.0051585217	-2.4687904e-17	-4.492969e-17	2.7473998e-17	-4.502321e-19	0	-6.781969e-18
1.700000000000201e-10	-3.9546606e-11	-1.0677584e-10	0.00063014653	0.005172621	-2.4687905e-17	-4.4928216e-17	2.747316e-17	-4.508821e-19	0	-6.781967e-18
1.8000000000002833e-10	1.3182202e-11	2.1618811e-10	0.0006321024	0.005182005	-2.4687908e-17	-4.492688e-17	2.7472425e-17	-4.51493e-19	0	-6.781967e-18
1.9000000000003657e-10	2.7550803e-10	1.1336694e-10	0.000631654	0.0051778955	-2.468791e-17	-4.4927352e-17	2.747269e-17	-4.512793e-19	0	-6.781967e-18
2.000000000000448e-10	1.5423177e-10	-5.312427e-10	0.0006304497	0.005171794	-2.4687904e-17	-4.4928073e-17	2.747309e-17	-4.50956e-19	0	-6.781967e-18
2.1000000000005304e-10	1.700504e-10	-5.2465166e-10	0.000630162	0.005171631	-2.4687912e-17	-4.4928034e-17	2.7473065e-17	-4.5097794e-19	0	-6.7819682e-18
2.2000000000006128e-10	3.3087327e-10	8.0411434e-11	0.00063065416	0.005174577	-2.4687912e-17	-4.4927713e-17	2.747289e-17	-4.511211e-19	0	-6.7819674e-18
2.3000000000006952e-10	1.08094055e-10	5.351974e-10	0.00063098065	0.0051751533	-2.468791e-17	-4.492764e-17	2.7472849e-17	-4.511517e-19	0	-6.7819674e-18
2.4000000000005925e-10	-4.4687665e-10	8.594796e-10	0.00063090434	0.005174159	-2.4687912e-17	-4.4927756e-17	2.747291e-17	-4.511015e-19	0	-6.781967e-18
2.5000000000004163e-10	-4.9828724e-10	-4.0996648e-10	0.00063070195	0.0051730517	-2.468791e-17	-4.492782e-17	2.747295e-17	-4.510714e-19	0	-6.7819674e-18
2.60000000000024e-10	-1.1336694e-09	-2.6232583e-10	0.0006306369	0.0051733293	-2.4687918e-17	-4.492781e-17	2.7472936e-17	-4.5108025e-19	0	-6.7819674e-18
2.700000000000064e-10	-5.08833e-10	-6.380186e-10	0.00063072046	0.0051739244	-2.4687912e-17	-4.4927762e-17	2.7472918e-17	-4.5109685e-19	0	-6.7819674e-18
2.800099999999888e-10	-1.0941228e-10	-2.09597e-10	0.0006307564	0.0051740427	-2.4687908e-17	-4.492776e-17	2.7472916e-17	-4.510991e-19	0	-6.781967e-18
2.9000999999997117e-10	1.1125778e-09	1.6873218e-10	0.00063076906	0.00517404	-2.4687908e-17	-4.4927762e-17	2.7472918e-17	-4.510976e-19	0	-6.7819674e-18
3.0000999999995355e-10	5.773805e-10	6.7624695e-10	0.0006307689	0.005173867	-2.4687912e-17	-4.4927766e-17	2.7472918e-17	-4.5109674e-19	0	-6.7819674e-18
3.1000999999993594e-10	6.894292e-10	4.771957e-10	0.0006307703	0.0051736482	-2.4687912e-17	-4.4927766e-17	2.7472918e-17	-4.5109643e-19	0	-6.7819674e-18
3.2000999999991833e-10	5.6419824e-10	6.6306477e-10	0.0006307698	0.0051737376	-2.4687912e-17	-4.4927766e-17	2.7472918e-17	-4.5109633e-19	0	-6.7819674e-18
3.300099999999007e-10	6.3538214e-10	4.811504e-10	0.00063076976	0.0051739137	-2.4687912e-17	-4.4927766e-17	2.7472918e-17	-4.5109623e-19	0	-6.7819674e-18
3.400099999998831e-10	6.6174655e-10	2.3859786e-10	0.0006307694	0.005173807	-2.4687912e-17	-4.4927766e-17	2.7472918e-17	-4.510962e-19	0	-6.7819674e-18
3.500099999998655e-10	7.5336287e-10	3.6119233e-10	0.0006307694	0.0051737963	-2.4687912e-17	-4.4927766e-17	2.7472918e-17	-4.510962e-19	0	-6.7819674e-18
3.600099999998479e-10	9.794376e-10	4.2183046e-10	0.00063076953	0.0051737023	-2.4687907e-17	-4.4927762e-17	2.7472918e-17	-4.510962e-19	0	-6.781967e-18
3.7000999999983027e-10	1.095441e-09	5.20697e-10	0.0006307695	0.005173748	-2.4687907e-17	-4.4927766e-17	2.7472918e-17	-4.510962e-19	0	-6.7819674e-18
3.8000999999981266e-10	9.2934527e-10	3.4669193e-10	0.0006307695	0.0051737586	-2.4687907e-17	-4.4927762e-17	2.7472918e-17	-4.510962e-19	0	-6.7819674e-18
3.9000999999979505e-10	1.0018474e-09	3.453737e-10	0.0006307693	0.005173748	-2.4687912e-17	-4.4927766e-17	2.7472918e-17	-4.510962e-19	0	-6.7819674e-18
4.0000999999977743e-10	1.0387575e-09	3.9019318e-10	0.0006307693	0.005173728	-2.4687912e-17	-4.4927766e-17	2.7472918e-17	-4.510962e-19	0	-6.7819674e-18
4.100099999997598e-10	1.2879011e-09	3.4801012e-10	0.0006307695	0.0051737158	-2.4687912e-17	-4.4927762e-17	2.7472918e-17	-4.510962e-19	0	-6.781967e-18
4.200099999997422e-10	1.2496727e-09	3.6646522e-10	0.0006307695	0.005173716	-2.4687907e-17	-4.4927766e-17	2.7472918e-17	-4.510961e-19	0	-6.7819674e-18
4.300099999997246e-10	1.1699204e-09	4.626953e-10	0.0006307695	0.0051737176	-2.4687912e-17	-4.4927762e-17	2.7472918e-17	-4.510961e-19	0	-6.7819674e-18
4.40009999999707e-10	1.2681278e-09	5.259699e-10	0.0006307695	0.0051737227	-2.4687907e-17	-4.4927766e-17	2.7472918e-17	-4.510961e-19	0	-6.7819674e-18
4.5000999999968937e-10	1.1283965e-09	4.0601184e-10	0.0006307695	0.0051737255	-2.4687912e-17	-4.4927762e-17	2.7472918e-17	-4.510961e-19	0	-6.781967e-18
4.6000999999967176e-10	9.781194e-10	2.3200676e-10	0.0006307695	0.0051737204	-2.4687912e-17	-4.4927766e-17	2.7472918e-17	-4.510961e-19	0	-6.7819674e-18
4.700099999996541e-10	1.1705795e-09	2.9000843e-10	0.0006307695	0.0051737227	-2.4687912e-17	-4.4927762e-17	2.7472918e-17	-4.510962e-19	0	-6.7819674e-18
4.800099999996365e-10	1.2312177e-09	5.1410587e-10	0.0006307695	0.0051737227	-2.4687907e-17	-4.4927762e-17	2.7472918e-17	-4.510961e-19	0	-6.7819674e-18
4.900099999996189e-10	1.2088079e-09	5.997902e-10	0.0006307695	0.0051737227	-2.4687912e-17	-4.4927766e-17	2.7472918e-17	-4.510961e-19	0	-6.781967e-18
5.000099999996013e-10	1.0941228e-09	5.0487836e-10	0.0006307695	0.005173725	-2.4687912e-17	-4.4927766e-17	2.7472918e-17	-4.510961e-19	0	-6.7819674e-18
5.100099999995837e-10	1.0506215e-09	3.7437453e-10	0.0006307695	0.005173725	-2.4687912e-17	-4.4927762e-17	2.7472918e-17	-4.510961e-19	0	-6.7819674e-18
5.200099999995661e-10	1.1283965e-09	1.4500422e-10	0.0006307693	0.005173725	-2.4687907e-17	-4.4927766e-17	2.7472918e-17	-4.510961e-19	0	-6.781967e-18
5.300099999995485e-10	1.2364906e-09	1.5423177e-10	0.00063076924	0.005173725	-2.4687912e-17	-4.4927762e-17	2.7472918e-17	-4.510961e-19	0	-6.7819674e-18
5.400099999995309e-10	1.2681278e-09	1.9509659e-10	0.0006307694	0.005173725	-2.4687907e-17	-4.4927766e-17	2.7472918e-17	-4.510962e-19	0	-6.7819674e-18
5.500099999995133e-10	1.2193537e-09	1.9509659e-10	0.00063076924	0.005173725	-2.4687912e-17	-4.4927766e-17	2.7472918e-17	-4.510961e-19	0	-6.7819674e-18
5.600099999994956e-10	1.1837618e-09	1.5554999e-10	0.0006307694	0.005173725	-2.4687907e-17	-4.4927766e-17	2.7472918e-17	-4.510961e-19	0	-6.7819674e-18
5.70009999999478e-10	1.173216e-09	2.0300592e-10	0.0006307694	0.005173725	-2.4687912e-17	-4.4927762e-17	2.7472918e-17	-4.510961e-19	0	-6.781967e-18
5.800099999994604e-10	1.196944e-09	1.5027711e-10	0.00063076924	0.005173725	-2.4687912e-17	-4.4927766e-17	2.7472918e-17	-4.510962e-19	0	-6.7819674e-18
5.900099999994428e-10	1.2101261e-09	1.7136863e-10	0.00063076924	0.005173725	-2.4687912e-17	-4.4927762e-17	2.7472918e-17	-4.510961e-19	0	-6.7819674e-18
6.000099999994252e-10	1.227263e-09	1.5291354e-10	0.00063076924	0.005173725	-2.4687907e-17	-4.4927766e-17	2.7472918e-17	-4.510961e-19	0	-6.7819674e-18
6.100099999994076e-10	1.2193537e-09	1.5027711e-10	0.00063076924	0.005173725	-2.4687907e-17	-4.4927762e-17	2.7472918e-17	-4.510961e-19	0	-6.781967e-18
6.2000999999939e-10	1.2167173e-09	1.6873218e-10	0.00063076924	0.005173725	-2.4687907e-17	-4.4927762e-17	2.7472918e-17	-4.510961e-19	0	-6.781967e-18
6.300099999993724e-10	1.2167173e-09	1.2654915e-10	0.00063076924	0.0051737227	-2.4687912e-17	-4.4927762e-17	2.7472918e-17	-4.510961e-19	0	-6.7819674e-18
6.400099999993547e-10	1.2180355e-09	1.4500422e-10	0.0006307694	0.005173725	-2.4687907e-17	-4.4927766e-17	2.7472918e-17	-4.510961e-19	0	-6.7819674e-18
6.500099999993371e-10	1.2266039e-09	1.7400506e-10	0.00063076924	0.005173725	-2.4687912e-17	-4.4927766e-17	2.7472918e-17	-4.510961e-19	0	-6.781967e-18
6.600099999993195e-10	1.215399e-09	1.7400506e-10	0.00063076924	0.005173725	-2.4687907e-17	-4.4927766e-17	2.7472918e-17	-4.510961e-19	0	-6.7819674e-18
6.700099999993019e-10	1.2219902e-09	1.5027711e-10	0.00063076924	0.005173725	-2.4687912e-17	-4.4927762e-17	2.7472918e-17	-4.510961e-19	0	-6.781967e-18
6.800099999992843e-10	1.2246266e-09	1.6477752e-10	0.0006307694	0.005173725	-2.4687912e-17	-4.4927766e-17	2.7472918e-17	-4.510962e-19	0	-6.7819674e-18
6.900099999992667e-10	1.2180355e-09	1.4368601e-10	0.00063076924	0.005173725	-2.4687912e-17	-4.4927762e-17	2.7472918e-17	-4.510961e-19	0	-6.7819674e-18
7.000099999992491e-10	1.2312177e-09	1.4632244e-10	0.00063076924	0.005173725	-2.4687907e-17	-4.4927766e-17	2.7472918e-17	-4.510962e-19	0	-6.7819674e-18
7.100099999992315e-10	1.2266039e-09	1.6873218e-10	0.00063076924	0.005173725	-2.4687912e-17	-4.4927766e-17	2.7472918e-17	-4.510961e-19	0	-6.781967e-18
7.200099999992138e-10	1.2206719e-09	1.7400506e-10	0.00063076924	0.005173725	-2.4687912e-17	-4.4927766e-17	2.7472918e-17	-4.510961e-19	0	-6.781967e-18
7.300099999991962e-10	1.2193537e-09	1.9114194e-10	0.00063076924	0.005173725	-2.4687912e-17	-4.4927762e-17	2.7472918e-17	-4.510961e-19	0	-6.781967e-18
7.400099999991786e-10	1.2285812e-09	1.5159532e-10	0.0006307694	0.005173725	-2.4687912e-17	-4.4927762e-17	2.7472918e-17	-4.510961e-19	0	-6.7819674e-18
7.50009999999161e-10	1.2180355e-09	1.8059616e-10	0.00063076924	0.005173725	-2.4687912e-17	-4.4927766e-17	2.7472918e-17	-4.510961e-19	0	-6.7819674e-18
7.600099999991434e-10	1.2233083e-09	1.5554999e-10	0.0006307694	0.005173725	-2.4687907e-17	-4.4927766e-17	2.7472918e-17	-4.510961e-19	0	-6.7819674e-18
7.700099999991258e-10	1.2325359e-09	1.7268685e-10	0.00063076924	0.005173725	-2.4687912e-17	-4.4927766e-17	2.7472918e-17	-4.510961e-19	0	-6.781967e-18
7.800099999991082e-10	1.2351723e-09	1.5291354e-10	0.00063076924	0.005173725	-2.4687907e-17	-4.4927766e-17	2.7472918e-17	-4.510961e-19	0	-6.7819674e-18
7.900099999990906e-10	1.2312177e-09	1.2654915e-10	0.0006307694	0.005173725	-2.4687912e-17	-4.4927766e-17	2.7472918e-17	-4.510962e-19	0	-6.7819674e-18
8.00009999999073e-10	1.2364906e-09	1.4764066e-10	0.0006307694	0.005173725	-2.4687907e-17	-4.4927766e-17	2.7472918e-17	-4.510961e-19	0	-6.7819674e-18
8.100099999990553e-10	1.2140808e-09	1.5291354e-10	0.00063076924	0.005173725	-2.4687912e-17	-4.4927762e-17	2.7472918e-17	-4.510961e-19	0	-6.7819674e-18
8.200099999990377e-10	1.2048532e-09	1.9773302e-10	0.00063076924	0.005173725	-2.4687912e-17	-4.4927766e-17	2.7472918e-17	-4.510961e-19	0	-6.7819674e-18
8.300099999990201e-10	1.215399e-09	1.6873218e-10	0.00063076924	0.005173725	-2.4687907e-17	-4.4927762e-17	2.7472918e-17	-4.510962e-19	0	-6.7819674e-18
8.400099999990025e-10	1.2193537e-09	1.7136863e-10	0.00063076924	0.005173725	-2.4687907e-17	-4.4927762e-17	2.7472918e-17	-4.510961e-19	0	-6.7819674e-18
8.500099999989849e-10	1.2285812e-09	1.5291354e-10	0.00063076924	0.005173725	-2.4687912e-17	-4.4927762e-17	2.7472918e-17	-4.510961e-19	0	-6.7819674e-18
8.600099999989673e-10	1.2351723e-09	1.5423177e-10	0.0006307694	0.005173725	-2.4687907e-17	-4.4927766e-17	2.7472918e-17	-4.510961e-19	0	-6.7819674e-18
8.700099999989497e-10	1.2186946e-09	1.7136863e-10	0.00063076924	0.005173725	-2.4687912e-17	-4.4927766e-17	2.7472918e-17	-4.510961e-19	0	-6.7819674e-18
8.800099999989321e-10	1.2114444e-09	1.3182203e-10	0.00063076924	0.005173725	-2.4687912e-17	-4.4927766e-17	2.7472918e-17	-4.510962e-19	0	-6.781967e-18
8.900099999989144e-10	1.2259448e-09	1.5027711e-10	0.00063076924	0.005173725	-2.4687907e-17	-4.4927766e-17	2.7472918e-17	-4.510961e-19	0	-6.7819674e-18
9.000099999988968e-10	1.2298994e-09	1.5554999e-10	0.00063076924	0.005173725	-2.4687912e-17	-4.4927762e-17	2.7472918e-17	-4.510962e-19	0	-6.7819674e-18
9.100099999988792e-10	1.2127626e-09	1.4895889e-10	0.00063076924	0.005173725	-2.4687912e-17	-4.4927766e-17	2.7472918e-17	-4.510961e-19	0	-6.7819674e-18
9.200099999988616e-10	1.203535e-09	1.700504e-10	0.00063076924	0.005173725	-2.4687912e-17	-4.4927762e-17	2.7472918e-17	-4.510962e-19	0	-6.7819674e-18
9.30009999998844e-10	1.2246266e-09	1.9114194e-10	0.00063076924	0.0051737227	-2.4687907e-17	-4.4927766e-17	2.7472918e-17	-4.510961e-19	0	-6.7819674e-18
9.400099999989161e-10	1.2246266e-09	1.9114194e-10	0.00063076924	0.005173725	-2.4687912e-17	-4.4927762e-17	2.7472918e-17	-4.510962e-19	0	-6.781967e-18
9.50009999999002e-10	1.2088079e-09	1.5027711e-10	0.0006307694	0.005173725	-2.4687912e-17	-4.4927766e-17	2.7472918e-17	-4.510962e-19	0	-6.7819674e-18
9.600099999990877e-10	1.1982622e-09	1.5291354e-10	0.0006307694	0.0051737227	-2.4687912e-17	-4.4927766e-17	2.7472918e-17	-4.510961e-19	0	-6.781967e-18
9.700099999991735e-10	1.2206719e-09	1.7268685e-10	0.00063076924	0.005173725	-2.4687907e-17	-4.4927766e-17	2.7472918e-17	-4.510961e-19	0	-6.7819674e-18
9.800099999992593e-10	1.2193537e-09	1.568682e-10	0.00063076924	0.0051737227	-2.4687912e-17	-4.4927766e-17	2.7472918e-17	-4.510961e-19	0	-6.781967e-18
9.90009999999345e-10	1.2259448e-09	1.7400506e-10	0.0006307694	0.005173725	-2.4687907e-17	-4.4927766e-17	2.7472918e-17	-4.510961e-19	0	-6.7819674e-18
1.0000099999994308e-09	1.2167173e-09	1.9246015e-10	0.0006307694	0.005173725	-2.4687912e-17	-4.4927766e-17	2.7472918e-17	-4.510961e-19	0	-6.781967e-18
1.0100099999995166e-09	1.2233083e-09	1.7136863e-10	0.00063076924	0.005173725	-2.4687907e-17	-4.4927766e-17	2.7472918e-17	-4.510962e-19	0	-6.7819674e-18
1.0200099999996024e-09	1.2298994e-09	1.5291354e-10	0.00063076924	0.0051737227	-2.4687912e-17	-4.4927766e-17	2.7472918e-17	-4.510961e-19	0	-6.7819674e-18
1.0300099999996882e-09	1.2206719e-09	1.6873218e-10	0.00063076924	0.005173725	-2.4687907e-17	-4.4927766e-17	2.7472918e-17	-4.510961e-19	0	-6.7819674e-18
1.040009999999774e-09	1.2233083e-09	1.7136863e-10	0.00063076924	0.0051737227	-2.4687912e-17	-4.4927762e-17	2.7472918e-17	-4.510962e-19	0	-6.7819674e-18
1.0500099999998598e-09	1.2022169e-09	1.9509659e-10	0.00063076924	0.0051737227	-2.4687907e-17	-4.4927766e-17	2.7472918e-17	-4.510962e-19	0	-6.7819674e-18
1.0600099999999456e-09	1.2022169e-09	1.4895889e-10	0.00063076924	0.005173725	-2.4687907e-17	-4.4927762e-17	2.7472918e-17	-4.510961e-19	0	-6.781967e-18
1.0700000000000313e-09	1.2114444e-09	1.4895889e-10	0.00063076935	0.005174477	-2.4687912e-17	-4.4927766e-17	2.7472918e-17	-4.510961e-19	0	-6.781967e-18
1.080000000000117e-09	1.2206719e-09	1.4764066e-10	0.0006307694	0.0051744776	-2.4687912e-17	-4.4927766e-17	2.7472918e-17	-4.510961e-19	0	-6.7819674e-18
1.0900000000002028e-09	1.2312177e-09	1.4764066e-10	0.0006307694	0.0051744743	-2.4687912e-17	-4.4927762e-17	2.7472918e-17	-4.510961e-19	0	-6.781967e-18
1.1000000000002886e-09	1.2378087e-09	1.5159532e-10	0.0006307694	0.0051744776	-2.4687912e-17	-4.4927762e-17	2.7472918e-17	-4.5109607e-19	0	-6.7819674e-18
1.1100000000003744e-09	1.2074897e-09	1.2654915e-10	0.0006307694	0.0051744776	-2.4687912e-17	-4.4927766e-17	2.7472918e-17	-4.510961e-19	0	-6.781967e-18
1.1200000000004602e-09	1.215399e-09	1.2786736e-10	0.0006307694	0.005174477	-2.4687907e-17	-4.4927766e-17	2.7472918e-17	-4.5109607e-19	0	-6.7819674e-18
1.130000000000546e-09	1.2206719e-09	1.4764066e-10	0.0006307694	0.0051744743	-2.4687912e-17	-4.4927766e-17	2.7472918e-17	-4.510961e-19	0	-6.7819674e-18
1.1400000000006318e-09	1.2292404e-09	1.4500422e-10	0.0006307694	0.005174477	-2.4687907e-17	-4.4927766e-17	2.7472918e-17	-4.5109607e-19	0	-6.7819674e-18
1.1500000000007175e-09	1.2048532e-09	1.4632244e-10	0.0006307694	0.0051744743	-2.4687912e-17	-4.4927762e-17	2.7472918e-17	-4.510961e-19	0	-6.7819674e-18
1.1600000000008033e-09	1.2259448e-09	1.5159532e-10	0.0006307694	0.0051744776	-2.4687907e-17	-4.4927762e-17	2.7472918e-17	-4.510961e-19	0	-6.7819674e-18
1.1700000000008891e-09	1.2140808e-09	1.4764066e-10	0.00063076935	0.005174477	-2.4687907e-17	-4.4927762e-17	2.7472918e-17	-4.5109607e-19	0	-6.7819674e-18
1.1800000000009749e-09	1.2325359e-09	1.4368601e-10	0.0006307694	0.0051744743	-2.4687907e-17	-4.4927766e-17	2.7472918e-17	-4.5109607e-19	0	-6.7819674e-18
1.1900000000010607e-09	1.2206719e-09	1.5027711e-10	0.0006307694	0.005174477	-2.4687912e-17	-4.4927762e-17	2.7472918e-17	-4.510961e-19	0	-6.7819674e-18
1.2000000000011465e-09	1.233195e-09	1.5027711e-10	0.0006307694	0.0051744776	-2.4687912e-17	-4.4927766e-17	2.7472918e-17	-4.5109607e-19	0	-6.7819674e-18
1.2100000000012322e-09	1.2364906e-09	1.4500422e-10	0.0006307694	0.0051744743	-2.4687912e-17	-4.4927762e-17	2.7472918e-17	-4.510961e-19	0	-6.781967e-18
1.220000000001318e-09	1.2048532e-09	1.4895889e-10	0.0006307694	0.0051744776	-2.4687907e-17	-4.4927766e-17	2.7472918e-17	-4.5109607e-19	0	-6.7819674e-18
1.2300000000014038e-09	1.2167173e-09	1.4236778e-10	0.0006307694	0.005174477	-2.4687912e-17	-4.4927762e-17	2.7472918e-17	-4.5109607e-19	0	-6.781967e-18
1.2400000000014896e-09	1.227263e-09	1.4764066e-10	0.0006307694	0.0051744743	-2.4687912e-17	-4.4927766e-17	2.7472918e-17	-4.5109607e-19	0	-6.7819674e-18
1.2500000000015754e-09	1.2325359e-09	1.4764066e-10	0.0006307694	0.0051744743	-2.4687912e-17	-4.4927766e-17	2.7472918e-17	-4.510961e-19	0	-6.781967e-18
1.2600000000016612e-09	1.2206719e-09	1.3973134e-10	0.0006307694	0.0051744776	-2.4687912e-17	-4.4927766e-17	2.7472918e-17	-4.5109607e-19	0	-6.7819674e-18
1.270000000001747e-09	1.2233083e-09	1.2918558e-10	0.0006307694	0.005174477	-2.4687912e-17	-4.4927766e-17	2.7472918e-17	-4.5109607e-19	0	-6.7819674e-18
1.2800000000018327e-09	1.2338541e-09	1.6609575e-10	0.00063076935	0.005174477	-2.4687907e-17	-4.4927766e-17	2.7472918e-17	-4.510961e-19	0	-6.7819674e-18
1.2900000000019185e-09	1.2351723e-09	1.4764066e-10	0.0006307694	0.0051744743	-2.4687912e-17	-4.4927762e-17	2.7472918e-17	-4.510961e-19	0	-6.7819674e-18
1.3000000000020043e-09	1.2298994e-09	1.5027711e-10	0.0006307694	0.0051744776	-2.4687907e-17	-4.4927766e-17	2.7472918e-17	-4.5109607e-19	0	-6.7819674e-18
1.3100000000020901e-09	1.2233083e-09	1.5027711e-10	0.0006307694	0.005174477	-2.4687912e-17	-4.4927762e-17	2.7472918e-17	-4.5109607e-19	0	-6.781967e-18
1.3200000000021759e-09	1.2061715e-09	1.4764066e-10	0.0006307694	0.005174477	-2.4687912e-17	-4.4927762e-17	2.7472918e-17	-4.5109607e-19	0	-6.781967e-18
1.3300000000022617e-09	1.2022169e-09	1.4632244e-10	0.0006307694	0.005174477	-2.4687907e-17	-4.4927766e-17	2.7472918e-17	-4.5109607e-19	0	-6.7819674e-18
1.3400000000023475e-09	1.2266039e-09	1.4500422e-10	0.0006307694	0.005174477	-2.4687912e-17	-4.4927766e-17	2.7472918e-17	-4.5109607e-19	0	-6.781967e-18
1.3500000000024332e-09	1.2127626e-09	1.2918558e-10	0.0006307694	0.005174477	-2.4687912e-17	-4.4927766e-17	2.7472918e-17	-4.5109607e-19	0	-6.7819674e-18
1.360000000002519e-09	1.2101261e-09	1.5027711e-10	0.00063076935	0.005174477	-2.4687912e-17	-4.4927762e-17	2.7472918e-17	-4.5109607e-19	0	-6.781967e-18
1.3700000000026048e-09	1.2088079e-09	1.2654915e-10	0.0006307694	0.0051744776	-2.4687907e-17	-4.4927766e-17	2.7472918e-17	-4.5109607e-19	0	-6.781967e-18
1.3800000000026906e-09	1.2378087e-09	1.4764066e-10	0.0006307694	0.0051744776	-2.4687912e-17	-4.4927766e-17	2.7472918e-17	-4.510961e-19	0	-6.7819674e-18
1.3900000000027764e-09	1.2312177e-09	1.4764066e-10	0.0006307694	0.005174477	-2.4687907e-17	-4.4927766e-17	2.7472918e-17	-4.5109607e-19	0	-6.7819674e-18
1.4000000000028622e-09	1.2180355e-09	1.5027711e-10	0.0006307694	0.0051744776	-2.4687912e-17	-4.4927766e-17	2.7472918e-17	-4.5109607e-19	0	-6.7819674e-18
1.410000000002948e-09	1.2437408e-09	1.6873218e-10	0.0006307694	0.005174477	-2.4687907e-17	-4.4927766e-17	2.7472918e-17	-4.510961e-19	0	-6.7819674e-18
1.4200000000030337e-09	1.203535e-09	1.5027711e-10	0.00063076935	0.0051744776	-2.4687912e-17	-4.4927762e-17	2.7472918e-17	-4.5109607e-19	0	-6.781967e-18
1.4300000000031195e-09	1.215399e-09	1.5027711e-10	0.0006307694	0.005174477	-2.4687907e-17	-4.4927762e-17	2.7472918e-17	-4.5109607e-19	0	-6.7819674e-18
1.4400000000032053e-09	1.2298994e-09	1.6873218e-10	0.0006307694	0.005174477	-2.4687912e-17	-4.4927762e-17	2.7472918e-17	-4.5109607e-19	0	-6.781967e-18
1.450000000003291e-09	1.2233083e-09	1.4764066e-10	0.00063076935	0.005174477	-2.4687907e-17	-4.4927766e-17	2.7472918e-17	-4.5109607e-19	0	-6.7819674e-18
1.4600000000033769e-09	1.2088079e-09	1.5027711e-10	0.0006307694	0.005174477	-2.4687912e-17	-4.4927766e-17	2.7472918e-17	-4.5109607e-19	0	-6.7819674e-18
1.4700000000034627e-09	1.2219902e-09	1.5027711e-10	0.0006307694	0.005174477	-2.4687912e-17	-4.4927766e-17	2.7472918e-17	-4.5109607e-19	0	-6.7819674e-18
1.4800000000035485e-09	1.2167173e-09	1.5027711e-10	0.0006307694	0.005174477	-2.4687912e-17	-4.4927762e-17	2.7472918e-17	-4.5109607e-19	0	-6.7819674e-18
1.4900000000036342e-09	1.2186946e-09	1.5027711e-10	0.0006307694	0.005174477	-2.4687912e-17	-4.4927766e-17	2.7472918e-17	-4.5109607e-19	0	-6.7819674e-18
1.50000000000372e-09	1.2351723e-09	1.6873218e-10	0.00063076935	0.0051744776	-2.4687912e-17	-4.4927766e-17	2.7472918e-17	-4.5109607e-19	0	-6.7819674e-18
1.5100000000038058e-09	1.2022169e-09	1.2918558e-10	0.0006307694	0.005174477	-2.4687907e-17	-4.4927766e-17	2.7472918e-17	-4.5109607e-19	0	-6.7819674e-18
1.5200000000038916e-09	1.2127626e-09	1.4895889e-10	0.0006307694	0.005174477	-2.4687912e-17	-4.4927762e-17	2.7472918e-17	-4.510961e-19	0	-6.7819674e-18
1.5300000000039774e-09	1.239127e-09	1.4764066e-10	0.00063076935	0.005174477	-2.4687907e-17	-4.4927766e-17	2.7472918e-17	-4.5109607e-19	0	-6.7819674e-18
1.5400000000040632e-09	1.2351723e-09	1.4764066e-10	0.0006307694	0.0051744776	-2.4687912e-17	-4.4927766e-17	2.7472918e-17	-4.510961e-19	0	-6.781967e-18
1.550000000004149e-09	1.2285812e-09	1.5159532e-10	0.0006307694	0.005174477	-2.4687912e-17	-4.4927766e-17	2.7472918e-17	-4.5109607e-19	0	-6.7819674e-18
1.5600000000042347e-09	1.215399e-09	1.08094055e-10	0.0006307694	0.0051744776	-2.4687912e-17	-4.4927762e-17	2.7472918e-17	-4.5109607e-19	0	-6.781967e-18
1.5700000000043205e-09	1.2127626e-09	1.5159532e-10	0.00063076935	0.005174477	-2.4687907e-17	-4.4927766e-17	2.7472918e-17	-4.5109607e-19	0	-6.781967e-18
1.5800000000044063e-09	1.2233083e-09	1.5027711e-10	0.0006307694	0.005174477	-2.4687912e-17	-4.4927762e-17	2.7472918e-17	-4.5109607e-19	0	-6.781967e-18
1.590000000004492e-09	1.2404452e-09	1.7136863e-10	0.0006307694	0.0051744776	-2.4687912e-17	-4.4927766e-17	2.7472918e-17	-4.5109607e-19	0	-6.7819674e-18
1.6000000000045779e-09	1.2470364e-09	1.700504e-10	0.0006307694	0.005174477	-2.4687912e-17	-4.4927766e-17	2.7472918e-17	-4.510961e-19	0	-6.7819674e-18
1.6100000000046637e-09	1.2378087e-09	1.305038e-10	0.00063076935	0.005174477	-2.4687912e-17	-4.4927766e-17	2.7472918e-17	-4.5109607e-19	0	-6.7819674e-18
1.6200000000047495e-09	1.2101261e-09	1.5159532e-10	0.0006307694	0.005174477	-2.4687912e-17	-4.4927766e-17	2.7472918e-17	-4.5109607e-19	0	-6.7819674e-18
1.6300000000048352e-09	1.2292404e-09	1.5291354e-10	0.0006307694	0.005174477	-2.4687907e-17	-4.4927766e-17	2.7472918e-17	-4.5109607e-19	0	-6.7819674e-18
1.640000000004921e-09	1.227263e-09	1.305038e-10	0.0006307694	0.005174477	-2.4687912e-17	-4.4927766e-17	2.7472918e-17	-4.5109607e-19	0	-6.7819674e-18
1.6500000000050068e-09	1.2285812e-09	1.4895889e-10	0.0006307694	0.0051744776	-2.4687907e-17	-4.4927766e-17	2.7472918e-17	-4.5109607e-19	0	-6.7819674e-18
1.6600000000050926e-09	1.2417635e-09	1.4764066e-10	0.0006307694	0.005174477	-2.4687912e-17	-4.4927762e-17	2.7472918e-17	-4.5109607e-19	0	-6.7819674e-18
1.6700000000051784e-09	1.2338541e-09	1.2918558e-10	0.0006307694	0.005174477	-2.4687907e-17	-4.4927766e-17	2.7472918e-17	-4.5109607e-19	0	-6.7819674e-18
1.6800000000052642e-09	1.2246266e-09	1.5027711e-10	0.00063076935	0.005174477	-2.4687912e-17	-4.4927766e-17	2.7472918e-17	-4.5109607e-19	0	-6.7819674e-18
1.69000000000535e-09	1.2305585e-09	1.5159532e-10	0.0006307694	0.005174477	-2.4687912e-17	-4.4927762e-17	2.7472918e-17	-4.5109607e-19	0	-6.7819674e-18
1.7000000000054357e-09	1.2496727e-09	1.4632244e-10	0.0006307694	0.005174477	-2.4687912e-17	-4.4927762e-17	2.7472918e-17	-4.5109607e-19	0	-6.7819674e-18
1.7100000000055215e-09	1.2364906e-09	1.6741397e-10	0.0006307694	0.005174477	-2.4687907e-17	-4.4927766e-17	2.7472918e-17	-4.510961e-19	0	-6.7819674e-18
1.7200000000056073e-09	1.2285812e-09	1.5027711e-10	0.0006307694	0.005174477	-2.4687912e-17	-4.4927766e-17	2.7472918e-17	-4.5109607e-19	0	-6.7819674e-18
1.730000000005693e-09	1.2127626e-09	1.4764066e-10	0.0006307694	0.005174477	-2.4687907e-17	-4.4927766e-17	2.7472918e-17	-4.5109607e-19	0	-6.7819674e-18
1.7400000000057789e-09	1.2457181e-09	1.4764066e-10	0.0006307694	0.005174477	-2.4687912e-17	-4.4927762e-17	2.7472918e-17	-4.5109607e-19	0	-6.781967e-18
1.7500000000058647e-09	1.2259448e-09	1.2523092e-10	0.0006307694	0.005174477	-2.4687912e-17	-4.4927766e-17	2.7472918e-17	-4.5109607e-19	0	-6.7819674e-18
1.7600000000059504e-09	1.215399e-09	1.5291354e-10	0.0006307694	0.005174477	-2.4687912e-17	-4.4927766e-17	2.7472918e-17	-4.510961e-19	0	-6.7819674e-18
1.7700000000060362e-09	1.2298994e-09	1.5027711e-10	0.0006307694	0.0051744776	-2.4687912e-17	-4.4927762e-17	2.7472918e-17	-4.510961e-19	0	-6.7819674e-18
1.780000000006122e-09	1.227263e-09	1.5027711e-10	0.0006307694	0.0051744776	-2.4687907e-17	-4.4927766e-17	2.7472918e-17	-4.5109607e-19	0	-6.7819674e-18
1.7900000000062078e-09	1.2338541e-09	1.305038e-10	0.00063076935	0.005174477	-2.4687907e-17	-4.4927762e-17	2.7472918e-17	-4.5109607e-19	0	-6.781967e-18
1.8000000000062936e-09	1.227263e-09	1.4764066e-10	0.0006307694	0.0051744776	-2.4687912e-17	-4.4927766e-17	2.7472918e-17	-4.5109607e-19	0	-6.7819674e-18
1.8100000000063794e-09	1.2338541e-09	1.5027711e-10	0.0006307694	0.005174477	-2.4687912e-17	-4.4927762e-17	2.7472918e-17	-4.510961e-19	0	-6.781967e-18
1.8200000000064652e-09	1.2233083e-09	1.4500422e-10	0.00063076935	0.005174477	-2.4687912e-17	-4.4927766e-17	2.7472918e-17	-4.5109607e-19	0	-6.7819674e-18
1.830000000006551e-09	1.2233083e-09	1.4764066e-10	0.0006307694	0.0051744776	-2.4687912e-17	-4.4927766e-17	2.7472918e-17	-4.510961e-19	0	-6.7819674e-18
1.8400000000066367e-09	1.2233083e-09	1.5423177e-10	0.0006307694	0.0051744776	-2.4687907e-17	-4.4927766e-17	2.7472918e-17	-4.510961e-19	0	-6.781967e-18
1.8500000000067225e-09	1.2312177e-09	1.4895889e-10	0.00063076935	0.005174477	-2.4687907e-17	-4.4927766e-17	2.7472918e-17	-4.510961e-19	0	-6.7819674e-18
1.8600000000068083e-09	1.2246266e-09	1.5159532e-10	0.0006307694	0.005174477	-2.4687912e-17	-4.4927766e-17	2.7472918e-17	-4.5109607e-19	0	-6.7819674e-18
1.870000000006742e-09	1.2061715e-09	1.5027711e-10	0.0006307694	0.005174477	-2.4687912e-17	-4.4927762e-17	2.7472918e-17	-4.5109607e-19	0	-6.7819674e-18
1.880000000006621e-09	1.2312177e-09	1.4764066e-10	0.0006307694	0.005174477	-2.4687907e-17	-4.4927766e-17	2.7472918e-17	-4.5109607e-19	0	-6.7819674e-18
1.8900000000065e-09	1.2127626e-09	1.4500422e-10	0.0006307694	0.005174477	-2.4687912e-17	-4.4927766e-17	2.7472918e-17	-4.5109607e-19	0	-6.7819674e-18
1.900000000006379e-09	1.2364906e-09	1.5027711e-10	0.0006307694	0.0051744776	-2.4687907e-17	-4.4927766e-17	2.7472918e-17	-4.5109607e-19	0	-6.7819674e-18
1.910000000006258e-09	1.2259448e-09	1.3182203e-10	0.00063076935	0.005174477	-2.4687912e-17	-4.4927762e-17	2.7472918e-17	-4.510961e-19	0	-6.781967e-18
1.920000000006137e-09	1.2088079e-09	1.4764066e-10	0.0006307694	0.005174477	-2.4687907e-17	-4.4927766e-17	2.7472918e-17	-4.5109607e-19	0	-6.7819674e-18
1.930000000006016e-09	1.2259448e-09	1.700504e-10	0.0006307694	0.005174477	-2.4687912e-17	-4.4927766e-17	2.7472918e-17	-4.5109607e-19	0	-6.781967e-18
1.940000000005895e-09	1.2318768e-09	1.00184736e-10	0.0006307694	0.005174477	-2.4687912e-17	-4.4927766e-17	2.7472918e-17	-4.5109607e-19	0	-6.7819674e-18
1.950000000005774e-09	1.2285812e-09	1.5027711e-10	0.0006307694	0.005174477	-2.4687912e-17	-4.4927762e-17	2.7472918e-17	-4.510961e-19	0	-6.7819674e-18
1.960000000005653e-09	1.2298994e-09	1.5159532e-10	0.0006307694	0.005174477	-2.4687907e-17	-4.4927762e-17	2.7472918e-17	-4.5109607e-19	0	-6.7819674e-18
1.9700000000055318e-09	1.2325359e-09	1.4764066e-10	0.0006307694	0.005174477	-2.4687912e-17	-4.4927766e-17	2.7472918e-17	-4.5109607e-19	0	-6.7819674e-18
1.9800000000054108e-09	1.2219902e-09	1.700504e-10	0.0006307694	0.005174477	-2.4687912e-17	-4.4927766e-17	2.7472918e-17	-4.5109607e-19	0	-6.7819674e-18
1.9900000000052898e-09	1.2246266e-09	1.6609575e-10	0.0006307694	0.005174477	-2.4687912e-17	-4.4927762e-17	2.7472918e-17	-4.5109607e-19	0	-6.781967e-18
2.0000000000051688e-09	1.2549456e-09	1.5027711e-10	0.0006307694	0.005174477	-2.4687912e-17	-4.4927766e-17	2.7472918e-17	-4.5109607e-19	0	-6.7819674e-18
2.0100000000050478e-09	1.2345133e-09	1.5291354e-10	0.0006307694	0.005174477	-2.4687912e-17	-4.4927762e-17	2.7472918e-17	-4.510961e-19	0	-6.7819674e-18
2.0200000000049267e-09	1.2298994e-09	1.5291354e-10	0.0006307694	0.005174477	-2.4687907e-17	-4.4927766e-17	2.7472918e-17	-4.5109607e-19	0	-6.7819674e-18
2.0300000000048057e-09	1.2305585e-09	1.6873218e-10	0.0006307694	0.005174477	-2.4687912e-17	-4.4927766e-17	2.7472918e-17	-4.510961e-19	0	-6.781967e-18
2.0400000000046847e-09	1.2338541e-09	1.6873218e-10	0.0006307694	0.0051744776	-2.4687912e-17	-4.4927766e-17	2.7472918e-17	-4.5109607e-19	0	-6.7819674e-18
2.0500000000045637e-09	1.2457181e-09	1.4764066e-10	0.0006307694	0.005174477	-2.4687912e-17	-4.4927762e-17	2.7472918e-17	-4.5109607e-19	0	-6.781967e-18
2.0600000000044427e-09	1.2483545e-09	1.5159532e-10	0.0006307694	0.005174477	-2.4687912e-17	-4.4927766e-17	2.7472918e-17	-4.510961e-19	0	-6.7819674e-18
2.0700000000043217e-09	1.2246266e-09	1.4632244e-10	0.0006307694	0.005174477	-2.4687912e-17	-4.4927762e-17	2.7472918e-17	-4.5109607e-19	0	-6.7819674e-18
2.0800000000042007e-09	1.2193537e-09	1.7136863e-10	0.0006307694	0.005174477	-2.4687907e-17	-4.4927766e-17	2.7472918e-17	-4.5109607e-19	0	-6.7819674e-18
2.0900000000040797e-09	1.2351723e-09	1.9246015e-10	0.0006307694	0.005174477	-2.4687912e-17	-4.4927766e-17	2.7472918e-17	-4.510961e-19	0	-6.781967e-18
2.1000000000039587e-09	1.2233083e-09	1.9377837e-10	0.0006307694	0.005174477	-2.4687912e-17	-4.4927766e-17	2.7472918e-17	-4.5109607e-19	0	-6.7819674e-18
2.1100000000038377e-09	1.1877164e-09	1.5027711e-10	0.0006307694	0.005174477	-2.4687912e-17	-4.4927766e-17	2.7472918e-17	-4.510961e-19	0	-6.7819674e-18
2.1200000000037166e-09	1.215399e-09	1.5027711e-10	0.0006307694	0.0051744776	-2.4687912e-17	-4.4927766e-17	2.7472918e-17	-4.510961e-19	0	-6.7819674e-18
2.1300000000035956e-09	1.2259448e-09	1.4764066e-10	0.00063076935	0.0051744776	-2.4687912e-17	-4.4927766e-17	2.7472918e-17	-4.510961e-19	0	-6.7819674e-18
2.1400000000034746e-09	1.215399e-09	1.4764066e-10	0.0006307694	0.0051744776	-2.4687912e-17	-4.4927766e-17	2.7472918e-17	-4.5109607e-19	0	-6.7819674e-18
2.1500000000033536e-09	1.2114444e-09	1.9773302e-10	0.0006307694	0.005174477	-2.4687912e-17	-4.4927766e-17	2.7472918e-17	-4.5109607e-19	0	-6.781967e-18
2.1600000000032326e-09	1.2325359e-09	1.4500422e-10	0.0006307694	0.005174477	-2.4687912e-17	-4.4927762e-17	2.7472918e-17	-4.5109607e-19	0	-6.7819674e-18
2.1700000000031116e-09	1.239127e-09	1.4236778e-10	0.0006307694	0.005174477	-2.4687912e-17	-4.4927762e-17	2.7472918e-17	-4.510961e-19	0	-6.781967e-18
2.1800000000029906e-09	1.2114444e-09	1.4500422e-10	0.0006307694	0.005174478	-2.4687912e-17	-4.4927766e-17	2.7472918e-17	-4.5109607e-19	0	-6.7819674e-18
2.1900000000028696e-09	1.2206719e-09	1.4236778e-10	0.00063076935	0.005174478	-2.4687912e-17	-4.4927766e-17	2.7472918e-17	-4.510961e-19	0	-6.7819674e-18
2.2000000000027486e-09	1.239127e-09	1.239127e-10	0.0006307694	0.005174477	-2.4687912e-17	-4.4927762e-17	2.7472918e-17	-4.5109607e-19	0	-6.7819674e-18
2.2100000000026276e-09	1.2549456e-09	1.634593e-10	0.0006307694	0.0051744776	-2.4687912e-17	-4.4927766e-17	2.7472918e-17	-4.5109607e-19	0	-6.7819674e-18
2.2200000000025065e-09	1.2430816e-09	1.4895889e-10	0.0006307694	0.005174477	-2.4687912e-17	-4.4927762e-17	2.7472918e-17	-4.510961e-19	0	-6.7819674e-18
2.2300000000023855e-09	1.2219902e-09	1.9641481e-10	0.00063076935	0.005174477	-2.4687907e-17	-4.4927766e-17	2.7472918e-17	-4.510961e-19	0	-6.7819674e-18
2.2400000000022645e-09	1.2259448e-09	1.4895889e-10	0.0006307694	0.005174478	-2.4687912e-17	-4.4927766e-17	2.7472918e-17	-4.510961e-19	0	-6.781967e-18
2.2500000000021435e-09	1.2312177e-09	1.4764066e-10	0.0006307694	0.005174477	-2.4687912e-17	-4.4927766e-17	2.7472918e-17	-4.5109607e-19	0	-6.7819674e-18
2.2600000000020225e-09	1.239127e-09	1.9377837e-10	0.0006307694	0.005174478	-2.4687912e-17	-4.4927762e-17	2.7472918e-17	-4.5109607e-19	0	-6.7819674e-18
2.2700000000019015e-09	1.2233083e-09	1.4895889e-10	0.0006307694	0.005174477	-2.4687907e-17	-4.4927766e-17	2.7472918e-17	-4.5109607e-19	0	-6.781967e-18
2.2800000000017805e-09	1.2351723e-09	1.6741397e-10	0.0006307694	0.005174478	-2.4687912e-17	-4.4927762e-17	2.7472918e-17	-4.5109607e-19	0	-6.7819674e-18
2.2900000000016595e-09	1.2285812e-09	1.7400506e-10	0.0006307694	0.005174478	-2.4687912e-17	-4.4927766e-17	2.7472918e-17	-4.5109607e-19	0	-6.7819674e-18
2.3000000000015385e-09	1.2219902e-09	1.4500422e-10	0.0006307694	0.005174478	-2.4687912e-17	-4.4927762e-17	2.7472918e-17	-4.5109607e-19	0	-6.7819674e-18
2.3100000000014175e-09	1.2404452e-09	1.02821175e-10	0.0006307694	0.005174477	-2.4687912e-17	-4.4927766e-17	2.7472918e-17	-4.5109607e-19	0	-6.7819674e-18
2.3200000000012965e-09	1.2298994e-09	1.4764066e-10	0.0006307694	0.005174478	-2.4687912e-17	-4.4927766e-17	2.7472918e-17	-4.510961e-19	0	-6.781967e-18
2.3300000000011754e-09	1.2364906e-09	1.4895889e-10	0.0006307694	0.005174478	-2.4687907e-17	-4.4927766e-17	2.7472918e-17	-4.5109607e-19	0	-6.7819674e-18
2.3400000000010544e-09	1.2430816e-09	1.5027711e-10	0.0006307694	0.005174478	-2.4687912e-17	-4.4927766e-17	2.7472918e-17	-4.510961e-19	0	-6.7819674e-18
2.3500000000009334e-09	1.2193537e-09	1.4895889e-10	0.0006307694	0.005174477	-2.4687912e-17	-4.4927766e-17	2.7472918e-17	-4.5109607e-19	0	-6.7819674e-18
2.3600000000008124e-09	1.2285812e-09	1.4895889e-10	0.0006307694	0.005174478	-2.4687912e-17	-4.4927762e-17	2.7472918e-17	-4.510961e-19	0	-6.7819674e-18
2.3700000000006914e-09	1.2285812e-09	1.4764066e-10	0.0006307694	0.005174477	-2.4687907e-17	-4.4927766e-17	2.7472918e-17	-4.5109607e-19	0	-6.7819674e-18
2.3800000000005704e-09	1.2364906e-09	1.5027711e-10	0.0006307694	0.005174478	-2.4687912e-17	-4.4927762e-17	2.7472918e-17	-4.5109607e-19	0	-6.7819674e-18
2.3900000000004494e-09	1.2443999e-09	1.6873218e-10	0.0006307694	0.005174478	-2.4687907e-17	-4.4927766e-17	2.7472918e-17	-4.5109607e-19	0	-6.7819674e-18
2.4000000000003284e-09	1.2496727e-09	1.5291354e-10	0.0006307694	0.005174478	-2.4687912e-17	-4.4927762e-17	2.7472918e-17	-4.510961e-19	0	-6.7819674e-18
2.4100000000002074e-09	1.2259448e-09	1.7400506e-10	0.0006307694	0.005174478	-2.4687907e-17	-4.4927766e-17	2.7472918e-17	-4.5109607e-19	0	-6.781967e-18
2.4200000000000864e-09	1.2378087e-09	1.5554999e-10	0.0006307694	0.005174478	-2.4687912e-17	-4.4927766e-17	2.7472918e-17	-4.5109607e-19	0	-6.7819674e-18
2.4300099999999652e-09	1.2246266e-09	1.6873218e-10	0.0006307694	0.005173725	-2.4687912e-17	-4.4927762e-17	2.7472918e-17	-4.510962e-19	0	-6.781967e-18
2.4400099999998442e-09	1.2338541e-09	1.5027711e-10	0.0006307694	0.005173725	-2.4687912e-17	-4.4927766e-17	2.7472918e-17	-4.510962e-19	0	-6.7819674e-18
2.450009999999723e-09	1.2443999e-09	1.6873218e-10	0.00063076924	0.005173725	-2.4687912e-17	-4.4927766e-17	2.7472918e-17	-4.510962e-19	0	-6.781967e-18
2.460009999999602e-09	1.2483545e-09	1.5818642e-10	0.00063076924	0.005173725	-2.4687912e-17	-4.4927766e-17	2.7472918e-17	-4.510962e-19	0	-6.7819674e-18
2.470009999999481e-09	1.239127e-09	1.5291354e-10	0.0006307694	0.005173725	-2.4687912e-17	-4.4927762e-17	2.7472918e-17	-4.510961e-19	0	-6.781967e-18
2.48000999999936e-09	1.2298994e-09	1.9509659e-10	0.0006307694	0.005173725	-2.4687907e-17	-4.4927766e-17	2.7472918e-17	-4.510962e-19	0	-6.7819674e-18
2.490009999999239e-09	1.245059e-09	1.9377837e-10	0.00063076924	0.005173725	-2.4687912e-17	-4.4927766e-17	2.7472918e-17	-4.510962e-19	0	-6.7819674e-18
2.500009999999118e-09	1.2312177e-09	1.8982371e-10	0.0006307694	0.005173725	-2.4687912e-17	-4.4927766e-17	2.7472918e-17	-4.510962e-19	0	-6.7819674e-18
2.510009999998997e-09	1.245059e-09	1.9246015e-10	0.00063076924	0.005173725	-2.4687912e-17	-4.4927762e-17	2.7472918e-17	-4.510962e-19	0	-6.781967e-18
2.520009999998876e-09	1.2443999e-09	1.9246015e-10	0.00063076924	0.005173725	-2.4687912e-17	-4.4927762e-17	2.7472918e-17	-4.510962e-19	0	-6.7819674e-18
2.530009999998755e-09	1.2378087e-09	1.7136863e-10	0.0006307694	0.005173725	-2.4687912e-17	-4.4927762e-17	2.7472918e-17	-4.510962e-19	0	-6.781967e-18
2.540009999998634e-09	1.2443999e-09	1.5027711e-10	0.0006307694	0.005173725	-2.4687912e-17	-4.4927766e-17	2.7472918e-17	-4.510962e-19	0	-6.7819674e-18
2.550009999998513e-09	1.2285812e-09	1.9509659e-10	0.0006307694	0.005173725	-2.4687912e-17	-4.4927762e-17	2.7472918e-17	-4.510962e-19	0	-6.781967e-18
2.560009999998392e-09	1.2378087e-09	1.5027711e-10	0.00063076924	0.005173725	-2.4687907e-17	-4.4927766e-17	2.7472918e-17	-4.510962e-19	0	-6.7819674e-18
2.570009999998271e-09	1.2312177e-09	1.5027711e-10	0.0006307694	0.005173725	-2.4687907e-17	-4.4927766e-17	2.7472918e-17	-4.510961e-19	0	-6.781967e-18
2.58000999999815e-09	1.2457181e-09	1.5027711e-10	0.00063076924	0.005173725	-2.4687907e-17	-4.4927766e-17	2.7472918e-17	-4.510962e-19	0	-6.7819674e-18
2.590009999998029e-09	1.2417635e-09	1.5291354e-10	0.00063076924	0.005173725	-2.4687912e-17	-4.4927762e-17	2.7472918e-17	-4.510962e-19	0	-6.7819674e-18
2.600009999997908e-09	1.2259448e-09	1.9246015e-10	0.00063076924	0.005173725	-2.4687907e-17	-4.4927762e-17	2.7472918e-17	-4.510961e-19	0	-6.7819674e-18
2.610009999997787e-09	1.2233083e-09	1.5554999e-10	0.00063076924	0.005173725	-2.4687912e-17	-4.4927766e-17	2.7472918e-17	-4.510962e-19	0	-6.7819674e-18
2.620009999997666e-09	1.250991e-09	1.5818642e-10	0.0006307694	0.005173725	-2.4687912e-17	-4.4927766e-17	2.7472918e-17	-4.510962e-19	0	-6.7819674e-18
2.630009999997545e-09	1.2470364e-09	1.5027711e-10	0.00063076924	0.005173725	-2.4687912e-17	-4.4927766e-17	2.7472918e-17	-4.510962e-19	0	-6.7819674e-18
2.640009999997424e-09	1.2430816e-09	1.9509659e-10	0.00063076924	0.005173725	-2.4687907e-17	-4.4927766e-17	2.7472918e-17	-4.510961e-19	0	-6.7819674e-18
2.650009999997303e-09	1.2167173e-09	1.4632244e-10	0.00063076924	0.005173725	-2.4687912e-17	-4.4927766e-17	2.7472918e-17	-4.510961e-19	0	-6.7819674e-18
2.660009999997182e-09	1.239127e-09	1.8982371e-10	0.00063076924	0.005173725	-2.4687912e-17	-4.4927766e-17	2.7472918e-17	-4.510961e-19	0	-6.781967e-18
2.670009999997061e-09	1.2140808e-09	1.4764066e-10	0.00063076924	0.005173725	-2.4687907e-17	-4.4927766e-17	2.7472918e-17	-4.510962e-19	0	-6.7819674e-18
2.68000999999694e-09	1.2364906e-09	1.5291354e-10	0.00063076924	0.005173725	-2.4687912e-17	-4.4927762e-17	2.7472918e-17	-4.510961e-19	0	-6.7819674e-18
2.690009999996819e-09	1.2470364e-09	1.9509659e-10	0.00063076924	0.005173725	-2.4687912e-17	-4.4927766e-17	2.7472918e-17	-4.510961e-19	0	-6.7819674e-18
2.700009999996698e-09	1.2470364e-09	1.9509659e-10	0.0006307694	0.005173725	-2.4687912e-17	-4.4927766e-17	2.7472918e-17	-4.510961e-19	0	-6.7819674e-18
2.710009999996577e-09	1.2523091e-09	1.8982371e-10	0.0006307694	0.005173725	-2.4687907e-17	-4.4927766e-17	2.7472918e-17	-4.510962e-19	0	-6.7819674e-18
2.720009999996456e-09	1.2496727e-09	1.6873218e-10	0.0006307694	0.005173725	-2.4687912e-17	-4.4927766e-17	2.7472918e-17	-4.510961e-19	0	-6.7819674e-18
2.730009999996335e-09	1.2483545e-09	1.5554999e-10	0.0006307694	0.005173725	-2.4687907e-17	-4.4927766e-17	2.7472918e-17	-4.510961e-19	0	-6.7819674e-18
2.740009999996214e-09	1.2496727e-09	1.3182203e-10	0.0006307694	0.005173725	-2.4687912e-17	-4.4927762e-17	2.7472918e-17	-4.510962e-19	0	-6.781967e-18
2.750009999996093e-09	1.2523091e-09	1.9509659e-10	0.00063076924	0.005173725	-2.4687912e-17	-4.4927766e-17	2.7472918e-17	-4.510961e-19	0	-6.7819674e-18
2.760009999995972e-09	1.2523091e-09	1.9773302e-10	0.00063076924	0.005173725	-2.4687912e-17	-4.4927762e-17	2.7472918e-17	-4.510962e-19	0	-6.781967e-18
2.770009999995851e-09	1.2404452e-09	1.5027711e-10	0.00063076924	0.005173725	-2.4687907e-17	-4.4927766e-17	2.7472918e-17	-4.510961e-19	0	-6.7819674e-18
2.78000999999573e-09	1.2338541e-09	1.2918558e-10	0.00063076924	0.005173725	-2.4687912e-17	-4.4927762e-17	2.7472918e-17	-4.510961e-19	0	-6.781967e-18
2.790009999995609e-09	1.239127e-09	1.9509659e-10	0.00063076924	0.005173725	-2.4687907e-17	-4.4927766e-17	2.7472918e-17	-4.510962e-19	0	-6.7819674e-18
2.800009999995488e-09	1.2417635e-09	1.7532328e-10	0.00063076924	0.005173725	-2.4687912e-17	-4.4927766e-17	2.7472918e-17	-4.510961e-19	0	-6.781967e-18
2.810009999995367e-09	1.227263e-09	1.9773302e-10	0.0006307694	0.005173725	-2.4687907e-17	-4.4927762e-17	2.7472918e-17	-4.510962e-19	0	-6.7819674e-18
2.820009999995246e-09	1.2483545e-09	1.4764066e-10	0.0006307694	0.005173725	-2.4687912e-17	-4.4927766e-17	2.7472918e-17	-4.510962e-19	0	-6.781967e-18
2.830009999995125e-09	1.2628549e-09	1.5027711e-10	0.00063076924	0.005173725	-2.4687907e-17	-4.4927766e-17	2.7472918e-17	-4.510962e-19	0	-6.7819674e-18
2.840009999995004e-09	1.2364906e-09	1.5291354e-10	0.0006307694	0.005173725	-2.4687912e-17	-4.4927766e-17	2.7472918e-17	-4.510962e-19	0	-6.7819674e-18
2.850009999994883e-09	1.2483545e-09	1.9509659e-10	0.00063076924	0.005173725	-2.4687907e-17	-4.4927766e-17	2.7472918e-17	-4.510962e-19	0	-6.7819674e-18
2.860009999994762e-09	1.2325359e-09	1.5291354e-10	0.00063076924	0.005173725	-2.4687912e-17	-4.4927762e-17	2.7472918e-17	-4.510962e-19	0	-6.781967e-18
2.870009999994641e-09	1.2430816e-09	1.9773302e-10	0.00063076924	0.005173725	-2.4687907e-17	-4.4927766e-17	2.7472918e-17	-4.510962e-19	0	-6.7819674e-18
2.8800099999945198e-09	1.2430816e-09	1.9509659e-10	0.0006307694	0.005173725	-2.4687912e-17	-4.4927762e-17	2.7472918e-17	-4.510961e-19	0	-6.7819674e-18
2.8900099999943988e-09	1.2364906e-09	1.5554999e-10	0.00063076924	0.005173725	-2.4687912e-17	-4.4927766e-17	2.7472918e-17	-4.510961e-19	0	-6.7819674e-18
2.9000099999942778e-09	1.2378087e-09	1.9773302e-10	0.0006307694	0.005173725	-2.4687912e-17	-4.4927766e-17	2.7472918e-17	-4.510962e-19	0	-6.781967e-18
2.9100099999941568e-09	1.2338541e-09	1.5291354e-10	0.0006307694	0.005173725	-2.4687907e-17	-4.4927766e-17	2.7472918e-17	-4.510962e-19	0	-6.7819674e-18
2.9200099999940357e-09	1.2694461e-09	1.7400506e-10	0.00063076924	0.005173725	-2.4687912e-17	-4.4927766e-17	2.7472918e-17	-4.510962e-19	0	-6.781967e-18
2.9300099999939147e-09	1.2549456e-09	1.9509659e-10	0.0006307694	0.005173725	-2.4687907e-17	-4.4927762e-17	2.7472918e-17	-4.510961e-19	0	-6.7819674e-18
2.9400099999937937e-09	1.2378087e-09	1.5027711e-10	0.0006307694	0.005173725	-2.4687912e-17	-4.4927762e-17	2.7472918e-17	-4.510962e-19	0	-6.7819674e-18
2.9500099999936727e-09	1.2167173e-09	1.1336694e-10	0.00063076924	0.005173725	-2.4687912e-17	-4.4927766e-17	2.7472918e-17	-4.510962e-19	0	-6.7819674e-18
2.9600099999935517e-09	1.227263e-09	1.4764066e-10	0.0006307694	0.005173725	-2.4687912e-17	-4.4927766e-17	2.7472918e-17	-4.510961e-19	0	-6.7819674e-18
2.9700099999934307e-09	1.2641732e-09	1.4764066e-10	0.0006307694	0.005173725	-2.4687907e-17	-4.4927766e-17	2.7472918e-17	-4.510962e-19	0	-6.7819674e-18
2.9800099999933097e-09	1.2628549e-09	1.7400506e-10	0.00063076924	0.005173725	-2.4687912e-17	-4.4927762e-17	2.7472918e-17	-4.510962e-19	0	-6.7819674e-18
2.9900099999931887e-09	1.2443999e-09	1.7532328e-10	0.00063076924	0.005173725	-2.4687907e-17	-4.4927766e-17	2.7472918e-17	-4.510962e-19	0	-6.7819674e-18
3.0000099999930677e-09	1.2298994e-09	1.7400506e-10	0.0006307694	0.005173725	-2.4687912e-17	-4.4927762e-17	2.7472918e-17	-4.510961e-19	0	-6.7819674e-18
