# t (s)	mx ()	my ()	mz ()	spinAngle (rad)	E_total (J)	E_anis (J)	E_demag (J)	E_exch (J)	E_therm (J)	E_custom (J)
0	0	0	0	0.0018746129	4.7537064e-17	-4.0712e-16	5.0961303e-16	6.112001e-18	0	-6.1068e-17
1.0000000000000124e-11	-1.9676911e-10	-6.558971e-11	0.0004329085	0.0044302894	4.204481e-17	-4.0409104e-16	5.0618186e-16	8.1939e-19	0	-6.086541e-17
2.0009999999999403e-11	-5.106627e-10	-3.2911976e-10	0.0013613355	0.0057541057	4.100658e-17	-4.0135724e-16	5.028763e-16	1.3860224e-19	0	-6.0651126e-17
3.000999999999824e-11	-8.432962e-10	-6.0026295e-10	0.0027500181	0.006982325	4.0370163e-17	-3.9811568e-16	4.989598e-16	-3.706692e-20	0	-6.043688e-17
4.000000000000001e-11	-8.8077606e-10	-9.393383e-10	0.0044549815	0.008281679	3.981416e-17	-3.9405047e-16	4.940068e-16	-7.305437e-20	0	-6.0069174e-17
5.0000000000001785e-11	-7.121168e-10	-1.0119554e-09	0.0064642066	0.00972574	3.936948e-17	-3.8895539e-16	4.877833e-16	1.1510663e-19	0	-5.9573554e-17
6.00000000000024e-11	3.7479832e-11	-1.3914387e-09	0.008761578	0.011335552	3.8931447e-17	-3.828108e-16	4.8025545e-16	4.718235e-19	0	-5.898503e-17
7.000999999999771e-11	8.9951596e-10	-1.3914387e-09	0.011298059	0.013115783	3.8470036e-17	-3.7565424e-16	4.714642e-16	9.941798e-19	0	-5.833411e-17
8.000999999999302e-11	1.6865924e-09	-1.2274645e-09	0.013969549	0.015072805	3.7967454e-17	-3.6761571e-16	4.6155794e-16	1.6773898e-18	0	-5.765215e-17
9.000999999998834e-11	2.5486286e-09	-9.557357e-10	0.016643342	0.017229587	3.7409584e-17	-3.5888767e-16	4.5075764e-16	2.5136784e-18	0	-5.697406e-17
1.0000999999998365e-10	2.8484672e-09	-1.0962851e-09	0.019178767	0.019597307	3.6785493e-17	-3.4975602e-16	4.393992e-16	3.486887e-18	0	-5.634452e-17
1.1000999999997896e-10	2.5111486e-09	-1.1899847e-09	0.021480083	0.022164809	3.6086145e-17	-3.4055373e-16	4.278823e-16	4.5722003e-18	0	-5.581462e-17
1.2000999999997891e-10	1.4617134e-09	-8.5969365e-10	0.02354836	0.024894983	3.5303632e-17	-3.3157425e-16	4.1657152e-16	5.7378657e-18	0	-5.5431484e-17
1.3000999999998715e-10	-5.6219746e-10	-1.2462044e-09	0.025514936	0.027723318	3.442873e-17	-3.2296675e-16	4.0566856e-16	6.949809e-18	0	-5.5222826e-17
1.400099999999954e-10	-3.1483058e-09	-1.2485469e-09	0.027641939	0.030548668	3.3448696e-17	-3.146726e-16	3.9512838e-16	8.176214e-18	0	-5.5183247e-17
1.5000000000000362e-10	-7.0087287e-09	-1.2462044e-09	0.030287696	0.033272337	3.234625e-17	-3.0646068e-16	3.84692e-16	9.386391e-18	0	-5.5271448e-17
1.6000000000001186e-10	-1.0672382e-08	-7.2148676e-10	0.033865396	0.035824858	3.1094388e-17	-2.9800101e-16	3.7396894e-16	1.0548041e-17	0	-5.5421574e-17
1.700000000000201e-10	-1.4866609e-08	5.996773e-10	0.03874905	0.038144786	2.9659544e-17	-2.8901902e-16	3.62627e-16	1.1608309e-17	0	-5.555673e-17
1.8000000000002833e-10	-1.8580627e-08	3.4387746e-09	0.04513405	0.040168624	2.7986918e-17	-2.792434e-16	3.5032557e-16	1.2496463e-17	0	-5.5591725e-17
1.9000000000003657e-10	-2.2694039e-08	7.8707645e-09	0.05275911	0.041919705	2.5987123e-17	-2.6823143e-16	3.364994e-16	1.31396755e-17	0	-5.5420486e-17
2.000000000000448e-10	-2.5861084e-08	1.341778e-08	0.06061635	0.04350774	2.3545096e-17	-2.553281e-16	3.2031274e-16	1.3487482e-17	0	-5.4927033e-17
2.1000000000005304e-10	-2.6535721e-08	1.7990319e-08	0.067131974	0.04497256	2.0600129e-17	-2.4031706e-16	3.0147298e-16	1.35212705e-17	0	-5.4077042e-17
2.2000000000006128e-10	-2.3874653e-08	1.8646217e-08	0.07111967	0.0460722	1.7249512e-17	-2.2412672e-16	2.811135e-16	1.3278873e-17	0	-5.3016143e-17
2.3000000000006952e-10	-1.9077234e-08	1.4092417e-08	0.07254078	0.046520654	1.3696177e-17	-2.0794374e-16	2.6072188e-16	1.2929038e-17	0	-5.2010983e-17
2.4000000000005925e-10	-1.2518264e-08	5.322136e-09	0.07214806	0.046265986	1.0087711e-17	-1.9220064e-16	2.408799e-16	1.2750279e-17	0	-5.1341823e-17
2.5000000000004163e-10	-1.9489512e-09	-6.896289e-09	0.070873156	0.045726445	6.3811554e-18	-1.7736859e-16	2.2219186e-16	1.2800547e-17	0	-5.124263e-17
2.60000000000024e-10	9.6697965e-09	-1.9714392e-08	0.06909184	0.04527503	2.8710953e-18	-1.6376228e-16	2.050165e-16	1.3380678e-17	0	-5.1763778e-17
2.700000000000064e-10	2.1738302e-08	-3.2082735e-08	0.067364864	0.045046326	-5.415455e-19	-1.5157394e-16	1.8956584e-16	1.4161325e-17	0	-5.2694793e-17
2.800099999999888e-10	3.268241e-08	-4.3064325e-08	0.0660484	0.044564635	-3.8862397e-18	-1.4066009e-16	1.7563353e-16	1.4764479e-17	0	-5.362415e-17
2.9000999999997117e-10	4.171505e-08	-5.0560292e-08	0.06516545	0.043495104	-7.183584e-18	-1.3100834e-16	1.632413e-16	1.4729532e-17	0	-5.414609e-17
3.0000999999995355e-10	4.7786784e-08	-5.528275e-08	0.06444222	0.041747972	-1.04929135e-17	-1.2269144e-16	1.526002e-16	1.3670557e-17	0	-5.4072218e-17
3.1000999999993594e-10	4.9848175e-08	-5.7812642e-08	0.06345314	0.039561313	-1.3889074e-17	-1.1526637e-16	1.4327069e-16	1.1597593e-17	0	-5.3490978e-17
3.2000999999991833e-10	4.7262066e-08	-5.6519585e-08	0.061793927	0.03715014	-1.7389282e-17	-1.07166245e-16	1.3334238e-16	9.127092e-18	0	-5.269251e-17
3.300099999999007e-10	3.9494374e-08	-5.0433798e-08	0.05939843	0.03477541	-2.0917174e-17	-9.659901e-17	1.2055756e-16	7.1690735e-18	0	-5.20448e-17
3.400099999998831e-10	2.6095332e-08	-3.9250754e-08	0.056776527	0.032692865	-2.4330795e-17	-8.39047e-17	1.0518622e-16	6.2625807e-18	0	-5.18749e-17
3.500099999998655e-10	8.053479e-09	-2.4230712e-08	0.054516636	0.03146907	-2.7478134e-17	-7.1518195e-17	9.0056516e-17	6.2358123e-18	0	-5.225227e-17
3.600099999998479e-10	-1.2566285e-08	-5.790634e-09	0.052399132	0.030835107	-3.032963e-17	-6.0795485e-17	7.681058e-17	6.523717e-18	0	-5.2868435e-17
3.7000999999983027e-10	-3.4844533e-08	1.2930542e-08	0.04955765	0.030117564	-3.305935e-17	-5.120289e-17	6.4795896e-17	6.775883e-18	0	-5.342823e-17
3.8000999999981266e-10	-5.7216475e-08	2.9908907e-08	0.04577268	0.029358026	-3.5852542e-17	-4.2755477e-17	5.389473e-17	7.100563e-18	0	-5.4092348e-17
3.9000999999979505e-10	-7.458955e-08	4.2876927e-08	0.041779224	0.02886869	-3.865474e-17	-3.620196e-17	4.509826e-17	7.464764e-18	0	-5.5015806e-17
4.0000999999977743e-10	-8.449828e-08	5.1590987e-08	0.037878998	0.028538587	-4.137248e-17	-3.104059e-17	3.82898e-17	7.324023e-18	0	-5.594572e-17
4.100099999997598e-10	-8.249311e-08	5.5198424e-08	0.03354146	0.02791335	-4.3992744e-17	-2.7441558e-17	3.378747e-17	6.475005e-18	0	-5.681366e-17
4.200099999997422e-10	-7.162396e-08	5.4139615e-08	0.028525272	0.026742533	-4.642416e-17	-2.5703498e-17	3.1717847e-17	5.0397277e-18	0	-5.747823e-17
4.300099999997246e-10	-5.4725238e-08	4.8274025e-08	0.023510147	0.025058188	-4.8621087e-17	-2.4466745e-17	3.0310624e-17	3.2558164e-18	0	-5.772079e-17
4.40009999999707e-10	-3.579324e-08	3.9297603e-08	0.019168517	0.023188237	-5.0604564e-17	-2.3090922e-17	2.8669845e-17	1.6359605e-18	0	-5.781945e-17
4.5000999999968937e-10	-1.7615521e-08	2.447433e-08	0.015212788	0.021715842	-5.2332094e-17	-2.1777578e-17	2.7038878e-17	5.817188e-19	0	-5.817511e-17
4.6000999999967176e-10	-4.3101805e-10	5.565755e-09	0.011042491	0.020679617	-5.3761323e-17	-2.0801336e-17	2.5801396e-17	-4.726856e-20	0	-5.8714114e-17
4.700099999996541e-10	1.560098e-08	-1.3024241e-08	0.0066102315	0.019767884	-5.493774e-17	-2.0114834e-17	2.4903783e-17	-5.3149467e-19	0	-5.9195195e-17
4.800099999996365e-10	3.0058825e-08	-2.9812863e-08	0.0022990508	0.018814217	-5.593242e-17	-1.9331856e-17	2.3878807e-17	-9.513632e-19	0	-5.9528006e-17
4.900099999996189e-10	4.006594e-08	-4.1942275e-08	-0.0015108014	0.017811926	-5.6788755e-17	-1.816531e-17	2.238786e-17	-1.27815e-18	0	-5.973316e-17
5.000099999996013e-10	4.722459e-08	-5.0597773e-08	-0.0046174917	0.016835049	-5.752536e-17	-1.661782e-17	2.044366e-17	-1.4901217e-18	0	-5.986108e-17
5.100099999995837e-10	5.0560292e-08	-5.5929277e-08	-0.0069762445	0.015939496	-5.815245e-17	-1.486849e-17	1.8269318e-17	-1.5968641e-18	0	-5.995641e-17
5.200099999995661e-10	5.0054314e-08	-5.7231702e-08	-0.008635159	0.015169351	-5.8680404e-17	-1.31167535e-17	1.610911e-17	-1.624299e-18	0	-6.004846e-17
5.300099999995485e-10	4.7055927e-08	-5.4870473e-08	-0.009683269	0.01455315	-5.9120795e-17	-1.15092785e-17	1.4140596e-17	-1.6002985e-18	0	-6.015181e-17
5.400099999995309e-10	4.192119e-08	-5.0297935e-08	-0.010218391	0.014105517	-5.948555e-17	-1.0128258e-17	1.2461099e-17	-1.5495222e-18	0	-6.026887e-17
5.500099999995133e-10	3.4828133e-08	-4.3664002e-08	-0.010332764	0.013793744	-5.978625e-17	-9.000241e-18	1.10998275e-17	-1.4924431e-18	0	-6.0393396e-17
5.600099999994956e-10	2.6263992e-08	-3.581198e-08	-0.010111446	0.013574715	-6.0033705e-17	-8.117694e-18	1.0044433e-17	-1.445186e-18	0	-6.0515256e-17
5.70009999999478e-10	1.8158978e-08	-2.661068e-08	-0.009633869	0.013407402	-6.023772e-17	-7.455045e-18	9.26034e-18	-1.4181557e-18	0	-6.062486e-17
5.800099999994604e-10	9.538617e-09	-1.78404e-08	-0.008974014	0.013271997	-6.040648e-17	-6.975426e-18	8.6996785e-18	-1.4146071e-18	0	-6.071612e-17
5.900099999994428e-10	1.3867538e-09	-1.0419393e-08	-0.0081993705	0.013154702	-6.054612e-17	-6.640596e-18	8.3141255e-18	-1.4322343e-18	0	-6.078742e-17
6.000099999994252e-10	-4.4601e-09	-3.972862e-09	-0.0073691118	0.013048318	-6.066122e-17	-6.4199973e-18	8.065911e-18	-1.466635e-18	0	-6.08405e-17
6.100099999994076e-10	-9.651057e-09	6.7463696e-10	-0.0065317997	0.0129452115	-6.07556e-17	-6.2923286e-18	7.929213e-18	-1.5136279e-18	0	-6.087886e-17
6.2000999999939e-10	-1.2723231e-08	3.972862e-09	-0.005724744	0.012841798	-6.0832914e-17	-6.2427432e-18	7.886167e-18	-1.569753e-18	0	-6.0906586e-17
6.300099999993724e-10	-1.3709419e-08	4.3476605e-09	-0.0049750274	0.01273981	-6.089664e-17	-6.258864e-18	7.921696e-18	-1.6319145e-18	0	-6.092756e-17
6.400099999993547e-10	-1.4046738e-08	4.150891e-09	-0.004300837	0.012647283	-6.094983e-17	-6.3264324e-18	8.018301e-18	-1.6970152e-18	0	-6.094468e-17
6.500099999993371e-10	-1.3210469e-08	2.5767384e-09	-0.0037117354	0.012565235	-6.099496e-17	-6.4265626e-18	8.152969e-18	-1.7618788e-18	0	-6.095949e-17
6.600099999993195e-10	-1.1235751e-08	2.1550903e-10	-0.0032083674	0.01248938	-6.103392e-17	-6.536493e-18	8.29811e-18	-1.8231636e-18	0	-6.097236e-17
6.700099999993019e-10	-9.80449e-09	-1.6678525e-09	-0.0027842056	0.012415644	-6.1068065e-17	-6.633536e-18	8.426148e-18	-1.8773098e-18	0	-6.098337e-17
6.800099999992843e-10	-8.137809e-09	-3.4668843e-09	-0.0024285885	0.012344725	-6.109822e-17	-6.6996927e-18	8.5149575e-18	-1.9208768e-18	0	-6.0992606e-17
6.900099999992667e-10	-6.5156347e-09	-5.6500844e-09	-0.0021298067	0.0122804055	-6.1124697e-17	-6.725108e-18	8.5520615e-18	-1.9513234e-18	0	-6.100033e-17
7.000099999992491e-10	-4.372257e-09	-7.2523476e-09	-0.0018771635	0.012227703	-6.11475e-17	-6.7092102e-18	8.536244e-18	-1.9677824e-18	0	-6.1006754e-17
7.100099999992315e-10	-2.9737903e-09	-6.7557395e-09	-0.0016615211	0.012190447	-6.1166565e-17	-6.6592572e-18	8.47603e-18	-1.971342e-18	0	-6.1011995e-17
7.200099999992138e-10	-1.7638946e-09	-6.7276296e-09	-0.0014751573	0.012169478	-6.118194e-17	-6.587091e-18	8.385913e-18	-1.964709e-18	0	-6.1016045e-17
7.300099999991962e-10	-1.6397426e-10	-6.437161e-09	-0.0013117277	0.012163039	-6.119388e-17	-6.505664e-18	8.282152e-18	-1.9514862e-18	0	-6.1018884e-17
7.400099999991786e-10	7.0274686e-10	-6.3340915e-09	-0.0011657047	0.012167536	-6.120291e-17	-6.4263004e-18	8.179358e-18	-1.9353768e-18	0	-6.102059e-17
7.50009999999161e-10	-1.1946696e-10	-5.087887e-09	-0.0010321698	0.012178753	-6.120962e-17	-6.357216e-18	8.088539e-18	-1.919567e-18	0	-6.102138e-17
7.600099999991434e-10	-1.2134096e-09	-4.1977413e-09	-0.0009068253	0.012193236	-6.121465e-17	-6.3030757e-18	8.016357e-18	-1.9063647e-18	0	-6.1021564e-17
7.700099999991258e-10	-2.1269804e-09	-1.8458817e-09	-0.0007859365	0.012208551	-6.1218545e-17	-6.265386e-18	7.965449e-18	-1.8971176e-18	0	-6.102149e-17
7.800099999991082e-10	-1.7685795e-09	-2.21131e-09	-0.0006663752	0.012223243	-6.1221715e-17	-6.2432875e-18	7.935293e-18	-1.8923107e-18	0	-6.102141e-17
7.900099999990906e-10	-1.4195486e-09	-1.9489512e-09	-0.0005458499	0.012236745	-6.122442e-17	-6.2344623e-18	7.923286e-18	-1.8917554e-18	0	-6.10215e-17
8.00009999999073e-10	-2.2815847e-09	-1.7428121e-09	-0.00042292153	0.012248865	-6.122682e-17	-6.235868e-18	7.925669e-18	-1.894797e-18	0	-6.102182e-17
8.100099999990553e-10	-2.3378044e-09	-1.5085633e-09	-0.00029699982	0.01225978	-6.122896e-17	-6.244278e-18	7.938261e-18	-1.9005112e-18	0	-6.102243e-17
8.200099999990377e-10	-1.7955182e-09	-5.340876e-10	-0.00016827266	0.012269695	-6.1230874e-17	-6.2566266e-18	7.956946e-18	-1.9078706e-18	0	-6.1023324e-17
8.300099999990201e-10	-2.2230224e-09	-3.9353823e-10	-3.7607086e-05	0.012278698	-6.123256e-17	-6.270224e-18	7.97802e-18	-1.9158886e-18	0	-6.102447e-17
8.400099999990025e-10	-1.8447105e-09	-4.4975798e-10	9.356691e-05	0.012286917	-6.1234043e-17	-6.2828673e-18	7.998381e-18	-1.9237187e-18	0	-6.102584e-17
8.500099999989849e-10	-8.2689877e-10	-6.7463696e-10	0.00022349771	0.012294358	-6.1235314e-17	-6.292912e-18	8.015661e-18	-1.9307169e-18	0	-6.1027354e-17
8.600099999989673e-10	-1.8447105e-09	-5.996773e-10	0.00035029498	0.012301039	-6.123642e-17	-6.299334e-18	8.028314e-18	-1.9364662e-18	0	-6.1028936e-17
8.700099999989497e-10	-1.6707806e-09	-2.436189e-10	0.00047208535	0.012306947	-6.1237385e-17	-6.3017605e-18	8.035675e-18	-1.9407818e-18	0	-6.103052e-17
8.800099999989321e-10	-3.326335e-10	-3.747983e-10	0.0005871362	0.012312001	-6.1238226e-17	-6.30038e-18	8.037842e-18	-1.9436695e-18	0	-6.103202e-17
8.900099999989144e-10	-3.8651075e-11	-1.0119554e-09	0.00069399754	0.012316112	-6.1238973e-17	-6.295845e-18	8.03555e-18	-1.9452869e-18	0	-6.103339e-17
9.000099999988968e-10	-7.5720974e-10	-1.1431349e-09	0.00079157174	0.012319222	-6.123965e-17	-6.289117e-18	8.0299675e-18	-1.945891e-18	0	-6.1034613e-17
9.100099999988792e-10	-2.851981e-10	-2.1738302e-09	0.00087911554	0.012321221	-6.124028e-17	-6.28129e-18	8.02247e-18	-1.945787e-18	0	-6.1035666e-17
9.200099999988616e-10	-2.0555345e-10	-2.6516982e-09	0.000956251	0.012322075	-6.124086e-17	-6.2734147e-18	8.014402e-18	-1.9452827e-18	0	-6.1036566e-17
9.30009999998844e-10	6.12561e-10	-3.0920861e-09	0.0010229399	0.012321682	-6.1241415e-17	-6.266355e-18	8.006903e-18	-1.944651e-18	0	-6.103732e-17
9.400099999989161e-10	1.5384299e-09	-4.4038804e-09	0.0010794299	0.012320044	-6.124196e-17	-6.2607208e-18	8.000801e-18	-1.9441075e-18	0	-6.103793e-17
9.50009999999002e-10	1.6956696e-09	-4.0853014e-09	0.0011262109	0.01231715	-6.124249e-17	-6.2568243e-18	7.996559e-18	-1.9437967e-18	0	-6.1038425e-17
9.600099999990877e-10	1.2274645e-09	-3.5418442e-09	0.0011639263	0.012313021	-6.1243e-17	-6.254711e-18	7.994304e-18	-1.9437915e-18	0	-6.1038796e-17
9.700099999991735e-10	8.333406e-10	-2.7922475e-09	0.0011933427	0.012307739	-6.124349e-17	-6.2541778e-18	7.993851e-18	-1.9440986e-18	0	-6.103907e-17
9.800099999992593e-10	6.8166445e-10	-2.3237496e-09	0.0012153141	0.012301358	-6.124398e-17	-6.2548664e-18	7.994804e-18	-1.9446725e-18	0	-6.103925e-17
9.90009999999345e-10	2.5181761e-11	-1.4523435e-09	0.0012306909	0.01229403	-6.1244466e-17	-6.2563454e-18	7.996667e-18	-1.9454335e-18	0	-6.103935e-17
1.0000099999994308e-09	-2.0379659e-10	-1.6303727e-09	0.0012403307	0.012285896	-6.124494e-17	-6.258137e-18	7.998881e-18	-1.9462842e-18	0	-6.10394e-17
1.0100099999995166e-09	-2.77585e-10	-5.809374e-10	0.0012451019	0.012277119	-6.12454e-17	-6.2598134e-18	8.000924e-18	-1.9471236e-18	0	-6.1039385e-17
1.0200099999996024e-09	-1.3012529e-09	-4.1227816e-10	0.00124579	0.012267908	-6.124585e-17	-6.261032e-18	8.002384e-18	-1.9478625e-18	0	-6.1039345e-17
1.0300099999996882e-09	-1.7170448e-09	1.12439495e-10	0.0012431163	0.012258411	-6.124629e-17	-6.2615566e-18	8.002965e-18	-1.948436e-18	0	-6.1039265e-17
1.040009999999774e-09	-2.2956397e-09	-2.0613908e-10	0.00123774	0.012248792	-6.1246736e-17	-6.261271e-18	8.00252e-18	-1.948804e-18	0	-6.103918e-17
1.0500099999998598e-09	-2.4227198e-09	-1.6865924e-10	0.0012302549	0.012239229	-6.124716e-17	-6.2601765e-18	8.001045e-18	-1.9489548e-18	0	-6.1039074e-17
1.0600099999999456e-09	-1.5419437e-09	-7.964464e-10	0.00122118	0.012229797	-6.124758e-17	-6.2583637e-18	7.998651e-18	-1.9489012e-18	0	-6.103897e-17
1.0700000000000313e-09	-2.096528e-09	-1.2836843e-09	0.0012109705	0.012220658	-6.1248e-17	-6.256005e-18	7.995547e-18	-1.9486787e-18	0	-6.103886e-17
1.080000000000117e-09	-2.2265363e-09	-9.932155e-10	0.0011999496	0.012211856	-6.1248397e-17	-6.25332e-18	7.992006e-18	-1.9483365e-18	0	-6.103875e-17
1.0900000000002028e-09	-1.5565843e-09	-1.2087246e-09	0.0011884227	0.01220343	-6.12488e-17	-6.250538e-18	7.9883115e-18	-1.9479313e-18	0	-6.1038643e-17
1.1000000000002886e-09	-1.8534948e-09	-1.5835229e-09	0.001176703	0.012195397	-6.12492e-17	-6.247833e-18	7.984694e-18	-1.947513e-18	0	-6.1038544e-17
1.1100000000003744e-09	-1.1489911e-09	-1.7990319e-09	0.001164976	0.012187753	-6.124958e-17	-6.2453873e-18	7.981383e-18	-1.9471304e-18	0	-6.103845e-17
1.1200000000004602e-09	-1.4160348e-09	-1.7615521e-09	0.001153388	0.012180503	-6.1249965e-17	-6.2433384e-18	7.9785516e-18	-1.9468215e-18	0	-6.103836e-17
1.130000000000546e-09	-1.0570483e-09	-1.4054937e-09	0.0011421571	0.01217362	-6.1250335e-17	-6.241712e-18	7.976246e-18	-1.946604e-18	0	-6.1038266e-17
1.1400000000006318e-09	-7.964464e-10	-7.777065e-10	0.0011313716	0.01216702	-6.125071e-17	-6.2405074e-18	7.974478e-18	-1.9464916e-18	0	-6.1038193e-17
1.1500000000007175e-09	-2.3424894e-11	-6.7463696e-10	0.0011211793	0.012160735	-6.1251077e-17	-6.2396947e-18	7.9732105e-18	-1.9464767e-18	0	-6.1038114e-17
1.1600000000008033e-09	-9.0185845e-11	-1.1993546e-09	0.001111671	0.012154702	-6.125144e-17	-6.2392116e-18	7.972372e-18	-1.9465553e-18	0	-6.1038054e-17
1.1700000000008891e-09	-4.4858672e-10	-1.105655e-09	0.0011028482	0.0121489	-6.12518e-17	-6.2389738e-18	7.971861e-18	-1.9467059e-18	0	-6.103799e-17
1.1800000000009749e-09	-3.8885326e-10	-1.1618748e-09	0.0010948189	0.012143274	-6.125216e-17	-6.2388725e-18	7.971547e-18	-1.9469085e-18	0	-6.103793e-17
1.1900000000010607e-09	-7.22658e-10	-1.2274645e-09	0.0010875954	0.012137845	-6.125252e-17	-6.2388055e-18	7.971304e-18	-1.9471404e-18	0	-6.1037876e-17
1.2000000000011465e-09	-1.0400654e-09	-9.1825586e-10	0.0010812444	0.012132567	-6.1252863e-17	-6.2387025e-18	7.971043e-18	-1.9473825e-18	0	-6.103782e-17
1.2100000000012322e-09	-5.686393e-10	-3.9353823e-10	0.0010757074	0.012127455	-6.125322e-17	-6.2385155e-18	7.9707e-18	-1.9476216e-18	0	-6.103778e-17
1.220000000001318e-09	-5.709818e-10	-3.9353823e-10	0.0010710174	0.012122474	-6.1253565e-17	-6.238258e-18	7.970289e-18	-1.9478557e-18	0	-6.103774e-17
1.2300000000014038e-09	-8.432962e-10	-7.8707646e-10	0.0010671174	0.012117605	-6.12539e-17	-6.2378993e-18	7.96977e-18	-1.9480767e-18	0	-6.10377e-17
1.2400000000014896e-09	-1.0564628e-09	-4.1227816e-10	0.0010639626	0.012112863	-6.1254246e-17	-6.237438e-18	7.9691416e-18	-1.9482831e-18	0	-6.1037664e-17
1.2500000000015754e-09	-1.3287772e-09	-4.3101805e-10	0.001061493	0.012108236	-6.1254584e-17	-6.236906e-18	7.9684335e-18	-1.9484754e-18	0	-6.103764e-17
1.2600000000016612e-09	-1.4839671e-09	-6.7463696e-10	0.0010597275	0.012103718	-6.125493e-17	-6.2363264e-18	7.967673e-18	-1.9486586e-18	0	-6.103762e-17
1.270000000001747e-09	-1.0687609e-09	-7.0274686e-10	0.0010586829	0.012099286	-6.1255265e-17	-6.2357354e-18	7.966906e-18	-1.9488404e-18	0	-6.10376e-17
1.2800000000018327e-09	-3.092086e-10	-1.0588053e-09	0.0010582879	0.012094947	-6.125559e-17	-6.235145e-18	7.966149e-18	-1.9490243e-18	0	-6.103757e-17
1.2900000000019185e-09	-5.3877257e-11	-1.0588053e-09	0.0010584515	0.012090685	-6.1255934e-17	-6.2345877e-18	7.965435e-18	-1.9492151e-18	0	-6.1037565e-17
1.3000000000020043e-09	2.7407127e-10	-5.9030736e-10	0.001059085	0.012086478	-6.1256265e-17	-6.2340872e-18	7.9647956e-18	-1.9494182e-18	0	-6.103755e-17
1.3100000000020901e-09	-7.32028e-11	-8.0581636e-10	0.0010601702	0.012082323	-6.125659e-17	-6.2336583e-18	7.964247e-18	-1.9496364e-18	0	-6.1037545e-17
1.3200000000021759e-09	-1.7568672e-10	-8.0581636e-10	0.0010616578	0.012078214	-6.125692e-17	-6.2333047e-18	7.963793e-18	-1.9498696e-18	0	-6.103754e-17
1.3300000000022617e-09	-3.9178136e-10	-4.4975798e-10	0.0010634995	0.012074138	-6.1257244e-17	-6.2330102e-18	7.963414e-18	-1.9501161e-18	0	-6.103754e-17
1.3400000000023475e-09	-1.0529491e-09	-3.9353823e-10	0.0010656802	0.012070077	-6.1257575e-17	-6.2327604e-18	7.963096e-18	-1.9503724e-18	0	-6.103754e-17
1.3500000000024332e-09	-1.1249806e-09	-5.2471766e-10	0.001068166	0.012066027	-6.125789e-17	-6.232547e-18	7.962822e-18	-1.9506366e-18	0	-6.103754e-17
1.360000000002519e-09	-1.0605621e-09	-7.308567e-10	0.0010709086	0.012062	-6.125822e-17	-6.2323568e-18	7.962581e-18	-1.9509063e-18	0	-6.103754e-17
1.3700000000026048e-09	-1.3129654e-09	-2.904687e-10	0.0010738777	0.012057961	-6.1258534e-17	-6.2321777e-18	7.962357e-18	-1.951179e-18	0	-6.103754e-17
1.3800000000026906e-09	-1.4136924e-09	-3.560584e-10	0.0010770473	0.012053922	-6.125886e-17	-6.231997e-18	7.962131e-18	-1.9514508e-18	0	-6.103754e-17
1.3900000000027764e-09	-1.1138538e-09	-4.1227816e-10	0.0010803785	0.012049903	-6.125917e-17	-6.231807e-18	7.9618955e-18	-1.9517198e-18	0	-6.103754e-17
1.4000000000028622e-09	-1.0195685e-09	-1.105655e-09	0.0010838484	0.012045858	-6.125949e-17	-6.231599e-18	7.961641e-18	-1.951985e-18	0	-6.103754e-17
1.410000000002948e-09	-7.5428164e-10	-1.0306954e-09	0.0010874436	0.012041818	-6.12598e-17	-6.2313703e-18	7.96136e-18	-1.9522436e-18	0	-6.1037545e-17
1.4200000000030337e-09	-6.3715716e-10	-7.308567e-10	0.0010911636	0.012037789	-6.126011e-17	-6.2311226e-18	7.961056e-18	-1.9524972e-18	0	-6.1037545e-17
1.4300000000031195e-09	-1.0201542e-09	-7.6833656e-10	0.0010949792	0.012033729	-6.126042e-17	-6.2308546e-18	7.960728e-18	-1.9527445e-18	0	-6.103755e-17
1.4400000000032053e-09	-8.245563e-10	-3.092086e-10	0.0010988694	0.012029681	-6.126073e-17	-6.2305746e-18	7.9603826e-18	-1.9529869e-18	0	-6.103756e-17
1.450000000003291e-09	-1.0652471e-09	-1.6865924e-10	0.0011028334	0.012025641	-6.126104e-17	-6.230288e-18	7.96003e-18	-1.9532257e-18	0	-6.103756e-17
1.4600000000033769e-09	-1.1126825e-10	-3.092086e-10	0.0011068643	0.012021598	-6.126135e-17	-6.2299993e-18	7.959673e-18	-1.9534617e-18	0	-6.103756e-17
1.4700000000034627e-09	-9.838456e-11	1.4054936e-10	0.0011109412	0.012017561	-6.126166e-17	-6.229713e-18	7.959317e-18	-1.953696e-18	0	-6.1037565e-17
1.4800000000035485e-09	-3.8065454e-10	1.4054936e-10	0.0011150674	0.012013526	-6.1261956e-17	-6.22943e-18	7.958966e-18	-1.953929e-18	0	-6.1037565e-17
1.4900000000036342e-09	-8.4680996e-10	-4.4975798e-10	0.0011192402	0.012009499	-6.126226e-17	-6.229148e-18	7.958613e-18	-1.9541598e-18	0	-6.1037565e-17
1.50000000000372e-09	-9.967293e-10	-5.7156746e-10	0.0011234573	0.012005474	-6.126256e-17	-6.2288652e-18	7.95826e-18	-1.9543885e-18	0	-6.1037565e-17
1.5100000000038058e-09	-3.6777084e-10	-1.2930542e-09	0.0011276939	0.012001459	-6.126286e-17	-6.2285836e-18	7.957905e-18	-1.9546154e-18	0	-6.1037565e-17
1.5200000000038916e-09	3.3966097e-11	-1.5741529e-09	0.0011319602	0.011997434	-6.126316e-17	-6.228302e-18	7.957552e-18	-1.9548408e-18	0	-6.1037565e-17
1.5300000000039774e-09	-3.5488715e-10	-9.744756e-10	0.0011362497	0.011993431	-6.126346e-17	-6.228017e-18	7.957195e-18	-1.9550641e-18	0	-6.103757e-17
1.5400000000040632e-09	-1.3937812e-10	-1.2743143e-09	0.0011405558	0.011989426	-6.1263756e-17	-6.2277316e-18	7.956836e-18	-1.9552858e-18	0	-6.103757e-17
1.550000000004149e-09	3.6308587e-10	-1.6491126e-09	0.0011448773	0.011985427	-6.126405e-17	-6.2274433e-18	7.956473e-18	-1.9555048e-18	0	-6.103757e-17
1.5600000000042347e-09	1.01898295e-10	-1.5741529e-09	0.0011492	0.01198145	-6.1264345e-17	-6.2271497e-18	7.9561035e-18	-1.9557221e-18	0	-6.103757e-17
1.5700000000043205e-09	-2.4771826e-10	-1.1993546e-09	0.0011535354	0.011977466	-6.1264636e-17	-6.2268527e-18	7.95573e-18	-1.9559374e-18	0	-6.103757e-17
1.5800000000044063e-09	-4.2281936e-10	-8.3392626e-10	0.001157875	0.011973494	-6.126492e-17	-6.2265508e-18	7.955351e-18	-1.9561502e-18	0	-6.103757e-17
1.590000000004492e-09	-4.97779e-11	-1.0119554e-09	0.0011622105	0.011969532	-6.126521e-17	-6.2262468e-18	7.954968e-18	-1.956361e-18	0	-6.103757e-17
1.6000000000045779e-09	2.7817063e-10	-3.6542835e-10	0.0011665453	0.011965573	-6.12655e-17	-6.2259382e-18	7.954581e-18	-1.9565698e-18	0	-6.103757e-17
1.6100000000046637e-09	-4.919228e-11	-1.3211641e-09	0.0011708828	0.011961623	-6.126579e-17	-6.2256272e-18	7.9541894e-18	-1.9567764e-18	0	-6.103757e-17
1.6200000000047495e-09	3.379041e-10	-1.986431e-09	0.0011752216	0.011957691	-6.126607e-17	-6.2253137e-18	7.953796e-18	-1.9569815e-18	0	-6.103757e-17
1.6300000000048352e-09	4.0993567e-10	-1.105655e-09	0.0011795536	0.0119537525	-6.1266356e-17	-6.225e-18	7.953401e-18	-1.9571854e-18	0	-6.103757e-17
1.640000000004921e-09	-4.7962473e-10	-1.0119554e-09	0.0011838861	0.011949837	-6.126664e-17	-6.224686e-18	7.953007e-18	-1.9573877e-18	0	-6.103757e-17
1.6500000000050068e-09	-1.8505666e-10	-5.6219746e-10	0.0011882177	0.011945931	-6.126692e-17	-6.2243716e-18	7.952612e-18	-1.957589e-18	0	-6.103757e-17
1.6600000000050926e-09	-3.6308587e-10	-3.560584e-10	0.0011925424	0.011942031	-6.1267203e-17	-6.2240564e-18	7.9522175e-18	-1.9577887e-18	0	-6.103757e-17
1.6700000000051784e-09	-9.533933e-10	-7.8707646e-10	0.0011968652	0.011938133	-6.126748e-17	-6.223744e-18	7.9518245e-18	-1.957988e-18	0	-6.103757e-17
1.6800000000052642e-09	-2.1668027e-10	-8.432962e-10	0.0012011844	0.011934251	-6.126776e-17	-6.2234307e-18	7.951431e-18	-1.9581857e-18	0	-6.103757e-17
1.69000000000535e-09	-2.4830388e-10	-5.340876e-10	0.0012055094	0.0119303735	-6.126804e-17	-6.223118e-18	7.951039e-18	-1.958382e-18	0	-6.103757e-17
1.7000000000054357e-09	1.07754514e-10	-4.0290818e-10	0.0012098238	0.011926517	-6.126831e-17	-6.2228074e-18	7.9506475e-18	-1.9585776e-18	0	-6.103757e-17
1.7100000000055215e-09	-4.1227816e-10	-2.436189e-10	0.0012141312	0.011922651	-6.1268586e-17	-6.222497e-18	7.950258e-18	-1.9587718e-18	0	-6.103757e-17
1.7200000000056073e-09	-3.162361e-10	-4.9660775e-10	0.0012184328	0.011918801	-6.126886e-17	-6.2221895e-18	7.94987e-18	-1.9589653e-18	0	-6.103757e-17
1.730000000005693e-09	6.4418464e-11	-7.6833656e-10	0.0012227336	0.011914969	-6.126913e-17	-6.2218842e-18	7.949486e-18	-1.959158e-18	0	-6.103757e-17
1.7400000000057789e-09	-2.1258093e-10	-1.2555743e-09	0.0012270298	0.011911145	-6.12694e-17	-6.2215778e-18	7.9491015e-18	-1.9593495e-18	0	-6.103757e-17
1.7500000000058647e-09	1.9208414e-10	-8.245563e-10	0.0012313209	0.011907326	-6.1269665e-17	-6.2212725e-18	7.948717e-18	-1.95954e-18	0	-6.103757e-17
1.7600000000059504e-09	5.9030736e-10	-9.369958e-10	0.0012356165	0.011903531	-6.1269936e-17	-6.2209694e-18	7.9483355e-18	-1.9597298e-18	0	-6.103757e-17
1.7700000000060362e-09	5.2706012e-12	-1.3117941e-09	0.0012399004	0.0118997255	-6.12702e-17	-6.220665e-18	7.9479525e-18	-1.9599184e-18	0	-6.103758e-17
1.780000000006122e-09	-8.222138e-10	-7.6833656e-10	0.0012441739	0.011895939	-6.127047e-17	-6.220362e-18	7.9475695e-18	-1.9601058e-18	0	-6.103757e-17
1.7900000000062078e-09	-5.4580007e-10	-8.9951596e-10	0.0012484362	0.011892172	-6.127074e-17	-6.220059e-18	7.947188e-18	-1.9602921e-18	0	-6.103758e-17
1.8000000000062936e-09	-9.69205e-10	-1.4054937e-09	0.0012526906	0.011888389	-6.1271e-17	-6.219753e-18	7.9468036e-18	-1.9604764e-18	0	-6.103757e-17
1.8100000000063794e-09	-1.1238094e-09	-1.5835229e-09	0.001256936	0.011884629	-6.127126e-17	-6.219446e-18	7.946417e-18	-1.9606598e-18	0	-6.103757e-17
1.8200000000064652e-09	-1.3668426e-09	-1.2087246e-09	0.0012611743	0.0118808765	-6.1271525e-17	-6.2191384e-18	7.946032e-18	-1.9608422e-18	0	-6.103757e-17
1.830000000006551e-09	-1.4459016e-09	-1.2462044e-09	0.0012654037	0.011877121	-6.127179e-17	-6.2188307e-18	7.945644e-18	-1.9610227e-18	0	-6.103758e-17
1.8400000000066367e-09	-1.5103201e-09	-4.872378e-10	0.0012696296	0.011873396	-6.127205e-17	-6.218521e-18	7.945254e-18	-1.961202e-18	0	-6.103758e-17
1.8500000000067225e-09	-1.034209e-09	-4.3101805e-10	0.0012738485	0.011869662	-6.1272305e-17	-6.218211e-18	7.9448655e-18	-1.9613803e-18	0	-6.103758e-17
1.8600000000068083e-09	-6.769795e-10	-5.996773e-10	0.0012780557	0.01186594	-6.1272563e-17	-6.217901e-18	7.944475e-18	-1.9615573e-18	0	-6.103758e-17
1.870000000006742e-09	-3.6484274e-10	-9.369958e-10	0.0012822554	0.011862224	-6.127282e-17	-6.21759e-18	7.944084e-18	-1.9617335e-18	0	-6.1037585e-17
1.880000000006621e-09	-3.0569489e-10	-5.2471766e-10	0.00128645	0.011858523	-6.127307e-17	-6.217277e-18	7.943691e-18	-1.961908e-18	0	-6.103758e-17
1.8900000000065e-09	4.1462064e-10	-8.620361e-10	0.0012906409	0.011854808	-6.127333e-17	-6.2169638e-18	7.943299e-18	-1.9620815e-18	0	-6.1037585e-17
1.900000000006379e-09	-1.1712448e-10	-6.7463696e-10	0.0012948129	0.011851113	-6.127358e-17	-6.216652e-18	7.942907e-18	-1.9622542e-18	0	-6.103758e-17
1.910000000006258e-09	1.1009701e-10	-4.1227816e-10	0.0012989736	0.01184744	-6.1273834e-17	-6.21634e-18	7.942515e-18	-1.9624258e-18	0	-6.1037585e-17
1.920000000006137e-09	7.144593e-11	3.560584e-10	0.0013031292	0.011843759	-6.127409e-17	-6.2160282e-18	7.942123e-18	-1.9625966e-18	0	-6.103759e-17
1.930000000006016e-09	-5.7156746e-10	-2.9983865e-10	0.0013072694	0.011840081	-6.127434e-17	-6.215717e-18	7.941734e-18	-1.9627662e-18	0	-6.103759e-17
1.940000000005895e-09	-7.1563055e-10	-6.5589706e-10	0.0013114028	0.011836426	-6.127459e-17	-6.2154074e-18	7.941343e-18	-1.9629347e-18	0	-6.103759e-17
1.950000000005774e-09	-7.2734296e-10	-7.8707646e-10	0.0013155252	0.01183279	-6.127483e-17	-6.215097e-18	7.940953e-18	-1.9631027e-18	0	-6.103759e-17
1.960000000005653e-09	-5.6453997e-10	-5.6219746e-10	0.0013196378	0.011829129	-6.1275085e-17	-6.2147883e-18	7.940566e-18	-1.9632696e-18	0	-6.103759e-17
1.9700000000055318e-09	-5.0187837e-10	-1.8739915e-10	0.0013237401	0.011825483	-6.127533e-17	-6.2144797e-18	7.940179e-18	-1.9634358e-18	0	-6.103759e-17
1.9800000000054108e-09	-8.5266616e-10	-8.245563e-10	0.0013278256	0.011821835	-6.1275574e-17	-6.2141737e-18	7.939794e-18	-1.963601e-18	0	-6.103759e-17
1.9900000000052898e-09	-7.7302154e-10	3.7479832e-11	0.0013319001	0.011818217	-6.127582e-17	-6.213868e-18	7.93941e-18	-1.9637657e-18	0	-6.103759e-17
2.0000000000051688e-09	-2.617732e-10	-3.3731848e-10	0.0013359644	0.011814606	-6.1276064e-17	-6.2135624e-18	7.939027e-18	-1.9639294e-18	0	-6.10376e-17
2.0100000000050478e-09	-3.2560604e-10	-2.436189e-10	0.0013400088	0.011810992	-6.12763e-17	-6.213257e-18	7.938643e-18	-1.964092e-18	0	-6.10376e-17
2.0200000000049267e-09	-4.6966914e-10	-1.4991933e-10	0.0013440362	0.011807385	-6.127654e-17	-6.21295e-18	7.938257e-18	-1.9642529e-18	0	-6.10376e-17
2.0300000000048057e-09	2.4186203e-10	2.9983865e-10	0.0013480549	0.0118037695	-6.1276785e-17	-6.212644e-18	7.9378725e-18	-1.9644133e-18	0	-6.10376e-17
2.0400000000046847e-09	-3.3966097e-10	-3.1857858e-10	0.0013520705	0.011800175	-6.1277024e-17	-6.2123373e-18	7.937486e-18	-1.9645722e-18	0	-6.10376e-17
2.0500000000045637e-09	-2.77585e-10	-6.7463696e-10	0.0013560617	0.011796589	-6.127726e-17	-6.2120276e-18	7.9370974e-18	-1.9647295e-18	0	-6.10376e-17
2.0600000000044427e-09	-3.6367148e-10	-3.3731848e-10	0.0013600377	0.011793011	-6.1277493e-17	-6.2117165e-18	7.936706e-18	-1.9648857e-18	0	-6.10376e-17
2.0700000000043217e-09	-6.2895844e-10	-5.809374e-10	0.0013640056	0.011789425	-6.127773e-17	-6.211408e-18	7.936317e-18	-1.9650412e-18	0	-6.10376e-17
2.0800000000042007e-09	-5.76838e-10	-3.7479832e-11	0.0013679566	0.011785854	-6.127796e-17	-6.2110982e-18	7.9359294e-18	-1.9651956e-18	0	-6.10376e-17
2.0900000000040797e-09	-4.368743e-10	1.3117941e-10	0.0013718943	0.011782303	-6.1278195e-17	-6.210789e-18	7.93554e-18	-1.9653493e-18	0	-6.10376e-17
2.1000000000039587e-09	-7.624803e-10	-2.6235883e-10	0.0013758267	0.011778751	-6.127843e-17	-6.2104795e-18	7.935153e-18	-1.965502e-18	0	-6.10376e-17
2.1100000000038377e-09	-6.711232e-10	-3.3731848e-10	0.0013797401	0.011775194	-6.127867e-17	-6.210171e-18	7.934765e-18	-1.9656535e-18	0	-6.103761e-17
2.1200000000037166e-09	-1.0213254e-09	-4.872378e-10	0.0013836469	0.011771644	-6.1278896e-17	-6.209862e-18	7.934375e-18	-1.9658042e-18	0	-6.1037604e-17
2.1300000000035956e-09	-9.498795e-10	-7.6833656e-10	0.0013875462	0.011768093	-6.127913e-17	-6.209552e-18	7.933986e-18	-1.965954e-18	0	-6.1037604e-17
2.1400000000034746e-09	-1.4552716e-09	-1.1243949e-09	0.0013914441	0.011764564	-6.127935e-17	-6.2092433e-18	7.933598e-18	-1.9661033e-18	0	-6.1037604e-17
2.1500000000033536e-09	-1.2626018e-09	-8.245563e-10	0.0013953237	0.011761025	-6.1279585e-17	-6.2089314e-18	7.933206e-18	-1.966251e-18	0	-6.103761e-17
2.1600000000032326e-09	-1.68425e-09	-1.2368344e-09	0.0013991889	0.011757496	-6.1279816e-17	-6.208618e-18	7.9328134e-18	-1.9663975e-18	0	-6.103762e-17
2.1700000000031116e-09	-1.1302512e-09	-8.8077606e-10	0.0014030531	0.011753989	-6.128005e-17	-6.208303e-18	7.932417e-18	-1.9665425e-18	0	-6.103762e-17
2.1800000000029906e-09	-1.3744557e-09	-1.2180945e-09	0.0014068914	0.011750458	-6.1280266e-17	-6.2079868e-18	7.932021e-18	-1.9666866e-18	0	-6.103762e-17
2.1900000000028696e-09	-9.897018e-10	-3.747983e-10	0.0014107134	0.01174695	-6.128049e-17	-6.207671e-18	7.931626e-18	-1.9668301e-18	0	-6.103762e-17
2.2000000000027486e-09	-4.0173695e-10	-4.872378e-10	0.001414529	0.011743454	-6.1280716e-17	-6.207356e-18	7.931229e-18	-1.9669722e-18	0	-6.103762e-17
2.2100000000026276e-09	-1.7920045e-10	-2.0613908e-10	0.0014183356	0.011739958	-6.128094e-17	-6.2070417e-18	7.930833e-18	-1.9671139e-18	0	-6.103762e-17
2.2200000000025065e-09	-6.3012967e-10	2.2487899e-10	0.0014221276	0.011736463	-6.1281166e-17	-6.2067266e-18	7.930439e-18	-1.9672545e-18	0	-6.1037624e-17
2.2300000000023855e-09	-6.570683e-10	2.6235883e-10	0.0014259027	0.011732975	-6.1281385e-17	-6.206412e-18	7.930043e-18	-1.9673939e-18	0	-6.1037624e-17
2.2400000000022645e-09	-5.9616356e-10	5.996773e-10	0.0014296696	0.011729497	-6.12816e-17	-6.2060954e-18	7.929645e-18	-1.9675322e-18	0	-6.1037624e-17
2.2500000000021435e-09	-3.1623607e-11	3.7479832e-11	0.001433426	0.0117260255	-6.128182e-17	-6.205777e-18	7.929246e-18	-1.967669e-18	0	-6.1037624e-17
2.2600000000020225e-09	-2.799275e-10	3.3731848e-10	0.0014371619	0.011722545	-6.128204e-17	-6.2054573e-18	7.928843e-18	-1.967805e-18	0	-6.1037624e-17
2.2700000000019015e-09	-3.197498e-10	-1.8739915e-10	0.0014408752	0.011719098	-6.128226e-17	-6.2051363e-18	7.928441e-18	-1.96794e-18	0	-6.1037624e-17
2.2800000000017805e-09	-1.5226181e-10	-5.4345756e-10	0.0014445736	0.011715632	-6.1282476e-17	-6.2048137e-18	7.9280365e-18	-1.9680734e-18	0	-6.1037624e-17
2.2900000000016595e-09	6.7932195e-11	-2.436189e-10	0.0014482606	0.011712174	-6.128269e-17	-6.204492e-18	7.927632e-18	-1.9682058e-18	0	-6.1037624e-17
2.3000000000015385e-09	4.3511741e-10	-6.184172e-10	0.001451927	0.011708738	-6.1282907e-17	-6.204167e-18	7.927225e-18	-1.9683373e-18	0	-6.103763e-17
2.3100000000014175e-09	-1.464056e-11	-7.308567e-10	0.0014555746	0.011705296	-6.1283125e-17	-6.203843e-18	7.926818e-18	-1.9684682e-18	0	-6.103763e-17
2.3200000000012965e-09	-4.005657e-10	-9.557357e-10	0.0014592049	0.011701851	-6.1283337e-17	-6.203519e-18	7.926411e-18	-1.968598e-18	0	-6.103763e-17
2.3300000000011754e-09	-3.794833e-10	-7.8707646e-10	0.0014628295	0.011698425	-6.128355e-17	-6.2031974e-18	7.926007e-18	-1.968728e-18	0	-6.103763e-17
2.3400000000010544e-09	-7.1563055e-10	-1.105655e-09	0.001466445	0.011695008	-6.128376e-17	-6.202877e-18	7.925604e-18	-1.9688567e-18	0	-6.103763e-17
2.3500000000009334e-09	-7.7887774e-10	-8.432962e-10	0.0014700539	0.011691584	-6.128397e-17	-6.2025547e-18	7.925199e-18	-1.9689845e-18	0	-6.103763e-17
2.3600000000008124e-09	-7.495966e-10	-1.2930542e-09	0.0014736542	0.011688175	-6.128418e-17	-6.2022346e-18	7.9247964e-18	-1.9691115e-18	0	-6.103763e-17
2.3700000000006914e-09	-5.680537e-10	-1.12439495e-10	0.0014772316	0.011684768	-6.128439e-17	-6.201914e-18	7.9243936e-18	-1.9692377e-18	0	-6.103763e-17
2.3800000000005704e-09	-6.512121e-10	-1.4991933e-10	0.001480791	0.011681375	-6.12846e-17	-6.2015943e-18	7.923992e-18	-1.9693638e-18	0	-6.103763e-17
2.3900000000004494e-09	-2.670438e-10	-8.8077606e-10	0.001484343	0.011677977	-6.1284806e-17	-6.201274e-18	7.92359e-18	-1.9694883e-18	0	-6.103763e-17
2.4000000000003284e-09	-8.538374e-10	-5.996773e-10	0.0014878917	0.0116746	-6.128501e-17	-6.200953e-18	7.9231875e-18	-1.969612e-18	0	-6.103763e-17
2.4100000000002074e-09	-6.7932193e-10	-1.1806147e-09	0.0014914294	0.011671211	-6.128522e-17	-6.2006315e-18	7.922784e-18	-1.969735e-18	0	-6.103763e-17
2.4200000000000864e-09	-8.608649e-10	-7.495966e-10	0.0014949573	0.011667834	-6.128543e-17	-6.200313e-18	7.922382e-18	-1.969857e-18	0	-6.103764e-17
2.4300099999999652e-09	-7.097743e-10	5.6219748e-11	0.0014984703	0.011664445	-6.1285626e-17	-6.1999904e-18	7.921978e-18	-1.9699788e-18	0	-6.103764e-17
2.4400099999998442e-09	-1.1560185e-09	0	0.0015019753	0.011661089	-6.128583e-17	-6.1996707e-18	7.921576e-18	-1.9700994e-18	0	-6.103764e-17
2.450009999999723e-09	-1.3059379e-09	-1.8739915e-10	0.0015054703	0.011657712	-6.1286037e-17	-6.19935e-18	7.921173e-18	-1.9702191e-18	0	-6.103764e-17
2.460009999999602e-09	-1.1431349e-09	3.7479832e-11	0.0015089535	0.011654363	-6.1286235e-17	-6.1990292e-18	7.92077e-18	-1.970338e-18	0	-6.103764e-17
2.470009999999481e-09	-5.235464e-10	-1.3117941e-10	0.0015124115	0.01165102	-6.1286434e-17	-6.1987062e-18	7.9203636e-18	-1.9704555e-18	0	-6.103764e-17
2.48000999999936e-09	-6.6878075e-10	-1.0119554e-09	0.0015158427	0.011647663	-6.128664e-17	-6.198383e-18	7.9199566e-18	-1.9705723e-18	0	-6.103764e-17
2.490009999999239e-09	-5.8327987e-10	-1.0306954e-09	0.0015192663	0.01164433	-6.1286844e-17	-6.198058e-18	7.91955e-18	-1.970688e-18	0	-6.1037644e-17
2.500009999999118e-09	-8.0581636e-10	-9.369958e-10	0.0015226795	0.011640974	-6.128704e-17	-6.197736e-18	7.919144e-18	-1.9708035e-18	0	-6.103765e-17
2.510009999998997e-09	-1.4523435e-10	-2.2487899e-10	0.0015260794	0.011637659	-6.128724e-17	-6.197413e-18	7.918738e-18	-1.9709185e-18	0	-6.103765e-17
2.520009999998876e-09	1.335219e-10	3.1857858e-10	0.0015294664	0.011634338	-6.128744e-17	-6.197091e-18	7.918335e-18	-1.9710324e-18	0	-6.103765e-17
2.530009999998755e-09	-4.684979e-10	-8.8077606e-10	0.0015328403	0.011631014	-6.128764e-17	-6.196772e-18	7.9179325e-18	-1.9711462e-18	0	-6.103765e-17
2.540009999998634e-09	-4.942653e-10	-7.308567e-10	0.0015361959	0.011627719	-6.128783e-17	-6.196452e-18	7.917531e-18	-1.9712589e-18	0	-6.103765e-17
2.550009999998513e-09	-9.56907e-10	-6.933769e-10	0.001539546	0.0116244	-6.128803e-17	-6.1961324e-18	7.917128e-18	-1.971371e-18	0	-6.103765e-17
2.560009999998392e-09	-4.6498416e-10	-4.3101805e-10	0.0015428902	0.0116210915	-6.128822e-17	-6.1958123e-18	7.9167264e-18	-1.9714826e-18	0	-6.103765e-17
2.570009999998271e-09	-1.0318666e-09	-8.245563e-10	0.0015462292	0.011617801	-6.128842e-17	-6.195495e-18	7.916327e-18	-1.9715939e-18	0	-6.103765e-17
2.58000999999815e-09	-1.1267375e-09	-6.3715716e-10	0.0015495537	0.011614523	-6.128861e-17	-6.195178e-18	7.915928e-18	-1.9717043e-18	0	-6.103765e-17
2.590009999998029e-09	-2.5181762e-10	-2.436189e-10	0.0015528554	0.011611246	-6.1288796e-17	-6.194864e-18	7.9155345e-18	-1.971815e-18	0	-6.103765e-17
2.600009999997908e-09	-9.159134e-10	0	0.001556151	0.0116079515	-6.128899e-17	-6.194553e-18	7.915142e-18	-1.9719256e-18	0	-6.103765e-17
2.610009999997787e-09	-9.147421e-10	-1.8739915e-10	0.0015594516	0.011604701	-6.128918e-17	-6.1942428e-18	7.914752e-18	-1.9720352e-18	0	-6.103765e-17
2.620009999997666e-09	-7.566241e-10	-5.6219748e-11	0.0015627403	0.011601436	-6.128937e-17	-6.1939313e-18	7.9143615e-18	-1.9721446e-18	0	-6.103765e-17
2.630009999997545e-09	-8.643786e-10	1.12439495e-10	0.0015660123	0.011598169	-6.1289564e-17	-6.1936215e-18	7.913972e-18	-1.9722534e-18	0	-6.103766e-17
2.640009999997424e-09	-1.0470927e-09	1.12439495e-10	0.0015692735	0.011594919	-6.128975e-17	-6.1933134e-18	7.913584e-18	-1.9723613e-18	0	-6.103766e-17
2.650009999997303e-09	-1.2321495e-09	4.872378e-10	0.0015725273	0.0115916785	-6.1289934e-17	-6.193006e-18	7.913197e-18	-1.972469e-18	0	-6.103766e-17
2.660009999997182e-09	-9.323108e-10	7.8707646e-10	0.0015757811	0.011588438	-6.1290126e-17	-6.1927e-18	7.912812e-18	-1.972576e-18	0	-6.103766e-17
2.670009999997061e-09	-1.0494353e-09	4.4975798e-10	0.0015790374	0.011585206	-6.129031e-17	-6.1923965e-18	7.912429e-18	-1.9726827e-18	0	-6.1037664e-17
2.68000999999694e-09	-9.38167e-10	2.6235883e-10	0.0015822798	0.0115819685	-6.1290503e-17	-6.1920925e-18	7.912048e-18	-1.972789e-18	0	-6.1037664e-17
2.690009999996819e-09	-9.920443e-10	-2.2487899e-10	0.0015855039	0.011578765	-6.129068e-17	-6.191789e-18	7.911665e-18	-1.972894e-18	0	-6.1037664e-17
2.700009999996698e-09	-1.4640559e-09	-2.9983865e-10	0.0015887211	0.011575536	-6.129087e-17	-6.191487e-18	7.911285e-18	-1.9729993e-18	0	-6.1037664e-17
2.710009999996577e-09	-1.1267375e-09	-2.0613908e-10	0.0015919242	0.011572339	-6.129105e-17	-6.1911855e-18	7.910905e-18	-1.9731033e-18	0	-6.1037664e-17
2.720009999996456e-09	-8.3744e-10	-1.3117941e-10	0.0015951154	0.011569122	-6.129123e-17	-6.190883e-18	7.910524e-18	-1.973207e-18	0	-6.1037664e-17
2.730009999996335e-09	-5.2471766e-10	-2.6235883e-10	0.0015982991	0.0115659125	-6.1291417e-17	-6.190582e-18	7.910145e-18	-1.97331e-18	0	-6.1037664e-17
2.740009999996214e-09	-8.831185e-10	-4.4975798e-10	0.0016014776	0.01156272	-6.1291595e-17	-6.1902797e-18	7.909763e-18	-1.973412e-18	0	-6.1037664e-17
2.750009999996093e-09	-7.519391e-10	-3.7479832e-11	0.0016046476	0.011559546	-6.129178e-17	-6.189976e-18	7.909381e-18	-1.973513e-18	0	-6.103767e-17
2.760009999995972e-09	-9.334821e-10	-3.3731848e-10	0.0016078139	0.011556359	-6.129196e-17	-6.1896734e-18	7.909e-18	-1.9736137e-18	0	-6.103767e-17
2.770009999995851e-09	-7.84734e-10	-6.184172e-10	0.0016109694	0.011553173	-6.129214e-17	-6.1893694e-18	7.908618e-18	-1.9737133e-18	0	-6.103767e-17
2.78000999999573e-09	-5.4580007e-10	-8.9951596e-10	0.0016141268	0.011549994	-6.1292317e-17	-6.189064e-18	7.908233e-18	-1.9738124e-18	0	-6.103767e-17
2.790009999995609e-09	-6.933769e-10	-7.6833656e-10	0.0016172646	0.011546821	-6.129249e-17	-6.188758e-18	7.907848e-18	-1.9739102e-18	0	-6.103767e-17
2.800009999995488e-09	-4.4390175e-10	-3.747983e-10	0.0016203878	0.011543652	-6.129267e-17	-6.188451e-18	7.90746e-18	-1.9740074e-18	0	-6.103767e-17
2.810009999995367e-09	-5.1651894e-10	-9.369958e-10	0.001623508	0.011540485	-6.1292846e-17	-6.1881415e-18	7.907071e-18	-1.9741033e-18	0	-6.103768e-17
2.820009999995246e-09	-4.9895027e-10	-1.3867538e-09	0.0016266244	0.01153733	-6.129303e-17	-6.1878317e-18	7.906682e-18	-1.9741987e-18	0	-6.103768e-17
2.830009999995125e-09	-4.579567e-10	-1.0306954e-09	0.0016297294	0.011534171	-6.12932e-17	-6.187521e-18	7.9062916e-18	-1.9742934e-18	0	-6.1037684e-17
2.840009999995004e-09	-6.6292455e-10	-1.1993546e-09	0.0016328101	0.011531024	-6.129338e-17	-6.187211e-18	7.905902e-18	-1.9743875e-18	0	-6.1037684e-17
2.850009999994883e-09	-4.8255283e-10	-7.495966e-10	0.0016358744	0.011527872	-6.1293554e-17	-6.1869015e-18	7.9055115e-18	-1.974481e-18	0	-6.1037684e-17
2.860009999994762e-09	-8.819473e-10	-8.620361e-10	0.0016389288	0.011524735	-6.1293726e-17	-6.1865934e-18	7.905123e-18	-1.9745742e-18	0	-6.1037684e-17
2.870009999994641e-09	-8.1518636e-10	-3.747983e-10	0.0016419629	0.011521596	-6.12939e-17	-6.1862836e-18	7.904733e-18	-1.9746664e-18	0	-6.1037684e-17
2.8800099999945198e-09	-2.6587255e-10	-7.121168e-10	0.0016449876	0.011518472	-6.129407e-17	-6.1859734e-18	7.9043435e-18	-1.974758e-18	0	-6.1037684e-17
2.8900099999943988e-09	-7.7302154e-10	2.8109873e-10	0.0016480046	0.011515336	-6.129424e-17	-6.1856616e-18	7.903951e-18	-1.9748488e-18	0	-6.1037684e-17
2.9000099999942778e-09	-1.1525049e-09	-7.6833656e-10	0.0016510179	0.011512204	-6.1294414e-17	-6.1853485e-18	7.9035586e-18	-1.9749388e-18	0	-6.1037684e-17
2.9100099999941568e-09	-1.1946696e-09	-8.245563e-10	0.0016540211	0.0115090925	-6.129458e-17	-6.185036e-18	7.903165e-18	-1.9750283e-18	0	-6.1037684e-17
2.9200099999940357e-09	-7.566241e-10	-1.4429735e-09	0.0016570141	0.011505982	-6.129475e-17	-6.1847223e-18	7.902772e-18	-1.9751173e-18	0	-6.1037684e-17
2.9300099999939147e-09	-6.7932193e-10	-9.744756e-10	0.0016599935	0.01150286	-6.1294924e-17	-6.18441e-18	7.90238e-18	-1.9752054e-18	0	-6.1037684e-17
2.9400099999937937e-09	-3.8416828e-10	-7.121168e-10	0.0016629709	0.011499772	-6.129509e-17	-6.184097e-18	7.901986e-18	-1.9752932e-18	0	-6.1037684e-17
2.9500099999936727e-09	-3.7245582e-10	-5.6219748e-11	0.0016659404	0.011496673	-6.1295255e-17	-6.183784e-18	7.901595e-18	-1.97538e-18	0	-6.1037684e-17
2.9600099999935517e-09	-7.17973e-10	-4.872378e-10	0.0016689032	0.011493591	-6.129543e-17	-6.183472e-18	7.901202e-18	-1.975467e-18	0	-6.1037684e-17
2.9700099999934307e-09	-6.69952e-10	-3.3731848e-10	0.0016718557	0.011490506	-6.129559e-17	-6.1831598e-18	7.90081e-18	-1.9755526e-18	0	-6.1037684e-17
2.9800099999933097e-09	-6.676095e-10	-7.495966e-10	0.0016747973	0.011487407	-6.129576e-17	-6.182847e-18	7.900417e-18	-1.975638e-18	0	-6.1037684e-17
2.9900099999931887e-09	-5.411151e-10	-8.9951596e-10	0.0016777375	0.011484329	-6.129592e-17	-6.1825357e-18	7.9000265e-18	-1.9757223e-18	0	-6.103769e-17
3.0000099999930677e-09	-6.465271e-10	-1.8552516e-09	0.0016806732	0.011481276	-6.129609e-17	-6.182227e-18	7.899638e-18	-1.9758071e-18	0	-6.103769e-17
