# t (s)	mx ()	my ()	mz ()	spinAngle (rad)	E_total (J)	E_anis (J)	E_demag (J)	E_exch (J)	E_therm (J)	E_custom (J)
0	0	0	0	0.0018746129	9.746844e-17	-4.0712e-16	5.6184844e-16	3.8080012e-18	0	-6.1068e-17
1.0000000000000124e-11	-3.3731848e-10	2.8109874e-11	0.0015405669	0.009208102	8.582833e-17	-3.9810024e-16	5.5065967e-16	-6.3318517e-18	0	-6.0399266e-17
2.0009999999999403e-11	-1.0869151e-09	-4.1227816e-10	0.004880379	0.013156082	8.139204e-17	-3.844928e-16	5.3246143e-16	-7.328837e-18	0	-5.924781e-17
3.000999999999824e-11	-1.9489512e-09	-1.5741529e-09	0.008763808	0.017454712	7.646054e-17	-3.6996769e-16	5.121279e-16	-7.845273e-18	0	-5.785442e-17
4.000000000000001e-11	-3.2232654e-09	-3.157676e-09	0.011667382	0.02199183	7.0468006e-17	-3.5896452e-16	4.961608e-16	-9.817471e-18	0	-5.6910833e-17
5.0000000000001785e-11	-5.0222972e-09	-5.294026e-09	0.013096743	0.02611661	6.363646e-17	-3.509511e-16	4.846153e-16	-1.3362114e-17	0	-5.66656e-17
6.00000000000024e-11	-7.645886e-09	-7.308567e-09	0.013390102	0.029371845	5.621161e-17	-3.431742e-16	4.73805e-16	-1.7588887e-17	0	-5.683025e-17
7.000999999999771e-11	-1.1220525e-08	-8.5079215e-09	0.013198838	0.031575207	4.836282e-17	-3.336353e-16	4.608217e-16	-2.1798934e-17	0	-5.7024654e-17
8.000999999999302e-11	-1.5882078e-08	-8.7983905e-09	0.013238668	0.032862876	4.038968e-17	-3.2142886e-16	4.44309e-16	-2.5507573e-17	0	-5.698291e-17
9.000999999998834e-11	-2.0478042e-08	-7.4210065e-09	0.013992448	0.033694234	3.267876e-17	-3.064608e-16	4.2403017e-16	-2.8262528e-17	0	-5.66281e-17
1.0000999999998365e-10	-2.3574815e-08	-4.207111e-09	0.015498323	0.034582417	2.5445402e-17	-2.8937914e-16	4.0069783e-16	-2.9800945e-17	0	-5.607232e-17
1.1000999999997896e-10	-2.4286932e-08	4.1227816e-10	0.017404567	0.035919435	1.8536264e-17	-2.7172838e-16	3.762195e-16	-3.0434956e-17	0	-5.551987e-17
1.2000999999997891e-10	-1.9864311e-08	4.6474993e-09	0.018998677	0.037797444	1.1654593e-17	-2.5551855e-16	3.5336004e-16	-3.1011196e-17	0	-5.5175677e-17
1.3000999999998715e-10	-1.4054937e-08	8.7702805e-09	0.01945016	0.03994898	4.6509628e-18	-2.4174717e-16	3.337915e-16	-3.2243384e-17	0	-5.514998e-17
1.400099999999954e-10	-7.346047e-09	1.03069535e-08	0.018583206	0.042062964	-2.4702504e-18	-2.300073e-16	3.171613e-16	-3.4231364e-17	0	-5.5392888e-17
1.5000000000000362e-10	-2.5954783e-09	7.6084055e-09	0.01700065	0.0438271	-9.659265e-18	-2.1936296e-16	3.021908e-16	-3.6724172e-17	0	-5.576295e-17
1.6000000000001186e-10	3.9353823e-10	9.744756e-10	0.015438795	0.045071594	-1.6920683e-17	-2.088305e-16	2.8746914e-16	-3.9437503e-17	0	-5.612184e-17
1.700000000000201e-10	1.9489512e-09	-9.388698e-09	0.014470021	0.045823246	-2.4217608e-17	-1.9772621e-16	2.7202492e-16	-4.2154504e-17	0	-5.636179e-17
1.8000000000002833e-10	1.7240722e-09	-2.0679497e-08	0.014316474	0.04594924	-3.145814e-17	-1.8563695e-16	2.5524623e-16	-4.4667035e-17	0	-5.640038e-17
1.9000000000003657e-10	-1.3117941e-10	-3.0855272e-08	0.015042304	0.045862086	-3.840838e-17	-1.724921e-16	2.3702052e-16	-4.6610324e-17	0	-5.6326454e-17
2.000000000000448e-10	-2.3424895e-09	-3.6655276e-08	0.016275872	0.045264818	-4.495842e-17	-1.5867872e-16	2.178881e-16	-4.7978828e-17	0	-5.6188976e-17
2.1000000000005304e-10	-3.8604226e-09	-3.732991e-08	0.01783185	0.04520454	-5.104665e-17	-1.4441275e-16	1.9811134e-16	-4.8526104e-17	0	-5.621916e-17
2.2000000000006128e-10	-4.179001e-09	-3.3956727e-08	0.019079199	0.044669162	-5.6917563e-17	-1.3047599e-16	1.7887664e-16	-4.913783e-17	0	-5.6180387e-17
2.3000000000006952e-10	-2.436189e-09	-2.6198402e-08	0.019667847	0.045589533	-6.265992e-17	-1.1633906e-16	1.5926146e-16	-4.8921443e-17	0	-5.666086e-17
2.4000000000005925e-10	1.4242336e-09	-1.7653e-08	0.0198561	0.04549328	-6.828295e-17	-1.0406909e-16	1.4238931e-16	-4.9657283e-17	0	-5.694589e-17
2.5000000000004163e-10	6.193542e-09	-1.0794191e-08	0.019388437	0.045698162	-7.4079616e-17	-9.176446e-17	1.2533809e-16	-4.9871947e-17	0	-5.7781305e-17
2.60000000000024e-10	1.1993546e-08	-4.872378e-09	0.01966053	0.044981066	-7.9266376e-17	-8.172043e-17	1.1145662e-16	-5.1029394e-17	0	-5.7973165e-17
2.700000000000064e-10	1.4485955e-08	-3.9353822e-09	0.018520635	0.044720437	-8.411241e-17	-7.200342e-17	9.791339e-17	-5.2350944e-17	0	-5.767144e-17
2.800099999999888e-10	1.3717618e-08	-6.4840107e-09	0.012086954	0.045797057	-8.8284696e-17	-6.437209e-17	8.747919e-17	-5.2753543e-17	0	-5.863825e-17
2.9000999999997117e-10	9.613577e-09	-1.0419393e-08	0.002895345	0.04624352	-9.141084e-17	-6.309486e-17	8.596392e-17	-5.453587e-17	0	-5.974403e-17
3.0000999999995355e-10	4.392168e-09	-1.2818102e-08	-0.0033853487	0.04554984	-9.376326e-17	-6.4750904e-17	8.8359393e-17	-5.703406e-17	0	-6.0337684e-17
3.1000999999993594e-10	-1.7240722e-09	-1.5291771e-08	-0.006279828	0.044328723	-9.544828e-17	-6.674638e-17	9.113562e-17	-5.922663e-17	0	-6.061089e-17
3.2000999999991833e-10	-6.3340915e-09	-1.8140238e-08	-0.00706791	0.043118536	-9.654306e-17	-6.838475e-17	9.339558e-17	-6.082843e-17	0	-6.0725466e-17
3.300099999999007e-10	-1.0737971e-08	-1.978935e-08	-0.006865223	0.04217776	-9.720364e-17	-6.9525166e-17	9.4971074e-17	-6.188195e-17	0	-6.0767586e-17
3.400099999998831e-10	-1.4054937e-08	-2.3237495e-08	-0.006383762	0.041558314	-9.7593376e-17	-7.022437e-17	9.593649e-17	-6.252488e-17	0	-6.07806e-17
3.500099999998655e-10	-1.4682724e-08	-2.706044e-08	-0.0058984444	0.041251134	-9.783294e-17	-7.062356e-17	9.6484425e-17	-6.2913246e-17	0	-6.078056e-17
3.600099999998479e-10	-1.4092417e-08	-3.14081e-08	-0.00546123	0.04125703	-9.799364e-17	-7.0818506e-17	9.675758e-17	-6.3163796e-17	0	-6.0768916e-17
3.7000999999983027e-10	-1.3239751e-08	-3.60556e-08	-0.0051068556	0.041541476	-9.81127e-17	-7.08661e-17	9.6837e-17	-6.334241e-17	0	-6.0741196e-17
3.8000999999981266e-10	-1.1571898e-08	-4.400132e-08	-0.0048595225	0.042037927	-9.820978e-17	-7.086159e-17	9.684181e-17	-6.349792e-17	0	-6.069207e-17
3.9000999999979505e-10	-1.0288214e-08	-5.292152e-08	-0.004655802	0.042689554	-9.82969e-17	-7.096539e-17	9.69835e-17	-6.3696553e-17	0	-6.0618456e-17
4.0000999999977743e-10	-8.676581e-09	-6.326596e-08	-0.0043605473	0.043452825	-9.838294e-17	-7.1303995e-17	9.7444854e-17	-6.4004126e-17	0	-6.0519664e-17
4.100099999997598e-10	-6.9712485e-09	-7.56343e-08	-0.0039183623	0.04432471	-9.847518e-17	-7.188016e-17	9.8244685e-17	-6.444615e-17	0	-6.039354e-17
4.200099999997422e-10	-6.034253e-09	-8.890216e-08	-0.0034429294	0.045325417	-9.858037e-17	-7.262829e-17	9.9293206e-17	-6.501217e-17	0	-6.023313e-17
4.300099999997246e-10	-3.8416825e-09	-1.0306954e-07	-0.003116905	0.046472717	-9.8705464e-17	-7.3514975e-17	1.00532455e-16	-6.569469e-17	0	-6.002825e-17
4.40009999999707e-10	1.3680138e-09	-1.1836131e-07	-0.0030412748	0.04777816	-9.8858175e-17	-7.4571464e-17	1.0199874e-16	-6.6516736e-17	0	-5.976869e-17
4.5000999999968937e-10	8.526662e-09	-1.3260365e-07	-0.0031823255	0.049244694	-9.9047487e-17	-7.586234e-17	1.0378603e-16	-6.7525897e-17	0	-5.944528e-17
4.6000999999967176e-10	1.978935e-08	-1.4302304e-07	-0.0034194575	0.05088431	-9.928391e-17	-7.744699e-17	1.05984706e-16	-6.8772226e-17	0	-5.904939e-17
4.700099999996541e-10	2.9346708e-08	-1.4302304e-07	-0.0036289121	0.052715387	-9.957913e-17	-7.9363275e-17	1.08651676e-16	-7.029468e-17	0	-5.857285e-17
4.800099999996365e-10	3.4069167e-08	-1.260072e-07	-0.0037427	0.054737683	-9.994552e-17	-8.1624184e-17	1.1180578e-16	-7.211717e-17	0	-5.800993e-17
4.900099999996189e-10	2.9983866e-08	-8.020684e-08	-0.0037573932	0.0569573	-1.0039409e-16	-8.421567e-17	1.1542743e-16	-7.424508e-17	0	-5.7360787e-17
5.000099999996013e-10	8.695321e-09	1.1993546e-09	-0.003709343	0.05937502	-1.0093293e-16	-8.709455e-17	1.1945774e-16	-7.666144e-17	0	-5.663468e-17
5.100099999995837e-10	-3.2307614e-08	1.2169701e-07	-0.0036429698	0.06197507	-1.01567185e-16	-9.019244e-17	1.2380428e-16	-7.932833e-17	0	-5.5850706e-17
5.200099999995661e-10	-9.0139e-08	2.804616e-07	-0.0035797656	0.06472904	-1.02300755e-16	-9.3432234e-17	1.2836277e-16	-8.219585e-17	0	-5.5035453e-17
5.300099999995485e-10	-1.5471674e-07	4.7640614e-07	-0.003495123	0.06761772	-1.0313712e-16	-9.675111e-17	1.3304575e-16	-8.521071e-17	0	-5.422104e-17
5.400099999995309e-10	-2.2118722e-07	7.081065e-07	-0.0033286295	0.07063658	-1.0407811e-16	-1.0011016e-16	1.3779315e-16	-8.831574e-17	0	-5.3445344e-17
5.500099999995133e-10	-2.8645835e-07	9.6876e-07	-0.0030377954	0.073780864	-1.0512342e-16	-1.0348616e-16	1.4256058e-16	-9.144556e-17	0	-5.275228e-17
5.600099999994956e-10	-3.5673304e-07	1.2375466e-06	-0.0026576747	0.07704215	-1.06271295e-16	-1.0685796e-16	1.4730551e-16	-9.4532636e-17	0	-5.218622e-17
5.70009999999478e-10	-4.3988206e-07	1.4771927e-06	-0.0023096225	0.08041001	-1.07520185e-16	-1.1020847e-16	1.5199534e-16	-9.752945e-17	0	-5.177762e-17
5.800099999994604e-10	-5.38618e-07	1.6422725e-06	-0.002150649	0.083888344	-1.08868e-16	-1.1354976e-16	1.56645e-16	-1.00436396e-16	0	-5.1526847e-17
5.900099999994428e-10	-6.4737975e-07	1.6922894e-06	-0.002300952	0.08746957	-1.10309676e-16	-1.1693568e-16	1.6133409e-16	-1.0330232e-16	0	-5.1405778e-17
6.000099999994252e-10	-7.4716047e-07	1.60961e-06	-0.002744731	0.09115074	-1.1183753e-16	-1.2043248e-16	1.6615957e-16	-1.061859e-16	0	-5.1378726e-17
6.100099999994076e-10	-8.220545e-07	1.4089605e-06	-0.003249932	0.09489017	-1.1344037e-16	-1.2405634e-16	1.711451e-16	-1.09112687e-16	0	-5.1416458e-17
6.2000999999939e-10	-8.7571624e-07	1.1612751e-06	-0.0035105234	0.09855838	-1.1510255e-16	-1.277211e-16	1.7617741e-16	-1.1206401e-16	0	-5.149487e-17
6.300099999993724e-10	-9.113783e-07	9.739509e-07	-0.0033812858	0.10204914	-1.1680367e-16	-1.3130605e-16	1.8109305e-16	-1.1499637e-16	0	-5.159431e-17
6.400099999993547e-10	-9.2903133e-07	9.290501e-07	-0.0028263712	0.105298944	-1.1851635e-16	-1.3473221e-16	1.8577858e-16	-1.1785992e-16	0	-5.1702812e-17
6.500099999993371e-10	-9.575909e-07	1.0161532e-06	-0.001715276	0.10824076	-1.2020982e-16	-1.3791601e-16	1.9013171e-16	-1.2060677e-16	0	-5.1818753e-17
6.600099999993195e-10	-1.0456123e-06	1.1960939e-06	2.6838184e-06	0.1108314	-1.2186337e-16	-1.4082665e-16	1.9410246e-16	-1.2318585e-16	0	-5.195332e-17
6.700099999993019e-10	-1.1877171e-06	1.54237e-06	0.001809409	0.113050036	-1.2348107e-16	-1.4351126e-16	1.9773718e-16	-1.2558527e-16	0	-5.212172e-17
6.800099999992843e-10	-1.3153547e-06	2.1746548e-06	0.002853256	0.114919454	-1.2508567e-16	-1.4591617e-16	2.009891e-16	-1.2781452e-16	0	-5.2344085e-17
6.900099999992667e-10	-1.3526846e-06	3.095197e-06	0.0028204012	0.1165963	-1.2670099e-16	-1.4797213e-16	2.0377544e-16	-1.2987409e-16	0	-5.2630204e-17
7.000099999992491e-10	-1.2415288e-06	4.2234146e-06	0.0020278913	0.11816668	-1.2833081e-16	-1.4976497e-16	2.0620355e-16	-1.3181418e-16	0	-5.295524e-17
7.100099999992315e-10	-6.151518e-07	5.4413968e-06	0.000927869	0.119703226	-1.2994732e-16	-1.5149123e-16	2.0854614e-16	-1.3372473e-16	0	-5.3277486e-17
7.200099999992138e-10	1.0093975e-06	6.0047187e-06	-9.403143e-05	0.121281765	-1.3153583e-16	-1.5333311e-16	2.1105666e-16	-1.3572079e-16	0	-5.3538607e-17
7.300099999991962e-10	2.9620312e-06	4.617103e-06	-0.00090010266	0.12280969	-1.3309648e-16	-1.5535965e-16	2.1382492e-16	-1.3786308e-16	0	-5.369867e-17
7.400099999991786e-10	4.4156113e-06	2.0445248e-06	-0.0013748502	0.12426904	-1.3462151e-16	-1.5756262e-16	2.1683388e-16	-1.4012583e-16	0	-5.376695e-17
7.50009999999161e-10	5.4271545e-06	3.0890877e-07	-0.0012347521	0.12563972	-1.3610058e-16	-1.5988361e-16	2.1999488e-16	-1.4242498e-16	0	-5.3786906e-17
7.600099999991434e-10	5.74176e-06	1.5741529e-07	-0.00033437533	0.12688775	-1.375374e-16	-1.6218414e-16	2.231157e-16	-1.4465835e-16	0	-5.3810617e-17
7.700099999991258e-10	5.1900383e-06	1.1235329e-06	0.0010118199	0.12802504	-1.389593e-16	-1.643431e-16	2.2603786e-16	-1.4677857e-16	0	-5.3875488e-17
7.800099999991082e-10	4.1809126e-06	2.664666e-06	0.0020690085	0.12907484	-1.4040063e-16	-1.6627032e-16	2.286839e-16	-1.4881895e-16	0	-5.399525e-17
7.900099999990906e-10	3.0180822e-06	4.7825765e-06	0.0023348844	0.13003102	-1.4184537e-16	-1.678239e-16	2.3088596e-16	-1.5074111e-16	0	-5.41663e-17
8.00009999999073e-10	1.7901398e-06	6.9784446e-06	0.002099418	0.13086489	-1.4320065e-16	-1.6900478e-16	2.3255673e-16	-1.5236774e-16	0	-5.4384846e-17
8.100099999990553e-10	6.252948e-07	8.656342e-06	0.0016482166	0.13159023	-1.4444581e-16	-1.7008105e-16	2.3405532e-16	-1.5377476e-16	0	-5.4645325e-17
8.200099999990377e-10	-3.7238087e-07	9.442444e-06	0.0011560273	0.13227883	-1.456312e-16	-1.7110625e-16	2.3545285e-16	-1.5505195e-16	0	-5.4925835e-17
8.300099999990201e-10	-7.994823e-07	9.123678e-06	0.0008577037	0.1329851	-1.4680592e-16	-1.7208901e-16	2.367911e-16	-1.562876e-16	0	-5.5220414e-17
8.400099999990025e-10	-4.65031e-07	7.738311e-06	0.000779797	0.13372259	-1.4794569e-16	-1.730484e-16	2.380955e-16	-1.5745726e-16	0	-5.5535556e-17
8.500099999989849e-10	3.7504428e-08	6.136948e-06	0.00088570477	0.13434991	-1.4898919e-16	-1.7387335e-16	2.3920046e-16	-1.584584e-16	0	-5.58579e-17
8.600099999989673e-10	5.67796e-07	5.126866e-06	0.0011190773	0.13485715	-1.4991858e-16	-1.7454468e-16	2.4008966e-16	-1.5928122e-16	0	-5.618235e-17
8.700099999989497e-10	1.1361917e-06	4.7878234e-06	0.0012358674	0.13519724	-1.5073777e-16	-1.751459e-16	2.4087653e-16	-1.5999158e-16	0	-5.64768e-17
8.800099999989321e-10	1.8446636e-06	5.943889e-06	0.0011967039	0.13532896	-1.5146597e-16	-1.7569492e-16	2.415905e-16	-1.6062982e-16	0	-5.673175e-17
8.900099999989144e-10	3.5999378e-06	9.663725e-06	0.0012025979	0.13531035	-1.5213744e-16	-1.761458e-16	2.4218742e-16	-1.6122426e-16	0	-5.69548e-17
9.000099999988968e-10	6.056666e-06	1.3392743e-05	0.0011795065	0.13518266	-1.5278215e-16	-1.7641849e-16	2.4257367e-16	-1.6178444e-16	0	-5.7152886e-17
9.100099999988792e-10	7.300715e-06	1.1009644e-05	0.00087697845	0.13494316	-1.5338965e-16	-1.765259e-16	2.4273714e-16	-1.6227003e-16	0	-5.733084e-17
9.200099999988616e-10	5.7782468e-06	3.5857704e-06	0.00039496832	0.1346623	-1.539299e-16	-1.7659164e-16	2.4282383e-16	-1.6267413e-16	0	-5.748797e-17
9.30009999998844e-10	3.25681e-06	-4.038808e-06	1.1885772e-05	0.13438591	-1.5439895e-16	-1.7670709e-16	2.429734e-16	-1.6304623e-16	0	-5.761904e-17
9.400099999989161e-10	2.3047285e-06	-8.46051e-06	-0.000116305804	0.13412867	-1.5480787e-16	-1.768644e-16	2.4318686e-16	-1.6340835e-16	0	-5.772199e-17
9.50009999999002e-10	1.8367741e-06	-8.817637e-06	-3.3271455e-05	0.13390356	-1.551653e-16	-1.7701578e-16	2.433968e-16	-1.637457e-16	0	-5.780064e-17
9.600099999990877e-10	9.762747e-07	-6.8139834e-06	0.00011592055	0.13371551	-1.5547705e-16	-1.7714237e-16	2.4357274e-16	-1.6404499e-16	0	-5.786239e-17
9.700099999991735e-10	-4.9164168e-08	-4.4705193e-06	0.00023355673	0.13355996	-1.55748e-16	-1.772547e-16	2.437274e-16	-1.643052e-16	0	-5.7915514e-17
9.800099999992593e-10	-1.2123414e-06	-2.8291652e-06	0.00030050584	0.13343306	-1.5598404e-16	-1.773567e-16	2.4386552e-16	-1.6452689e-16	0	-5.7966005e-17
9.90009999999345e-10	-2.4667727e-06	-1.9285997e-06	0.0003303333	0.1333322	-1.5619228e-16	-1.7743923e-16	2.4397408e-16	-1.6471127e-16	0	-5.801588e-17
1.0000099999994308e-09	-3.5989822e-06	-1.4205981e-06	0.00033834562	0.13325512	-1.563795e-16	-1.7750053e-16	2.440509e-16	-1.6486542e-16	0	-5.806442e-17
1.0100099999995166e-09	-4.441276e-06	-1.048086e-06	0.00033372067	0.1331985	-1.565507e-16	-1.7754928e-16	2.4410823e-16	-1.6499934e-16	0	-5.811033e-17
1.0200099999996024e-09	-4.8611905e-06	-7.187882e-07	0.00031732224	0.1331597	-1.5670855e-16	-1.7759539e-16	2.4416045e-16	-1.6512149e-16	0	-5.815216e-17
1.0300099999996882e-09	-4.775324e-06	-4.1467686e-07	0.0002876528	0.13314186	-1.5685418e-16	-1.7764743e-16	2.4421995e-16	-1.652386e-16	0	-5.818811e-17
1.040009999999774e-09	-4.2646557e-06	-1.6176296e-07	0.00025111277	0.13315108	-1.5698795e-16	-1.7771127e-16	2.4429595e-16	-1.6535596e-16	0	-5.821667e-17
1.0500099999998598e-09	-3.503057e-06	4.6474993e-09	0.00022049737	0.13318878	-1.5711027e-16	-1.777874e-16	2.4438997e-16	-1.654754e-16	0	-5.8237426e-17
1.0600099999999456e-09	-2.580955e-06	7.735837e-08	0.00020210884	0.1332508	-1.5722164e-16	-1.7787123e-16	2.4449622e-16	-1.655952e-16	0	-5.825141e-17
1.0700000000000313e-09	-1.5050729e-06	1.2728151e-07	0.00018768359	0.13333093	-1.5732241e-16	-1.7795622e-16	2.44606e-16	-1.6571175e-16	0	-5.826043e-17
1.080000000000117e-09	-3.7082194e-07	2.5355106e-07	0.0001621077	0.13341907	-1.5741371e-16	-1.7803717e-16	2.4471176e-16	-1.6582195e-16	0	-5.826635e-17
1.0900000000002028e-09	5.9084846e-07	4.6838545e-07	0.00011886865	0.13350604	-1.5749635e-16	-1.7811026e-16	2.448081e-16	-1.6592374e-16	0	-5.827044e-17
1.1000000000002886e-09	1.1609014e-06	6.6444244e-07	6.598304e-05	0.13358203	-1.575714e-16	-1.781735e-16	2.4489192e-16	-1.6601647e-16	0	-5.827336e-17
1.1100000000003744e-09	1.2576896e-06	7.056703e-07	1.7939572e-05	0.13364244	-1.5764014e-16	-1.7822641e-16	2.4496227e-16	-1.6610069e-16	0	-5.827532e-17
1.1200000000004602e-09	9.676121e-07	4.939842e-07	-1.585544e-05	0.13368799	-1.5770377e-16	-1.7826994e-16	2.4502006e-16	-1.6617742e-16	0	-5.827645e-17
1.130000000000546e-09	4.621591e-07	1.8440078e-08	-3.5175217e-05	0.13372163	-1.5776326e-16	-1.783055e-16	2.4506707e-16	-1.6624799e-16	0	-5.8276826e-17
1.1400000000006318e-09	-8.664868e-08	-6.5271126e-07	-4.5168465e-05	0.1337456	-1.5781967e-16	-1.7833478e-16	2.451054e-16	-1.6631373e-16	0	-5.8276575e-17
1.1500000000007175e-09	-5.4757567e-07	-1.4074052e-06	-5.0696795e-05	0.1337593	-1.5787379e-16	-1.7835928e-16	2.4513718e-16	-1.6637587e-16	0	-5.8275814e-17
1.1600000000008033e-09	-8.709001e-07	-2.117723e-06	-5.3576867e-05	0.13376468	-1.5792635e-16	-1.7838059e-16	2.4516453e-16	-1.6643565e-16	0	-5.8274636e-17
1.1700000000008891e-09	-1.0583976e-06	-2.6759662e-06	-5.339598e-05	0.1337646	-1.5797804e-16	-1.7840035e-16	2.4518965e-16	-1.6649425e-16	0	-5.827311e-17
1.1800000000009749e-09	-1.1506168e-06	-3.0165081e-06	-4.9510625e-05	0.13376185	-1.5802927e-16	-1.7842005e-16	2.4521474e-16	-1.6655262e-16	0	-5.827134e-17
1.1900000000010607e-09	-1.1933977e-06	-3.1011e-06	-4.2217245e-05	0.1337592	-1.5808044e-16	-1.7844111e-16	2.4524158e-16	-1.6661145e-16	0	-5.826945e-17
1.2000000000011465e-09	-1.2107438e-06	-2.939637e-06	-3.2672302e-05	0.13375781	-1.5813177e-16	-1.7846452e-16	2.4527157e-16	-1.6667124e-16	0	-5.826762e-17
1.2100000000012322e-09	-1.2272068e-06	-2.5641077e-06	-2.1974232e-05	0.1337609	-1.5818342e-16	-1.7849095e-16	2.453056e-16	-1.6673204e-16	0	-5.826602e-17
1.220000000001318e-09	-1.2500883e-06	-2.038809e-06	-1.0721227e-05	0.13376848	-1.582354e-16	-1.7852076e-16	2.4534407e-16	-1.667939e-16	0	-5.82648e-17
1.2300000000014038e-09	-1.2740519e-06	-1.4740912e-06	9.588933e-07	0.13378268	-1.5828748e-16	-1.7855396e-16	2.453871e-16	-1.6685656e-16	0	-5.826413e-17
1.2400000000014896e-09	-1.2757572e-06	-9.610204e-07	1.3097259e-05	0.13380688	-1.5833947e-16	-1.7859032e-16	2.4543444e-16	-1.669195e-16	0	-5.826409e-17
1.2500000000015754e-09	-1.238268e-06	-5.7910086e-07	2.5622883e-05	0.13384119	-1.5839087e-16	-1.7862943e-16	2.4548553e-16	-1.6698225e-16	0	-5.8264716e-17
1.2600000000016612e-09	-1.1314083e-06	-3.6468813e-07	3.8320337e-05	0.13388725	-1.5844117e-16	-1.7867065e-16	2.4553955e-16	-1.6704402e-16	0	-5.826604e-17
1.270000000001747e-09	-9.2986056e-07	-3.1998405e-07	5.0691764e-05	0.13394235	-1.5848979e-16	-1.7871303e-16	2.4559527e-16	-1.6710405e-16	0	-5.8267985e-17
1.2800000000018327e-09	-6.2171546e-07	-4.092329e-07	6.202865e-05	0.13400285	-1.5853622e-16	-1.7875558e-16	2.4565133e-16	-1.6716153e-16	0	-5.827045e-17
1.2900000000019185e-09	-2.4129983e-07	-5.9803756e-07	7.163471e-05	0.13406575	-1.5858001e-16	-1.7879722e-16	2.457063e-16	-1.6721583e-16	0	-5.827327e-17
1.3000000000020043e-09	1.779074e-07	-8.393889e-07	7.897231e-05	0.1341245	-1.5862096e-16	-1.7883695e-16	2.4575883e-16	-1.6726648e-16	0	-5.8276337e-17
1.3100000000020901e-09	5.8600887e-07	-1.11153e-06	8.384263e-05	0.13417646	-1.58659e-16	-1.78874e-16	2.458078e-16	-1.6731335e-16	0	-5.827946e-17
1.3200000000021759e-09	9.3764703e-07	-1.3890541e-06	8.6422086e-05	0.13422017	-1.586942e-16	-1.7890789e-16	2.4585258e-16	-1.673564e-16	0	-5.82825e-17
1.3300000000022617e-09	1.2041427e-06	-1.673266e-06	8.717389e-05	0.13425562	-1.5872687e-16	-1.7893852e-16	2.4589295e-16	-1.67396e-16	0	-5.8285316e-17
1.3400000000023475e-09	1.3781006e-06	-1.9657118e-06	8.6635504e-05	0.13428277	-1.5875736e-16	-1.7896597e-16	2.4592908e-16	-1.6743267e-16	0	-5.8287805e-17
1.3500000000024332e-09	1.4360819e-06	-2.2619424e-06	8.525299e-05	0.13430223	-1.5878591e-16	-1.7899066e-16	2.4596145e-16	-1.6746684e-16	0	-5.828986e-17
1.360000000002519e-09	1.3755731e-06	-2.550409e-06	8.33035e-05	0.13431427	-1.5881293e-16	-1.7901312e-16	2.4599076e-16	-1.674991e-16	0	-5.829145e-17
1.3700000000026048e-09	1.2082186e-06	-2.7898043e-06	8.0913356e-05	0.13432036	-1.5883864e-16	-1.7903389e-16	2.4601768e-16	-1.6752983e-16	0	-5.82926e-17
1.3800000000026906e-09	9.3638675e-07	-2.9532e-06	7.8106656e-05	0.1343226	-1.588633e-16	-1.7905343e-16	2.460429e-16	-1.675594e-16	0	-5.8293357e-17
1.3900000000027764e-09	5.84334e-07	-3.0139101e-06	7.490736e-05	0.13432248	-1.5888704e-16	-1.7907224e-16	2.4606702e-16	-1.6758801e-16	0	-5.82938e-17
1.4000000000028622e-09	1.7145149e-07	-2.9482478e-06	7.1382216e-05	0.13432112	-1.5890999e-16	-1.7909062e-16	2.4609044e-16	-1.676158e-16	0	-5.8294025e-17
1.410000000002948e-09	-2.632677e-07	-2.778174e-06	6.765046e-05	0.13431922	-1.5893225e-16	-1.7910882e-16	2.4611355e-16	-1.6764283e-16	0	-5.829413e-17
1.4200000000030337e-09	-6.892682e-07	-2.5108536e-06	6.385765e-05	0.13431758	-1.5895386e-16	-1.7912701e-16	2.4613655e-16	-1.6766917e-16	0	-5.829422e-17
1.4300000000031195e-09	-1.0723963e-06	-2.192228e-06	6.014516e-05	0.13431683	-1.589749e-16	-1.7914531e-16	2.4615963e-16	-1.6769485e-16	0	-5.8294356e-17
1.4400000000032053e-09	-1.3998905e-06	-1.8467999e-06	5.6598536e-05	0.1343169	-1.5899536e-16	-1.7916376e-16	2.461829e-16	-1.6771992e-16	0	-5.8294574e-17
1.450000000003291e-09	-1.6537507e-06	-1.5076449e-06	5.331879e-05	0.13431837	-1.590153e-16	-1.7918241e-16	2.4620643e-16	-1.677444e-16	0	-5.829491e-17
1.4600000000033769e-09	-1.8281537e-06	-1.1928425e-06	5.0429808e-05	0.13432129	-1.590347e-16	-1.792013e-16	2.4623028e-16	-1.6776832e-16	0	-5.8295355e-17
1.4700000000034627e-09	-1.925292e-06	-9.1778736e-07	4.793532e-05	0.13432585	-1.590536e-16	-1.7922037e-16	2.462544e-16	-1.6779167e-16	0	-5.829592e-17
1.4800000000035485e-09	-1.9532474e-06	-6.898819e-07	4.5842746e-05	0.13433185	-1.59072e-16	-1.7923962e-16	2.4627877e-16	-1.6781458e-16	0	-5.829659e-17
1.4900000000036342e-09	-1.9213098e-06	-5.2571085e-07	4.4098244e-05	0.13433991	-1.5909e-16	-1.7925899e-16	2.4630336e-16	-1.6783701e-16	0	-5.829737e-17
1.50000000000372e-09	-1.8382921e-06	-4.2169026e-07	4.268113e-05	0.13434978	-1.5910748e-16	-1.7927844e-16	2.4632809e-16	-1.6785893e-16	0	-5.829823e-17
1.5100000000038058e-09	-1.7287385e-06	-3.5851332e-07	4.151317e-05	0.1343612	-1.591245e-16	-1.7929788e-16	2.463529e-16	-1.6788036e-16	0	-5.829918e-17
1.5200000000038916e-09	-1.6022628e-06	-3.2822962e-07	4.0553536e-05	0.13437429	-1.5914115e-16	-1.7931726e-16	2.463776e-16	-1.6790127e-16	0	-5.830021e-17
1.5300000000039774e-09	-1.4769303e-06	-3.2481896e-07	3.9754163e-05	0.13438895	-1.5915732e-16	-1.7933653e-16	2.4640223e-16	-1.6792167e-16	0	-5.8301344e-17
1.5400000000040632e-09	-1.3551114e-06	-3.4788312e-07	3.9069502e-05	0.1344054	-1.5917307e-16	-1.7935565e-16	2.4642666e-16	-1.6794154e-16	0	-5.830255e-17
1.550000000004149e-09	-1.2525197e-06	-3.7030543e-07	3.843763e-05	0.13442382	-1.5918841e-16	-1.7937453e-16	2.464508e-16	-1.6796082e-16	0	-5.8303845e-17
1.5600000000042347e-09	-1.168921e-06	-4.0336732e-07	3.780973e-05	0.13444385	-1.5920328e-16	-1.7939313e-16	2.4647465e-16	-1.6797955e-16	0	-5.8305235e-17
1.5700000000043205e-09	-1.0925581e-06	-4.3969465e-07	3.7194743e-05	0.13446462	-1.5921779e-16	-1.7941146e-16	2.464981e-16	-1.6799774e-16	0	-5.83067e-17
1.5800000000044063e-09	-1.0195639e-06	-4.6330928e-07	3.656639e-05	0.13448665	-1.5923183e-16	-1.7942944e-16	2.4652116e-16	-1.6801528e-16	0	-5.830823e-17
1.590000000004492e-09	-9.697368e-07	-4.8428626e-07	3.584099e-05	0.13450962	-1.5924545e-16	-1.7944705e-16	2.4654374e-16	-1.6803228e-16	0	-5.8309854e-17
1.6000000000045779e-09	-9.223154e-07	-4.9792305e-07	3.4985813e-05	0.13453266	-1.592587e-16	-1.7946431e-16	2.4656584e-16	-1.680487e-16	0	-5.8311535e-17
1.6100000000046637e-09	-8.855571e-07	-4.8300024e-07	3.3985885e-05	0.1345561	-1.5927151e-16	-1.7948113e-16	2.4658744e-16	-1.6806455e-16	0	-5.8313255e-17
1.6200000000047495e-09	-8.418837e-07	-4.6030388e-07	3.2907967e-05	0.13457933	-1.5928392e-16	-1.794975e-16	2.4660845e-16	-1.6807988e-16	0	-5.831502e-17
1.6300000000048352e-09	-8.0229563e-07	-4.3403753e-07	3.1729265e-05	0.13460228	-1.5929591e-16	-1.7951339e-16	2.4662892e-16	-1.6809464e-16	0	-5.83168e-17
1.640000000004921e-09	-7.582006e-07	-4.094941e-07	3.0391833e-05	0.1346253	-1.5930755e-16	-1.7952878e-16	2.4664872e-16	-1.6810887e-16	0	-5.8318596e-17
1.6500000000050068e-09	-7.065417e-07	-3.8686449e-07	2.8956169e-05	0.13464804	-1.593188e-16	-1.7954365e-16	2.4666785e-16	-1.6812262e-16	0	-5.832039e-17
1.6600000000050926e-09	-6.495723e-07	-3.7207752e-07	2.7491513e-05	0.13467	-1.5932962e-16	-1.7955792e-16	2.4668625e-16	-1.6813582e-16	0	-5.832217e-17
1.6700000000051784e-09	-5.863134e-07	-3.6633256e-07	2.5981226e-05	0.1346911	-1.593401e-16	-1.7957161e-16	2.467039e-16	-1.6814853e-16	0	-5.8323916e-17
1.6800000000052642e-09	-5.234152e-07	-3.581924e-07	2.4432053e-05	0.13471079	-1.5935026e-16	-1.7958468e-16	2.4672077e-16	-1.6816072e-16	0	-5.832563e-17
1.69000000000535e-09	-4.5811248e-07	-3.545311e-07	2.2910577e-05	0.13472913	-1.5936006e-16	-1.795971e-16	2.4673675e-16	-1.6817242e-16	0	-5.832732e-17
1.7000000000054357e-09	-3.948547e-07	-3.5951123e-07	2.1403344e-05	0.1347464	-1.5936955e-16	-1.7960886e-16	2.4675192e-16	-1.6818366e-16	0	-5.832895e-17
1.7100000000055215e-09	-3.3671645e-07	-3.7319137e-07	1.997006e-05	0.13476284	-1.593787e-16	-1.7961995e-16	2.4676621e-16	-1.681944e-16	0	-5.833054e-17
1.7200000000056073e-09	-2.830922e-07	-3.903337e-07	1.8647603e-05	0.1347777	-1.5938757e-16	-1.7963037e-16	2.4677958e-16	-1.6820468e-16	0	-5.8332075e-17
1.730000000005693e-09	-2.2887177e-07	-4.0712936e-07	1.7445063e-05	0.1347907	-1.5939612e-16	-1.7964007e-16	2.4679205e-16	-1.6821448e-16	0	-5.8333584e-17
1.7400000000057789e-09	-1.781557e-07	-4.3853277e-07	1.637623e-05	0.1348019	-1.5940441e-16	-1.7964915e-16	2.4680362e-16	-1.6822384e-16	0	-5.8335033e-17
1.7500000000058647e-09	-1.2708475e-07	-4.7013296e-07	1.5388281e-05	0.13481149	-1.5941243e-16	-1.7965754e-16	2.4681434e-16	-1.6823277e-16	0	-5.833645e-17
1.7600000000059504e-09	-8.954049e-08	-4.88915e-07	1.453451e-05	0.13481969	-1.5942022e-16	-1.7966532e-16	2.468242e-16	-1.682413e-16	0	-5.833781e-17
1.7700000000060362e-09	-4.794256e-08	-5.146496e-07	1.3856078e-05	0.1348265	-1.5942777e-16	-1.796725e-16	2.468333e-16	-1.6824942e-16	0	-5.833915e-17
1.780000000006122e-09	4.1169255e-09	-5.397002e-07	1.3327678e-05	0.13483195	-1.5943513e-16	-1.7967909e-16	2.4684157e-16	-1.6825717e-16	0	-5.834043e-17
1.7900000000062078e-09	5.3282264e-08	-5.5725013e-07	1.2912121e-05	0.13483615	-1.5944225e-16	-1.7968511e-16	2.4684914e-16	-1.6826458e-16	0	-5.834169e-17
1.8000000000062936e-09	9.0956526e-08	-5.7585885e-07	1.2607559e-05	0.13483927	-1.5944919e-16	-1.7969067e-16	2.46856e-16	-1.682716e-16	0	-5.83429e-17
1.8100000000063794e-09	1.261618e-07	-5.9345564e-07	1.2428949e-05	0.13484162	-1.5945595e-16	-1.7969568e-16	2.468622e-16	-1.6827835e-16	0	-5.834407e-17
1.8200000000064652e-09	1.6959389e-07	-6.028069e-07	1.23473465e-05	0.13484299	-1.5946254e-16	-1.7970026e-16	2.4686778e-16	-1.6828483e-16	0	-5.834521e-17
1.830000000006551e-09	2.04757e-07	-6.076137e-07	1.23303025e-05	0.13484344	-1.5946893e-16	-1.7970445e-16	2.4687283e-16	-1.6829101e-16	0	-5.834631e-17
1.8400000000066367e-09	2.3644387e-07	-6.179768e-07	1.2375522e-05	0.13484299	-1.5947526e-16	-1.7970823e-16	2.4687736e-16	-1.6829698e-16	0	-5.834736e-17
1.8500000000067225e-09	2.7129542e-07	-6.2557586e-07	1.2483239e-05	0.1348416	-1.5948138e-16	-1.7971165e-16	2.4688136e-16	-1.683027e-16	0	-5.8348394e-17
1.8600000000068083e-09	3.0733696e-07	-6.2424533e-07	1.2632605e-05	0.13483948	-1.5948736e-16	-1.7971472e-16	2.4688496e-16	-1.6830823e-16	0	-5.8349373e-17
1.870000000006742e-09	3.3481203e-07	-6.2546343e-07	1.2798781e-05	0.13483657	-1.5949326e-16	-1.797175e-16	2.468881e-16	-1.6831355e-16	0	-5.835032e-17
1.880000000006621e-09	3.661686e-07	-6.2105954e-07	1.2986706e-05	0.1348329	-1.5949903e-16	-1.7971996e-16	2.4689086e-16	-1.6831873e-16	0	-5.835121e-17
1.8900000000065e-09	4.043324e-07	-6.255009e-07	1.313938e-05	0.13482878	-1.595047e-16	-1.7972214e-16	2.4689324e-16	-1.6832372e-16	0	-5.8352087e-17
1.900000000006379e-09	4.3435378e-07	-6.2205277e-07	1.3296523e-05	0.13482398	-1.5951025e-16	-1.7972407e-16	2.4689533e-16	-1.683286e-16	0	-5.8352914e-17
1.910000000006258e-09	4.702407e-07	-6.1481916e-07	1.3444452e-05	0.1348184	-1.5951572e-16	-1.7972577e-16	2.4689708e-16	-1.683333e-16	0	-5.835371e-17
1.920000000006137e-09	5.01958e-07	-6.1156777e-07	1.3575345e-05	0.13481209	-1.595211e-16	-1.7972724e-16	2.4689854e-16	-1.6833794e-16	0	-5.835447e-17
1.930000000006016e-09	5.199952e-07	-5.9133805e-07	1.3699614e-05	0.13480514	-1.5952641e-16	-1.7972848e-16	2.4689968e-16	-1.6834244e-16	0	-5.835518e-17
1.940000000005895e-09	5.4972605e-07	-5.69656e-07	1.3773475e-05	0.13479753	-1.5953167e-16	-1.7972953e-16	2.469006e-16	-1.6834686e-16	0	-5.835586e-17
1.950000000005774e-09	5.7920397e-07	-5.425862e-07	1.3824982e-05	0.13478935	-1.5953687e-16	-1.7973039e-16	2.4690124e-16	-1.6835119e-16	0	-5.8356514e-17
1.960000000005653e-09	6.1469734e-07	-5.31033e-07	1.3871375e-05	0.13478076	-1.5954192e-16	-1.7973103e-16	2.469017e-16	-1.6835546e-16	0	-5.835712e-17
1.9700000000055318e-09	6.363326e-07	-5.10644e-07	1.3878866e-05	0.13477163	-1.5954701e-16	-1.7973155e-16	2.469019e-16	-1.6835966e-16	0	-5.8357705e-17
1.9800000000054108e-09	6.6347735e-07	-5.020236e-07	1.380931e-05	0.13476186	-1.5955204e-16	-1.797319e-16	2.469019e-16	-1.6836379e-16	0	-5.8358254e-17
1.9900000000052898e-09	6.8914164e-07	-4.809974e-07	1.3686049e-05	0.13475133	-1.5955699e-16	-1.797321e-16	2.4690174e-16	-1.6836789e-16	0	-5.835877e-17
2.0000000000051688e-09	7.095213e-07	-4.6075832e-07	1.3535462e-05	0.13474007	-1.5956196e-16	-1.7973217e-16	2.4690142e-16	-1.6837195e-16	0	-5.835925e-17
2.0100000000050478e-09	7.307349e-07	-4.406691e-07	1.3403542e-05	0.13472822	-1.5956689e-16	-1.7973212e-16	2.4690092e-16	-1.6837598e-16	0	-5.83597e-17
2.0200000000049267e-09	7.550968e-07	-4.1530464e-07	1.3217504e-05	0.13471568	-1.5957176e-16	-1.7973193e-16	2.4690028e-16	-1.6837997e-16	0	-5.836013e-17
2.0300000000048057e-09	7.83291e-07	-4.0542872e-07	1.3001187e-05	0.13470246	-1.5957667e-16	-1.7973164e-16	2.4689952e-16	-1.6838401e-16	0	-5.8360524e-17
2.0400000000046847e-09	8.1081527e-07	-3.8426197e-07	1.2754359e-05	0.13468894	-1.5958155e-16	-1.7973127e-16	2.4689862e-16	-1.6838802e-16	0	-5.836088e-17
2.0500000000045637e-09	8.3847067e-07	-3.6524096e-07	1.2429462e-05	0.13467494	-1.5958645e-16	-1.7973082e-16	2.4689764e-16	-1.6839207e-16	0	-5.836122e-17
2.0600000000044427e-09	8.6577006e-07	-3.5789492e-07	1.2054851e-05	0.13466045	-1.5959136e-16	-1.797303e-16	2.4689658e-16	-1.6839613e-16	0	-5.836152e-17
2.0700000000043217e-09	9.002749e-07	-3.5752012e-07	1.1657598e-05	0.13464548	-1.5959631e-16	-1.797297e-16	2.4689544e-16	-1.6840026e-16	0	-5.83618e-17
2.0800000000042007e-09	9.326856e-07	-3.4773788e-07	1.1240281e-05	0.13463017	-1.596013e-16	-1.7972904e-16	2.4689422e-16	-1.6840443e-16	0	-5.836205e-17
2.0900000000040797e-09	9.72002e-07	-3.4057922e-07	1.07698925e-05	0.1346143	-1.596063e-16	-1.7972835e-16	2.4689298e-16	-1.6840867e-16	0	-5.836227e-17
2.1000000000039587e-09	1.0089665e-06	-3.3911752e-07	1.0207944e-05	0.13459799	-1.5961134e-16	-1.7972759e-16	2.4689173e-16	-1.68413e-16	0	-5.836246e-17
2.1100000000038377e-09	1.0450783e-06	-3.474193e-07	9.539172e-06	0.13458124	-1.5961646e-16	-1.7972684e-16	2.4689044e-16	-1.6841743e-16	0	-5.836263e-17
2.1200000000037166e-09	1.0909067e-06	-3.557773e-07	8.801167e-06	0.13456403	-1.5962161e-16	-1.7972606e-16	2.468892e-16	-1.6842197e-16	0	-5.8362774e-17
2.1300000000035956e-09	1.1475762e-06	-3.824442e-07	8.014985e-06	0.13454655	-1.596269e-16	-1.7972528e-16	2.4688795e-16	-1.6842666e-16	0	-5.836289e-17
2.1400000000034746e-09	1.2210273e-06	-4.106665e-07	7.140489e-06	0.13452896	-1.5963228e-16	-1.7972452e-16	2.4688673e-16	-1.6843152e-16	0	-5.8362985e-17
2.1500000000033536e-09	1.289831e-06	-4.5761e-07	6.1228857e-06	0.1345113	-1.5963775e-16	-1.7972373e-16	2.468856e-16	-1.6843655e-16	0	-5.836306e-17
2.1600000000032326e-09	1.3846268e-06	-5.151228e-07	4.9549885e-06	0.13449337	-1.596434e-16	-1.7972301e-16	2.468845e-16	-1.684418e-16	0	-5.836312e-17
2.1700000000031116e-09	1.4829083e-06	-5.86372e-07	3.6376425e-06	0.13447534	-1.5964922e-16	-1.797223e-16	2.4688353e-16	-1.6844726e-16	0	-5.836317e-17
2.1800000000029906e-09	1.6147155e-06	-6.672347e-07	2.1656151e-06	0.13445693	-1.596552e-16	-1.7972164e-16	2.4688265e-16	-1.6845302e-16	0	-5.836322e-17
2.1900000000028696e-09	1.7668367e-06	-7.700419e-07	5.178331e-07	0.13443829	-1.5966146e-16	-1.7972104e-16	2.4688197e-16	-1.6845908e-16	0	-5.8363296e-17
2.2000000000027486e-09	1.9604388e-06	-9.063373e-07	-1.3551326e-06	0.13441938	-1.5966795e-16	-1.7972049e-16	2.468814e-16	-1.684655e-16	0	-5.8363396e-17
2.2100000000026276e-09	2.1951469e-06	-1.0945985e-06	-3.5303026e-06	0.13440035	-1.5967482e-16	-1.7972001e-16	2.468811e-16	-1.6847231e-16	0	-5.8363574e-17
2.2200000000025065e-09	2.4841258e-06	-1.3275169e-06	-5.9829617e-06	0.13438112	-1.5968214e-16	-1.7971964e-16	2.4688101e-16	-1.684796e-16	0	-5.8363885e-17
2.2300000000023855e-09	2.8489637e-06	-1.6218835e-06	-8.754961e-06	0.1343618	-1.5969e-16	-1.7971936e-16	2.4688117e-16	-1.6848743e-16	0	-5.836439e-17
2.2400000000022645e-09	3.3053088e-06	-2.0188136e-06	-1.1898729e-05	0.1343428	-1.5969852e-16	-1.7971918e-16	2.4688173e-16	-1.6849586e-16	0	-5.836523e-17
2.2500000000021435e-09	3.8978465e-06	-2.5357542e-06	-1.5442096e-05	0.13432412	-1.5970798e-16	-1.797191e-16	2.4688268e-16	-1.68505e-16	0	-5.8366585e-17
2.2600000000020225e-09	4.670418e-06	-3.2298433e-06	-1.9486777e-05	0.1343057	-1.597187e-16	-1.797192e-16	2.4688416e-16	-1.6851488e-16	0	-5.836879e-17
2.2700000000019015e-09	5.661516e-06	-4.1537023e-06	-2.3987754e-05	0.13428794	-1.5973104e-16	-1.7971945e-16	2.4688628e-16	-1.6852552e-16	0	-5.8372336e-17
2.2800000000017805e-09	6.9392786e-06	-5.4029424e-06	-2.8933951e-05	0.13427104	-1.5974572e-16	-1.7971977e-16	2.4688888e-16	-1.6853683e-16	0	-5.837802e-17
2.2900000000016595e-09	8.501682e-06	-7.018061e-06	-3.4277844e-05	0.13425532	-1.5976342e-16	-1.7971974e-16	2.4689152e-16	-1.6854825e-16	0	-5.838695e-17
2.3000000000015385e-09	1.018893e-05	-8.921231e-06	-4.0139155e-05	0.13424087	-1.5978496e-16	-1.7971822e-16	2.468923e-16	-1.6855871e-16	0	-5.8400314e-17
2.3100000000014175e-09	1.1557037e-05	-1.0557113e-05	-4.7200647e-05	0.13422644	-1.5981043e-16	-1.7971292e-16	2.4688768e-16	-1.6856669e-16	0	-5.8418526e-17
2.3200000000012965e-09	1.19520655e-05	-1.0895968e-05	-5.6789664e-05	0.13421346	-1.598386e-16	-1.7970204e-16	2.468746e-16	-1.6857157e-16	0	-5.8439576e-17
2.3300000000011754e-09	1.1025367e-05	-9.086423e-06	-6.9294336e-05	0.13420211	-1.5986696e-16	-1.796886e-16	2.4685685e-16	-1.6857606e-16	0	-5.845916e-17
2.3400000000010544e-09	9.020918e-06	-5.498385e-06	-8.197034e-05	0.1341927	-1.5989323e-16	-1.7967963e-16	2.4684425e-16	-1.685844e-16	0	-5.8473484e-17
2.3500000000009334e-09	6.4431206e-06	-1.5900631e-06	-9.132278e-05	0.13418862	-1.5991625e-16	-1.7967832e-16	2.4684179e-16	-1.685981e-16	0	-5.848162e-17
2.3600000000008124e-09	3.734959e-06	1.4166815e-06	-9.811253e-05	0.13419184	-1.5993593e-16	-1.7968291e-16	2.4684745e-16	-1.6861546e-16	0	-5.848502e-17
2.3700000000006914e-09	1.1397617e-06	3.379294e-06	-0.00010543358	0.13420123	-1.5995274e-16	-1.7969162e-16	2.46859e-16	-1.6863428e-16	0	-5.848582e-17
2.3800000000005704e-09	-1.260578e-06	4.5971638e-06	-0.00011315235	0.1342131	-1.5996728e-16	-1.7970356e-16	2.4687516e-16	-1.6865313e-16	0	-5.848575e-17
2.3900000000004494e-09	-3.2976254e-06	5.2283617e-06	-0.000118439755	0.13422659	-1.5998004e-16	-1.7971689e-16	2.4689327e-16	-1.6867064e-16	0	-5.84858e-17
2.4000000000003284e-09	-4.6556042e-06	5.38499e-06	-0.000120556855	0.13424158	-1.5999147e-16	-1.7972945e-16	2.469102e-16	-1.6868586e-16	0	-5.848639e-17
2.4100000000002074e-09	-5.0684725e-06	5.234808e-06	-0.00012144251	0.13425629	-1.6000181e-16	-1.797399e-16	2.4692419e-16	-1.6869852e-16	0	-5.84876e-17
2.4200000000000864e-09	-4.5681636e-06	4.887557e-06	-0.0001223575	0.13427012	-1.6001129e-16	-1.7974804e-16	2.469349e-16	-1.6870883e-16	0	-5.8489326e-17
2.4300099999999652e-09	-3.5088524e-06	4.347342e-06	-0.00012311833	0.13428354	-1.6001994e-16	-1.7975445e-16	2.4694332e-16	-1.687175e-16	0	-5.849136e-17
2.4400099999998442e-09	-2.3600112e-06	3.6677013e-06	-0.00012341954	0.13429748	-1.6002791e-16	-1.7976022e-16	2.4695092e-16	-1.6872518e-16	0	-5.849344e-17
2.450009999999723e-09	-1.5140353e-06	2.9260505e-06	-0.00012377709	0.13431181	-1.6003527e-16	-1.7976605e-16	2.4695876e-16	-1.6873256e-16	0	-5.84954e-17
2.460009999999602e-09	-1.0695526e-06	2.2091738e-06	-0.00012472911	0.13432631	-1.6004198e-16	-1.7977212e-16	2.4696701e-16	-1.6873982e-16	0	-5.849707e-17
2.470009999999481e-09	-9.486614e-07	1.5863338e-06	-0.00012624107	0.1343411	-1.6004821e-16	-1.7977832e-16	2.4697548e-16	-1.6874699e-16	0	-5.849841e-17
2.48000999999936e-09	-1.0151037e-06	1.0736848e-06	-0.00012773718	0.134355	-1.6005401e-16	-1.7978438e-16	2.4698382e-16	-1.6875404e-16	0	-5.8499404e-17
2.490009999999239e-09	-1.1194851e-06	6.431914e-07	-0.00012880012	0.13436742	-1.6005941e-16	-1.7979011e-16	2.469917e-16	-1.6876087e-16	0	-5.8500145e-17
2.500009999999118e-09	-1.1490285e-06	2.7894365e-07	-0.0001294507	0.13437821	-1.6006446e-16	-1.7979533e-16	2.4699886e-16	-1.687673e-16	0	-5.850069e-17
2.510009999998997e-09	-1.0432699e-06	-3.5212302e-08	-0.0001297846	0.13438722	-1.600693e-16	-1.7979996e-16	2.4700518e-16	-1.687734e-16	0	-5.850111e-17
2.520009999998876e-09	-8.1589843e-07	-2.922677e-07	-0.00012986225	0.1343949	-1.6007385e-16	-1.7980396e-16	2.470106e-16	-1.68779e-16	0	-5.8501455e-17
2.530009999998755e-09	-4.806507e-07	-4.810162e-07	-0.00012975397	0.13440168	-1.6007818e-16	-1.7980745e-16	2.4701527e-16	-1.6878423e-16	0	-5.8501766e-17
2.540009999998634e-09	-1.045781e-07	-6.320599e-07	-0.00012950395	0.13440795	-1.6008232e-16	-1.7981058e-16	2.470194e-16	-1.6878908e-16	0	-5.850205e-17
2.550009999998513e-09	2.5632457e-07	-7.470105e-07	-0.00012913125	0.13441417	-1.600863e-16	-1.7981355e-16	2.470233e-16	-1.6879372e-16	0	-5.850233e-17
2.560009999998392e-09	5.4423526e-07	-8.3368263e-07	-0.00012864359	0.13442074	-1.6009009e-16	-1.7981649e-16	2.4702713e-16	-1.6879816e-16	0	-5.850257e-17
2.570009999998271e-09	7.289452e-07	-9.2020485e-07	-0.00012799134	0.13442802	-1.6009374e-16	-1.7981958e-16	2.4703112e-16	-1.6880252e-16	0	-5.8502786e-17
2.58000999999815e-09	8.1318115e-07	-1.0069332e-06	-0.00012721389	0.13443601	-1.6009727e-16	-1.7982288e-16	2.470354e-16	-1.6880682e-16	0	-5.850297e-17
2.590009999998029e-09	8.079902e-07	-1.0764207e-06	-0.00012634511	0.134445	-1.6010071e-16	-1.798264e-16	2.4704e-16	-1.6881114e-16	0	-5.8503116e-17
2.600009999997908e-09	7.3175624e-07	-1.0850412e-06	-0.00012542447	0.13445488	-1.6010398e-16	-1.7983018e-16	2.470449e-16	-1.6881548e-16	0	-5.850322e-17
2.610009999997787e-09	6.136385e-07	-1.0652892e-06	-0.00012447425	0.13446556	-1.6010716e-16	-1.7983415e-16	2.4705005e-16	-1.6881977e-16	0	-5.850331e-17
2.620009999997666e-09	4.4968303e-07	-1.0060336e-06	-0.00012351794	0.13447696	-1.6011028e-16	-1.7983825e-16	2.4705542e-16	-1.6882406e-16	0	-5.850338e-17
2.630009999997545e-09	2.7807224e-07	-9.168691e-07	-0.00012258584	0.13448884	-1.6011327e-16	-1.7984247e-16	2.4706098e-16	-1.688283e-16	0	-5.8503454e-17
2.640009999997424e-09	1.2233417e-07	-8.0667843e-07	-0.00012165921	0.13450098	-1.6011627e-16	-1.7984671e-16	2.4706651e-16	-1.6883251e-16	0	-5.8503533e-17
2.650009999997303e-09	-2.0370289e-08	-6.899662e-07	-0.00012073015	0.13451314	-1.6011912e-16	-1.798509e-16	2.4707207e-16	-1.6883666e-16	0	-5.850362e-17
2.660009999997182e-09	-1.5837102e-07	-5.6691994e-07	-0.0001198883	0.13452531	-1.601219e-16	-1.7985502e-16	2.470775e-16	-1.6884065e-16	0	-5.850372e-17
2.670009999997061e-09	-2.7507386e-07	-4.443234e-07	-0.000119059856	0.13453734	-1.6012458e-16	-1.7985896e-16	2.4708274e-16	-1.6884453e-16	0	-5.8503825e-17
2.68000999999694e-09	-3.694387e-07	-3.417411e-07	-0.00011823493	0.1345491	-1.6012724e-16	-1.7986279e-16	2.470878e-16	-1.6884833e-16	0	-5.8503944e-17
2.690009999996819e-09	-4.4928012e-07	-2.584984e-07	-0.00011743816	0.13456048	-1.6012983e-16	-1.7986644e-16	2.4709264e-16	-1.6885198e-16	0	-5.850405e-17
2.700009999996698e-09	-4.9660775e-07	-1.9961759e-07	-0.00011661055	0.1345714	-1.6013237e-16	-1.798699e-16	2.470972e-16	-1.6885552e-16	0	-5.8504155e-17
2.710009999996577e-09	-5.1918e-07	-1.306547e-07	-0.000115794785	0.13458188	-1.601348e-16	-1.7987315e-16	2.4710153e-16	-1.6885894e-16	0	-5.8504235e-17
2.720009999996456e-09	-5.232278e-07	-9.4111854e-08	-0.000114970884	0.13459185	-1.6013722e-16	-1.7987625e-16	2.471056e-16	-1.6886225e-16	0	-5.85043e-17
2.730009999996335e-09	-5.131645e-07	-8.279295e-08	-0.00011412504	0.13460138	-1.6013956e-16	-1.798792e-16	2.4710947e-16	-1.688655e-16	0	-5.8504334e-17
2.740009999996214e-09	-4.993438e-07	-8.34301e-08	-0.000113259855	0.1346105	-1.6014182e-16	-1.7988197e-16	2.4711313e-16	-1.6886864e-16	0	-5.8504354e-17
2.750009999996093e-09	-4.786643e-07	-1.0078327e-07	-0.000112345064	0.13461927	-1.6014405e-16	-1.7988464e-16	2.4711662e-16	-1.688717e-16	0	-5.8504334e-17
2.760009999995972e-09	-4.549302e-07	-1.2390832e-07	-0.0001114311	0.1346276	-1.6014626e-16	-1.798872e-16	2.4711996e-16	-1.6887469e-16	0	-5.85043e-17
2.770009999995851e-09	-4.218355e-07	-1.3432772e-07	-0.00011052493	0.13463561	-1.6014836e-16	-1.7988967e-16	2.4712313e-16	-1.6887759e-16	0	-5.850424e-17
2.78000999999573e-09	-3.8084195e-07	-1.5243047e-07	-0.0001095932	0.13464324	-1.6015045e-16	-1.7989205e-16	2.471262e-16	-1.6888045e-16	0	-5.850416e-17
2.790009999995609e-09	-3.6637473e-07	-1.6142563e-07	-0.00010863692	0.13465054	-1.6015249e-16	-1.7989435e-16	2.4712917e-16	-1.6888324e-16	0	-5.850405e-17
2.800009999995488e-09	-3.5432495e-07	-1.7139527e-07	-0.00010770806	0.13465752	-1.6015448e-16	-1.798966e-16	2.4713205e-16	-1.68886e-16	0	-5.8503944e-17
2.810009999995367e-09	-3.6608427e-07	-1.8072775e-07	-0.000106776795	0.13466421	-1.6015635e-16	-1.7989877e-16	2.4713489e-16	-1.6888864e-16	0	-5.8503825e-17
2.820009999995246e-09	-3.6411657e-07	-1.5996392e-07	-0.00010586502	0.13467064	-1.6015826e-16	-1.7990092e-16	2.4713759e-16	-1.6889124e-16	0	-5.850368e-17
2.830009999995125e-09	-3.8323128e-07	-1.4399751e-07	-0.00010494025	0.13467689	-1.601601e-16	-1.7990301e-16	2.4714026e-16	-1.688938e-16	0	-5.850354e-17
2.840009999995004e-09	-4.2307235e-07	-1.0621784e-07	-0.000104036124	0.1346829	-1.6016194e-16	-1.7990505e-16	2.4714285e-16	-1.6889632e-16	0	-5.8503394e-17
2.850009999994883e-09	-4.5463037e-07	-6.214156e-08	-0.00010312484	0.13468866	-1.6016367e-16	-1.7990703e-16	2.4714534e-16	-1.6889873e-16	0	-5.850325e-17
2.860009999994762e-09	-4.914262e-07	-1.8889835e-08	-0.000102225735	0.13469428	-1.601654e-16	-1.7990896e-16	2.471478e-16	-1.6890111e-16	0	-5.850311e-17
2.870009999994641e-09	-5.3741394e-07	1.978935e-08	-0.00010138317	0.13469964	-1.6016705e-16	-1.7991086e-16	2.4715019e-16	-1.6890341e-16	0	-5.8502964e-17
2.8800099999945198e-09	-5.7273866e-07	5.6257228e-08	-0.00010053534	0.13470489	-1.6016864e-16	-1.7991268e-16	2.4715251e-16	-1.6890565e-16	0	-5.8502825e-17
2.8900099999943988e-09	-6.00961e-07	9.126339e-08	-9.970441e-05	0.13470988	-1.6017025e-16	-1.7991446e-16	2.4715476e-16	-1.6890785e-16	0	-5.85027e-17
2.9000099999942778e-09	-6.3418685e-07	1.2233417e-07	-9.884882e-05	0.13471466	-1.6017183e-16	-1.7991618e-16	2.471569e-16	-1.6890998e-16	0	-5.850257e-17
2.9100099999941568e-09	-6.7554583e-07	1.4388507e-07	-9.8048156e-05	0.13471924	-1.6017335e-16	-1.7991783e-16	2.4715897e-16	-1.6891203e-16	0	-5.8502455e-17
2.9200099999940357e-09	-7.020066e-07	1.7132031e-07	-9.722021e-05	0.13472363	-1.6017483e-16	-1.7991946e-16	2.47161e-16	-1.6891404e-16	0	-5.850234e-17
2.9300099999939147e-09	-7.120981e-07	1.8661208e-07	-9.645823e-05	0.13472784	-1.6017623e-16	-1.7992096e-16	2.4716294e-16	-1.68916e-16	0	-5.850222e-17
2.9400099999937937e-09	-7.284955e-07	2.1288544e-07	-9.57293e-05	0.13473184	-1.6017765e-16	-1.7992245e-16	2.471648e-16	-1.6891786e-16	0	-5.850212e-17
2.9500099999936727e-09	-7.4549257e-07	2.3331195e-07	-9.499087e-05	0.13473572	-1.6017899e-16	-1.7992387e-16	2.4716654e-16	-1.6891968e-16	0	-5.850202e-17
2.9600099999935517e-09	-7.566803e-07	2.3709741e-07	-9.4249124e-05	0.13473943	-1.6018034e-16	-1.7992522e-16	2.4716826e-16	-1.6892145e-16	0	-5.850191e-17
2.9700099999934307e-09	-7.6627515e-07	2.4627997e-07	-9.3470575e-05	0.13474292	-1.6018165e-16	-1.7992657e-16	2.471699e-16	-1.6892317e-16	0	-5.8501806e-17
2.9800099999933097e-09	-7.722626e-07	2.5208934e-07	-9.2733535e-05	0.13474618	-1.601829e-16	-1.7992782e-16	2.4717147e-16	-1.6892484e-16	0	-5.85017e-17
2.9900099999931887e-09	-7.877792e-07	2.5148967e-07	-9.205405e-05	0.13474926	-1.6018413e-16	-1.7992904e-16	2.4717298e-16	-1.6892647e-16	0	-5.850159e-17
3.0000099999930677e-09	-7.8250395e-07	2.5411325e-07	-9.133925e-05	0.13475221	-1.6018537e-16	-1.7993022e-16	2.471744e-16	-1.6892806e-16	0	-5.850149e-17
