# t (s)	mx ()	my ()	mz ()	spinAngle (rad)	E_total (J)	E_anis (J)	E_demag (J)	E_exch (J)	E_therm (J)	E_custom (J)
0	0	0	0	0.009490227	1.2970067e-17	-8.0432005e-17	1.0021888e-16	5.248001e-18	0	-1.2064801e-17
1.0000000000000124e-11	2.18167e-09	-3.7942086e-10	0.0033345572	0.024332402	3.8288085e-18	-7.5082344e-17	9.418105e-17	-3.5307903e-18	0	-1.1739099e-17
2.0009999999999403e-11	5.786168e-09	-7.588417e-10	0.010727378	0.03209903	1.4953549e-18	-6.8532225e-17	8.620953e-17	-4.897866e-18	0	-1.1284092e-17
3.000999999999824e-11	9.390666e-09	-1.5176834e-09	0.019578088	0.040853318	-8.3794895e-19	-6.195948e-17	7.780565e-17	-5.972398e-18	0	-1.0711726e-17
4.000000000000001e-11	1.2141467e-08	-1.5176834e-09	0.026455432	0.049521457	-3.5833857e-18	-5.7273655e-17	7.157434e-17	-7.548547e-18	0	-1.0335514e-17
5.0000000000001785e-11	1.5935676e-08	-5.311892e-09	0.03005154	0.056518905	-6.5303386e-18	-5.3817876e-17	6.70818e-17	-9.556141e-18	0	-1.0238123e-17
6.00000000000024e-11	2.1911553e-08	-5.311892e-09	0.030840794	0.06193643	-9.475307e-18	-5.0245846e-17	6.2660354e-17	-1.1571195e-17	0	-1.0318621e-17
7.000999999999771e-11	3.0258814e-08	-8.91639e-09	0.030029103	0.06498243	-1.23524874e-17	-4.5908812e-17	5.7374227e-17	-1.3481271e-17	0	-1.0336632e-17
8.000999999999302e-11	4.2115715e-08	-1.5556255e-08	0.028180534	0.06754053	-1.519898e-17	-4.0160813e-17	5.0380408e-17	-1.4990495e-17	0	-1.0428083e-17
9.000999999998834e-11	5.406747e-08	-1.8591622e-08	0.027525805	0.07012991	-1.7880794e-17	-3.4128327e-17	4.2939674e-17	-1.6131317e-17	0	-1.056082e-17
1.0000999999998365e-10	6.203531e-08	-2.1247567e-08	0.028941771	0.07172448	-2.0454913e-17	-2.8706006e-17	3.6035812e-17	-1.749982e-17	0	-1.0284901e-17
1.1000999999997896e-10	6.032791e-08	-1.8971043e-08	0.027966443	0.07614415	-2.299788e-17	-2.3674523e-17	2.9472617e-17	-1.8439088e-17	0	-1.0356887e-17
1.2000999999997891e-10	4.9158714e-08	-1.327973e-08	0.015338068	0.08055336	-2.517126e-17	-2.1951082e-17	2.715159e-17	-1.954241e-17	0	-1.0829357e-17
1.3000999999998715e-10	3.8517147e-08	-6.8295756e-09	-0.00024845844	0.081923306	-2.6877729e-17	-2.3202752e-17	2.865883e-17	-2.1127164e-17	0	-1.1206643e-17
1.400099999999954e-10	3.3958166e-08	0	-0.009703741	0.08112428	-2.8187887e-17	-2.612673e-17	3.2315634e-17	-2.297657e-17	0	-1.1400221e-17
1.5000000000000362e-10	3.6329546e-08	7.588417e-10	-0.015520233	0.07985318	-2.9208452e-17	-2.95881e-17	3.661113e-17	-2.4702976e-17	0	-1.1528505e-17
1.6000000000001186e-10	4.059803e-08	0	-0.02010101	0.07922401	-3.0013944e-17	-3.0928915e-17	3.8222448e-17	-2.5673173e-17	0	-1.1634301e-17
1.700000000000201e-10	4.1096023e-08	3.0353668e-09	-0.018075425	0.07893613	-3.060125e-17	-3.0785525e-17	3.8056763e-17	-2.6104738e-17	0	-1.1767752e-17
1.8000000000002833e-10	3.9815475e-08	1.5176834e-09	-0.010025162	0.07899203	-3.0972805e-17	-3.096696e-17	3.832669e-17	-2.6444233e-17	0	-1.1888301e-17
1.9000000000003657e-10	3.772866e-08	1.5176834e-09	-0.0029329127	0.07980235	-3.1197233e-17	-3.1501205e-17	3.903563e-17	-2.677676e-17	0	-1.1954896e-17
2.000000000000448e-10	3.891435e-08	-1.1382626e-09	-0.00039276888	0.080869675	-3.133026e-17	-3.2008783e-17	3.971149e-17	-2.704189e-17	0	-1.1991075e-17
2.1000000000005304e-10	4.2281712e-08	-2.655946e-09	-0.0010778162	0.08182003	-3.1404153e-17	-3.2339423e-17	4.0164062e-17	-2.721639e-17	0	-1.20123996e-17
2.2000000000006128e-10	4.6123347e-08	-2.2765252e-09	-0.0021760333	0.08254398	-3.1447352e-17	-3.2541256e-17	4.04558e-17	-2.7339626e-17	0	-1.2022268e-17
2.3000000000006952e-10	5.112696e-08	-1.1382626e-09	-0.0021208252	0.0831234	-3.1478226e-17	-3.2730203e-17	4.073392e-17	-2.7455349e-17	0	-1.2026593e-17
2.4000000000005925e-10	5.7102838e-08	1.8971043e-09	-0.001122111	0.0836797	-3.150391e-17	-3.2940913e-17	4.1040073e-17	-2.7573804e-17	0	-1.2029266e-17
2.5000000000004163e-10	6.744206e-08	1.5176834e-09	-0.00017682245	0.08417773	-3.1526616e-17	-3.3131753e-17	4.1320567e-17	-2.7684774e-17	0	-1.2030652e-17
2.60000000000024e-10	7.725957e-08	1.1382626e-09	7.081587e-05	0.0846454	-3.1547037e-17	-3.325707e-17	4.1516953e-17	-2.777649e-17	0	-1.2030427e-17
2.700000000000064e-10	9.034959e-08	0	-0.00031191923	0.0851121	-3.156532e-17	-3.3303893e-17	4.161151e-17	-2.7844216e-17	0	-1.2028723e-17
2.800099999999888e-10	1.0457787e-07	-7.588417e-10	-0.00088803814	0.08557698	-3.158198e-17	-3.3286218e-17	4.1621058e-17	-2.78908e-17	0	-1.2026023e-17
2.9000999999997117e-10	1.2537488e-07	-4.5530504e-09	-0.0013115023	0.0860394	-3.159814e-17	-3.3224355e-17	4.157102e-17	-2.7922673e-17	0	-1.2022135e-17
3.0000999999995355e-10	1.4714415e-07	-9.864943e-09	-0.0015108967	0.08651995	-3.1615587e-17	-3.3135045e-17	4.1482403e-17	-2.7946757e-17	0	-1.2016187e-17
3.1000999999993594e-10	1.7204364e-07	-1.5176834e-08	-0.0015863437	0.08704613	-3.1636472e-17	-3.3028558e-17	4.1367445e-17	-2.7967946e-17	0	-1.2007417e-17
3.2000999999991833e-10	1.9964651e-07	-1.8971043e-08	-0.0016479951	0.08764481	-3.1662978e-17	-3.290902e-17	4.1230232e-17	-2.798881e-17	0	-1.1995382e-17
3.300099999999007e-10	2.2788966e-07	-2.1626988e-08	-0.0017474425	0.08833355	-3.169707e-17	-3.2782127e-17	4.1076826e-17	-2.8011945e-17	0	-1.197982e-17
3.400099999998831e-10	2.5644107e-07	-2.3713804e-08	-0.001895085	0.08911548	-3.174021e-17	-3.2660317e-17	4.092234e-17	-2.8041598e-17	0	-1.1960631e-17
3.500099999998655e-10	2.7650296e-07	-2.4852065e-08	-0.0020928527	0.089981586	-3.1793114e-17	-3.255815e-17	4.0785493e-17	-2.8082517e-17	0	-1.193795e-17
3.600099999998479e-10	2.9718137e-07	-2.6464605e-08	-0.002343011	0.090929925	-3.185556e-17	-3.248514e-17	4.0679723e-17	-2.813804e-17	0	-1.19121e-17
3.7000999999983027e-10	3.1259535e-07	-2.8835984e-08	-0.0026400383	0.09194827	-3.19265e-17	-3.2443747e-17	4.061007e-17	-2.820944e-17	0	-1.18833826e-17
3.8000999999981266e-10	3.22152e-07	-2.7602868e-08	-0.0029651858	0.0930369	-3.2004372e-17	-3.2432008e-17	4.0575902e-17	-2.829644e-17	0	-1.18518355e-17
3.9000999999979505e-10	3.3408006e-07	-2.3903514e-08	-0.0032885582	0.094188556	-3.2087428e-17	-3.2446656e-17	4.057443e-17	-2.8398073e-17	0	-1.18171345e-17
4.0000999999977743e-10	3.3958167e-07	-2.8646275e-08	-0.0035736796	0.09541919	-3.2173948e-17	-3.248472e-17	4.0602667e-17	-2.851315e-17	0	-1.177874e-17
4.100099999997598e-10	3.4511885e-07	-2.8835984e-08	-0.0037797021	0.096717365	-3.2262463e-17	-3.2543946e-17	4.065811e-17	-2.8640358e-17	0	-1.1736272e-17
4.200099999997422e-10	3.5369732e-07	-3.1871352e-08	-0.0038618047	0.098071225	-3.2351798e-17	-3.2622773e-17	4.073892e-17	-2.8778073e-17	0	-1.1689874e-17
4.300099999997246e-10	3.5902104e-07	-3.6424403e-08	-0.003772991	0.09948388	-3.244113e-17	-3.271961e-17	4.0843178e-17	-2.8924216e-17	0	-1.164048e-17
4.40009999999707e-10	3.6649683e-07	-3.945977e-08	-0.00347111	0.100935824	-3.252987e-17	-3.2831755e-17	4.09676e-17	-2.907593e-17	0	-1.15897814e-17
4.5000999999968937e-10	3.7735776e-07	-4.932471e-08	-0.002930611	0.10242151	-3.2617657e-17	-3.295513e-17	4.110717e-17	-2.9229774e-17	0	-1.1539925e-17
4.6000999999967176e-10	3.9331715e-07	-6.526039e-08	-0.0021556458	0.103939645	-3.2704455e-17	-3.3085583e-17	4.125661e-17	-2.938255e-17	0	-1.1492932e-17
4.700099999996541e-10	4.1304702e-07	-8.499027e-08	-0.001188312	0.105474666	-3.279046e-17	-3.3221145e-17	4.1413254e-17	-2.9532548e-17	0	-1.1450025e-17
4.800099999996365e-10	4.4558237e-07	-1.1154973e-07	-0.000107943335	0.10704506	-3.2876284e-17	-3.3364085e-17	4.1579564e-17	-2.968072e-17	0	-1.14110384e-17
4.900099999996189e-10	4.887415e-07	-1.3127962e-07	0.0009770974	0.108703464	-3.2962846e-17	-3.352163e-17	4.1764154e-17	-2.983126e-17	0	-1.1374115e-17
5.000099999996013e-10	5.41813e-07	-1.4569761e-07	0.0019393384	0.11051464	-3.3051388e-17	-3.3704384e-17	4.1979962e-17	-2.9991104e-17	0	-1.1335865e-17
5.100099999995837e-10	5.949793e-07	-1.5328602e-07	0.0026414103	0.11250427	-3.3143417e-17	-3.3922187e-17	4.2239217e-17	-3.0168322e-17	0	-1.1292124e-17
5.200099999995661e-10	6.4880965e-07	-1.3810919e-07	0.002952281	0.11468407	-3.324074e-17	-3.4178673e-17	4.2546832e-17	-3.036974e-17	0	-1.12391586e-17
5.300099999995485e-10	7.012646e-07	-9.181985e-08	0.0027805273	0.11702619	-3.3345685e-17	-3.4468543e-17	4.2896974e-17	-3.059912e-17	0	-1.1174994e-17
5.400099999995309e-10	7.515853e-07	-1.5935676e-08	0.0021131665	0.11947189	-3.346147e-17	-3.478229e-17	4.3278374e-17	-3.0857285e-17	0	-1.1100271e-17
5.500099999995133e-10	8.071467e-07	9.6372894e-08	0.0010159	0.12198896	-3.3592453e-17	-3.5114866e-17	4.368457e-17	-3.114359e-17	0	-1.1018562e-17
5.600099999994956e-10	8.6526927e-07	2.496589e-07	-0.0004392874	0.124535196	-3.374377e-17	-3.5466924e-17	4.4116182e-17	-3.145666e-17	0	-1.0936373e-17
5.70009999999478e-10	9.015988e-07	4.3253976e-07	-0.0022549422	0.12706909	-3.3920364e-17	-3.583577e-17	4.4571353e-17	-3.1793858e-17	0	-1.086209e-17
5.800099999994604e-10	8.8054094e-07	6.070734e-07	-0.004393758	0.12953593	-3.412528e-17	-3.621284e-17	4.5042562e-17	-3.2153576e-17	0	-1.08014245e-17
5.900099999994428e-10	7.808007e-07	6.5791573e-07	-0.0063423063	0.13183632	-3.435512e-17	-3.6594017e-17	4.5523508e-17	-3.2531558e-17	0	-1.0753057e-17
6.000099999994252e-10	7.2298644e-07	4.257102e-07	-0.0069982964	0.13375406	-3.459149e-17	-3.6960392e-17	4.5980436e-17	-3.289283e-17	0	-1.0718697e-17
6.100099999994076e-10	8.560683e-07	-6.3742704e-08	-0.0057022213	0.13527252	-3.480982e-17	-3.7242722e-17	4.632573e-17	-3.3177725e-17	0	-1.0715108e-17
6.2000999999939e-10	1.1684265e-06	-6.5108617e-07	-0.0030595055	0.13658571	-3.500434e-17	-3.738434e-17	4.6499296e-17	-3.335969e-17	0	-1.07596056e-17
6.300099999993724e-10	1.5479422e-06	-1.1951757e-06	-0.00038643178	0.13782029	-3.5184025e-17	-3.7407605e-17	4.6528913e-17	-3.345313e-17	0	-1.0852207e-17
6.400099999993547e-10	1.8762836e-06	-1.6049502e-06	0.0012725297	0.13886687	-3.5356644e-17	-3.736521e-17	4.6476377e-17	-3.3491636e-17	0	-1.0976175e-17
6.500099999993371e-10	2.097628e-06	-1.8804097e-06	0.0018454177	0.13959056	-3.5527083e-17	-3.7295307e-17	4.6390754e-17	-3.351257e-17	0	-1.110996e-17
6.600099999993195e-10	2.2371603e-06	-2.0344546e-06	0.002033409	0.14002895	-3.5698908e-17	-3.721746e-17	4.62969e-17	-3.354167e-17	0	-1.1236687e-17
6.700099999993019e-10	2.316886e-06	-2.0731557e-06	0.0023036872	0.14026824	-3.5871733e-17	-3.714714e-17	4.621321e-17	-3.3589856e-17	0	-1.1347952e-17
6.800099999992843e-10	2.3253756e-06	-2.0549433e-06	0.002452694	0.14036761	-3.6039326e-17	-3.7092433e-17	4.614999e-17	-3.3654826e-17	0	-1.1442056e-17
6.900099999992667e-10	2.2610695e-06	-2.085297e-06	0.0020765224	0.14030832	-3.6192457e-17	-3.7044966e-17	4.6096122e-17	-3.37234e-17	0	-1.1520213e-17
7.000099999992491e-10	2.1600429e-06	-2.2120237e-06	0.0011795397	0.14006749	-3.6324257e-17	-3.699465e-17	4.603648e-17	-3.3781385e-17	0	-1.15847025e-17
7.100099999992315e-10	2.0863404e-06	-2.4237404e-06	0.00026991696	0.13965264	-3.6433832e-17	-3.6938445e-17	4.5967042e-17	-3.382407e-17	0	-1.1638355e-17
7.200099999992138e-10	2.1222431e-06	-2.7310714e-06	-0.00014531174	0.13911366	-3.6525758e-17	-3.6870242e-17	4.5882028e-17	-3.3853498e-17	0	-1.1684043e-17
7.300099999991962e-10	2.3191863e-06	-3.2425305e-06	-3.6487385e-05	0.13850194	-3.660692e-17	-3.6789318e-17	4.578156e-17	-3.387555e-17	0	-1.1723607e-17
7.400099999991786e-10	2.7471374e-06	-4.1538997e-06	0.00024303878	0.1378964	-3.668328e-17	-3.6706643e-17	4.567986e-17	-3.3899003e-17	0	-1.1757498e-17
7.50009999999161e-10	3.4680547e-06	-5.6776535e-06	0.0004145074	0.1373838	-3.6758735e-17	-3.66311e-17	4.5588008e-17	-3.3930016e-17	0	-1.1785624e-17
7.600099999991434e-10	4.5169104e-06	-7.957214e-06	0.00050544547	0.13702995	-3.6835584e-17	-3.656765e-17	4.5511785e-17	-3.3970928e-17	0	-1.18087965e-17
7.700099999991258e-10	5.831853e-06	-1.0995616e-05	0.0006923103	0.13680641	-3.691543e-17	-3.651945e-17	4.54547e-17	-3.4021287e-17	0	-1.1829393e-17
7.800099999991082e-10	7.1504173e-06	-1.45090535e-05	0.0010710956	0.13671273	-3.6999825e-17	-3.6488088e-17	4.5418092e-17	-3.407912e-17	0	-1.1850707e-17
7.900099999990906e-10	7.954659e-06	-1.7596021e-05	0.0015854229	0.13676943	-3.709e-17	-3.6475426e-17	4.5403504e-17	-3.4143276e-17	0	-1.1874815e-17
8.00009999999073e-10	7.642354e-06	-1.8424676e-05	0.0020686712	0.13698106	-3.718517e-17	-3.6483966e-17	4.5413572e-17	-3.4214864e-17	0	-1.18999105e-17
8.100099999990553e-10	5.803799e-06	-1.5157104e-05	0.0023284694	0.13734163	-3.7281222e-17	-3.6513082e-17	4.54474e-17	-3.4294845e-17	0	-1.1920693e-17
8.200099999990377e-10	2.5764218e-06	-7.7447385e-06	0.0022564416	0.13785356	-3.7372454e-17	-3.6555642e-17	4.5496737e-17	-3.4379628e-17	0	-1.19339175e-17
8.300099999990201e-10	-8.547137e-07	1.4782237e-06	0.0018938534	0.13848379	-3.7454702e-17	-3.66014e-17	4.5550216e-17	-3.446121e-17	0	-1.1942316e-17
8.400099999990025e-10	-2.9440923e-06	9.635772e-06	0.001398993	0.13913526	-3.752646e-17	-3.66432e-17	4.5600283e-17	-3.4532736e-17	0	-1.1950809e-17
8.500099999989849e-10	-3.686121e-06	1.481259e-05	0.00097611937	0.13975586	-3.7588103e-17	-3.667834e-17	4.5644504e-17	-3.4593418e-17	0	-1.1960844e-17
8.600099999989673e-10	-4.0935715e-06	1.6410711e-05	0.00077015907	0.14032447	-3.7641085e-17	-3.6708343e-17	4.5685073e-17	-3.4646754e-17	0	-1.197106e-17
8.700099999989497e-10	-4.597964e-06	1.5237541e-05	0.00075182924	0.14082544	-3.7687073e-17	-3.6735673e-17	4.5724456e-17	-3.469475e-17	0	-1.1981105e-17
8.800099999989321e-10	-5.253959e-06	1.284719e-05	0.0007645512	0.14125013	-3.7727466e-17	-3.6758844e-17	4.5760303e-17	-3.4737377e-17	0	-1.199155e-17
8.900099999989144e-10	-5.960251e-06	1.0247399e-05	0.00068970554	0.14158903	-3.7763247e-17	-3.6776486e-17	4.579039e-17	-3.4775265e-17	0	-1.200189e-17
9.000099999988968e-10	-6.311429e-06	7.764468e-06	0.0005242352	0.14185122	-3.779496e-17	-3.6791104e-17	4.5816922e-17	-3.4810215e-17	0	-1.2010566e-17
9.100099999988792e-10	-6.022002e-06	5.5911455e-06	0.00033877123	0.14205477	-3.7823115e-17	-3.6806652e-17	4.584376e-17	-3.4843987e-17	0	-1.2016234e-17
9.200099999988616e-10	-5.210077e-06	3.955083e-06	0.00020535813	0.14219375	-3.7848377e-17	-3.682545e-17	4.5872925e-17	-3.4877323e-17	0	-1.2018532e-17
9.30009999998844e-10	-4.2204047e-06	2.8987754e-06	0.00016144433	0.14227195	-3.787136e-17	-3.684773e-17	4.5904322e-17	-3.4909914e-17	0	-1.2018038e-17
9.400099999989161e-10	-3.3088345e-06	2.3099142e-06	0.00020970515	0.14229836	-3.789252e-17	-3.687197e-17	4.5936287e-17	-3.494087e-17	0	-1.20159705e-17
9.50009999999002e-10	-2.5014742e-06	1.9350464e-06	0.0003278333	0.14228323	-3.7912126e-17	-3.68954e-17	4.5966026e-17	-3.496901e-17	0	-1.2013742e-17
9.600099999990877e-10	-1.714182e-06	1.6193682e-06	0.00047951625	0.14224349	-3.793036e-17	-3.6915178e-17	4.59907e-17	-3.4993353e-17	0	-1.2012529e-17
9.700099999991735e-10	-9.0531e-07	1.3052078e-06	0.0006288863	0.14219213	-3.794739e-17	-3.6929287e-17	4.6008315e-17	-3.5013414e-17	0	-1.2013009e-17
9.800099999992593e-10	-1.5856234e-07	1.0153302e-06	0.0007530904	0.14214115	-3.7963378e-17	-3.6936893e-17	4.601816e-17	-3.5029352e-17	0	-1.2015291e-17
9.90009999999345e-10	4.0727272e-07	8.089253e-07	0.0008464724	0.14210263	-3.797847e-17	-3.693853e-17	4.6020944e-17	-3.504188e-17	0	-1.2019007e-17
1.0000099999994308e-09	7.205202e-07	6.844752e-07	0.0009154773	0.14208458	-3.799284e-17	-3.69358e-17	4.6018486e-17	-3.5052007e-17	0	-1.2023515e-17
1.0100099999995166e-09	7.917209e-07	6.2832095e-07	0.00096957356	0.14208308	-3.8006616e-17	-3.6930732e-17	4.6013076e-17	-3.5060818e-17	0	-1.2028142e-17
1.0200099999996024e-09	6.7975617e-07	6.0859105e-07	0.0010152953	0.14209299	-3.8019858e-17	-3.6925194e-17	4.6006846e-17	-3.506917e-17	0	-1.2032345e-17
1.0300099999996882e-09	4.5250678e-07	5.8127273e-07	0.0010547722	0.14210762	-3.8032666e-17	-3.6920548e-17	4.600135e-17	-3.5077643e-17	0	-1.20358195e-17
1.040009999999774e-09	1.8134538e-07	5.251185e-07	0.0010875678	0.14212237	-3.8045004e-17	-3.6917597e-17	4.5997568e-17	-3.5086513e-17	0	-1.2038463e-17
1.0500099999998598e-09	-9.942012e-08	4.386105e-07	0.0011128087	0.1421393	-3.805687e-17	-3.69167e-17	4.5995957e-17	-3.509579e-17	0	-1.2040339e-17
1.0600099999999456e-09	-3.4885377e-07	3.035367e-07	0.0011302128	0.14215851	-3.806824e-17	-3.6917905e-17	4.5996635e-17	-3.5105367e-17	0	-1.2041605e-17
1.0700000000000313e-09	-5.519862e-07	1.3203845e-07	0.0011397715	0.14218122	-3.8079084e-17	-3.692106e-17	4.5999464e-17	-3.5115045e-17	0	-1.204244e-17
1.080000000000117e-09	-7.0394424e-07	-5.9189652e-08	0.0011413412	0.14220886	-3.808938e-17	-3.69259e-17	4.6004196e-17	-3.5124653e-17	0	-1.2043027e-17
1.0900000000002028e-09	-8.041469e-07	-2.564885e-07	0.0011348998	0.14224268	-3.8099148e-17	-3.69321e-17	4.6010496e-17	-3.5134047e-17	0	-1.20435e-17
1.1000000000002886e-09	-8.5272467e-07	-4.401282e-07	0.0011211188	0.1422823	-3.8108383e-17	-3.6939335e-17	4.6018026e-17	-3.5143122e-17	0	-1.204395e-17
1.1100000000003744e-09	-8.6254215e-07	-6.017615e-07	0.0011017903	0.14232595	-3.8117098e-17	-3.6947306e-17	4.6026496e-17	-3.5151867e-17	0	-1.2044424e-17
1.1200000000004602e-09	-8.5270096e-07	-7.148289e-07	0.0010797528	0.14237334	-3.812533e-17	-3.695577e-17	4.6035652e-17	-3.5160278e-17	0	-1.2044935e-17
1.130000000000546e-09	-8.2075843e-07	-7.891954e-07	0.0010583262	0.14242151	-3.813312e-17	-3.696453e-17	4.6045287e-17	-3.5168404e-17	0	-1.2045471e-17
1.1400000000006318e-09	-7.676395e-07	-8.2106675e-07	0.0010402316	0.1424713	-3.8140484e-17	-3.6973412e-17	4.6055186e-17	-3.5176246e-17	0	-1.2046012e-17
1.1500000000007175e-09	-7.0622076e-07	-8.058899e-07	0.0010270528	0.14252312	-3.814744e-17	-3.698222e-17	4.606515e-17	-3.518383e-17	0	-1.2046537e-17
1.1600000000008033e-09	-6.568961e-07	-7.6491244e-07	0.0010190295	0.14257462	-3.815398e-17	-3.699076e-17	4.607493e-17	-3.519112e-17	0	-1.2047035e-17
1.1700000000008891e-09	-6.1596603e-07	-7.072405e-07	0.001015438	0.14262128	-3.8160135e-17	-3.699883e-17	4.608428e-17	-3.519808e-17	0	-1.2047503e-17
1.1800000000009749e-09	-5.712655e-07	-6.2907975e-07	0.0010151246	0.14266306	-3.816585e-17	-3.700622e-17	4.6092942e-17	-3.5204638e-17	0	-1.2047935e-17
1.1900000000010607e-09	-5.304541e-07	-5.531956e-07	0.0010168926	0.14269738	-3.817116e-17	-3.7012766e-17	4.6100685e-17	-3.5210736e-17	0	-1.2048343e-17
1.2000000000011465e-09	-5.0202124e-07	-4.79588e-07	0.0010198756	0.14272353	-3.8176033e-17	-3.7018298e-17	4.61073e-17	-3.521631e-17	0	-1.2048727e-17
1.2100000000012322e-09	-4.814139e-07	-4.1432756e-07	0.0010235587	0.14274001	-3.8180487e-17	-3.7022715e-17	4.6112666e-17	-3.5221344e-17	0	-1.2049088e-17
1.220000000001318e-09	-4.598818e-07	-3.619675e-07	0.00102762	0.14274672	-3.8184533e-17	-3.7025997e-17	4.6116722e-17	-3.5225834e-17	0	-1.2049427e-17
1.2300000000014038e-09	-4.4181186e-07	-3.1947235e-07	0.0010319382	0.14274311	-3.81882e-17	-3.7028145e-17	4.6119478e-17	-3.5229788e-17	0	-1.20497435e-17
1.2400000000014896e-09	-4.2561535e-07	-2.8835984e-07	0.0010365034	0.14273123	-3.8191515e-17	-3.7029233e-17	4.6120984e-17	-3.5233225e-17	0	-1.2050035e-17
1.2500000000015754e-09	-4.1899918e-07	-2.822891e-07	0.0010413406	0.14271107	-3.8194512e-17	-3.702937e-17	4.6121377e-17	-3.5236217e-17	0	-1.2050304e-17
1.2600000000016612e-09	-4.0413065e-07	-2.9974248e-07	0.001046448	0.14268331	-3.819722e-17	-3.7028684e-17	4.6120808e-17	-3.5238797e-17	0	-1.2050546e-17
1.270000000001747e-09	-3.971825e-07	-3.3389034e-07	0.0010517949	0.14264935	-3.8199697e-17	-3.7027347e-17	4.6119445e-17	-3.5241024e-17	0	-1.2050766e-17
1.2800000000018327e-09	-3.9350687e-07	-3.6879706e-07	0.0010572711	0.14261037	-3.820195e-17	-3.7025514e-17	4.6117473e-17	-3.5242943e-17	0	-1.2050967e-17
1.2900000000019185e-09	-3.8938066e-07	-4.0218612e-07	0.0010627559	0.14256759	-3.820403e-17	-3.702335e-17	4.611508e-17	-3.5244614e-17	0	-1.2051148e-17
1.3000000000020043e-09	-3.8485132e-07	-4.55305e-07	0.0010681252	0.14252241	-3.8205944e-17	-3.7020978e-17	4.611242e-17	-3.5246077e-17	0	-1.2051313e-17
1.3100000000020901e-09	-3.7645663e-07	-5.0083554e-07	0.0010732256	0.14247574	-3.8207734e-17	-3.7018543e-17	4.6109655e-17	-3.5247384e-17	0	-1.2051464e-17
1.3200000000021759e-09	-3.7071788e-07	-5.3422457e-07	0.0010779529	0.14242847	-3.8209418e-17	-3.701613e-17	4.6106882e-17	-3.524856e-17	0	-1.20516055e-17
1.3300000000022617e-09	-3.6502658e-07	-5.6913126e-07	0.0010822576	0.14238144	-3.8210983e-17	-3.7013805e-17	4.6104195e-17	-3.524964e-17	0	-1.2051733e-17
1.3400000000023475e-09	-3.6682883e-07	-6.0024377e-07	0.0010860827	0.14233536	-3.8212475e-17	-3.7011627e-17	4.610165e-17	-3.5250653e-17	0	-1.2051854e-17
1.3500000000024332e-09	-3.556122e-07	-6.2907975e-07	0.0010894462	0.14229076	-3.8213885e-17	-3.7009606e-17	4.609928e-17	-3.5251605e-17	0	-1.2051966e-17
1.360000000002519e-09	-3.5124884e-07	-6.412212e-07	0.0010924572	0.14224795	-3.8215238e-17	-3.700775e-17	4.609709e-17	-3.5252515e-17	0	-1.2052069e-17
1.3700000000026048e-09	-3.4468013e-07	-6.4880965e-07	0.0010950704	0.14220728	-3.8216522e-17	-3.7006052e-17	4.609509e-17	-3.52534e-17	0	-1.2052163e-17
1.3800000000026906e-09	-3.2596995e-07	-6.5108617e-07	0.0010973336	0.14216863	-3.8217753e-17	-3.70045e-17	4.609325e-17	-3.5254256e-17	0	-1.2052251e-17
1.3900000000027764e-09	-3.0794746e-07	-6.465331e-07	0.0010993509	0.14213203	-3.8218937e-17	-3.7003068e-17	4.6091556e-17	-3.5255093e-17	0	-1.2052331e-17
1.4000000000028622e-09	-3.075206e-07	-6.351505e-07	0.0011011412	0.14209735	-3.822007e-17	-3.700173e-17	4.6089978e-17	-3.525591e-17	0	-1.2052401e-17
1.410000000002948e-09	-2.9364801e-07	-6.3135633e-07	0.0011027799	0.14206457	-3.8221157e-17	-3.700048e-17	4.6088492e-17	-3.5256707e-17	0	-1.2052463e-17
1.4200000000030337e-09	-2.901621e-07	-6.237679e-07	0.0011043211	0.1420334	-3.822221e-17	-3.699928e-17	4.6087083e-17	-3.5257495e-17	0	-1.2052517e-17
1.4300000000031195e-09	-2.776175e-07	-6.1466176e-07	0.0011057659	0.14200364	-3.8223232e-17	-3.699813e-17	4.6085726e-17	-3.5258263e-17	0	-1.2052565e-17
1.4400000000032053e-09	-2.6960222e-07	-6.0555567e-07	0.0011071846	0.14197525	-3.822421e-17	-3.6997013e-17	4.6084416e-17	-3.5259014e-17	0	-1.2052606e-17
1.450000000003291e-09	-2.613261e-07	-5.911377e-07	0.0011086086	0.14194785	-3.8225177e-17	-3.6995924e-17	4.6083145e-17	-3.5259758e-17	0	-1.20526394e-17
1.4600000000033769e-09	-2.4973005e-07	-5.7406373e-07	0.0011100624	0.14192156	-3.8226107e-17	-3.6994862e-17	4.6081904e-17	-3.5260483e-17	0	-1.2052668e-17
1.4700000000034627e-09	-2.4569871e-07	-5.554721e-07	0.0011115281	0.1418961	-3.822703e-17	-3.6993836e-17	4.6080687e-17	-3.5261194e-17	0	-1.205269e-17
1.4800000000035485e-09	-2.38964e-07	-5.440895e-07	0.0011129951	0.14187126	-3.8227934e-17	-3.6992827e-17	4.60795e-17	-3.5261896e-17	0	-1.2052708e-17
1.4900000000036342e-09	-2.3101987e-07	-5.311892e-07	0.0011144815	0.14184715	-3.822881e-17	-3.6991858e-17	4.6078357e-17	-3.5262584e-17	0	-1.2052724e-17
1.50000000000372e-09	-2.2615855e-07	-5.353628e-07	0.0011158834	0.1418236	-3.8229674e-17	-3.6990918e-17	4.607724e-17	-3.526326e-17	0	-1.2052733e-17
1.5100000000038058e-09	-2.2274375e-07	-5.311892e-07	0.001117245	0.14180058	-3.8230528e-17	-3.6990015e-17	4.607616e-17	-3.526393e-17	0	-1.2052741e-17
1.5200000000038916e-09	-2.2456972e-07	-5.2891266e-07	0.0011186331	0.1417781	-3.8231368e-17	-3.6989155e-17	4.607513e-17	-3.5264595e-17	0	-1.2052749e-17
1.5300000000039774e-09	-2.1709987e-07	-5.224625e-07	0.0011199038	0.14175618	-3.8232212e-17	-3.698834e-17	4.6074135e-17	-3.5265254e-17	0	-1.205275e-17
1.5400000000040632e-09	-1.9616058e-07	-5.2360076e-07	0.0011211027	0.14173478	-3.8233042e-17	-3.698758e-17	4.607321e-17	-3.5265912e-17	0	-1.2052753e-17
1.550000000004149e-09	-1.8283342e-07	-5.2322133e-07	0.0011222044	0.14171387	-3.8233863e-17	-3.6986858e-17	4.6072326e-17	-3.526657e-17	0	-1.2052753e-17
1.5600000000042347e-09	-1.848491e-07	-5.167712e-07	0.0011232483	0.14169377	-3.8234697e-17	-3.69862e-17	4.6071495e-17	-3.526724e-17	0	-1.205275e-17
1.5700000000043205e-09	-1.8529965e-07	-5.0994163e-07	0.0011240867	0.14167427	-3.8235517e-17	-3.6985594e-17	4.607073e-17	-3.5267908e-17	0	-1.205275e-17
1.5800000000044063e-09	-1.8164774e-07	-5.0994163e-07	0.0011248484	0.14165525	-3.8236338e-17	-3.6985035e-17	4.6070023e-17	-3.5268576e-17	0	-1.2052749e-17
1.590000000004492e-09	-1.8046204e-07	-5.118387e-07	0.0011255611	0.14163692	-3.8237165e-17	-3.698453e-17	4.6069368e-17	-3.5269254e-17	0	-1.2052745e-17
1.6000000000045779e-09	-1.9203438e-07	-5.038709e-07	0.0011261008	0.14161915	-3.8237992e-17	-3.6984076e-17	4.6068775e-17	-3.526995e-17	0	-1.205274e-17
1.6100000000046637e-09	-1.8266742e-07	-5.0121497e-07	0.0011266434	0.14160196	-3.8238816e-17	-3.698367e-17	4.6068246e-17	-3.5270657e-17	0	-1.2052736e-17
1.6200000000047495e-09	-1.7529243e-07	-4.9172945e-07	0.0011269887	0.14158538	-3.8239656e-17	-3.6983318e-17	4.606776e-17	-3.527137e-17	0	-1.2052731e-17
1.6300000000048352e-09	-1.666369e-07	-5.0311206e-07	0.0011272242	0.14156961	-3.824049e-17	-3.6983014e-17	4.6067346e-17	-3.5272096e-17	0	-1.20527255e-17
1.640000000004921e-09	-1.6500064e-07	-5.1563296e-07	0.0011274113	0.14155437	-3.8241334e-17	-3.6982755e-17	4.606698e-17	-3.5272834e-17	0	-1.2052721e-17
1.6500000000050068e-09	-1.6312725e-07	-5.1525353e-07	0.0011275422	0.14153978	-3.824218e-17	-3.6982547e-17	4.606668e-17	-3.52736e-17	0	-1.20527155e-17
1.6600000000050926e-09	-1.6341181e-07	-5.243596e-07	0.0011275783	0.14152585	-3.8243038e-17	-3.6982388e-17	4.606643e-17	-3.5274376e-17	0	-1.2052711e-17
1.6700000000051784e-09	-1.6566463e-07	-5.2132424e-07	0.001127539	0.14151253	-3.8243895e-17	-3.6982262e-17	4.6066238e-17	-3.5275167e-17	0	-1.20527064e-17
1.6800000000052642e-09	-1.5745965e-07	-5.258773e-07	0.0011273371	0.14149962	-3.8244772e-17	-3.6982193e-17	4.6066095e-17	-3.5275974e-17	0	-1.20527015e-17
1.69000000000535e-09	-1.5726994e-07	-5.243596e-07	0.0011270089	0.14148723	-3.8245645e-17	-3.698217e-17	4.6066013e-17	-3.5276795e-17	0	-1.2052696e-17
1.7000000000054357e-09	-1.429231e-07	-5.2056544e-07	0.0011265462	0.14147538	-3.8246532e-17	-3.6982186e-17	4.6065983e-17	-3.527764e-17	0	-1.2052691e-17
1.7100000000055215e-09	-1.3094763e-07	-5.270156e-07	0.0011260146	0.14146402	-3.8247425e-17	-3.6982256e-17	4.6066013e-17	-3.5278495e-17	0	-1.20526866e-17
1.7200000000056073e-09	-1.2978565e-07	-5.262567e-07	0.0011254904	0.14145316	-3.824833e-17	-3.6982362e-17	4.6066095e-17	-3.5279376e-17	0	-1.2052681e-17
1.730000000005693e-09	-1.5048779e-07	-5.27395e-07	0.0011248738	0.14144279	-3.8249235e-17	-3.698252e-17	4.6066228e-17	-3.5280262e-17	0	-1.2052678e-17
1.7400000000057789e-09	-1.5826592e-07	-5.395365e-07	0.0011240913	0.1414329	-3.8250145e-17	-3.6982722e-17	4.6066426e-17	-3.5281175e-17	0	-1.2052674e-17
1.7500000000058647e-09	-1.6682661e-07	-5.4105413e-07	0.0011231414	0.14142357	-3.8251068e-17	-3.6982974e-17	4.6066668e-17	-3.5282092e-17	0	-1.2052673e-17
1.7600000000059504e-09	-1.7140337e-07	-5.5053965e-07	0.0011221133	0.1414147	-3.8252e-17	-3.698327e-17	4.6066975e-17	-3.5283038e-17	0	-1.2052671e-17
1.7700000000060362e-09	-1.7735553e-07	-5.387776e-07	0.0011209665	0.14140627	-3.8252924e-17	-3.6983603e-17	4.606733e-17	-3.5283985e-17	0	-1.2052669e-17
1.780000000006122e-09	-1.7809066e-07	-5.4864256e-07	0.0011197736	0.1413984	-3.8253864e-17	-3.6983983e-17	4.606774e-17	-3.528495e-17	0	-1.2052671e-17
1.7900000000062078e-09	-1.8420883e-07	-5.459866e-07	0.001118516	0.14139102	-3.8254807e-17	-3.698442e-17	4.6068206e-17	-3.5285927e-17	0	-1.2052669e-17
1.8000000000062936e-09	-1.863905e-07	-5.520573e-07	0.001117023	0.1413841	-3.8255753e-17	-3.6984896e-17	4.6068736e-17	-3.5286916e-17	0	-1.20526725e-17
1.8100000000063794e-09	-1.8629564e-07	-5.628708e-07	0.0011154647	0.14137767	-3.8256696e-17	-3.6985412e-17	4.6069305e-17	-3.5287912e-17	0	-1.2052674e-17
1.8200000000064652e-09	-2.0057135e-07	-5.7975507e-07	0.0011138276	0.14137179	-3.825764e-17	-3.6985975e-17	4.6069927e-17	-3.5288915e-17	0	-1.20526775e-17
1.830000000006551e-09	-2.204198e-07	-5.7747854e-07	0.0011120337	0.14136645	-3.8258592e-17	-3.6986577e-17	4.60706e-17	-3.528993e-17	0	-1.20526824e-17
1.8400000000066367e-09	-2.3056931e-07	-5.5831777e-07	0.0011101504	0.14136167	-3.8259545e-17	-3.6987226e-17	4.6071323e-17	-3.5290946e-17	0	-1.205269e-17
1.8500000000067225e-09	-2.4228393e-07	-5.659062e-07	0.001108244	0.1413576	-3.8260495e-17	-3.6987914e-17	4.6072094e-17	-3.529198e-17	0	-1.2052696e-17
1.8600000000068083e-09	-2.499672e-07	-5.844978e-07	0.0011062933	0.14135396	-3.826143e-17	-3.698864e-17	4.6072915e-17	-3.5293004e-17	0	-1.2052704e-17
1.870000000006742e-09	-2.6464605e-07	-5.913274e-07	0.0011041868	0.1413509	-3.8262377e-17	-3.6989396e-17	4.607377e-17	-3.529404e-17	0	-1.2052714e-17
1.880000000006621e-09	-2.9689681e-07	-5.7444316e-07	0.00110201	0.14134824	-3.8263317e-17	-3.699019e-17	4.6074668e-17	-3.529507e-17	0	-1.2052724e-17
1.8900000000065e-09	-3.2072919e-07	-5.746329e-07	0.001099804	0.14134601	-3.826425e-17	-3.699102e-17	4.6075608e-17	-3.52961e-17	0	-1.2052734e-17
1.900000000006379e-09	-3.3564518e-07	-5.6438853e-07	0.0010975684	0.1413443	-3.8265173e-17	-3.6991874e-17	4.6076577e-17	-3.5297133e-17	0	-1.20527445e-17
1.910000000006258e-09	-3.418582e-07	-5.5755896e-07	0.0010953138	0.14134304	-3.8266103e-17	-3.6992764e-17	4.6077583e-17	-3.5298166e-17	0	-1.2052754e-17
1.920000000006137e-09	-3.65572e-07	-5.554721e-07	0.0010930189	0.1413423	-3.8267006e-17	-3.6993674e-17	4.607862e-17	-3.5299188e-17	0	-1.2052767e-17
1.930000000006016e-09	-3.8897753e-07	-5.795654e-07	0.0010907087	0.14134191	-3.826791e-17	-3.6994614e-17	4.6079694e-17	-3.5300214e-17	0	-1.2052778e-17
1.940000000005895e-09	-4.1103135e-07	-5.814625e-07	0.0010884869	0.1413419	-3.8268803e-17	-3.6995564e-17	4.608078e-17	-3.5301223e-17	0	-1.205279e-17
1.950000000005774e-09	-4.4453895e-07	-5.7216664e-07	0.001086235	0.1413422	-3.8269693e-17	-3.6996546e-17	4.6081898e-17	-3.5302245e-17	0	-1.2052802e-17
1.960000000005653e-09	-4.796828e-07	-5.676136e-07	0.0010839185	0.14134288	-3.827056e-17	-3.6997526e-17	4.6083023e-17	-3.5303245e-17	0	-1.2052816e-17
1.9700000000055318e-09	-5.028275e-07	-5.5053965e-07	0.0010816915	0.14134398	-3.8271437e-17	-3.6998538e-17	4.608417e-17	-3.530424e-17	0	-1.2052826e-17
1.9800000000054108e-09	-5.117913e-07	-5.4636604e-07	0.0010794878	0.1413456	-3.827229e-17	-3.6999554e-17	4.6085332e-17	-3.530523e-17	0	-1.2052839e-17
1.9900000000052898e-09	-5.3228e-07	-5.3972616e-07	0.0010773502	0.1413475	-3.8273134e-17	-3.700058e-17	4.6086513e-17	-3.530621e-17	0	-1.20528495e-17
2.0000000000051688e-09	-5.540493e-07	-5.368805e-07	0.0010751777	0.14134969	-3.8273968e-17	-3.7001612e-17	4.608769e-17	-3.530719e-17	0	-1.2052862e-17
2.0100000000050478e-09	-5.995798e-07	-5.2720526e-07	0.0010731274	0.14135227	-3.8274785e-17	-3.700265e-17	4.608888e-17	-3.530814e-17	0	-1.2052872e-17
2.0200000000049267e-09	-6.455846e-07	-5.1278727e-07	0.001071091	0.14135514	-3.8275602e-17	-3.7003693e-17	4.6090077e-17	-3.5309098e-17	0	-1.20528834e-17
2.0300000000048057e-09	-6.784519e-07	-4.932471e-07	0.0010690102	0.14135838	-3.8276393e-17	-3.700474e-17	4.609128e-17	-3.5310044e-17	0	-1.20528925e-17
2.0400000000046847e-09	-7.093273e-07	-5.05768e-07	0.0010670956	0.14136212	-3.827719e-17	-3.7005788e-17	4.609248e-17	-3.531098e-17	0	-1.2052904e-17
2.0500000000045637e-09	-7.3849526e-07	-5.065268e-07	0.0010652554	0.14136617	-3.827796e-17	-3.7006836e-17	4.6093693e-17	-3.5311904e-17	0	-1.2052913e-17
2.0600000000044427e-09	-7.843578e-07	-4.970413e-07	0.0010633613	0.14137055	-3.827874e-17	-3.7007875e-17	4.6094884e-17	-3.531282e-17	0	-1.2052925e-17
2.0700000000043217e-09	-8.238175e-07	-4.9552364e-07	0.0010614987	0.14137515	-3.827949e-17	-3.7008918e-17	4.6096082e-17	-3.531372e-17	0	-1.2052935e-17
2.0800000000042007e-09	-8.7641473e-07	-4.655494e-07	0.001059671	0.14138009	-3.8280245e-17	-3.7009953e-17	4.6097273e-17	-3.5314613e-17	0	-1.2052944e-17
2.0900000000040797e-09	-9.1113174e-07	-4.4809602e-07	0.0010578773	0.1413853	-3.8280976e-17	-3.701099e-17	4.6098468e-17	-3.5315503e-17	0	-1.2052954e-17
2.1000000000039587e-09	-9.545754e-07	-4.3519572e-07	0.0010562164	0.14139086	-3.8281694e-17	-3.7012015e-17	4.6099662e-17	-3.5316377e-17	0	-1.2052962e-17
2.1100000000038377e-09	-9.983986e-07	-4.1926003e-07	0.0010545551	0.14139664	-3.8282412e-17	-3.7013034e-17	4.6100834e-17	-3.5317244e-17	0	-1.2052971e-17
2.1200000000037166e-09	-1.0373841e-06	-4.0161697e-07	0.0010529585	0.14140257	-3.8283117e-17	-3.701405e-17	4.6102005e-17	-3.5318094e-17	0	-1.2052981e-17
2.1300000000035956e-09	-1.0919732e-06	-3.843533e-07	0.0010514146	0.14140874	-3.8283805e-17	-3.7015052e-17	4.610318e-17	-3.531894e-17	0	-1.2052989e-17
2.1400000000034746e-09	-1.1279708e-06	-3.5741445e-07	0.0010497884	0.14141515	-3.82845e-17	-3.7016045e-17	4.6104328e-17	-3.5319775e-17	0	-1.20529984e-17
2.1500000000033536e-09	-1.166814e-06	-3.4811865e-07	0.0010482112	0.14142175	-3.8285158e-17	-3.7017024e-17	4.610547e-17	-3.53206e-17	0	-1.2053008e-17
2.1600000000032326e-09	-1.2136725e-06	-3.278196e-07	0.0010466797	0.1414285	-3.828583e-17	-3.7017997e-17	4.6106604e-17	-3.5321416e-17	0	-1.2053017e-17
2.1700000000031116e-09	-1.2641354e-06	-3.0846917e-07	0.0010451822	0.14143534	-3.8286475e-17	-3.701897e-17	4.610774e-17	-3.532222e-17	0	-1.2053025e-17
2.1800000000029906e-09	-1.3169698e-06	-2.9537912e-07	0.0010437858	0.14144225	-3.828712e-17	-3.701992e-17	4.610884e-17	-3.532301e-17	0	-1.2053034e-17
2.1900000000028696e-09	-1.3553862e-06	-2.5212515e-07	0.0010424057	0.14144935	-3.828775e-17	-3.7020855e-17	4.610995e-17	-3.5323802e-17	0	-1.2053042e-17
2.2000000000027486e-09	-1.4020549e-06	-2.3448209e-07	0.0010410259	0.1414566	-3.828837e-17	-3.7021785e-17	4.611104e-17	-3.5324576e-17	0	-1.20530505e-17
2.2100000000026276e-09	-1.4435541e-06	-2.1266538e-07	0.001039667	0.14146401	-3.8288993e-17	-3.70227e-17	4.6112113e-17	-3.532534e-17	0	-1.205306e-17
2.2200000000025065e-09	-1.4822076e-06	-1.8307057e-07	0.0010382987	0.14147164	-3.82896e-17	-3.7023605e-17	4.611317e-17	-3.5326098e-17	0	-1.2053068e-17
2.2300000000023855e-09	-1.51664e-06	-1.6125387e-07	0.001036953	0.14147937	-3.8290197e-17	-3.702449e-17	4.611422e-17	-3.532685e-17	0	-1.2053074e-17
2.2400000000022645e-09	-1.5395001e-06	-1.2388091e-07	0.0010357526	0.14148729	-3.8290783e-17	-3.7025362e-17	4.611525e-17	-3.5327587e-17	0	-1.20530845e-17
2.2500000000021435e-09	-1.5781062e-06	-8.7456506e-08	0.0010345464	0.14149529	-3.829138e-17	-3.7026222e-17	4.6116252e-17	-3.5328315e-17	0	-1.2053093e-17
2.2600000000020225e-09	-1.6049028e-06	-6.222502e-08	0.0010332935	0.1415034	-3.8291938e-17	-3.702707e-17	4.6117265e-17	-3.5329036e-17	0	-1.2053102e-17
2.2700000000019015e-09	-1.6335965e-06	-3.1491933e-08	0.0010320556	0.14151156	-3.82925e-17	-3.7027896e-17	4.6118247e-17	-3.5329748e-17	0	-1.20531084e-17
2.2800000000017805e-09	-1.6923593e-06	2.3903514e-08	0.0010308821	0.14151987	-3.8293056e-17	-3.7028717e-17	4.6119223e-17	-3.533045e-17	0	-1.2053116e-17
2.2900000000016595e-09	-1.723045e-06	5.1601237e-08	0.001029778	0.1415283	-3.8293612e-17	-3.7029514e-17	4.6120173e-17	-3.5331147e-17	0	-1.2053125e-17
2.3000000000015385e-09	-1.7676743e-06	6.18456e-08	0.0010286744	0.14153674	-3.8294144e-17	-3.70303e-17	4.6121113e-17	-3.5331825e-17	0	-1.2053134e-17
2.3100000000014175e-09	-1.7836575e-06	9.295811e-08	0.0010276225	0.14154515	-3.8294677e-17	-3.7031066e-17	4.6122033e-17	-3.53325e-17	0	-1.20531415e-17
2.3200000000012965e-09	-1.8047627e-06	1.438005e-07	0.001026598	0.14155358	-3.8295203e-17	-3.7031817e-17	4.6122936e-17	-3.533317e-17	0	-1.205315e-17
2.3300000000011754e-09	-1.8234492e-06	1.5840821e-07	0.0010256089	0.14156204	-3.8295726e-17	-3.703256e-17	4.612382e-17	-3.5333834e-17	0	-1.2053158e-17
2.3400000000010544e-09	-1.8519057e-06	1.8990013e-07	0.0010246015	0.14157063	-3.8296236e-17	-3.7033276e-17	4.6124686e-17	-3.533448e-17	0	-1.2053166e-17
2.3500000000009334e-09	-1.9054515e-06	2.0336958e-07	0.0010236915	0.1415792	-3.829673e-17	-3.7033975e-17	4.6125536e-17	-3.5335114e-17	0	-1.2053175e-17
2.3600000000008124e-09	-1.8968198e-06	2.4358818e-07	0.0010227921	0.14158769	-3.8297225e-17	-3.703467e-17	4.6126367e-17	-3.533575e-17	0	-1.2053182e-17
2.3700000000006914e-09	-1.920154e-06	2.8001259e-07	0.0010219134	0.1415962	-3.8297715e-17	-3.703534e-17	4.6127188e-17	-3.5336375e-17	0	-1.20531895e-17
2.3800000000005704e-09	-1.9196325e-06	3.1036626e-07	0.0010210349	0.14160466	-3.8298208e-17	-3.7036003e-17	4.6127988e-17	-3.5336994e-17	0	-1.2053198e-17
2.3900000000004494e-09	-1.9442473e-06	3.3218296e-07	0.0010201805	0.14161302	-3.8298677e-17	-3.703664e-17	4.6128772e-17	-3.5337602e-17	0	-1.2053205e-17
2.4000000000003284e-09	-1.934667e-06	4.1167164e-07	0.0010193832	0.14162137	-3.8299144e-17	-3.703727e-17	4.6129537e-17	-3.5338198e-17	0	-1.20532135e-17
2.4100000000002074e-09	-1.9414965e-06	4.6725677e-07	0.0010185494	0.14162968	-3.829961e-17	-3.7037876e-17	4.6130278e-17	-3.5338794e-17	0	-1.205322e-17
2.4200000000000864e-09	-1.9512665e-06	5.038709e-07	0.0010177054	0.14163806	-3.830007e-17	-3.7038468e-17	4.613101e-17	-3.533938e-17	0	-1.2053229e-17
2.4300099999999652e-09	-1.9508873e-06	5.3574223e-07	0.0010169729	0.1416464	-3.8300517e-17	-3.703905e-17	4.6131724e-17	-3.533995e-17	0	-1.2053236e-17
2.4400099999998442e-09	-1.9799602e-06	5.75202e-07	0.0010162957	0.14165467	-3.8300964e-17	-3.703962e-17	4.6132425e-17	-3.534053e-17	0	-1.2053244e-17
2.450009999999723e-09	-1.9805295e-06	5.877229e-07	0.0010156863	0.14166287	-3.83014e-17	-3.704017e-17	4.613311e-17	-3.534109e-17	0	-1.2053251e-17
2.460009999999602e-09	-1.9770198e-06	6.2111195e-07	0.0010151123	0.14167096	-3.8301834e-17	-3.70407e-17	4.6133765e-17	-3.5341642e-17	0	-1.2053257e-17
2.470009999999481e-09	-1.9573374e-06	6.9965205e-07	0.0010144865	0.14167893	-3.8302257e-17	-3.7041227e-17	4.613442e-17	-3.5342188e-17	0	-1.20532664e-17
2.48000999999936e-09	-1.927031e-06	7.368353e-07	0.001013778	0.14168674	-3.8302674e-17	-3.704173e-17	4.613505e-17	-3.5342724e-17	0	-1.2053272e-17
2.490009999999239e-09	-1.918684e-06	7.675684e-07	0.0010131614	0.14169453	-3.83031e-17	-3.704223e-17	4.6135668e-17	-3.5343267e-17	0	-1.2053279e-17
2.500009999999118e-09	-1.9104314e-06	8.081664e-07	0.0010126	0.1417022	-3.83035e-17	-3.704271e-17	4.6136277e-17	-3.534379e-17	0	-1.2053287e-17
2.510009999998997e-09	-1.9264146e-06	8.495233e-07	0.0010120444	0.14170985	-3.8303912e-17	-3.7043173e-17	4.6136862e-17	-3.5344306e-17	0	-1.2053294e-17
2.520009999998876e-09	-1.8922192e-06	9.06057e-07	0.0010115092	0.14171745	-3.8304306e-17	-3.7043626e-17	4.6137435e-17	-3.534482e-17	0	-1.2053301e-17
2.530009999998755e-09	-1.8963455e-06	9.383078e-07	0.0010109976	0.1417249	-3.8304703e-17	-3.704407e-17	4.6138e-17	-3.5345322e-17	0	-1.2053309e-17
2.540009999998634e-09	-1.8778961e-06	9.515875e-07	0.0010105129	0.14173229	-3.8305086e-17	-3.7044503e-17	4.6138543e-17	-3.534582e-17	0	-1.2053315e-17
2.550009999998513e-09	-1.8465464e-06	9.849765e-07	0.0010100454	0.14173952	-3.8305474e-17	-3.7044913e-17	4.6139072e-17	-3.5346314e-17	0	-1.2053322e-17
2.560009999998392e-09	-1.8298045e-06	1.0263334e-06	0.001009613	0.1417467	-3.8305844e-17	-3.7045317e-17	4.6139602e-17	-3.5346797e-17	0	-1.205333e-17
2.570009999998271e-09	-1.7706623e-06	1.0745199e-06	0.0010091983	0.14175375	-3.8306225e-17	-3.7045714e-17	4.6140095e-17	-3.5347277e-17	0	-1.2053335e-17
2.58000999999815e-09	-1.7718005e-06	1.1257416e-06	0.0010087886	0.14176069	-3.8306595e-17	-3.704609e-17	4.6140588e-17	-3.534775e-17	0	-1.2053344e-17
2.590009999998029e-09	-1.7383641e-06	1.1579924e-06	0.0010084257	0.14176753	-3.830696e-17	-3.7046465e-17	4.614107e-17	-3.5348217e-17	0	-1.2053351e-17
2.600009999997908e-09	-1.6943986e-06	1.1659603e-06	0.0010079759	0.14177422	-3.830732e-17	-3.7046822e-17	4.6141537e-17	-3.534868e-17	0	-1.2053357e-17
2.610009999997787e-09	-1.6879485e-06	1.1887255e-06	0.0010075959	0.14178075	-3.8307674e-17	-3.7047176e-17	4.6141997e-17	-3.5349137e-17	0	-1.2053362e-17
2.620009999997666e-09	-1.6643296e-06	1.2274264e-06	0.001007285	0.14178708	-3.8308025e-17	-3.704751e-17	4.6142434e-17	-3.5349583e-17	0	-1.205337e-17
2.630009999997545e-09	-1.6390032e-06	1.2642303e-06	0.0010069325	0.14179324	-3.8308365e-17	-3.7047838e-17	4.614287e-17	-3.535002e-17	0	-1.2053376e-17
2.640009999997424e-09	-1.6239687e-06	1.2942045e-06	0.0010065768	0.14179918	-3.830871e-17	-3.704816e-17	4.614329e-17	-3.5350454e-17	0	-1.2053383e-17
2.650009999997303e-09	-1.6003971e-06	1.3055871e-06	0.001006294	0.14180493	-3.8309044e-17	-3.7048467e-17	4.6143698e-17	-3.5350884e-17	0	-1.205339e-17
2.660009999997182e-09	-1.5511199e-06	1.3287319e-06	0.0010060553	0.14181052	-3.8309378e-17	-3.704876e-17	4.6144095e-17	-3.535131e-17	0	-1.20533955e-17
2.670009999997061e-09	-1.5175411e-06	1.3564296e-06	0.0010058251	0.14181598	-3.830971e-17	-3.7049056e-17	4.614449e-17	-3.535173e-17	0	-1.2053401e-17
2.68000999999694e-09	-1.4971947e-06	1.3833684e-06	0.0010054957	0.14182124	-3.8310026e-17	-3.7049337e-17	4.614486e-17	-3.535214e-17	0	-1.2053408e-17
2.690009999996819e-09	-1.4838675e-06	1.3936128e-06	0.0010051862	0.14182632	-3.8310337e-17	-3.70496e-17	4.614523e-17	-3.535255e-17	0	-1.2053416e-17
2.700009999996698e-09	-1.4476802e-06	1.4387639e-06	0.0010049226	0.14183126	-3.8310665e-17	-3.704987e-17	4.6145577e-17	-3.535295e-17	0	-1.2053421e-17
2.710009999996577e-09	-1.4001578e-06	1.4615291e-06	0.0010046996	0.141836	-3.831098e-17	-3.7050128e-17	4.6145925e-17	-3.5353345e-17	0	-1.20534286e-17
2.720009999996456e-09	-1.3778194e-06	1.4755677e-06	0.0010044848	0.14184058	-3.831128e-17	-3.7050373e-17	4.6146266e-17	-3.5353742e-17	0	-1.20534335e-17
2.730009999996335e-09	-1.3702784e-06	1.5085773e-06	0.0010042598	0.14184497	-3.831159e-17	-3.705061e-17	4.614659e-17	-3.5354133e-17	0	-1.205344e-17
2.740009999996214e-09	-1.3569987e-06	1.5343779e-06	0.0010040865	0.14184926	-3.8311896e-17	-3.7050842e-17	4.61469e-17	-3.535451e-17	0	-1.20534434e-17
2.750009999996093e-09	-1.328305e-06	1.5309631e-06	0.0010038735	0.14185332	-3.8312187e-17	-3.7051057e-17	4.614721e-17	-3.5354887e-17	0	-1.2053452e-17
2.760009999995972e-09	-1.2799762e-06	1.5514519e-06	0.0010036544	0.14185718	-3.8312475e-17	-3.7051273e-17	4.6147503e-17	-3.5355254e-17	0	-1.2053457e-17
2.770009999995851e-09	-1.2247705e-06	1.5647316e-06	0.0010035044	0.14186087	-3.8312776e-17	-3.705148e-17	4.6147798e-17	-3.535563e-17	0	-1.2053462e-17
2.78000999999573e-09	-1.2061315e-06	1.5890146e-06	0.001003401	0.14186439	-3.8313054e-17	-3.705168e-17	4.6148076e-17	-3.5355982e-17	0	-1.20534674e-17
2.790009999995609e-09	-1.2025744e-06	1.5981207e-06	0.001003257	0.1418677	-3.8313348e-17	-3.7051875e-17	4.6148347e-17	-3.5356343e-17	0	-1.2053474e-17
2.800009999995488e-09	-1.1611227e-06	1.5962236e-06	0.0010031401	0.1418708	-3.8313626e-17	-3.7052063e-17	4.614861e-17	-3.5356697e-17	0	-1.2053479e-17
2.810009999995367e-09	-1.1256468e-06	1.6095032e-06	0.0010030066	0.14187375	-3.8313904e-17	-3.7052235e-17	4.6148863e-17	-3.5357044e-17	0	-1.2053485e-17
2.820009999995246e-09	-1.1042096e-06	1.6261978e-06	0.0010028477	0.14187655	-3.831418e-17	-3.705241e-17	4.6149108e-17	-3.5357385e-17	0	-1.20534914e-17
2.830009999995125e-09	-1.0644652e-06	1.6167122e-06	0.0010027775	0.14187925	-3.8314443e-17	-3.7052573e-17	4.6149346e-17	-3.535772e-17	0	-1.20534956e-17
2.840009999995004e-09	-1.0365778e-06	1.634545e-06	0.0010026887	0.14188182	-3.8314715e-17	-3.7052732e-17	4.6149578e-17	-3.5358057e-17	0	-1.2053502e-17
2.850009999994883e-09	-1.0066035e-06	1.6584486e-06	0.0010025025	0.14188425	-3.8314983e-17	-3.705289e-17	4.61498e-17	-3.5358385e-17	0	-1.2053507e-17
2.860009999994762e-09	-9.809926e-07	1.6774196e-06	0.0010024139	0.14188656	-3.831525e-17	-3.705303e-17	4.6150008e-17	-3.535871e-17	0	-1.2053513e-17
2.870009999994641e-09	-9.725031e-07	1.675143e-06	0.0010022789	0.14188866	-3.83155e-17	-3.7053175e-17	4.6150223e-17	-3.535903e-17	0	-1.2053516e-17
2.8800099999945198e-09	-9.4580133e-07	1.6944936e-06	0.0010021948	0.14189069	-3.8315767e-17	-3.7053314e-17	4.6150418e-17	-3.535935e-17	0	-1.2053522e-17
2.8900099999943988e-09	-8.9941716e-07	1.7164999e-06	0.001002174	0.14189257	-3.831602e-17	-3.7053443e-17	4.6150617e-17	-3.5359662e-17	0	-1.2053528e-17
2.9000099999942778e-09	-8.8518885e-07	1.730159e-06	0.0010021927	0.1418943	-3.8316273e-17	-3.7053562e-17	4.6150792e-17	-3.535997e-17	0	-1.2053532e-17
2.9100099999941568e-09	-8.820112e-07	1.744577e-06	0.0010021199	0.14189588	-3.831651e-17	-3.705368e-17	4.6150974e-17	-3.5360267e-17	0	-1.2053537e-17
2.9200099999940357e-09	-8.669292e-07	1.7149822e-06	0.0010019854	0.14189725	-3.8316763e-17	-3.7053797e-17	4.6151146e-17	-3.5360575e-17	0	-1.2053543e-17
2.9300099999939147e-09	-8.444011e-07	1.7134646e-06	0.0010019046	0.14189845	-3.8317018e-17	-3.7053906e-17	4.6151308e-17	-3.536087e-17	0	-1.2053547e-17
2.9400099999937937e-09	-8.49049e-07	1.7195354e-06	0.0010018571	0.14189947	-3.8317256e-17	-3.7054006e-17	4.6151464e-17	-3.536116e-17	0	-1.2053551e-17
2.9500099999936727e-09	-8.158497e-07	1.7654452e-06	0.0010017769	0.14190038	-3.8317497e-17	-3.7054105e-17	4.615161e-17	-3.536145e-17	0	-1.2053556e-17
2.9600099999935517e-09	-7.849269e-07	1.7536831e-06	0.0010017947	0.14190109	-3.8317736e-17	-3.705419e-17	4.6151755e-17	-3.5361736e-17	0	-1.2053562e-17
2.9700099999934307e-09	-7.269229e-07	1.7320561e-06	0.0010017428	0.14190167	-3.8317964e-17	-3.705428e-17	4.6151894e-17	-3.5362014e-17	0	-1.2053565e-17
2.9800099999933097e-09	-7.1871796e-07	1.703979e-06	0.0010016892	0.14190209	-3.8318196e-17	-3.7054366e-17	4.615203e-17	-3.5362292e-17	0	-1.2053571e-17
2.9900099999931887e-09	-6.872734e-07	1.7130851e-06	0.001001624	0.14190236	-3.8318427e-17	-3.7054442e-17	4.6152152e-17	-3.5362563e-17	0	-1.2053573e-17
3.0000099999930677e-09	-6.497582e-07	1.7191559e-06	0.001001619	0.14190246	-3.831866e-17	-3.705451e-17	4.6152264e-17	-3.536283e-17	0	-1.205358e-17
