# t (s)	mx ()	my ()	mz ()	spinAngle (rad)	E_total (J)	E_anis (J)	E_demag (J)	E_exch (J)	E_therm (J)	E_custom (J)
0	0	0	0	0.00309885	-2.9360058e-17	-2.46288e-16	2.4948718e-16	4.384001e-18	0	-3.69432e-17
1.0000000000000124e-11	-1.2391013e-10	-5.3436244e-10	0.0016446214	0.011624899	-3.9950455e-17	-2.3832198e-16	2.4223827e-16	-7.3498166e-18	0	-3.6516937e-17
2.0009999999999403e-11	6.1955066e-11	-1.4636884e-09	0.0050481195	0.015515206	-4.2807517e-17	-2.2819565e-16	2.323023e-16	-1.0866699e-17	0	-3.6047446e-17
3.000999999999824e-11	1.858652e-10	-3.2603853e-09	0.00931533	0.020124102	-4.5975102e-17	-2.1876098e-16	2.2236396e-16	-1.4115094e-17	0	-3.5462996e-17
4.000000000000001e-11	-4.9564053e-10	-3.7250483e-09	0.0125054335	0.024453083	-5.004651e-17	-2.1337027e-16	2.1629667e-16	-1.7918325e-17	0	-3.5054584e-17
5.0000000000001785e-11	-1.9825621e-09	-3.5198222e-09	0.013534557	0.027730305	-5.433854e-17	-2.096534e-16	2.1244411e-16	-2.2142735e-17	0	-3.4986514e-17
6.00000000000024e-11	-3.8102366e-09	-3.0648397e-09	0.012790713	0.030328233	-5.825672e-17	-2.0499017e-16	2.0793796e-16	-2.6117935e-17	0	-3.5086583e-17
7.000999999999771e-11	-5.1422706e-09	-2.6640679e-09	0.0110695595	0.03267016	-6.168304e-17	-1.9884424e-16	2.0200036e-16	-2.9627866e-17	0	-3.5211305e-17
8.000999999999302e-11	-7.3726527e-09	-2.586624e-09	0.009071245	0.035088852	-6.4720715e-17	-1.9140516e-16	1.9468978e-16	-3.271272e-17	0	-3.529261e-17
9.000999999998834e-11	-1.0145142e-08	-3.190686e-09	0.0073677246	0.03789682	-6.761127e-17	-1.8333722e-16	1.8650006e-16	-3.5481866e-17	0	-3.5292233e-17
1.0000999999998365e-10	-1.280921e-08	-3.190686e-09	0.0064077387	0.041070607	-7.06549e-17	-1.7624567e-16	1.7890936e-16	-3.8101362e-17	0	-3.521725e-17
1.1000999999997896e-10	-1.5430683e-08	6.079341e-10	0.0061557004	0.04391145	-7.3922153e-17	-1.7137385e-16	1.7348245e-16	-4.0853557e-17	0	-3.5177186e-17
1.2000999999997891e-10	-1.7517795e-08	4.9012265e-09	0.00631511	0.046025835	-7.7129986e-17	-1.6797177e-16	1.698182e-16	-4.373337e-17	0	-3.524303e-17
1.3000999999998715e-10	-1.9887576e-08	7.481074e-09	0.006737272	0.047491714	-8.00343e-17	-1.651173e-16	1.6691798e-16	-4.647263e-17	0	-3.536235e-17
1.400099999999954e-10	-2.2706532e-08	9.1674135e-09	0.0072483784	0.04843851	-8.257476e-17	-1.6240692e-16	1.642461e-16	-4.893659e-17	0	-3.547734e-17
1.5000000000000362e-10	-2.6516767e-08	1.0489767e-08	0.00768608	0.049200673	-8.478052e-17	-1.5953476e-16	1.6143752e-16	-5.110005e-17	0	-3.5583225e-17
1.6000000000001186e-10	-3.0915576e-08	1.1864395e-08	0.008021797	0.049919084	-8.670308e-17	-1.5629039e-16	1.5826265e-16	-5.2989557e-17	0	-3.56858e-17
1.700000000000201e-10	-3.4880703e-08	1.305703e-08	0.008257169	0.0504394	-8.8391495e-17	-1.5272936e-16	1.547715e-16	-5.467617e-17	0	-3.575748e-17
1.8000000000002833e-10	-3.8969738e-08	1.4822749e-08	0.008392921	0.05081566	-8.990563e-17	-1.4892797e-16	1.510369e-16	-5.622719e-17	0	-3.578737e-17
1.9000000000003657e-10	-4.34305e-08	1.6727867e-08	0.008529099	0.051315848	-9.129925e-17	-1.4466171e-16	1.4683082e-16	-5.766381e-17	0	-3.5804553e-17
2.000000000000448e-10	-4.8572772e-08	1.9252537e-08	0.008738572	0.05209162	-9.261238e-17	-1.3966851e-16	1.4188551e-16	-5.899468e-17	0	-3.5834695e-17
2.1000000000005304e-10	-5.563565e-08	2.0321261e-08	0.0088637285	0.053209294	-9.387898e-17	-1.3414524e-16	1.3638257e-16	-6.023671e-17	0	-3.5879604e-17
2.2000000000006128e-10	-6.3194165e-08	1.9980508e-08	0.008593127	0.054727014	-9.5137894e-17	-1.2874926e-16	1.3094564e-16	-6.140528e-17	0	-3.5929003e-17
2.3000000000006952e-10	-7.044291e-08	1.8369677e-08	0.0076802825	0.056652445	-9.6442516e-17	-1.242659e-16	1.2631047e-16	-6.2518556e-17	0	-3.5968536e-17
2.4000000000005925e-10	-7.496563e-08	1.5674631e-08	0.006026214	0.058842815	-9.785541e-17	-1.2145999e-16	1.2321735e-16	-6.362484e-17	0	-3.5987932e-17
2.5000000000004163e-10	-7.242547e-08	1.781208e-08	0.003690795	0.06099772	-9.940084e-17	-1.2091517e-16	1.2232526e-16	-6.4812215e-17	0	-3.5998705e-17
2.60000000000024e-10	-6.24507e-08	2.348097e-08	0.0010108105	0.0627988	-1.0100229e-16	-1.2253315e-16	1.2369607e-16	-6.6136624e-17	0	-3.6028593e-17
2.700000000000064e-10	-5.2413984e-08	2.7570003e-08	-0.0014607358	0.06417611	-1.02528124e-16	-1.2547405e-16	1.2654738e-16	-6.752224e-17	0	-3.607922e-17
2.800099999999888e-10	-4.6280434e-08	2.874715e-08	-0.003276228	0.0652387	-1.03894805e-16	-1.286987e-16	1.2977949e-16	-6.8844244e-17	0	-3.613136e-17
2.9000999999997117e-10	-4.34305e-08	2.7074364e-08	-0.004221713	0.06606787	-1.050801e-16	-1.3138478e-16	1.3251158e-16	-7.003247e-17	0	-3.6174435e-17
3.0000999999995355e-10	-4.0518614e-08	2.360488e-08	-0.004272902	0.06672426	-1.0609817e-16	-1.3323708e-16	1.3442242e-16	-7.1072146e-17	0	-3.6211367e-17
3.1000999999993594e-10	-3.8350187e-08	1.7843059e-08	-0.0035526522	0.06727319	-1.0696068e-16	-1.3443799e-16	1.3568582e-16	-7.195972e-17	0	-3.6248805e-17
3.2000999999991833e-10	-3.649153e-08	1.1895373e-08	-0.0023624941	0.067767195	-1.07671976e-16	-1.352814e-16	1.3659231e-16	-7.2695716e-17	0	-3.628717e-17
3.300099999999007e-10	-3.4323104e-08	7.310698e-09	-0.0011340212	0.068258815	-1.0824307e-16	-1.3587932e-16	1.3725197e-16	-7.329409e-17	0	-3.6321633e-17
3.400099999998831e-10	-3.4261152e-08	1.4249665e-09	-0.00025649343	0.06879402	-1.0869738e-16	-1.3620574e-16	1.3763868e-16	-7.3782115e-17	0	-3.6348212e-17
3.500099999998655e-10	-3.652251e-08	-3.4075285e-09	7.477571e-05	0.069409564	-1.0906442e-16	-1.362668e-16	1.3776042e-16	-7.4192364e-17	0	-3.636566e-17
3.600099999998479e-10	-3.8659962e-08	-9.386192e-09	-0.00011810875	0.07013441	-1.0937202e-16	-1.361464e-16	1.377036e-16	-7.45554e-17	0	-3.6373815e-17
3.7000999999983027e-10	-4.166478e-08	-1.5550722e-08	-0.00066975376	0.070965186	-1.09643664e-16	-1.3594062e-16	1.3756511e-16	-7.4896334e-17	0	-3.6371816e-17
3.8000999999981266e-10	-4.482449e-08	-2.2892397e-08	-0.0013678289	0.0719041	-1.09898495e-16	-1.3569527e-16	1.3738878e-16	-7.523439e-17	0	-3.6357612e-17
3.9000999999979505e-10	-4.9254275e-08	-3.100851e-08	-0.0020274227	0.07294098	-1.10152486e-16	-1.3539564e-16	1.3715605e-16	-7.5584535e-17	0	-3.6328356e-17
4.0000999999977743e-10	-5.538783e-08	-4.1231097e-08	-0.0025331567	0.07407877	-1.1041935e-16	-1.3499061e-16	1.3681193e-16	-7.595969e-17	0	-3.628099e-17
4.100099999997598e-10	-6.375176e-08	-5.4334592e-08	-0.0028503367	0.07534669	-1.1071153e-16	-1.3442053e-16	1.3629382e-16	-7.637209e-17	0	-3.6212736e-17
4.200099999997422e-10	-7.505856e-08	-6.9079896e-08	-0.003007888	0.07678373	-1.1104111e-16	-1.3363484e-16	1.3554851e-16	-7.6833465e-17	0	-3.612131e-17
4.300099999997246e-10	-9.0578304e-08	-8.599363e-08	-0.00306171	0.07841809	-1.1142066e-16	-1.3260211e-16	1.3454062e-16	-7.735483e-17	0	-3.6004346e-17
4.40009999999707e-10	-1.1189085e-07	-1.0296932e-07	-0.0030544403	0.08029612	-1.118645e-16	-1.3131975e-16	1.3326058e-16	-7.7946586e-17	0	-3.5858756e-17
4.5000999999968937e-10	-1.3654896e-07	-1.2161779e-07	-0.0029887455	0.082475916	-1.1238922e-16	-1.2982629e-16	1.317366e-16	-7.861912e-17	0	-3.5680403e-17
4.6000999999967176e-10	-1.632516e-07	-1.4262056e-07	-0.0028301221	0.084982365	-1.1301204e-16	-1.2820573e-16	1.3004398e-16	-7.9385026e-17	0	-3.546524e-17
4.700099999996541e-10	-1.8722821e-07	-1.6504829e-07	-0.002542629	0.087799124	-1.1374562e-16	-1.2656372e-16	1.282905e-16	-8.026042e-17	0	-3.5211974e-17
4.800099999996365e-10	-2.0785924e-07	-1.9193679e-07	-0.002126655	0.09088573	-1.1459417e-16	-1.2498827e-16	1.2657809e-16	-8.126037e-17	0	-3.4923625e-17
4.900099999996189e-10	-2.2359583e-07	-2.2272846e-07	-0.0016225629	0.09415915	-1.1555386e-16	-1.2354658e-16	1.2498925e-16	-8.2390994e-17	0	-3.4605534e-17
5.000099999996013e-10	-2.3722595e-07	-2.5785698e-07	-0.0011036946	0.0975109	-1.1661373e-16	-1.2231292e-16	1.2361065e-16	-8.3647845e-17	0	-3.4263618e-17
5.100099999995837e-10	-2.5042237e-07	-2.8998068e-07	-0.0006804153	0.10084608	-1.1775557e-16	-1.2137426e-16	1.2253881e-16	-8.50131e-17	0	-3.3907027e-17
5.200099999995661e-10	-2.629373e-07	-3.1646647e-07	-0.0004637619	0.10410662	-1.1895773e-16	-1.2080348e-16	1.2185094e-16	-8.645274e-17	0	-3.3552474e-17
5.300099999995485e-10	-2.7182784e-07	-3.3731436e-07	-0.0004985318	0.10723053	-1.201996e-16	-1.2062374e-16	1.2157391e-16	-8.792132e-17	0	-3.3228467e-17
5.400099999995309e-10	-2.7387236e-07	-3.5384474e-07	-0.000755783	0.11021683	-1.214597e-16	-1.2079119e-16	1.216724e-16	-8.93652e-17	0	-3.297572e-17
5.500099999995133e-10	-2.6953552e-07	-3.6429577e-07	-0.0012058945	0.11303228	-1.2271285e-16	-1.2122174e-16	1.2207328e-16	-9.0729114e-17	0	-3.283527e-17
5.600099999994956e-10	-2.5847652e-07	-3.6906633e-07	-0.001988985	0.11566424	-1.2394755e-16	-1.218317e-16	1.2269583e-16	-9.1984066e-17	0	-3.2827602e-17
5.70009999999478e-10	-2.5190928e-07	-3.737749e-07	-0.0035696907	0.118103445	-1.2517043e-16	-1.2254914e-16	1.2345127e-16	-9.313017e-17	0	-3.2942385e-17
5.800099999994604e-10	-2.6876108e-07	-3.889539e-07	-0.006437086	0.12033478	-1.2638256e-16	-1.2328729e-16	1.2422778e-16	-9.4188323e-17	0	-3.313474e-17
5.900099999994428e-10	-3.0469502e-07	-4.3563705e-07	-0.010205229	0.122361295	-1.2756754e-16	-1.238804e-16	1.2486053e-16	-9.5208766e-17	0	-3.3338916e-17
6.000099999994252e-10	-1.0204619e-06	-5.8439116e-07	-0.013443831	0.12414033	-1.290555e-16	-1.2420768e-16	1.2522261e-16	-9.657902e-17	0	-3.3491435e-17
6.100099999994076e-10	-1.1036675e-06	-2.16471e-07	-0.014043324	0.12561776	-1.3020147e-16	-1.2424823e-16	1.2526533e-16	-9.7585825e-17	0	-3.3632743e-17
6.2000999999939e-10	-9.199398e-07	1.9825621e-09	-0.010864318	0.12719674	-1.3115065e-16	-1.242909e-16	1.2527854e-16	-9.834891e-17	0	-3.3789382e-17
6.300099999993724e-10	-5.711328e-07	2.9950627e-07	-0.0057166293	0.12856668	-1.3200074e-16	-1.2428299e-16	1.2525272e-16	-9.902554e-17	0	-3.3944945e-17
6.400099999993547e-10	-2.8544247e-07	5.4308646e-07	-0.0007041563	0.1298951	-1.3277219e-16	-1.2419157e-16	1.2514899e-16	-9.965763e-17	0	-3.4071973e-17
6.500099999993371e-10	-8.213693e-08	6.2470843e-07	0.0025018055	0.13124718	-1.3348083e-16	-1.24155e-16	1.2509545e-16	-1.0026984e-16	0	-3.415143e-17
6.600099999993195e-10	5.6115802e-08	6.3485356e-07	0.0028576793	0.13258418	-1.3414364e-16	-1.2417434e-16	1.2510163e-16	-1.0086393e-16	0	-3.4207005e-17
6.700099999993019e-10	1.6670559e-07	6.018935e-07	0.00069561275	0.13387035	-1.3478847e-16	-1.2419175e-16	1.251109e-16	-1.0141734e-16	0	-3.4290306e-17
6.800099999992843e-10	2.443353e-07	4.2965837e-07	-0.002291905	0.13499852	-1.3543854e-16	-1.2419336e-16	1.2511108e-16	-1.0191305e-16	0	-3.4443215e-17
6.900099999992667e-10	1.6809958e-07	7.177494e-08	-0.0043448005	0.13590172	-1.3608896e-16	-1.2421014e-16	1.2513451e-16	-1.02334855e-16	0	-3.4678462e-17
7.000099999992491e-10	-1.17931464e-07	-4.530774e-07	-0.0048141116	0.13660711	-1.3670997e-16	-1.2422421e-16	1.2516083e-16	-1.0266893e-16	0	-3.497767e-17
7.100099999992315e-10	-3.5757367e-07	-9.589405e-07	-0.0042351736	0.13717338	-1.3726465e-16	-1.2422902e-16	1.2518006e-16	-1.02934084e-16	0	-3.5281612e-17
7.200099999992138e-10	-3.183716e-07	-1.0958612e-06	-0.0036745598	0.13755059	-1.3773337e-16	-1.2425546e-16	1.2522235e-16	-1.03165966e-16	0	-3.553429e-17
7.300099999991962e-10	-5.0958042e-09	-9.2096207e-07	-0.0036390077	0.13769333	-1.3813448e-16	-1.2429068e-16	1.2527566e-16	-1.0339872e-16	0	-3.5720733e-17
7.400099999991786e-10	6.631186e-07	-8.633438e-07	-0.003623061	0.13769363	-1.38499e-16	-1.2433153e-16	1.2533194e-16	-1.0365161e-16	0	-3.5847824e-17
7.50009999999161e-10	1.5758812e-06	-1.0039819e-06	-0.0030986962	0.13760561	-1.3882902e-16	-1.2440594e-16	1.2540884e-16	-1.03896115e-16	0	-3.5935813e-17
7.600099999991434e-10	2.0839902e-06	-1.1630824e-06	-0.0023498223	0.1374612	-1.391e-16	-1.2450963e-16	1.2550351e-16	-1.0409761e-16	0	-3.5996273e-17
7.700099999991258e-10	1.9723434e-06	-1.090595e-06	-0.0019404072	0.1372884	-1.3930829e-16	-1.2458472e-16	1.2557265e-16	-1.0426526e-16	0	-3.603097e-17
7.800099999991082e-10	1.8705357e-06	-8.20316e-07	-0.0019773075	0.13707614	-1.3947242e-16	-1.2461148e-16	1.2559847e-16	-1.0441517e-16	0	-3.6044256e-17
7.900099999990906e-10	2.0578607e-06	-6.678756e-07	-0.0022078615	0.1368242	-1.3961084e-16	-1.2461878e-16	1.2560621e-16	-1.04554716e-16	0	-3.604356e-17
8.00009999999073e-10	2.186069e-06	-6.1956615e-07	-0.0023896883	0.13657212	-1.3973377e-16	-1.246233e-16	1.2561094e-16	-1.04682625e-16	0	-3.603878e-17
8.100099999990553e-10	2.0039677e-06	-4.925273e-07	-0.0024473723	0.13636659	-1.3984428e-16	-1.2462323e-16	1.2561013e-16	-1.0479328e-16	0	-3.603788e-17
8.200099999990377e-10	1.6481287e-06	-2.6296829e-07	-0.002420685	0.13624316	-1.3994322e-16	-1.2461804e-16	1.2560327e-16	-1.0488519e-16	0	-3.6043257e-17
8.300099999990201e-10	1.3073526e-06	-1.713832e-08	-0.002364671	0.13619077	-1.4003162e-16	-1.2461152e-16	1.2559479e-16	-1.0496188e-16	0	-3.605301e-17
8.400099999990025e-10	1.0347658e-06	1.7581299e-07	-0.0023096388	0.13618097	-1.4011053e-16	-1.246066e-16	1.255882e-16	-1.0502749e-16	0	-3.606461e-17
8.500099999989849e-10	8.393362e-07	2.8320434e-07	-0.0022679511	0.1361964	-1.4018049e-16	-1.246049e-16	1.2558517e-16	-1.05084377e-16	0	-3.6076384e-17
8.600099999989673e-10	7.4377056e-07	2.963059e-07	-0.002245497	0.1362258	-1.4024191e-16	-1.2460659e-16	1.2558592e-16	-1.0513401e-16	0	-3.608723e-17
8.700099999989497e-10	7.756e-07	2.4670024e-07	-0.0022445547	0.13626586	-1.4029515e-16	-1.2461083e-16	1.2558947e-16	-1.051775e-16	0	-3.609629e-17
8.800099999989321e-10	9.2467934e-07	1.8705009e-07	-0.0022617145	0.13631168	-1.4034106e-16	-1.2461641e-16	1.2559456e-16	-1.05216156e-16	0	-3.6103062e-17
8.900099999989144e-10	1.171338e-06	1.5184412e-07	-0.002287946	0.13635924	-1.4038076e-16	-1.2462232e-16	1.2560016e-16	-1.0525116e-16	0	-3.6107456e-17
9.000099999988968e-10	1.4528154e-06	1.4245792e-07	-0.002313589	0.13640414	-1.4041542e-16	-1.2462795e-16	1.2560567e-16	-1.05283356e-16	0	-3.6109766e-17
9.100099999988792e-10	1.700744e-06	1.3822175e-07	-0.0023329947	0.13644189	-1.404461e-16	-1.2463308e-16	1.2561078e-16	-1.0531338e-16	0	-3.6110417e-17
9.200099999988616e-10	1.8565919e-06	1.00777655e-07	-0.0023449736	0.13647537	-1.4047355e-16	-1.246376e-16	1.2561534e-16	-1.0534142e-16	0	-3.610986e-17
9.30009999998844e-10	1.8880651e-06	1.3963123e-08	-0.0023499879	0.13650538	-1.4049835e-16	-1.2464141e-16	1.2561921e-16	-1.05367656e-16	0	-3.6108492e-17
9.400099999989161e-10	1.7865982e-06	-1.1422965e-07	-0.0023481145	0.13653325	-1.4052095e-16	-1.2464445e-16	1.2562223e-16	-1.0539202e-16	0	-3.610671e-17
9.50009999999002e-10	1.5772985e-06	-2.684358e-07	-0.0023392327	0.13656028	-1.4054168e-16	-1.2464671e-16	1.2562436e-16	-1.0541451e-16	0	-3.6104832e-17
9.600099999990877e-10	1.2974165e-06	-4.2043482e-07	-0.002323848	0.13658865	-1.4056079e-16	-1.2464819e-16	1.2562563e-16	-1.054351e-16	0	-3.6103135e-17
9.700099999991735e-10	9.85891e-07	-5.3872253e-07	-0.0023032837	0.13661936	-1.4057851e-16	-1.2464889e-16	1.2562608e-16	-1.0545393e-16	0	-3.610176e-17
9.800099999992593e-10	6.765493e-07	-6.247239e-07	-0.002279208	0.13665393	-1.4059505e-16	-1.2464889e-16	1.2562576e-16	-1.05471186e-16	0	-3.6100726e-17
9.90009999999345e-10	3.9581542e-07	-6.7743605e-07	-0.0022531883	0.13669293	-1.4061054e-16	-1.2464826e-16	1.2562479e-16	-1.05487075e-16	0	-3.6100005e-17
1.0000099999994308e-09	1.5047337e-07	-7.013391e-07	-0.0022265906	0.13673496	-1.4062511e-16	-1.246471e-16	1.2562331e-16	-1.05501785e-16	0	-3.6099532e-17
1.0100099999995166e-09	-5.5341363e-08	-7.055598e-07	-0.0022006822	0.13677934	-1.4063884e-16	-1.2464548e-16	1.2562139e-16	-1.0551549e-16	0	-3.6099247e-17
1.0200099999996024e-09	-2.0948556e-07	-7.016024e-07	-0.0021764843	0.13682543	-1.4065186e-16	-1.2464357e-16	1.2561917e-16	-1.05528334e-16	0	-3.6099128e-17
1.0300099999996882e-09	-3.28842e-07	-7.0147075e-07	-0.002154766	0.13687448	-1.4066423e-16	-1.246414e-16	1.2561675e-16	-1.05540404e-16	0	-3.609917e-17
1.040009999999774e-09	-4.137669e-07	-6.9872436e-07	-0.002135879	0.13692532	-1.4067603e-16	-1.2463907e-16	1.2561417e-16	-1.0555171e-16	0	-3.6099393e-17
1.0500099999998598e-09	-4.690463e-07	-7.070854e-07	-0.0021197612	0.13697727	-1.4068725e-16	-1.2463658e-16	1.2561143e-16	-1.05562275e-16	0	-3.6099816e-17
1.0600099999999456e-09	-5.020219e-07	-7.2173583e-07	-0.0021060219	0.13702998	-1.4069805e-16	-1.2463394e-16	1.2560853e-16	-1.0557215e-16	0	-3.610048e-17
1.0700000000000313e-09	-5.1326674e-07	-7.403456e-07	-0.0020942402	0.13708343	-1.4070835e-16	-1.2463112e-16	1.2560546e-16	-1.0558127e-16	0	-3.6101418e-17
1.080000000000117e-09	-5.1018446e-07	-7.6609183e-07	-0.0020838135	0.13713755	-1.407183e-16	-1.2462809e-16	1.2560216e-16	-1.05589704e-16	0	-3.610266e-17
1.0900000000002028e-09	-4.972823e-07	-7.924905e-07	-0.0020741045	0.13719228	-1.4072788e-16	-1.2462479e-16	1.2559859e-16	-1.0559745e-16	0	-3.6104224e-17
1.1000000000002886e-09	-4.797955e-07	-8.1984365e-07	-0.002064513	0.13724726	-1.407372e-16	-1.2462127e-16	1.2559474e-16	-1.0560453e-16	0	-3.610613e-17
1.1100000000003744e-09	-4.6258748e-07	-8.462094e-07	-0.0020545882	0.13730241	-1.4074629e-16	-1.2461749e-16	1.2559057e-16	-1.0561101e-16	0	-3.610837e-17
1.1200000000004602e-09	-4.4458955e-07	-8.8047443e-07	-0.0020439709	0.13735741	-1.4075516e-16	-1.2461346e-16	1.2558616e-16	-1.0561691e-16	0	-3.611095e-17
1.130000000000546e-09	-4.2592558e-07	-9.0459815e-07	-0.0020326201	0.13741195	-1.4076388e-16	-1.2460925e-16	1.2558152e-16	-1.05622315e-16	0	-3.6113822e-17
1.1400000000006318e-09	-4.156875e-07	-9.2768414e-07	-0.0020207888	0.13746549	-1.4077243e-16	-1.2460491e-16	1.2557671e-16	-1.0562728e-16	0	-3.6116946e-17
1.1500000000007175e-09	-3.951649e-07	-9.554245e-07	-0.0020088928	0.13751788	-1.4078086e-16	-1.2460055e-16	1.2557184e-16	-1.0563191e-16	0	-3.612024e-17
1.1600000000008033e-09	-3.80528e-07	-9.770004e-07	-0.0019974986	0.13756928	-1.4078913e-16	-1.2459627e-16	1.2556704e-16	-1.056363e-16	0	-3.6123603e-17
1.1700000000008891e-09	-3.6538e-07	-1.0035947e-06	-0.0019873085	0.13761957	-1.4079724e-16	-1.2459218e-16	1.2556239e-16	-1.0564054e-16	0	-3.6126918e-17
1.1800000000009749e-09	-3.6553487e-07	-1.0238539e-06	-0.0019790141	0.13766742	-1.4080513e-16	-1.2458837e-16	1.2555804e-16	-1.0564473e-16	0	-3.613006e-17
1.1900000000010607e-09	-3.648379e-07	-1.0456312e-06	-0.0019730947	0.13771252	-1.4081278e-16	-1.2458489e-16	1.25554e-16	-1.0564898e-16	0	-3.6132917e-17
1.2000000000011465e-09	-3.6666557e-07	-1.0694064e-06	-0.001969936	0.13775481	-1.4082017e-16	-1.2458179e-16	1.2555035e-16	-1.0565334e-16	0	-3.6135392e-17
1.2100000000012322e-09	-3.5882826e-07	-1.0939716e-06	-0.0019695505	0.13779517	-1.4082722e-16	-1.2457905e-16	1.2554712e-16	-1.0565788e-16	0	-3.613741e-17
1.220000000001318e-09	-3.5453786e-07	-1.127102e-06	-0.001971707	0.13783251	-1.40834e-16	-1.2457668e-16	1.2554425e-16	-1.05662596e-16	0	-3.6138955e-17
1.2300000000014038e-09	-3.590451e-07	-1.1621996e-06	-0.0019761035	0.13786767	-1.4084039e-16	-1.245746e-16	1.2554173e-16	-1.0566749e-16	0	-3.6140037e-17
1.2400000000014896e-09	-3.4894643e-07	-1.1998837e-06	-0.001982275	0.13790062	-1.4084649e-16	-1.2457276e-16	1.2553951e-16	-1.05672535e-16	0	-3.614069e-17
1.2500000000015754e-09	-3.3719044e-07	-1.2310471e-06	-0.0019897984	0.13793173	-1.4085229e-16	-1.2457114e-16	1.2553751e-16	-1.056777e-16	0	-3.614097e-17
1.2600000000016612e-09	-3.1796887e-07	-1.2573471e-06	-0.0019981575	0.13796167	-1.4085783e-16	-1.2456965e-16	1.2553571e-16	-1.0568294e-16	0	-3.6140957e-17
1.270000000001747e-09	-3.0423035e-07	-1.2801311e-06	-0.0020070276	0.13799071	-1.4086315e-16	-1.2456829e-16	1.2553405e-16	-1.0568819e-16	0	-3.614073e-17
1.2800000000018327e-09	-2.8914428e-07	-1.2918096e-06	-0.0020161679	0.1380195	-1.4086829e-16	-1.24567e-16	1.255325e-16	-1.0569343e-16	0	-3.6140355e-17
1.2900000000019185e-09	-2.727262e-07	-1.2930797e-06	-0.002025345	0.13804817	-1.4087327e-16	-1.2456576e-16	1.2553104e-16	-1.05698634e-16	0	-3.6139905e-17
1.3000000000020043e-09	-2.623952e-07	-1.2841581e-06	-0.002034351	0.1380768	-1.4087811e-16	-1.2456457e-16	1.2552963e-16	-1.0570374e-16	0	-3.6139435e-17
1.3100000000020901e-09	-2.5084057e-07	-1.2744002e-06	-0.0020431268	0.1381055	-1.4088291e-16	-1.2456342e-16	1.2552827e-16	-1.05708766e-16	0	-3.6138985e-17
1.3200000000021759e-09	-2.4047858e-07	-1.2568979e-06	-0.0020517053	0.1381344	-1.4088763e-16	-1.2456231e-16	1.2552695e-16	-1.0571368e-16	0	-3.6138585e-17
1.3300000000022617e-09	-2.3516594e-07	-1.2281972e-06	-0.0020600324	0.13816376	-1.4089227e-16	-1.2456122e-16	1.2552566e-16	-1.05718473e-16	0	-3.6138254e-17
1.3400000000023475e-09	-2.3965768e-07	-1.1891656e-06	-0.0020681003	0.1381931	-1.4089692e-16	-1.2456015e-16	1.2552439e-16	-1.0572316e-16	0	-3.6137992e-17
1.3500000000024332e-09	-2.4291032e-07	-1.1379906e-06	-0.0020759716	0.13822216	-1.4090152e-16	-1.2455913e-16	1.2552316e-16	-1.0572774e-16	0	-3.61378e-17
1.360000000002519e-09	-2.4792868e-07	-1.0830365e-06	-0.002083716	0.1382509	-1.409061e-16	-1.2455815e-16	1.2552196e-16	-1.0573224e-16	0	-3.613767e-17
1.3700000000026048e-09	-2.5321035e-07	-1.0322024e-06	-0.0020914	0.13827959	-1.4091061e-16	-1.245572e-16	1.255208e-16	-1.0573663e-16	0	-3.6137592e-17
1.3800000000026906e-09	-2.6157429e-07	-9.730043e-07	-0.0020990693	0.13830793	-1.4091514e-16	-1.2455627e-16	1.2551966e-16	-1.0574098e-16	0	-3.6137542e-17
1.3900000000027764e-09	-2.8081132e-07	-9.138062e-07	-0.0021066829	0.138336	-1.4091961e-16	-1.245554e-16	1.2551853e-16	-1.0574524e-16	0	-3.6137513e-17
1.4000000000028622e-09	-2.9286159e-07	-8.530903e-07	-0.0021143628	0.1383637	-1.4092405e-16	-1.2455454e-16	1.2551744e-16	-1.05749456e-16	0	-3.6137506e-17
1.410000000002948e-09	-3.0769982e-07	-7.8862604e-07	-0.0021220893	0.13839051	-1.4092843e-16	-1.2455372e-16	1.2551637e-16	-1.057536e-16	0	-3.61375e-17
1.4200000000030337e-09	-3.2066393e-07	-7.3001655e-07	-0.0021297426	0.1384166	-1.4093281e-16	-1.2455289e-16	1.2551529e-16	-1.0575772e-16	0	-3.6137493e-17
1.4300000000031195e-09	-3.3491358e-07	-6.692386e-07	-0.0021374023	0.13844194	-1.4093711e-16	-1.2455209e-16	1.2551424e-16	-1.0576178e-16	0	-3.6137493e-17
1.4400000000032053e-09	-3.4838882e-07	-6.157404e-07	-0.0021450256	0.13846676	-1.4094139e-16	-1.245513e-16	1.2551317e-16	-1.05765775e-16	0	-3.6137483e-17
1.450000000003291e-09	-3.5679923e-07	-5.65309e-07	-0.0021524855	0.1384907	-1.4094554e-16	-1.2455049e-16	1.255121e-16	-1.05769666e-16	0	-3.6137476e-17
1.4600000000033769e-09	-3.702125e-07	-5.153112e-07	-0.0021597387	0.13851398	-1.4094968e-16	-1.2454967e-16	1.2551099e-16	-1.0577353e-16	0	-3.6137476e-17
1.4700000000034627e-09	-3.7510694e-07	-4.6360975e-07	-0.002166775	0.13853638	-1.409537e-16	-1.2454884e-16	1.2550987e-16	-1.0577727e-16	0	-3.6137476e-17
1.4800000000035485e-09	-3.7817372e-07	-4.196836e-07	-0.0021735637	0.1385581	-1.4095768e-16	-1.2454796e-16	1.2550872e-16	-1.05780935e-16	0	-3.6137493e-17
1.4900000000036342e-09	-3.935231e-07	-3.792889e-07	-0.0021801097	0.13857932	-1.4096154e-16	-1.2454705e-16	1.2550753e-16	-1.057845e-16	0	-3.6137513e-17
1.50000000000372e-09	-3.9604777e-07	-3.4360278e-07	-0.0021862912	0.13860014	-1.4096534e-16	-1.2454614e-16	1.255063e-16	-1.0578795e-16	0	-3.6137546e-17
1.5100000000038058e-09	-4.0077182e-07	-3.131209e-07	-0.0021920274	0.13862064	-1.4096902e-16	-1.2454516e-16	1.2550503e-16	-1.057913e-16	0	-3.6137595e-17
1.5200000000038916e-09	-4.0642522e-07	-2.8301073e-07	-0.0021973632	0.13864061	-1.4097261e-16	-1.2454412e-16	1.2550372e-16	-1.05794554e-16	0	-3.6137648e-17
1.5300000000039774e-09	-4.0501575e-07	-2.5928196e-07	-0.002202269	0.1386603	-1.4097611e-16	-1.2454305e-16	1.2550234e-16	-1.05797704e-16	0	-3.6137714e-17
1.5400000000040632e-09	-4.030487e-07	-2.3790744e-07	-0.0022067765	0.13867962	-1.4097954e-16	-1.2454194e-16	1.2550095e-16	-1.05800774e-16	0	-3.613778e-17
1.550000000004149e-09	-3.9669828e-07	-2.0655818e-07	-0.0022108015	0.1386986	-1.4098289e-16	-1.2454075e-16	1.2549949e-16	-1.05803766e-16	0	-3.6137857e-17
1.5600000000042347e-09	-3.903169e-07	-1.9044987e-07	-0.002214352	0.13871711	-1.4098619e-16	-1.2453956e-16	1.2549799e-16	-1.0580669e-16	0	-3.6137926e-17
1.5700000000043205e-09	-3.892172e-07	-1.7418667e-07	-0.0022175114	0.13873538	-1.409894e-16	-1.245383e-16	1.2549645e-16	-1.0580954e-16	0	-3.6137992e-17
1.5800000000044063e-09	-3.8289778e-07	-1.602158e-07	-0.0022201473	0.13875413	-1.4099256e-16	-1.24537e-16	1.2549485e-16	-1.0581237e-16	0	-3.613805e-17
1.590000000004492e-09	-3.8085327e-07	-1.410407e-07	-0.0022223564	0.1387732	-1.4099569e-16	-1.2453564e-16	1.2549325e-16	-1.05815194e-16	0	-3.6138098e-17
1.6000000000045779e-09	-3.6486887e-07	-1.2669811e-07	-0.0022241087	0.13879256	-1.409988e-16	-1.2453426e-16	1.2549158e-16	-1.05818e-16	0	-3.6138125e-17
1.6100000000046637e-09	-3.558544e-07	-1.1015611e-07	-0.002225275	0.13881214	-1.4100188e-16	-1.2453284e-16	1.254899e-16	-1.05820825e-16	0	-3.6138135e-17
1.6200000000047495e-09	-3.4271994e-07	-8.998973e-08	-0.0022260193	0.13883194	-1.41005e-16	-1.2453139e-16	1.2548818e-16	-1.05823684e-16	0	-3.6138118e-17
1.6300000000048352e-09	-3.2825344e-07	-8.518821e-08	-0.0022263885	0.13885178	-1.4100812e-16	-1.2452992e-16	1.254865e-16	-1.05826596e-16	0	-3.6138075e-17
1.640000000004921e-09	-3.0957398e-07	-7.100051e-08	-0.0022263206	0.13887174	-1.4101128e-16	-1.2452848e-16	1.2548481e-16	-1.058296e-16	0	-3.6138006e-17
1.6500000000050068e-09	-2.9518492e-07	-5.5263918e-08	-0.0022257804	0.1388919	-1.4101447e-16	-1.2452708e-16	1.2548317e-16	-1.05832644e-16	0	-3.613791e-17
1.6600000000050926e-09	-2.803157e-07	-4.7953222e-08	-0.002224876	0.13891207	-1.410177e-16	-1.245257e-16	1.2548158e-16	-1.05835754e-16	0	-3.6137804e-17
1.6700000000051784e-09	-2.650283e-07	-3.766868e-08	-0.0022236325	0.1389324	-1.4102094e-16	-1.2452439e-16	1.2548004e-16	-1.0583891e-16	0	-3.613768e-17
1.6800000000052642e-09	-2.4741755e-07	-2.9366701e-08	-0.0022221352	0.13895255	-1.4102422e-16	-1.245232e-16	1.2547863e-16	-1.058421e-16	0	-3.613756e-17
1.69000000000535e-09	-2.3384939e-07	-1.883434e-08	-0.0022205443	0.1389725	-1.4102747e-16	-1.245221e-16	1.2547732e-16	-1.0584523e-16	0	-3.613744e-17
1.7000000000054357e-09	-2.1803537e-07	-8.3639335e-09	-0.0022189235	0.13899203	-1.4103067e-16	-1.2452108e-16	1.254761e-16	-1.05848334e-16	0	-3.6137344e-17
1.7100000000055215e-09	-2.0044013e-07	-5.2042255e-09	-0.002217417	0.13901092	-1.4103378e-16	-1.2452016e-16	1.2547495e-16	-1.058513e-16	0	-3.6137274e-17
1.7200000000056073e-09	-1.8746054e-07	7.744383e-09	-0.002216157	0.1390294	-1.4103676e-16	-1.2451926e-16	1.2547386e-16	-1.0585409e-16	0	-3.613725e-17
1.730000000005693e-09	-1.727617e-07	2.0011486e-08	-0.0022152609	0.1390477	-1.410396e-16	-1.2451838e-16	1.2547276e-16	-1.0585673e-16	0	-3.6137264e-17
1.7400000000057789e-09	-1.6018483e-07	3.265032e-08	-0.0022147233	0.13906606	-1.4104229e-16	-1.245175e-16	1.2547167e-16	-1.05859154e-16	0	-3.6137317e-17
1.7500000000058647e-09	-1.4372026e-07	3.326987e-08	-0.002214557	0.13908431	-1.4104483e-16	-1.2451657e-16	1.2547053e-16	-1.05861364e-16	0	-3.613741e-17
1.7600000000059504e-09	-1.2846382e-07	4.6652165e-08	-0.002214765	0.13910255	-1.4104713e-16	-1.2451558e-16	1.2546934e-16	-1.0586335e-16	0	-3.6137542e-17
1.7700000000060362e-09	-1.1621221e-07	5.3529178e-08	-0.002215322	0.13912113	-1.4104932e-16	-1.245145e-16	1.2546805e-16	-1.0586515e-16	0	-3.61377e-17
1.780000000006122e-09	-1.0248917e-07	5.7432345e-08	-0.002216175	0.1391402	-1.4105133e-16	-1.2451338e-16	1.254667e-16	-1.0586676e-16	0	-3.613789e-17
1.7900000000062078e-09	-8.885905e-08	6.8522304e-08	-0.002217282	0.13915984	-1.4105322e-16	-1.2451222e-16	1.2546531e-16	-1.0586822e-16	0	-3.6138095e-17
1.8000000000062936e-09	-8.026279e-08	6.7902754e-08	-0.0022185936	0.13918014	-1.4105498e-16	-1.2451098e-16	1.2546386e-16	-1.0586955e-16	0	-3.613832e-17
1.8100000000063794e-09	-6.5749816e-08	6.864621e-08	-0.0022200746	0.13920115	-1.4105663e-16	-1.2450974e-16	1.2546241e-16	-1.05870754e-16	0	-3.6138548e-17
1.8200000000064652e-09	-5.3049025e-08	6.9141855e-08	-0.0022216104	0.13922289	-1.4105822e-16	-1.2450848e-16	1.2546095e-16	-1.058719e-16	0	-3.613878e-17
1.830000000006551e-09	-4.2237865e-08	6.982336e-08	-0.0022231643	0.1392453	-1.4105973e-16	-1.2450723e-16	1.2545946e-16	-1.0587297e-16	0	-3.6138998e-17
1.8400000000066367e-09	-4.019335e-08	6.6229966e-08	-0.0022246635	0.1392683	-1.4106119e-16	-1.2450601e-16	1.2545806e-16	-1.05874016e-16	0	-3.6139213e-17
1.8500000000067225e-09	-2.9846852e-08	6.536259e-08	-0.0022262174	0.1392919	-1.4106259e-16	-1.2450483e-16	1.2545666e-16	-1.0587503e-16	0	-3.6139402e-17
1.8600000000068083e-09	-1.8354188e-08	6.455718e-08	-0.0022277401	0.13931593	-1.4106397e-16	-1.2450368e-16	1.2545532e-16	-1.0587605e-16	0	-3.6139564e-17
1.870000000006742e-09	-1.6139294e-08	6.2574614e-08	-0.002229191	0.13934036	-1.4106529e-16	-1.2450257e-16	1.2545404e-16	-1.0587705e-16	0	-3.6139703e-17
1.880000000006621e-09	-1.1244844e-08	6.517673e-08	-0.0022305558	0.13936517	-1.410666e-16	-1.2450152e-16	1.2545279e-16	-1.0587808e-16	0	-3.6139806e-17
1.8900000000065e-09	-7.945737e-09	6.040619e-08	-0.0022318454	0.13939057	-1.4106788e-16	-1.245005e-16	1.2545161e-16	-1.0587911e-16	0	-3.6139885e-17
1.900000000006379e-09	4.956405e-09	5.476828e-08	-0.0022332338	0.13941625	-1.4106913e-16	-1.2449954e-16	1.2545048e-16	-1.0588013e-16	0	-3.6139935e-17
1.910000000006258e-09	7.4500965e-09	4.906841e-08	-0.002234568	0.13944216	-1.4107039e-16	-1.2449861e-16	1.2544939e-16	-1.0588121e-16	0	-3.6139958e-17
1.920000000006137e-09	1.5597188e-08	5.0927063e-08	-0.002235889	0.13946833	-1.4107164e-16	-1.2449774e-16	1.2544835e-16	-1.0588229e-16	0	-3.6139958e-17
1.930000000006016e-09	1.0687248e-08	4.745758e-08	-0.0022373195	0.13949464	-1.4107285e-16	-1.2449689e-16	1.2544734e-16	-1.0588337e-16	0	-3.613994e-17
1.940000000005895e-09	1.7130576e-08	4.132403e-08	-0.002238895	0.13952127	-1.4107407e-16	-1.2449604e-16	1.2544635e-16	-1.05884445e-16	0	-3.6139915e-17
1.950000000005774e-09	1.8880806e-08	4.002297e-08	-0.0022404548	0.13954812	-1.4107523e-16	-1.2449525e-16	1.254454e-16	-1.0588552e-16	0	-3.613987e-17
1.960000000005653e-09	2.5664885e-08	3.828823e-08	-0.0022421298	0.1395752	-1.4107642e-16	-1.2449445e-16	1.2544445e-16	-1.058866e-16	0	-3.613982e-17
1.9700000000055318e-09	2.9939784e-08	3.3331826e-08	-0.0022438925	0.13960247	-1.410776e-16	-1.2449371e-16	1.2544355e-16	-1.0588769e-16	0	-3.6139766e-17
1.9800000000054108e-09	3.4462506e-08	2.874715e-08	-0.0022457556	0.13962989	-1.4107874e-16	-1.2449296e-16	1.2544267e-16	-1.0588874e-16	0	-3.61397e-17
1.9900000000052898e-09	3.5236944e-08	2.4410296e-08	-0.0022477198	0.13965747	-1.410799e-16	-1.2449223e-16	1.2544181e-16	-1.0588983e-16	0	-3.6139643e-17
2.0000000000051688e-09	3.0590314e-08	1.908216e-08	-0.0022497468	0.13968521	-1.4108104e-16	-1.2449156e-16	1.2544096e-16	-1.0589087e-16	0	-3.613958e-17
2.0100000000050478e-09	3.203077e-08	2.0692992e-08	-0.0022518493	0.13971294	-1.4108215e-16	-1.2449085e-16	1.2544014e-16	-1.0589192e-16	0	-3.6139514e-17
2.0200000000049267e-09	3.466386e-08	1.4745305e-08	-0.0022540274	0.13974063	-1.4108326e-16	-1.2449019e-16	1.2543933e-16	-1.0589296e-16	0	-3.613945e-17
2.0300000000048057e-09	4.2346286e-08	1.5550722e-08	-0.0022562838	0.13976818	-1.4108438e-16	-1.2448953e-16	1.2543854e-16	-1.05893994e-16	0	-3.6139385e-17
2.0400000000046847e-09	4.045666e-08	2.3047285e-08	-0.00225849	0.13979575	-1.4108545e-16	-1.2448888e-16	1.2543776e-16	-1.05895014e-16	0	-3.6139322e-17
2.0500000000045637e-09	4.133952e-08	1.6356138e-08	-0.0022607583	0.1398232	-1.4108653e-16	-1.2448825e-16	1.25437e-16	-1.05896026e-16	0	-3.6139256e-17
2.0600000000044427e-09	4.468509e-08	5.9476863e-09	-0.00226312	0.13985056	-1.4108759e-16	-1.2448761e-16	1.2543622e-16	-1.0589701e-16	0	-3.6139197e-17
2.0700000000043217e-09	4.281095e-08	7.0628774e-09	-0.0022654247	0.1398778	-1.4108864e-16	-1.24487e-16	1.254355e-16	-1.05898e-16	0	-3.613913e-17
2.0800000000042007e-09	4.3569898e-08	4.5227195e-09	-0.0022676014	0.13990493	-1.410897e-16	-1.2448638e-16	1.2543474e-16	-1.0589898e-16	0	-3.613907e-17
2.0900000000040797e-09	4.817006e-08	4.212944e-09	-0.0022697828	0.13993189	-1.4109069e-16	-1.2448577e-16	1.2543401e-16	-1.0589994e-16	0	-3.6139005e-17
2.1000000000039587e-09	5.0152625e-08	4.4607646e-09	-0.002272008	0.13995884	-1.4109172e-16	-1.2448519e-16	1.2543328e-16	-1.0590089e-16	0	-3.6138945e-17
2.1100000000038377e-09	5.3049025e-08	4.212944e-09	-0.0022742776	0.13998564	-1.410927e-16	-1.2448458e-16	1.2543258e-16	-1.05901816e-16	0	-3.6138882e-17
2.1200000000037166e-09	5.6193244e-08	1.4249665e-09	-0.0022765317	0.14001222	-1.410937e-16	-1.24484e-16	1.2543187e-16	-1.0590275e-16	0	-3.613882e-17
2.1300000000035956e-09	5.7447835e-08	-6.0715966e-09	-0.002278752	0.14003861	-1.4109467e-16	-1.244834e-16	1.2543114e-16	-1.0590364e-16	0	-3.6138753e-17
2.1400000000034746e-09	5.9817616e-08	-7.620473e-09	-0.002280943	0.1400648	-1.4109562e-16	-1.2448283e-16	1.2543045e-16	-1.05904556e-16	0	-3.6138694e-17
2.1500000000033536e-09	5.8965732e-08	-4.212944e-09	-0.0022830996	0.14009082	-1.4109655e-16	-1.2448224e-16	1.2542975e-16	-1.05905436e-16	0	-3.613863e-17
2.1600000000032326e-09	6.125807e-08	-1.1028002e-08	-0.002285211	0.14011659	-1.410975e-16	-1.2448166e-16	1.2542904e-16	-1.0590632e-16	0	-3.6138575e-17
2.1700000000031116e-09	6.12116e-08	-1.8028924e-08	-0.0022873161	0.14014219	-1.4109842e-16	-1.2448106e-16	1.2542832e-16	-1.05907176e-16	0	-3.6138512e-17
2.1800000000029906e-09	5.6100312e-08	-1.38159795e-08	-0.002289522	0.14016756	-1.4109932e-16	-1.2448046e-16	1.2542762e-16	-1.05908037e-16	0	-3.6138452e-17
2.1900000000028696e-09	5.50161e-08	-5.3281357e-09	-0.002291596	0.14019276	-1.411002e-16	-1.2447987e-16	1.2542692e-16	-1.0590886e-16	0	-3.6138393e-17
2.2000000000027486e-09	5.297158e-08	-4.3368544e-09	-0.0022936233	0.14021777	-1.4110109e-16	-1.2447929e-16	1.2542622e-16	-1.05909684e-16	0	-3.6138327e-17
2.2100000000026276e-09	6.0282275e-08	-2.6640679e-09	-0.0022956997	0.14024244	-1.4110195e-16	-1.244787e-16	1.2542552e-16	-1.0591049e-16	0	-3.613827e-17
2.2200000000025065e-09	6.3984096e-08	-1.0532361e-08	-0.0022977255	0.1402669	-1.411028e-16	-1.2447811e-16	1.2542481e-16	-1.05911306e-16	0	-3.613821e-17
2.2300000000023855e-09	6.765493e-08	-1.5426812e-08	-0.0022997225	0.14029106	-1.4110362e-16	-1.2447751e-16	1.2542411e-16	-1.05912067e-16	0	-3.613815e-17
2.2400000000022645e-09	6.52232e-08	-1.9329981e-08	-0.0023017053	0.14031503	-1.4110448e-16	-1.2447693e-16	1.254234e-16	-1.05912854e-16	0	-3.6138095e-17
2.2500000000021435e-09	6.420094e-08	-2.738414e-08	-0.0023036646	0.14033881	-1.4110527e-16	-1.2447632e-16	1.254227e-16	-1.05913615e-16	0	-3.613804e-17
2.2600000000020225e-09	6.471207e-08	-2.1994047e-08	-0.0023056117	0.14036228	-1.4110608e-16	-1.2447571e-16	1.25422e-16	-1.05914376e-16	0	-3.613798e-17
2.2700000000019015e-09	6.2667546e-08	-2.0816902e-08	-0.0023075293	0.14038546	-1.4110686e-16	-1.2447513e-16	1.254213e-16	-1.05915104e-16	0	-3.6137923e-17
2.2800000000017805e-09	6.565688e-08	-2.6454813e-08	-0.0023094125	0.14040838	-1.4110764e-16	-1.2447454e-16	1.2542058e-16	-1.05915825e-16	0	-3.613787e-17
2.2900000000016595e-09	7.558518e-08	-2.3542924e-08	-0.0023112926	0.14043102	-1.4110841e-16	-1.2447394e-16	1.2541988e-16	-1.0591654e-16	0	-3.613781e-17
2.3000000000015385e-09	7.4857205e-08	-2.4782025e-08	-0.0023131496	0.14045335	-1.4110916e-16	-1.2447332e-16	1.2541916e-16	-1.05917235e-16	0	-3.6137767e-17
2.3100000000014175e-09	7.7304435e-08	-2.2365779e-08	-0.0023149785	0.14047539	-1.4110989e-16	-1.2447271e-16	1.2541846e-16	-1.0591792e-16	0	-3.6137714e-17
2.3200000000012965e-09	7.680879e-08	-2.447225e-08	-0.0023167606	0.1404972	-1.4111062e-16	-1.2447209e-16	1.2541773e-16	-1.059186e-16	0	-3.613766e-17
2.3300000000011754e-09	7.931797e-08	-2.5525488e-08	-0.0023185683	0.14051877	-1.4111136e-16	-1.2447148e-16	1.2541702e-16	-1.0591927e-16	0	-3.6137612e-17
2.3400000000010544e-09	8.219888e-08	-2.5401576e-08	-0.0023203527	0.14054011	-1.4111208e-16	-1.2447086e-16	1.2541629e-16	-1.0591994e-16	0	-3.6137562e-17
2.3500000000009334e-09	7.820278e-08	-2.9180836e-08	-0.0023220996	0.14056122	-1.4111278e-16	-1.2447025e-16	1.2541558e-16	-1.0592058e-16	0	-3.6137513e-17
2.3600000000008124e-09	7.6746836e-08	-3.2464452e-08	-0.0023238019	0.14058214	-1.4111344e-16	-1.2446961e-16	1.2541485e-16	-1.05921205e-16	0	-3.613747e-17
2.3700000000006914e-09	8.294234e-08	-3.450897e-08	-0.0023254748	0.14060293	-1.411141e-16	-1.2446899e-16	1.2541413e-16	-1.0592182e-16	0	-3.613742e-17
2.3800000000005704e-09	9.194132e-08	-3.4880703e-08	-0.0023270966	0.1406234	-1.4111478e-16	-1.2446838e-16	1.254134e-16	-1.0592243e-16	0	-3.613737e-17
2.3900000000004494e-09	9.0609284e-08	-3.2774228e-08	-0.002328742	0.1406436	-1.4111544e-16	-1.2446776e-16	1.2541268e-16	-1.05923045e-16	0	-3.6137327e-17
2.4000000000003284e-09	9.451245e-08	-3.3827465e-08	-0.0023303812	0.1406635	-1.411161e-16	-1.2446712e-16	1.2541194e-16	-1.0592364e-16	0	-3.6137288e-17
2.4100000000002074e-09	8.967996e-08	-3.7420858e-08	-0.0023319966	0.14068314	-1.4111671e-16	-1.244665e-16	1.2541123e-16	-1.0592422e-16	0	-3.6137238e-17
2.4200000000000864e-09	8.871965e-08	-3.7482813e-08	-0.002333552	0.14070252	-1.4111737e-16	-1.2446585e-16	1.254105e-16	-1.059248e-16	0	-3.6137198e-17
2.4300099999999652e-09	8.4305356e-08	-4.0518614e-08	-0.0023350636	0.14072165	-1.4111795e-16	-1.2446523e-16	1.2540977e-16	-1.05925354e-16	0	-3.6137152e-17
2.4400099999998442e-09	8.8843564e-08	-3.8102364e-08	-0.002336615	0.14074053	-1.4111859e-16	-1.244646e-16	1.2540905e-16	-1.0592593e-16	0	-3.6137112e-17
2.450009999999723e-09	9.226658e-08	-3.401333e-08	-0.002338125	0.14075916	-1.4111917e-16	-1.2446397e-16	1.2540832e-16	-1.0592646e-16	0	-3.613707e-17
2.460009999999602e-09	9.208072e-08	-3.450897e-08	-0.0023396185	0.14077757	-1.4111975e-16	-1.2446334e-16	1.254076e-16	-1.05927e-16	0	-3.6137026e-17
2.470009999999481e-09	9.5193954e-08	-3.1039487e-08	-0.0023410688	0.14079572	-1.4112037e-16	-1.2446272e-16	1.2540687e-16	-1.0592754e-16	0	-3.6136983e-17
2.48000999999936e-09	9.7068096e-08	-3.6367624e-08	-0.0023424975	0.14081363	-1.4112094e-16	-1.2446207e-16	1.2540615e-16	-1.0592807e-16	0	-3.6136943e-17
2.490009999999239e-09	1.00584046e-07	-3.9341465e-08	-0.0023438907	0.14083128	-1.4112149e-16	-1.2446142e-16	1.2540542e-16	-1.05928584e-16	0	-3.6136904e-17
2.500009999999118e-09	9.726945e-08	-4.3988095e-08	-0.002345307	0.1408487	-1.4112204e-16	-1.244608e-16	1.2540471e-16	-1.0592908e-16	0	-3.613686e-17
2.510009999998997e-09	9.850855e-08	-4.553697e-08	-0.002346692	0.1408659	-1.411226e-16	-1.2446019e-16	1.25404e-16	-1.0592958e-16	0	-3.6136824e-17
2.520009999998876e-09	1.0098675e-07	-4.3368544e-08	-0.0023480467	0.14088294	-1.4112315e-16	-1.2445955e-16	1.2540327e-16	-1.0593008e-16	0	-3.6136788e-17
2.530009999998755e-09	1.0391413e-07	-4.2253355e-08	-0.0023493816	0.14089979	-1.4112368e-16	-1.244589e-16	1.2540255e-16	-1.0593057e-16	0	-3.613675e-17
2.540009999998634e-09	1.0219488e-07	-3.779259e-08	-0.0023507602	0.14091642	-1.411242e-16	-1.2445828e-16	1.2540184e-16	-1.05931045e-16	0	-3.613671e-17
2.550009999998513e-09	1.0507579e-07	-4.1819668e-08	-0.0023521197	0.14093283	-1.4112473e-16	-1.2445767e-16	1.2540114e-16	-1.0593152e-16	0	-3.613667e-17
2.560009999998392e-09	1.0544752e-07	-4.745758e-08	-0.0023533856	0.14094906	-1.4112524e-16	-1.2445705e-16	1.2540044e-16	-1.0593199e-16	0	-3.6136632e-17
2.570009999998271e-09	1.08297456e-07	-4.7147804e-08	-0.0023546345	0.1409651	-1.4112575e-16	-1.2445642e-16	1.2539972e-16	-1.0593243e-16	0	-3.61366e-17
2.58000999999815e-09	1.09242265e-07	-4.4359826e-08	-0.002355862	0.14098091	-1.4112622e-16	-1.2445581e-16	1.2539902e-16	-1.05932885e-16	0	-3.613656e-17
2.590009999998029e-09	1.05865716e-07	-3.958929e-08	-0.0023571022	0.14099658	-1.4112674e-16	-1.2445519e-16	1.2539832e-16	-1.0593334e-16	0	-3.6136523e-17
2.600009999997908e-09	1.0185413e-07	-3.878387e-08	-0.002358333	0.141012	-1.4112722e-16	-1.2445456e-16	1.2539763e-16	-1.0593379e-16	0	-3.6136484e-17
2.610009999997787e-09	9.7703136e-08	-4.002297e-08	-0.0023595463	0.14102729	-1.4112773e-16	-1.2445397e-16	1.2539693e-16	-1.0593424e-16	0	-3.613645e-17
2.620009999997666e-09	9.7765096e-08	-4.4359826e-08	-0.0023607383	0.1410424	-1.4112818e-16	-1.2445336e-16	1.2539624e-16	-1.0593466e-16	0	-3.613641e-17
2.630009999997545e-09	9.829171e-08	-4.256313e-08	-0.0023619207	0.14105737	-1.4112865e-16	-1.2445274e-16	1.2539555e-16	-1.05935095e-16	0	-3.6136374e-17
2.640009999997424e-09	1.0366631e-07	-4.3120725e-08	-0.0023630697	0.14107223	-1.4112914e-16	-1.2445214e-16	1.2539486e-16	-1.0593551e-16	0	-3.6136338e-17
2.650009999997303e-09	1.053391e-07	-5.0803152e-08	-0.0023641642	0.1410869	-1.4112957e-16	-1.2445153e-16	1.2539419e-16	-1.0593593e-16	0	-3.61363e-17
2.660009999997182e-09	1.0725971e-07	-4.758149e-08	-0.002365327	0.14110135	-1.4113004e-16	-1.2445092e-16	1.253935e-16	-1.0593634e-16	0	-3.6136265e-17
2.670009999997061e-09	1.0444075e-07	-4.844886e-08	-0.0023664497	0.14111562	-1.411305e-16	-1.2445034e-16	1.2539283e-16	-1.0593675e-16	0	-3.6136222e-17
2.68000999999694e-09	1.05881206e-07	-5.5201962e-08	-0.0023675475	0.14112972	-1.4113092e-16	-1.2444975e-16	1.2539216e-16	-1.0593716e-16	0	-3.6136186e-17
2.690009999996819e-09	1.0804963e-07	-5.259985e-08	-0.0023686374	0.14114371	-1.4113139e-16	-1.2444916e-16	1.253915e-16	-1.0593758e-16	0	-3.613615e-17
2.700009999996698e-09	1.067176e-07	-5.297158e-08	-0.0023696832	0.14115754	-1.4113182e-16	-1.2444858e-16	1.2539085e-16	-1.0593796e-16	0	-3.6136113e-17
2.710009999996577e-09	1.0770888e-07	-5.2042253e-08	-0.0023707175	0.14117125	-1.4113226e-16	-1.2444801e-16	1.2539019e-16	-1.05938364e-16	0	-3.6136077e-17
2.720009999996456e-09	1.1080663e-07	-5.0493377e-08	-0.0023717494	0.14118475	-1.411327e-16	-1.2444743e-16	1.2538954e-16	-1.0593876e-16	0	-3.6136034e-17
2.730009999996335e-09	1.1309897e-07	-5.3838953e-08	-0.0023727627	0.14119808	-1.411331e-16	-1.2444685e-16	1.2538888e-16	-1.0593915e-16	0	-3.6135994e-17
2.740009999996214e-09	1.0984633e-07	-5.7060614e-08	-0.0023737564	0.1412113	-1.4113352e-16	-1.2444629e-16	1.2538825e-16	-1.05939536e-16	0	-3.6135957e-17
2.750009999996093e-09	1.1303702e-07	-5.4892187e-08	-0.0023747724	0.14122441	-1.4113393e-16	-1.2444572e-16	1.2538762e-16	-1.059399e-16	0	-3.613592e-17
2.760009999995972e-09	1.1179792e-07	-5.712257e-08	-0.0023757168	0.14123732	-1.4113435e-16	-1.2444517e-16	1.2538698e-16	-1.0594028e-16	0	-3.613588e-17
2.770009999995851e-09	1.11519114e-07	-5.9724684e-08	-0.002376675	0.14125004	-1.4113472e-16	-1.244446e-16	1.2538635e-16	-1.0594064e-16	0	-3.613584e-17
2.78000999999573e-09	1.0849881e-07	-5.9786636e-08	-0.0023776623	0.1412627	-1.4113514e-16	-1.2444406e-16	1.2538573e-16	-1.05941025e-16	0	-3.6135802e-17
2.790009999995609e-09	1.1430709e-07	-5.687475e-08	-0.0023786302	0.14127526	-1.4113554e-16	-1.2444351e-16	1.2538511e-16	-1.05941395e-16	0	-3.6135756e-17
2.800009999995488e-09	1.16893716e-07	-5.9538817e-08	-0.0023795434	0.14128773	-1.4113594e-16	-1.2444296e-16	1.2538449e-16	-1.0594175e-16	0	-3.613572e-17
2.810009999995367e-09	1.173274e-07	-6.10877e-08	-0.002380462	0.14130005	-1.4113632e-16	-1.2444243e-16	1.253839e-16	-1.0594212e-16	0	-3.6135673e-17
2.820009999995246e-09	1.15050554e-07	-6.23268e-08	-0.002381355	0.14131229	-1.411367e-16	-1.244419e-16	1.2538331e-16	-1.05942494e-16	0	-3.6135633e-17
2.830009999995125e-09	1.1523642e-07	-6.542455e-08	-0.00238225	0.14132437	-1.411371e-16	-1.2444137e-16	1.253827e-16	-1.05942844e-16	0	-3.6135594e-17
2.840009999995004e-09	1.11627536e-07	-6.071596e-08	-0.0023831003	0.14133634	-1.4113747e-16	-1.2444084e-16	1.253821e-16	-1.05943195e-16	0	-3.6135544e-17
2.850009999994883e-09	1.15778526e-07	-6.0344234e-08	-0.0023839034	0.14134829	-1.4113786e-16	-1.2444031e-16	1.2538152e-16	-1.05943566e-16	0	-3.61355e-17
2.860009999994762e-09	1.1658394e-07	-6.2698525e-08	-0.00238476	0.14136022	-1.4113824e-16	-1.2443982e-16	1.2538094e-16	-1.059439e-16	0	-3.6135458e-17
2.870009999994641e-09	1.1819478e-07	-6.338003e-08	-0.0023856205	0.14137203	-1.411386e-16	-1.244393e-16	1.2538036e-16	-1.05944254e-16	0	-3.613541e-17
2.8800099999945198e-09	1.1618123e-07	-6.6849516e-08	-0.002386473	0.14138366	-1.4113898e-16	-1.244388e-16	1.2537978e-16	-1.05944605e-16	0	-3.6135365e-17
2.8900099999943988e-09	1.2301179e-07	-6.585823e-08	-0.002387276	0.14139524	-1.4113935e-16	-1.2443829e-16	1.2537922e-16	-1.05944955e-16	0	-3.6135322e-17
2.9000099999942778e-09	1.2350742e-07	-6.23268e-08	-0.0023880883	0.14140669	-1.4113974e-16	-1.2443781e-16	1.2537866e-16	-1.05945306e-16	0	-3.6135273e-17
2.9100099999941568e-09	1.2428185e-07	-6.2574614e-08	-0.00238886	0.14141804	-1.4114007e-16	-1.2443732e-16	1.2537812e-16	-1.0594565e-16	0	-3.6135223e-17
2.9200099999940357e-09	1.200999e-07	-6.35659e-08	-0.0023896834	0.1414293	-1.4114044e-16	-1.2443683e-16	1.2537757e-16	-1.0594599e-16	0	-3.6135173e-17
2.9300099999939147e-09	1.17497784e-07	-6.753102e-08	-0.002390438	0.14144045	-1.4114082e-16	-1.2443635e-16	1.2537702e-16	-1.0594635e-16	0	-3.613513e-17
2.9400099999937937e-09	1.1588695e-07	-6.703538e-08	-0.0023912014	0.14145146	-1.4114115e-16	-1.2443588e-16	1.2537649e-16	-1.05946676e-16	0	-3.6135077e-17
2.9500099999936727e-09	1.17435825e-07	-6.982336e-08	-0.002391947	0.14146234	-1.4114152e-16	-1.2443543e-16	1.2537595e-16	-1.05947027e-16	0	-3.613502e-17
2.9600099999935517e-09	1.1723447e-07	-7.186787e-08	-0.0023926708	0.14147301	-1.4114185e-16	-1.2443495e-16	1.2537543e-16	-1.05947364e-16	0	-3.6134968e-17
2.9700099999934307e-09	1.196817e-07	-7.0195085e-08	-0.0023934375	0.14148359	-1.4114221e-16	-1.2443451e-16	1.2537493e-16	-1.059477e-16	0	-3.6134915e-17
2.9800099999933097e-09	1.2259359e-07	-7.0319e-08	-0.002394171	0.14149413	-1.411426e-16	-1.2443408e-16	1.253744e-16	-1.0594807e-16	0	-3.6134862e-17
2.9900099999931887e-09	1.2276396e-07	-7.0257045e-08	-0.0023948245	0.14150451	-1.4114293e-16	-1.244336e-16	1.253739e-16	-1.059484e-16	0	-3.6134806e-17
3.0000099999930677e-09	1.2132351e-07	-7.508954e-08	-0.0023954588	0.14151475	-1.4114326e-16	-1.2443318e-16	1.2537341e-16	-1.0594874e-16	0	-3.6134753e-17
