# t (s)	mx ()	my ()	mz ()	spinAngle (rad)	E_total (J)	E_anis (J)	E_demag (J)	E_exch (J)	E_therm (J)	E_custom (J)
0	0	0	0	0.0015184365	-2.2052315e-16	-5.02704e-16	3.5406647e-16	3.520001e-18	0	-7.54056e-17
1.0000000000000124e-11	2.7887212e-10	-3.2629935e-10	0.0008733625	0.0072524077	-2.324174e-16	-4.919381e-16	3.4730934e-16	-1.2731032e-17	0	-7.5057595e-17
2.0009999999999403e-11	1.3431392e-09	4.363305e-10	0.0022999614	0.009266217	-2.3450539e-16	-4.819935e-16	3.4061712e-16	-1.8080277e-17	0	-7.5048734e-17
3.000999999999824e-11	3.220309e-09	3.5020267e-09	0.0041937805	0.011767599	-2.3620104e-16	-4.743824e-16	3.3504994e-16	-2.1891141e-17	0	-7.4977444e-17
4.000000000000001e-11	4.736083e-09	5.9872134e-09	0.00587782	0.014777502	-2.390805e-16	-4.7114207e-16	3.3206481e-16	-2.5290447e-17	0	-7.471285e-17
5.0000000000001785e-11	4.7332374e-09	5.5167355e-09	0.0057338118	0.01724986	-2.4328186e-16	-4.7022584e-16	3.3112858e-16	-2.9602028e-17	0	-7.4582555e-17
6.00000000000024e-11	3.9687107e-09	4.663045e-09	0.0040339623	0.018871322	-2.4739532e-16	-4.6778146e-16	3.2952957e-16	-3.447342e-17	0	-7.466995e-17
7.000999999999771e-11	3.53238e-09	4.4164237e-09	0.0019654238	0.019936752	-2.506406e-16	-4.6438714e-16	3.2731974e-16	-3.8745166e-17	0	-7.482802e-17
8.000999999999302e-11	3.407172e-09	4.211538e-09	0.0003137156	0.020656213	-2.5296136e-16	-4.611312e-16	3.2517775e-16	-4.2027065e-17	0	-7.4980806e-17
9.000999999998834e-11	3.7695163e-09	5.2511426e-09	-0.0006314785	0.021204153	-2.5456201e-16	-4.5837564e-16	3.2335398e-16	-4.4437085e-17	0	-7.5103314e-17
1.0000999999998365e-10	4.3993498e-09	6.2072756e-09	-0.00092300936	0.02167127	-2.5566218e-16	-4.560959e-16	3.218385e-16	-4.6213426e-17	0	-7.519134e-17
1.1000999999997896e-10	5.0348747e-09	7.876714e-09	-0.00080060965	0.022099711	-2.5643335e-16	-4.54149e-16	3.205377e-16	-4.7572815e-17	0	-7.5249216e-17
1.2000999999997891e-10	5.636252e-09	9.864864e-09	-0.0005467791	0.02251751	-2.5699467e-16	-4.5239135e-16	3.193564e-16	-4.867531e-17	0	-7.528439e-17
1.3000999999998715e-10	6.2926446e-09	1.1443242e-08	-0.00038598455	0.022943301	-2.5742557e-16	-4.5070994e-16	3.1821895e-16	-4.9630254e-17	0	-7.5304306e-17
1.400099999999954e-10	7.2677486e-09	1.2900206e-08	-0.0004420776	0.023414955	-2.5777942e-16	-4.4901127e-16	3.1706042e-16	-5.051443e-17	0	-7.531413e-17
1.5000000000000362e-10	9.28056e-09	1.5480248e-08	-0.0007474179	0.023977108	-2.5809737e-16	-4.4720523e-16	3.1581203e-16	-5.1388764e-17	0	-7.53154e-17
1.6000000000001186e-10	1.19915e-08	1.930478e-08	-0.0012766182	0.024693748	-2.5842824e-16	-4.452158e-16	3.144009e-16	-5.2308996e-17	0	-7.5304306e-17
1.700000000000201e-10	1.7255923e-08	2.5314758e-08	-0.0019481655	0.02565414	-2.5885594e-16	-4.430988e-16	3.1282936e-16	-5.3316846e-17	0	-7.526964e-17
1.8000000000002833e-10	2.438139e-08	3.2387106e-08	-0.0025827668	0.026899612	-2.5951877e-16	-4.4113209e-16	3.1127738e-16	-5.4463967e-17	0	-7.520014e-17
1.9000000000003657e-10	3.3039704e-08	3.8123904e-08	-0.0029567946	0.028363077	-2.605361e-16	-4.3953855e-16	3.0995988e-16	-5.5846755e-17	0	-7.511068e-17
2.000000000000448e-10	4.0516134e-08	4.064324e-08	-0.0029602821	0.029924458	-2.6191196e-16	-4.382775e-16	3.0889738e-16	-5.749841e-17	0	-7.503346e-17
2.1000000000005304e-10	4.2536534e-08	3.5847396e-08	-0.002591875	0.031478383	-2.6357744e-16	-4.3731718e-16	3.0806279e-16	-5.9345094e-17	0	-7.4977987e-17
2.2000000000006128e-10	3.4838145e-08	2.521611e-08	-0.0017830868	0.03287865	-2.654626e-16	-4.367212e-16	3.075023e-16	-6.1297094e-17	0	-7.4946574e-17
2.3000000000006952e-10	1.5662367e-08	1.2270373e-08	-0.00040749635	0.0339494	-2.674401e-16	-4.3643913e-16	3.0724807e-16	-6.3274526e-17	0	-7.4974546e-17
2.4000000000005925e-10	5.463617e-10	-1.7567046e-09	0.0010453939	0.03467181	-2.6923633e-16	-4.3605261e-16	3.0702276e-16	-6.516871e-17	0	-7.503776e-17
2.5000000000004163e-10	-5.977728e-09	-8.242853e-09	0.0018326315	0.035157643	-2.7068282e-16	-4.353107e-16	3.0656476e-16	-6.6849217e-17	0	-7.508768e-17
2.60000000000024e-10	-7.770478e-09	-7.846361e-09	0.0017766536	0.03548001	-2.718325e-16	-4.3416447e-16	3.0580513e-16	-6.834527e-17	0	-7.51279e-17
2.700000000000064e-10	-7.48212e-09	-4.7351345e-09	0.0012553964	0.03569789	-2.7279284e-16	-4.3275776e-16	3.0484853e-16	-6.971977e-17	0	-7.516384e-17
2.800099999999888e-10	-6.912993e-09	-2.807692e-09	0.0007449906	0.03587188	-2.7362079e-16	-4.3130513e-16	3.0385219e-16	-7.097863e-17	0	-7.518922e-17
2.9000999999997117e-10	-6.0972445e-09	-1.851559e-09	0.00049496634	0.03604131	-2.7433518e-16	-4.2993942e-16	3.0291346e-16	-7.210732e-17	0	-7.5201914e-17
3.0000999999995355e-10	-5.4142926e-09	-1.2444905e-09	0.0005072322	0.036234744	-2.7495256e-16	-4.2869e-16	3.0205581e-16	-7.3113713e-17	0	-7.5204674e-17
3.1000999999993594e-10	-4.3557167e-09	-1.1230767e-09	0.0006615506	0.036469515	-2.7549185e-16	-4.2753575e-16	3.0126577e-16	-7.4022256e-17	0	-7.5199605e-17
3.2000999999991833e-10	-3.870062e-09	-9.106028e-11	0.0008304028	0.03674611	-2.7597241e-16	-4.264417e-16	3.005185e-16	-7.48628e-17	0	-7.518642e-17
3.300099999999007e-10	-3.763825e-09	1.3051974e-09	0.00094003085	0.037060786	-2.7641123e-16	-4.253751e-16	2.9979013e-16	-7.566323e-17	0	-7.5163044e-17
3.400099999998831e-10	-2.9215173e-09	2.5496878e-09	0.000979223	0.03741399	-2.7682315e-16	-4.2430766e-16	2.990595e-16	-7.644863e-17	0	-7.5126356e-17
3.500099999998655e-10	-1.9881494e-09	4.0066523e-09	0.00097671	0.03780569	-2.7722155e-16	-4.2321287e-16	2.9830682e-16	-7.724278e-17	0	-7.507272e-17
3.600099999998479e-10	-2.0678272e-09	6.313513e-09	0.0009709484	0.038239725	-2.776194e-16	-4.2206416e-16	2.9751257e-16	-7.8069796e-17	0	-7.4998e-17
3.7000999999983027e-10	-1.7756755e-09	8.49896e-09	0.0009889571	0.03872725	-2.7803047e-16	-4.208343e-16	2.966565e-16	-7.895543e-17	0	-7.4897254e-17
3.8000999999981266e-10	-1.7187628e-09	1.0745113e-08	0.0010394326	0.039285112	-2.7846955e-16	-4.1949407e-16	2.957172e-16	-7.992782e-17	0	-7.476485e-17
3.9000999999979505e-10	-1.6997919e-09	1.3962576e-08	0.0011166246	0.0399263	-2.7895294e-16	-4.1801155e-16	2.9467127e-16	-8.1017715e-17	0	-7.459496e-17
4.0000999999977743e-10	-8.6886687e-10	1.699792e-08	0.0012082318	0.040696107	-2.7949906e-16	-4.1635169e-16	2.9349318e-16	-8.2258294e-17	0	-7.438225e-17
4.100099999997598e-10	-1.2520789e-10	2.0701037e-08	0.0013019624	0.041589063	-2.8012825e-16	-4.1447675e-16	2.9215567e-16	-8.3684393e-17	0	-7.4122814e-17
4.200099999997422e-10	1.2369021e-09	2.3797087e-08	0.001388446	0.04267751	-2.808628e-16	-4.123471e-16	2.9063034e-16	-8.533124e-17	0	-7.381481e-17
4.300099999997246e-10	2.9860183e-09	2.6468188e-08	0.0014612863	0.044037	-2.81726e-16	-4.0992138e-16	2.8888768e-16	-8.723381e-17	0	-7.345847e-17
4.40009999999707e-10	4.6668394e-09	2.8289394e-08	0.0015172282	0.045667425	-2.8274206e-16	-4.07157e-16	2.868968e-16	-8.942693e-17	0	-7.305492e-17
4.5000999999968937e-10	7.2848225e-09	2.8046566e-08	0.001558672	0.04755653	-2.8393556e-16	-4.0401203e-16	2.8462705e-16	-9.194643e-17	0	-7.2604124e-17
4.6000999999967176e-10	1.1276298e-08	2.4373803e-08	0.001596953	0.04971184	-2.853327e-16	-4.0045238e-16	2.820521e-16	-9.482918e-17	0	-7.210324e-17
4.700099999996541e-10	1.6041787e-08	1.657297e-08	0.0016506432	0.052183535	-2.8696108e-16	-3.964652e-16	2.791593e-16	-9.810703e-17	0	-7.154819e-17
4.800099999996365e-10	2.0595749e-08	9.409562e-10	0.0017304628	0.05492138	-2.8884551e-16	-3.9207427e-16	2.759608e-16	-1.01792806e-16	0	-7.093923e-17
4.900099999996189e-10	2.3135003e-08	-2.5603116e-08	0.0018108878	0.057849873	-2.9100325e-16	-3.8734642e-16	2.7250154e-16	-1.05870575e-16	0	-7.0287787e-17
5.000099999996013e-10	2.0898334e-08	-6.468505e-08	0.0018380372	0.060934596	-2.9343405e-16	-3.823919e-16	2.6886885e-16	-1.1028447e-16	0	-6.962648e-17
5.100099999995837e-10	1.4431158e-08	-1.04969736e-07	0.0018151845	0.064107	-2.9609852e-16	-3.773728e-16	2.651941e-16	-1.148994e-16	0	-6.902044e-17
5.200099999995661e-10	1.0145633e-08	-1.292449e-07	0.0018535864	0.06726983	-2.989017e-16	-3.7250373e-16	2.6163765e-16	-1.1948312e-16	0	-6.8552534e-17
5.300099999995485e-10	1.1807483e-08	-1.2250644e-07	0.0020464235	0.07034619	-3.0170668e-16	-3.6797896e-16	2.5833565e-16	-1.2378256e-16	0	-6.828079e-17
5.400099999995309e-10	1.3567981e-08	-7.734053e-08	0.0022797403	0.073234566	-3.044043e-16	-3.6378546e-16	2.5528144e-16	-1.2769718e-16	0	-6.820311e-17
5.500099999995133e-10	1.0502285e-08	-1.2475258e-08	0.002314545	0.07583276	-3.0698597e-16	-3.5976126e-16	2.5236952e-16	-1.3133655e-16	0	-6.825768e-17
5.600099999994956e-10	1.3704573e-08	3.6150933e-08	0.0020829332	0.078113325	-3.0948207e-16	-3.559022e-16	2.495979e-16	-1.3480941e-16	0	-6.8368383e-17
5.70009999999478e-10	2.0033262e-08	7.2605395e-08	0.001736798	0.08014022	-3.118761e-16	-3.5234382e-16	2.4705e-16	-1.380893e-16	0	-6.849298e-17
5.800099999994604e-10	1.5100829e-08	1.0159292e-07	0.0014488064	0.08199909	-3.1412254e-16	-3.4909486e-16	2.4472333e-16	-1.4113918e-16	0	-6.861182e-17
5.900099999994428e-10	4.128066e-09	1.09849054e-07	0.0012683054	0.08373127	-3.1621405e-16	-3.459898e-16	2.4249974e-16	-1.4402774e-16	0	-6.869625e-17
6.000099999994252e-10	1.5556131e-09	1.2308314e-07	0.0011440581	0.0853917	-3.1820217e-16	-3.4289379e-16	2.4028189e-16	-1.4688228e-16	0	-6.870799e-17
6.100099999994076e-10	4.723752e-09	1.3917806e-07	0.0010337883	0.08703731	-3.2015175e-16	-3.3973856e-16	2.3802158e-16	-1.4980068e-16	0	-6.863411e-17
6.2000999999939e-10	9.424739e-09	1.2710876e-07	0.00092102605	0.08874074	-3.2210199e-16	-3.3647428e-16	2.356823e-16	-1.5282404e-16	0	-6.848596e-17
6.300099999993724e-10	2.548929e-08	8.4443236e-08	0.0007959338	0.090563215	-3.2406964e-16	-3.3306516e-16	2.332359e-16	-1.5596097e-16	0	-6.827939e-17
6.400099999993547e-10	5.2048538e-08	2.692349e-08	0.0006644927	0.092579484	-3.2606832e-16	-3.2949878e-16	2.3067216e-16	-1.5920891e-16	0	-6.803274e-17
6.500099999993371e-10	6.450103e-08	-3.445114e-08	0.0005362157	0.094830304	-3.2811274e-16	-3.2579288e-16	2.2800512e-16	-1.6255655e-16	0	-6.77684e-17
6.600099999993195e-10	5.7944693e-08	-9.367068e-08	0.0004197301	0.09726814	-3.302091e-16	-3.2200217e-16	2.2527678e-16	-1.6596961e-16	0	-6.7514104e-17
6.700099999993019e-10	3.8275672e-08	-1.4630352e-07	0.00032886633	0.09983688	-3.323445e-16	-3.1821207e-16	2.2254978e-16	-1.6937619e-16	0	-6.730602e-17
6.800099999992843e-10	1.3522452e-08	-1.83274e-07	0.00027108256	0.1024453	-3.3448288e-16	-3.1451413e-16	2.198909e-16	-1.7267645e-16	0	-6.718321e-17
6.900099999992667e-10	-1.3370684e-08	-1.9262285e-07	0.000213849	0.10499956	-3.3657847e-16	-3.109895e-16	2.1736091e-16	-1.7578037e-16	0	-6.716955e-17
7.000099999992491e-10	-4.3648228e-08	-1.5808065e-07	9.4203744e-05	0.10746158	-3.3859986e-16	-3.077103e-16	2.150154e-16	-1.7864334e-16	0	-6.726161e-17
7.100099999992315e-10	-7.720394e-08	-7.630852e-08	-0.000107839594	0.10981351	-3.4053964e-16	-3.0474832e-16	2.129088e-16	-1.812615e-16	0	-6.7438626e-17
7.200099999992138e-10	-9.87397e-08	3.7334715e-08	-0.0003584168	0.11203812	-3.423939e-16	-3.021749e-16	2.110895e-16	-1.8363971e-16	0	-6.766882e-17
7.300099999991962e-10	-9.107546e-08	1.4314676e-07	-0.0006025369	0.114134625	-3.441355e-16	-3.0001036e-16	2.0956308e-16	-1.8579003e-16	0	-6.7898194e-17
7.400099999991786e-10	-5.8035752e-08	1.9098376e-07	-0.0007277897	0.116113216	-3.4572613e-16	-2.9816068e-16	2.082567e-16	-1.8775432e-16	0	-6.806784e-17
7.50009999999161e-10	-2.0670683e-08	1.5826276e-07	-0.00059905066	0.11794195	-3.4715608e-16	-2.9647458e-16	2.0706733e-16	-1.8957066e-16	0	-6.817817e-17
7.600099999991434e-10	7.861537e-09	7.4517665e-08	-0.00022646382	0.11958959	-3.4845736e-16	-2.9486474e-16	2.0593957e-16	-1.9123897e-16	0	-6.829323e-17
7.700099999991258e-10	2.4996046e-08	-2.4586275e-09	0.00022041718	0.12109004	-3.4967442e-16	-2.9331875e-16	2.0486516e-16	-1.9275264e-16	0	-6.846818e-17
7.800099999991082e-10	3.0368604e-08	-3.7425774e-08	0.00057729206	0.12250379	-3.5083636e-16	-2.918556e-16	2.0385398e-16	-1.941213e-16	0	-6.871344e-17
7.900099999990906e-10	1.5768606e-08	-2.1641993e-08	0.00078881136	0.123868525	-3.5195595e-16	-2.9049376e-16	2.0291515e-16	-1.953735e-16	0	-6.9003843e-17
8.00009999999073e-10	-1.6679207e-08	1.9820789e-08	0.00085924176	0.12516852	-3.530391e-16	-2.8923782e-16	2.0205014e-16	-1.9655185e-16	0	-6.929957e-17
8.100099999990553e-10	-5.680644e-08	5.0538457e-08	0.00077257596	0.12639835	-3.5408566e-16	-2.8809592e-16	2.0126417e-16	-1.9768378e-16	0	-6.957013e-17
8.200099999990377e-10	-9.981724e-08	3.1749686e-08	0.00053458393	0.12752888	-3.5508616e-16	-2.8708805e-16	2.0057114e-16	-1.9875702e-16	0	-6.9812224e-17
8.300099999990201e-10	-1.4568127e-07	-3.1597917e-08	0.00023348954	0.12849796	-3.5603429e-16	-2.8621609e-16	1.9997292e-16	-1.9973844e-16	0	-7.005267e-17
8.400099999990025e-10	-2.1074385e-07	-8.043658e-08	2.0681612e-06	0.12931088	-3.5693955e-16	-2.8545206e-16	1.9945105e-16	-2.0060734e-16	0	-7.03312e-17
8.500099999989849e-10	-2.9867772e-07	-6.428856e-08	-6.112525e-05	0.12999901	-3.5781467e-16	-2.847835e-16	1.9899656e-16	-2.0137221e-16	0	-7.065556e-17
8.600099999989673e-10	-3.5654654e-07	1.754428e-08	5.2033058e-05	0.1306191	-3.586471e-16	-2.8423003e-16	1.9862035e-16	-2.020662e-16	0	-7.097121e-17
8.700099999989497e-10	-3.8045744e-07	7.233221e-08	0.0002708202	0.13120267	-3.5939955e-16	-2.8378865e-16	1.9831545e-16	-2.0271101e-16	0	-7.121537e-17
8.800099999989321e-10	-4.1001408e-07	1.2414551e-08	0.00045258712	0.13176958	-3.6004462e-16	-2.834116e-16	1.980508e-16	-2.0329983e-16	0	-7.138397e-17
8.900099999989144e-10	-4.7125212e-07	-1.1944073e-07	0.00047012963	0.13233179	-3.6058637e-16	-2.8306645e-16	1.9780811e-16	-2.038095e-16	0	-7.151856e-17
9.000099999988968e-10	-6.253716e-07	-2.7655008e-07	0.00035167692	0.13284661	-3.6104464e-16	-2.8274778e-16	1.9758595e-16	-2.0423175e-16	0	-7.165109e-17
9.100099999988792e-10	-8.621739e-07	-4.4322073e-07	0.00022070884	0.13335215	-3.6143915e-16	-2.8245722e-16	1.9738581e-16	-2.0458195e-16	0	-7.1785824e-17
9.200099999988616e-10	-1.1217412e-06	-6.101646e-07	0.00014091632	0.13383187	-3.6178646e-16	-2.8219834e-16	1.9720936e-16	-2.0488452e-16	0	-7.191298e-17
9.30009999998844e-10	-1.386666e-06	-8.015733e-07	8.590008e-05	0.13426502	-3.6209883e-16	-2.819737e-16	1.9705704e-16	-2.0516132e-16	0	-7.2020856e-17
9.400099999989161e-10	-1.6766475e-06	-1.0688959e-06	2.1236881e-05	0.13463825	-3.6238513e-16	-2.817831e-16	1.9692791e-16	-2.0542538e-16	0	-7.21046e-17
9.50009999999002e-10	-1.9932033e-06	-1.4578599e-06	-4.584005e-05	0.13494363	-3.6265377e-16	-2.816243e-16	1.9682041e-16	-2.0568023e-16	0	-7.216965e-17
9.600099999990877e-10	-2.2233885e-06	-1.8992595e-06	-9.315183e-05	0.1351899	-3.6291275e-16	-2.8149187e-16	1.9673122e-16	-2.0592439e-16	0	-7.2227704e-17
9.700099999991735e-10	-2.1231463e-06	-2.15309e-06	-0.000117061114	0.13538215	-3.6316845e-16	-2.8137712e-16	1.9665483e-16	-2.0615646e-16	0	-7.2289696e-17
9.800099999992593e-10	-1.5552944e-06	-1.9709694e-06	-0.00012496828	0.13553682	-3.6342473e-16	-2.8127383e-16	1.965873e-16	-2.0637628e-16	0	-7.236187e-17
9.90009999999345e-10	-7.5787955e-07	-1.3696073e-06	-0.00011516806	0.13566521	-3.6368352e-16	-2.811809e-16	1.965279e-16	-2.0658215e-16	0	-7.2448396e-17
1.0000099999994308e-09	-6.525987e-08	-5.7480287e-07	-8.5324275e-05	0.13578628	-3.6394327e-16	-2.810914e-16	1.9647128e-16	-2.0677423e-16	0	-7.254893e-17
1.0100099999995166e-09	4.5926254e-07	1.4939957e-07	-5.3979806e-05	0.13590293	-3.6419328e-16	-2.8099916e-16	1.9641154e-16	-2.0695794e-16	0	-7.2647706e-17
1.0200099999996024e-09	8.8522734e-07	6.047313e-07	-4.7127884e-05	0.13602653	-3.6441864e-16	-2.8091384e-16	1.9635441e-16	-2.0713464e-16	0	-7.272457e-17
1.0300099999996882e-09	1.1622631e-06	8.130924e-07	-6.5595304e-05	0.13615566	-3.6461158e-16	-2.8083872e-16	1.963028e-16	-2.0730055e-16	0	-7.2775125e-17
1.040009999999774e-09	1.2400134e-06	8.995086e-07	-8.862071e-05	0.13628644	-3.647732e-16	-2.8076868e-16	1.9625413e-16	-2.074509e-16	0	-7.280777e-17
1.0500099999998598e-09	1.1512751e-06	9.2213713e-07	-0.00010591291	0.13641796	-3.6490902e-16	-2.8070288e-16	1.962084e-16	-2.0758393e-16	0	-7.283063e-17
1.0600099999999456e-09	1.0047288e-06	8.572415e-07	-0.00012462614	0.13653597	-3.6502533e-16	-2.806429e-16	1.9616685e-16	-2.0770013e-16	0	-7.28491e-17
1.0700000000000313e-09	8.9258805e-07	7.0964796e-07	-0.00015209695	0.13664675	-3.651268e-16	-2.8058946e-16	1.9612982e-16	-2.078009e-16	0	-7.286627e-17
1.080000000000117e-09	8.1022404e-07	5.223825e-07	-0.00018774241	0.1367415	-3.6521718e-16	-2.8054237e-16	1.9609747e-16	-2.0788919e-16	0	-7.2883076e-17
1.0900000000002028e-09	7.0984527e-07	3.290615e-07	-0.00022699134	0.13681534	-3.652993e-16	-2.8050224e-16	1.9607023e-16	-2.0796792e-16	0	-7.289931e-17
1.1000000000002886e-09	5.6056706e-07	1.5056817e-07	-0.00026563043	0.13686696	-3.6537552e-16	-2.8046886e-16	1.9604801e-16	-2.0803982e-16	0	-7.291484e-17
1.1100000000003744e-09	3.5842845e-07	-8.969438e-09	-0.00030063663	0.13689944	-3.6544842e-16	-2.8044162e-16	1.9603046e-16	-2.0810693e-16	0	-7.293031e-17
1.1200000000004602e-09	1.1488772e-07	-1.6597254e-07	-0.00033023296	0.13691138	-3.6552097e-16	-2.8042008e-16	1.9601747e-16	-2.0817081e-16	0	-7.294752e-17
1.130000000000546e-09	-1.6436381e-07	-3.4026192e-07	-0.00035430913	0.13690537	-3.6559731e-16	-2.8040443e-16	1.9600937e-16	-2.0823224e-16	0	-7.297004e-17
1.1400000000006318e-09	-4.7651844e-07	-5.527966e-07	-0.00037445396	0.13688545	-3.6568387e-16	-2.8039551e-16	1.960073e-16	-2.0829181e-16	0	-7.300382e-17
1.1500000000007175e-09	-7.444026e-07	-7.184656e-07	-0.00039310846	0.13685243	-3.6578872e-16	-2.803952e-16	1.9601281e-16	-2.0835049e-16	0	-7.305583e-17
1.1600000000008033e-09	-6.4117063e-07	-5.7264776e-07	-0.00041344334	0.13682391	-3.6591323e-16	-2.8040478e-16	1.9602599e-16	-2.084112e-16	0	-7.312327e-17
1.1700000000008891e-09	8.0269636e-08	-7.1269845e-08	-0.0004456451	0.13682899	-3.6603984e-16	-2.8041923e-16	1.9604056e-16	-2.0847995e-16	0	-7.3181185e-17
1.1800000000009749e-09	9.235334e-07	2.5193344e-07	-0.00050229736	0.1368599	-3.6614564e-16	-2.8042124e-16	1.9604301e-16	-2.0855882e-16	0	-7.320859e-17
1.1900000000010607e-09	1.2358549e-06	2.4880703e-07	-0.00055666204	0.13690323	-3.662271e-16	-2.8040375e-16	1.9603048e-16	-2.0863864e-16	0	-7.321523e-17
1.2000000000011465e-09	1.0112548e-06	3.131563e-07	-0.0005575519	0.1369369	-3.6629365e-16	-2.8037468e-16	1.9601001e-16	-2.0871171e-16	0	-7.321727e-17
1.2100000000012322e-09	6.4922943e-07	5.038669e-07	-0.0005052704	0.13696168	-3.6635276e-16	-2.803422e-16	1.959871e-16	-2.0877697e-16	0	-7.322071e-17
1.220000000001318e-09	4.5753237e-07	6.3981986e-07	-0.00044637802	0.13699163	-3.6640684e-16	-2.8031176e-16	1.9596536e-16	-2.0883483e-16	0	-7.322558e-17
1.2300000000014038e-09	4.541176e-07	6.1404984e-07	-0.00041027603	0.13702914	-3.6645634e-16	-2.8028506e-16	1.9594589e-16	-2.0888633e-16	0	-7.323085e-17
1.2400000000014896e-09	4.4791034e-07	4.5566566e-07	-0.00039202982	0.1370741	-3.6650176e-16	-2.8026097e-16	1.9592833e-16	-2.0893316e-16	0	-7.323598e-17
1.2500000000015754e-09	3.463326e-07	2.6783863e-07	-0.00037810646	0.13712144	-3.6654382e-16	-2.802388e-16	1.959123e-16	-2.0897666e-16	0	-7.3240656e-17
1.2600000000016612e-09	1.9430746e-07	1.08574206e-07	-0.00036311895	0.13716751	-3.6658305e-16	-2.8021907e-16	1.9589817e-16	-2.0901778e-16	0	-7.324436e-17
1.270000000001747e-09	6.779438e-08	-1.5540955e-08	-0.0003470628	0.13721253	-3.6661966e-16	-2.8020226e-16	1.9588628e-16	-2.0905702e-16	0	-7.324665e-17
1.2800000000018327e-09	-1.3476922e-08	-1.0226069e-07	-0.00033023127	0.13725603	-3.6665404e-16	-2.8018841e-16	1.9587655e-16	-2.0909472e-16	0	-7.324744e-17
1.2900000000019185e-09	-5.0067978e-08	-1.5528813e-07	-0.00031298053	0.13729817	-3.6668636e-16	-2.8017714e-16	1.9586865e-16	-2.0913102e-16	0	-7.324691e-17
1.3000000000020043e-09	-5.5288766e-08	-1.7817462e-07	-0.00029654824	0.13733903	-3.6671693e-16	-2.8016771e-16	1.958621e-16	-2.0916584e-16	0	-7.3245507e-17
1.3100000000020901e-09	-3.6591057e-08	-1.80269e-07	-0.00028225293	0.13737738	-3.6674605e-16	-2.8015961e-16	1.958565e-16	-2.091992e-16	0	-7.324372e-17
1.3200000000021759e-09	-1.071476e-08	-1.7092015e-07	-0.0002702842	0.13741419	-3.6677382e-16	-2.8015242e-16	1.9585149e-16	-2.0923094e-16	0	-7.324196e-17
1.3300000000022617e-09	1.03960485e-08	-1.5543989e-07	-0.00025981822	0.13744996	-3.668004e-16	-2.8014574e-16	1.9584691e-16	-2.0926106e-16	0	-7.324054e-17
1.3400000000023475e-09	2.4904987e-08	-1.4785154e-07	-0.00024992944	0.13748483	-3.66826e-16	-2.801395e-16	1.9584263e-16	-2.092896e-16	0	-7.323958e-17
1.3500000000024332e-09	2.8683989e-08	-1.4272182e-07	-0.0002402625	0.13752045	-3.6685074e-16	-2.801333e-16	1.9583841e-16	-2.093167e-16	0	-7.323914e-17
1.360000000002519e-09	3.033825e-08	-1.4108272e-07	-0.00023088553	0.13755664	-3.6687477e-16	-2.801271e-16	1.9583422e-16	-2.0934266e-16	0	-7.323921e-17
1.3700000000026048e-09	3.8366732e-08	-1.408399e-07	-0.00022190352	0.13759387	-3.6689812e-16	-2.8012078e-16	1.9582994e-16	-2.0936757e-16	0	-7.323968e-17
1.3800000000026906e-09	3.883721e-08	-1.4320747e-07	-0.00021325074	0.13763227	-3.669209e-16	-2.8011433e-16	1.9582556e-16	-2.0939172e-16	0	-7.324042e-17
1.3900000000027764e-09	4.0552177e-08	-1.5207067e-07	-0.00020475584	0.13767101	-3.6694314e-16	-2.801077e-16	1.9582115e-16	-2.0941522e-16	0	-7.32413e-17
1.4000000000028622e-09	4.207744e-08	-1.5859665e-07	-0.00019614537	0.13770965	-3.6696482e-16	-2.8010104e-16	1.9581668e-16	-2.0943829e-16	0	-7.3242204e-17
1.410000000002948e-09	4.323087e-08	-1.6585112e-07	-0.00018723567	0.13774838	-3.6698613e-16	-2.8009431e-16	1.9581223e-16	-2.0946096e-16	0	-7.324305e-17
1.4200000000030337e-09	4.4346358e-08	-1.7638376e-07	-0.00017802618	0.13778666	-3.67007e-16	-2.8008762e-16	1.9580776e-16	-2.0948333e-16	0	-7.324379e-17
1.4300000000031195e-09	4.22975e-08	-1.8843407e-07	-0.00016859124	0.13782457	-3.6702748e-16	-2.8008095e-16	1.958033e-16	-2.0950537e-16	0	-7.324445e-17
1.4400000000032053e-09	3.939116e-08	-1.9669021e-07	-0.00015901201	0.13786224	-3.6704754e-16	-2.8007428e-16	1.9579884e-16	-2.0952707e-16	0	-7.324501e-17
1.450000000003291e-09	3.72133e-08	-2.0616048e-07	-0.0001493263	0.1379	-3.6706729e-16	-2.8006766e-16	1.957944e-16	-2.0954851e-16	0	-7.32455e-17
1.4600000000033769e-09	3.3555715e-08	-2.1423449e-07	-0.00013958679	0.13793789	-3.6708674e-16	-2.800611e-16	1.9578993e-16	-2.0956962e-16	0	-7.324595e-17
1.4700000000034627e-09	3.2151867e-08	-2.2015341e-07	-0.00012982209	0.13797536	-3.6710585e-16	-2.8005453e-16	1.9578545e-16	-2.0959039e-16	0	-7.324637e-17
1.4800000000035485e-09	3.0459663e-08	-2.2534384e-07	-0.000120106204	0.13801156	-3.6712467e-16	-2.8004804e-16	1.9578095e-16	-2.0961086e-16	0	-7.3246764e-17
1.4900000000036342e-09	2.812245e-08	-2.3183948e-07	-0.00011051094	0.13804562	-3.671433e-16	-2.8004156e-16	1.9577649e-16	-2.0963109e-16	0	-7.324714e-17
1.50000000000372e-09	2.5610705e-08	-2.378191e-07	-0.00010119559	0.13807772	-3.6716165e-16	-2.8003507e-16	1.9577199e-16	-2.0965104e-16	0	-7.32475e-17
1.5100000000038058e-09	2.4775984e-08	-2.3523906e-07	-9.219866e-05	0.13810755	-3.671798e-16	-2.8002864e-16	1.9576747e-16	-2.0967082e-16	0	-7.324785e-17
1.5200000000038916e-09	2.1125985e-08	-2.3435881e-07	-8.358824e-05	0.13813496	-3.6719778e-16	-2.8002218e-16	1.9576293e-16	-2.0969035e-16	0	-7.324818e-17
1.5300000000039774e-09	1.5503012e-08	-2.378798e-07	-7.546997e-05	0.13816081	-3.6721565e-16	-2.8001573e-16	1.9575834e-16	-2.0970977e-16	0	-7.3248484e-17
1.5400000000040632e-09	8.643139e-09	-2.35664e-07	-6.7910936e-05	0.13818458	-3.6723336e-16	-2.8000924e-16	1.9575366e-16	-2.09729e-16	0	-7.324876e-17
1.550000000004149e-09	6.51081e-09	-2.3108063e-07	-6.090755e-05	0.13820624	-3.6725085e-16	-2.800026e-16	1.9574889e-16	-2.0974815e-16	0	-7.324901e-17
1.5600000000042347e-09	2.9518707e-09	-2.3271973e-07	-5.443626e-05	0.13822624	-3.6726832e-16	-2.7999585e-16	1.9574397e-16	-2.0976718e-16	0	-7.3249245e-17
1.5700000000043205e-09	-3.7941783e-10	-2.3223407e-07	-4.849828e-05	0.13824494	-3.6728566e-16	-2.7998894e-16	1.9573891e-16	-2.0978621e-16	0	-7.324944e-17
1.5800000000044063e-09	-5.4408518e-09	-2.2947191e-07	-4.3047898e-05	0.13826196	-3.6730284e-16	-2.799818e-16	1.9573368e-16	-2.0980511e-16	0	-7.324963e-17
1.590000000004492e-09	-4.2418913e-09	-2.236137e-07	-3.8074366e-05	0.13827743	-3.6731997e-16	-2.799744e-16	1.9572824e-16	-2.0982397e-16	0	-7.32498e-17
1.6000000000045779e-09	-9.075674e-09	-2.2024446e-07	-3.3506236e-05	0.1382917	-3.67337e-16	-2.7996678e-16	1.9572258e-16	-2.0984282e-16	0	-7.324995e-17
1.6100000000046637e-09	-9.348855e-09	-2.1757336e-07	-2.9330455e-05	0.13830468	-3.6735382e-16	-2.7995884e-16	1.9571672e-16	-2.0986158e-16	0	-7.325009e-17
1.6200000000047495e-09	-1.200478e-08	-2.1341495e-07	-2.5503618e-05	0.13831675	-3.673707e-16	-2.7995066e-16	1.9571056e-16	-2.0988036e-16	0	-7.325025e-17
1.6300000000048352e-09	-1.18378365e-08	-2.0904405e-07	-2.2018921e-05	0.13832843	-3.6738733e-16	-2.7994214e-16	1.957042e-16	-2.0989903e-16	0	-7.325039e-17
1.640000000004921e-09	-1.606455e-08	-2.041875e-07	-1.8859919e-05	0.13833988	-3.6740393e-16	-2.799333e-16	1.9569759e-16	-2.0991766e-16	0	-7.3250556e-17
1.6500000000050068e-09	-2.193035e-08	-2.0239665e-07	-1.5996984e-05	0.13834998	-3.674203e-16	-2.799241e-16	1.9569072e-16	-2.0993619e-16	0	-7.3250714e-17
1.6600000000050926e-09	-1.860665e-08	-1.9222826e-07	-1.3395149e-05	0.13835874	-3.6743657e-16	-2.7991466e-16	1.9568364e-16	-2.0995464e-16	0	-7.32509e-17
1.6700000000051784e-09	-2.331902e-08	-1.8527732e-07	-1.1026489e-05	0.13836592	-3.6745269e-16	-2.7990495e-16	1.9567632e-16	-2.09973e-16	0	-7.325109e-17
1.6800000000052642e-09	-2.7826504e-08	-1.8049666e-07	-8.893129e-06	0.13837177	-3.6746854e-16	-2.798949e-16	1.9566877e-16	-2.0999117e-16	0	-7.325129e-17
1.69000000000535e-09	-2.9807065e-08	-1.7313594e-07	-6.9404323e-06	0.13837656	-3.6748426e-16	-2.798846e-16	1.9566106e-16	-2.1000925e-16	0	-7.32515e-17
1.7000000000054357e-09	-3.2895525e-08	-1.6862846e-07	-5.134525e-06	0.1383808	-3.6749978e-16	-2.7987403e-16	1.9565314e-16	-2.1002717e-16	0	-7.3251734e-17
1.7100000000055215e-09	-3.533139e-08	-1.5676028e-07	-3.457984e-06	0.138384	-3.67515e-16	-2.7986329e-16	1.9564506e-16	-2.1004481e-16	0	-7.3251965e-17
1.7200000000056073e-09	-3.6279932e-08	-1.5018875e-07	-1.9245895e-06	0.13838609	-3.6753e-16	-2.7985238e-16	1.9563687e-16	-2.1006227e-16	0	-7.325221e-17
1.730000000005693e-09	-4.0324526e-08	-1.3995965e-07	-4.6465027e-07	0.1383873	-3.6754472e-16	-2.7984132e-16	1.9562853e-16	-2.100795e-16	0	-7.3252455e-17
1.7400000000057789e-09	-4.0157584e-08	-1.3133928e-07	9.199517e-07	0.13838755	-3.6755917e-16	-2.7983015e-16	1.9562013e-16	-2.1009645e-16	0	-7.32527e-17
1.7500000000058647e-09	-4.5939913e-08	-1.1953179e-07	2.1646242e-06	0.13838731	-3.6757328e-16	-2.7981887e-16	1.9561166e-16	-2.1011315e-16	0	-7.325294e-17
1.7600000000059504e-09	-4.663804e-08	-1.1208003e-07	3.303849e-06	0.1383867	-3.6758707e-16	-2.7980757e-16	1.9560313e-16	-2.1012949e-16	0	-7.3253176e-17
1.7700000000060362e-09	-4.3830347e-08	-1.0332307e-07	4.300504e-06	0.13838546	-3.6760052e-16	-2.797963e-16	1.9559466e-16	-2.101455e-16	0	-7.3253414e-17
1.780000000006122e-09	-4.913461e-08	-9.6493544e-08	5.1710704e-06	0.13838357	-3.6761365e-16	-2.7978504e-16	1.955862e-16	-2.1016116e-16	0	-7.3253626e-17
1.7900000000062078e-09	-5.236725e-08	-8.914802e-08	5.86926e-06	0.13838099	-3.6762638e-16	-2.797739e-16	1.9557779e-16	-2.1017644e-16	0	-7.325383e-17
1.8000000000062936e-09	-5.2336897e-08	-8.0800824e-08	6.3578896e-06	0.13837853	-3.676388e-16	-2.7976289e-16	1.9556948e-16	-2.1019137e-16	0	-7.325403e-17
1.8100000000063794e-09	-5.2777022e-08	-7.321247e-08	6.582323e-06	0.13837628	-3.6765087e-16	-2.7975198e-16	1.9556126e-16	-2.1020596e-16	0	-7.32542e-17
1.8200000000064652e-09	-4.7138872e-08	-6.68686e-08	6.619627e-06	0.1383741	-3.6766254e-16	-2.797412e-16	1.9555313e-16	-2.1022014e-16	0	-7.325434e-17
1.830000000006551e-09	-5.111517e-08	-6.246735e-08	6.44036e-06	0.13837175	-3.6767392e-16	-2.7973065e-16	1.9554514e-16	-2.1023392e-16	0	-7.325448e-17
1.8400000000066367e-09	-5.1175878e-08	-5.7018912e-08	5.9758004e-06	0.13836963	-3.6768488e-16	-2.7972027e-16	1.9553729e-16	-2.1024732e-16	0	-7.3254586e-17
1.8500000000067225e-09	-5.0128683e-08	-5.4044275e-08	5.252964e-06	0.13836788	-3.676955e-16	-2.7971005e-16	1.9552956e-16	-2.1026034e-16	0	-7.325467e-17
1.8600000000068083e-09	-4.9992092e-08	-5.436299e-08	4.3186856e-06	0.13836628	-3.6770587e-16	-2.7970005e-16	1.9552197e-16	-2.1027304e-16	0	-7.325475e-17
1.870000000006742e-09	-5.236725e-08	-4.9673382e-08	3.167198e-06	0.13836539	-3.677158e-16	-2.7969015e-16	1.9551453e-16	-2.1028535e-16	0	-7.3254804e-17
1.880000000006621e-09	-4.756382e-08	-4.4118707e-08	1.8086392e-06	0.13836499	-3.677255e-16	-2.796805e-16	1.955072e-16	-2.1029736e-16	0	-7.325484e-17
1.8900000000065e-09	-5.0675045e-08	-4.3769642e-08	2.9181786e-07	0.13836488	-3.6773488e-16	-2.79671e-16	1.9549998e-16	-2.10309e-16	0	-7.3254864e-17
1.900000000006379e-09	-4.68581e-08	-4.3830347e-08	-1.3894281e-06	0.13836531	-3.6774404e-16	-2.7966167e-16	1.9549294e-16	-2.103204e-16	0	-7.325489e-17
1.910000000006258e-09	-4.3420577e-08	-3.9307686e-08	-3.250336e-06	0.13836618	-3.6775285e-16	-2.7965245e-16	1.9548595e-16	-2.1033145e-16	0	-7.325489e-17
1.920000000006137e-09	-4.3117044e-08	-3.98844e-08	-5.2556657e-06	0.13836774	-3.6776143e-16	-2.796434e-16	1.9547906e-16	-2.1034221e-16	0	-7.3254897e-17
1.930000000006016e-09	-4.1318604e-08	-3.772931e-08	-7.3020933e-06	0.13837017	-3.6776974e-16	-2.7963445e-16	1.9547228e-16	-2.1035273e-16	0	-7.325488e-17
1.940000000005895e-09	-3.713742e-08	-3.2963822e-08	-9.411839e-06	0.13837333	-3.6777787e-16	-2.796256e-16	1.9546557e-16	-2.1036298e-16	0	-7.325486e-17
1.950000000005774e-09	-3.91711e-08	-3.2842408e-08	-1.1657264e-05	0.13837712	-3.677857e-16	-2.7961688e-16	1.95459e-16	-2.1037298e-16	0	-7.325484e-17
1.960000000005653e-09	-3.83212e-08	-2.9291057e-08	-1.3997362e-05	0.13838181	-3.6779335e-16	-2.7960822e-16	1.9545246e-16	-2.1038275e-16	0	-7.32548e-17
1.9700000000055318e-09	-3.703118e-08	-2.7075256e-08	-1.6403841e-05	0.13838701	-3.678008e-16	-2.795997e-16	1.95446e-16	-2.103923e-16	0	-7.325476e-17
1.9800000000054108e-09	-3.1135027e-08	-2.34632e-08	-1.8833754e-05	0.13839264	-3.6780804e-16	-2.7959128e-16	1.9543959e-16	-2.1040166e-16	0	-7.325472e-17
1.9900000000052898e-09	-3.292588e-08	-1.8879831e-08	-2.1306163e-05	0.13839862	-3.6781506e-16	-2.7958294e-16	1.954333e-16	-2.1041077e-16	0	-7.325465e-17
2.0000000000051688e-09	-2.9002699e-08	-1.6603325e-08	-2.3791867e-05	0.13840482	-3.6782197e-16	-2.7957469e-16	1.9542704e-16	-2.1041974e-16	0	-7.3254586e-17
2.0100000000050478e-09	-2.6809664e-08	-1.3325154e-08	-2.6395886e-05	0.13841107	-3.6782872e-16	-2.7956656e-16	1.9542085e-16	-2.1042849e-16	0	-7.32545e-17
2.0200000000049267e-09	-2.2840954e-08	-8.741787e-09	-2.901217e-05	0.13841721	-3.6783525e-16	-2.7955849e-16	1.9541475e-16	-2.1043706e-16	0	-7.325442e-17
2.0300000000048057e-09	-2.2264238e-08	-9.014967e-09	-3.168582e-05	0.13842344	-3.6784166e-16	-2.7955047e-16	1.9540867e-16	-2.104455e-16	0	-7.325433e-17
2.0400000000046847e-09	-2.3797087e-08	-5.9189182e-09	-3.437292e-05	0.13842973	-3.6784785e-16	-2.7954255e-16	1.954027e-16	-2.1045375e-16	0	-7.3254235e-17
2.0500000000045637e-09	-1.8637005e-08	-1.1837836e-09	-3.707659e-05	0.13843584	-3.6785405e-16	-2.7953477e-16	1.9539676e-16	-2.104619e-16	0	-7.3254136e-17
2.0600000000044427e-09	-1.6003844e-08	2.0033262e-09	-3.983784e-05	0.1384418	-3.6785998e-16	-2.79527e-16	1.953909e-16	-2.1046987e-16	0	-7.3254017e-17
2.0700000000043217e-09	-1.7741577e-08	2.5496878e-09	-4.263151e-05	0.13844755	-3.6786588e-16	-2.7951936e-16	1.9538508e-16	-2.104777e-16	0	-7.32539e-17
2.0800000000042007e-09	-1.8492825e-08	6.738461e-09	-4.540736e-05	0.13845326	-3.6787168e-16	-2.7951182e-16	1.9537935e-16	-2.1048541e-16	0	-7.325378e-17
2.0900000000040797e-09	-1.7172452e-08	6.252806e-09	-4.8223705e-05	0.1384589	-3.6787734e-16	-2.7950436e-16	1.9537368e-16	-2.1049301e-16	0	-7.325364e-17
2.1000000000039587e-09	-1.1784718e-08	1.2763616e-08	-5.1087427e-05	0.13846429	-3.678829e-16	-2.7949694e-16	1.9536804e-16	-2.1050049e-16	0	-7.32535e-17
2.1100000000038377e-09	-1.1025882e-08	8.407899e-09	-5.3929936e-05	0.13846937	-3.678884e-16	-2.794896e-16	1.9536246e-16	-2.1050786e-16	0	-7.3253375e-17
2.1200000000037166e-09	-9.728273e-09	1.4159873e-08	-5.6749952e-05	0.13847396	-3.678938e-16	-2.794824e-16	1.9535697e-16	-2.1051514e-16	0	-7.3253236e-17
2.1300000000035956e-09	-9.310914e-09	1.8212056e-08	-5.958809e-05	0.13847832	-3.6789907e-16	-2.794752e-16	1.9535151e-16	-2.1052226e-16	0	-7.3253103e-17
2.1400000000034746e-09	-1.1595009e-08	2.6012886e-08	-6.2419516e-05	0.1384824	-3.679043e-16	-2.7946812e-16	1.9534613e-16	-2.1052934e-16	0	-7.325295e-17
2.1500000000033536e-09	-1.1170061e-08	2.6498542e-08	-6.522979e-05	0.13848628	-3.6790948e-16	-2.794611e-16	1.9534075e-16	-2.105363e-16	0	-7.325281e-17
2.1600000000032326e-09	-1.6436381e-08	2.6468188e-08	-6.803186e-05	0.13848998	-3.679145e-16	-2.7945414e-16	1.9533546e-16	-2.1054317e-16	0	-7.325267e-17
2.1700000000031116e-09	-1.8022346e-08	2.7864445e-08	-7.079697e-05	0.13849324	-3.6791956e-16	-2.7944729e-16	1.9533022e-16	-2.1054997e-16	0	-7.3252534e-17
2.1800000000029906e-09	-1.6049375e-08	3.0581077e-08	-7.354772e-05	0.13849612	-3.6792448e-16	-2.7944046e-16	1.9532503e-16	-2.1055665e-16	0	-7.3252415e-17
2.1900000000028696e-09	-1.1291474e-08	3.366195e-08	-7.6267905e-05	0.13849872	-3.679294e-16	-2.794337e-16	1.953199e-16	-2.105633e-16	0	-7.3252276e-17
2.2000000000027486e-09	-1.2740851e-08	3.6393757e-08	-7.895442e-05	0.13850093	-3.6793422e-16	-2.79427e-16	1.953148e-16	-2.1056985e-16	0	-7.325215e-17
2.2100000000026276e-09	-1.6087316e-08	3.173451e-08	-8.164732e-05	0.13850284	-3.6793902e-16	-2.794204e-16	1.9530973e-16	-2.1057632e-16	0	-7.325203e-17
2.2200000000025065e-09	-1.7301453e-08	3.546798e-08	-8.42378e-05	0.13850452	-3.6794378e-16	-2.7941383e-16	1.9530471e-16	-2.1058277e-16	0	-7.325191e-17
2.2300000000023855e-09	-1.2634614e-08	3.8503323e-08	-8.67588e-05	0.13850592	-3.6794852e-16	-2.794073e-16	1.9529975e-16	-2.1058913e-16	0	-7.32518e-17
2.2400000000022645e-09	-1.607214e-08	4.050665e-08	-8.9237255e-05	0.13850701	-3.6795315e-16	-2.7940089e-16	1.9529483e-16	-2.1059538e-16	0	-7.3251694e-17
2.2500000000021435e-09	-1.5275361e-08	3.879168e-08	-9.16685e-05	0.13850796	-3.6795776e-16	-2.7939445e-16	1.9528996e-16	-2.1060167e-16	0	-7.3251595e-17
2.2600000000020225e-09	-1.1724011e-08	3.5392095e-08	-9.40147e-05	0.13850857	-3.6796236e-16	-2.793881e-16	1.952851e-16	-2.1060786e-16	0	-7.32515e-17
2.2700000000019015e-09	-1.0722348e-08	4.2692093e-08	-9.630232e-05	0.13850878	-3.67967e-16	-2.793818e-16	1.952803e-16	-2.1061404e-16	0	-7.3251416e-17
2.2800000000017805e-09	-1.16557155e-08	3.908004e-08	-9.851721e-05	0.13850841	-3.679715e-16	-2.7937555e-16	1.9527554e-16	-2.1062016e-16	0	-7.325133e-17
2.2900000000016595e-09	-9.925571e-09	4.4543654e-08	-0.000100610625	0.1385074	-3.6797605e-16	-2.793693e-16	1.952708e-16	-2.1062627e-16	0	-7.3251264e-17
2.3000000000015385e-09	-1.547266e-08	4.774594e-08	-0.00010261883	0.13850592	-3.6798052e-16	-2.793632e-16	1.9526612e-16	-2.1063224e-16	0	-7.3251204e-17
2.3100000000014175e-09	-1.4653117e-08	4.6987104e-08	-0.00010453398	0.13850416	-3.6798505e-16	-2.7935702e-16	1.9526144e-16	-2.1063829e-16	0	-7.3251145e-17
2.3200000000012965e-09	-1.5465071e-08	4.483201e-08	-0.00010634587	0.13850194	-3.6798952e-16	-2.7935094e-16	1.9525679e-16	-2.1064428e-16	0	-7.325109e-17
2.3300000000011754e-09	-2.1065278e-08	4.8277126e-08	-0.00010805953	0.13849927	-3.6799407e-16	-2.7934493e-16	1.9525221e-16	-2.1065026e-16	0	-7.325106e-17
2.3400000000010544e-09	-1.7111745e-08	5.5486066e-08	-0.00010960944	0.13849612	-3.679985e-16	-2.7933887e-16	1.952476e-16	-2.1065622e-16	0	-7.325103e-17
2.3500000000009334e-09	-1.7468397e-08	5.3452386e-08	-0.000111026704	0.1384928	-3.6800302e-16	-2.7933288e-16	1.9524305e-16	-2.1066218e-16	0	-7.325101e-17
2.3600000000008124e-09	-1.9691786e-08	5.0113506e-08	-0.00011234471	0.1384894	-3.6800752e-16	-2.7932693e-16	1.952385e-16	-2.106681e-16	0	-7.3251e-17
2.3700000000006914e-09	-2.1626816e-08	4.9809973e-08	-0.00011352139	0.13848577	-3.6801207e-16	-2.7932097e-16	1.9523397e-16	-2.1067402e-16	0	-7.3251e-17
2.3800000000005704e-09	-1.7764343e-08	4.8869016e-08	-0.000114563365	0.13848184	-3.6801652e-16	-2.7931504e-16	1.9522946e-16	-2.1067999e-16	0	-7.3251e-17
2.3900000000004494e-09	-1.994979e-08	5.1843653e-08	-0.00011548101	0.13847789	-3.6802105e-16	-2.7930911e-16	1.9522501e-16	-2.1068592e-16	0	-7.325102e-17
2.4000000000003284e-09	-2.2218709e-08	5.4545108e-08	-0.00011622418	0.13847391	-3.6802565e-16	-2.7930324e-16	1.9522053e-16	-2.106919e-16	0	-7.3251045e-17
2.4100000000002074e-09	-2.1247399e-08	6.088897e-08	-0.00011680478	0.13847011	-3.6803026e-16	-2.7929734e-16	1.9521605e-16	-2.1069788e-16	0	-7.325109e-17
2.4200000000000864e-09	-1.7521515e-08	5.7428682e-08	-0.000117245996	0.13846646	-3.6803484e-16	-2.7929143e-16	1.9521162e-16	-2.1070389e-16	0	-7.3251145e-17
2.4300099999999652e-09	-2.0928688e-08	5.8916e-08	-0.00011757309	0.1384628	-3.680395e-16	-2.7928553e-16	1.9520715e-16	-2.1070994e-16	0	-7.3251204e-17
2.4400099999998442e-09	-2.2749893e-08	6.013014e-08	-0.00011773967	0.13845891	-3.6804418e-16	-2.7927963e-16	1.9520271e-16	-2.10716e-16	0	-7.3251284e-17
2.450009999999723e-09	-1.8788771e-08	6.398503e-08	-0.0001177197	0.13845503	-3.6804894e-16	-2.792737e-16	1.9519824e-16	-2.1072213e-16	0	-7.3251356e-17
2.460009999999602e-09	-1.7673283e-08	6.184511e-08	-0.00011757236	0.138451	-3.680537e-16	-2.792678e-16	1.9519378e-16	-2.1072826e-16	0	-7.325145e-17
2.470009999999481e-09	-1.8970892e-08	6.019084e-08	-0.000117327225	0.13844651	-3.6805855e-16	-2.7926187e-16	1.9518935e-16	-2.1073445e-16	0	-7.3251555e-17
2.48000999999936e-09	-1.5017358e-08	6.091933e-08	-0.00011699328	0.13844152	-3.6806342e-16	-2.7925594e-16	1.9518487e-16	-2.1074065e-16	0	-7.325167e-17
2.490009999999239e-09	-1.9760082e-08	6.428856e-08	-0.000116518546	0.1384361	-3.680683e-16	-2.7925e-16	1.9518041e-16	-2.107469e-16	0	-7.325179e-17
2.500009999999118e-09	-1.8075466e-08	6.2831596e-08	-0.00011590535	0.13843028	-3.6807324e-16	-2.7924405e-16	1.9517594e-16	-2.107532e-16	0	-7.325193e-17
2.510009999998997e-09	-1.5525778e-08	6.668648e-08	-0.00011523323	0.13842408	-3.6807833e-16	-2.7923812e-16	1.9517148e-16	-2.107596e-16	0	-7.325208e-17
2.520009999998876e-09	-1.542713e-08	6.875051e-08	-0.000114506634	0.13841744	-3.6808333e-16	-2.792321e-16	1.9516697e-16	-2.1076599e-16	0	-7.325222e-17
2.530009999998755e-09	-1.7749166e-08	7.263575e-08	-0.00011375375	0.13841055	-3.680884e-16	-2.7922616e-16	1.9516252e-16	-2.1077241e-16	0	-7.325239e-17
2.540009999998634e-09	-1.5950725e-08	7.4517665e-08	-0.000113005626	0.13840333	-3.6809355e-16	-2.7922015e-16	1.9515803e-16	-2.1077885e-16	0	-7.325255e-17
2.550009999998513e-09	-1.3294801e-08	7.2605395e-08	-0.00011227113	0.13839577	-3.680987e-16	-2.7921422e-16	1.9515356e-16	-2.1078533e-16	0	-7.325272e-17
2.560009999998392e-09	-1.3590747e-08	7.509438e-08	-0.00011154308	0.1383881	-3.6810387e-16	-2.7920826e-16	1.951491e-16	-2.1079183e-16	0	-7.325288e-17
2.570009999998271e-09	-1.5267773e-08	7.6672755e-08	-0.0001109048	0.13838005	-3.6810903e-16	-2.792023e-16	1.9514463e-16	-2.1079832e-16	0	-7.325305e-17
2.58000999999815e-09	-1.6519852e-08	8.001163e-08	-0.00011034132	0.13837132	-3.6811422e-16	-2.791964e-16	1.9514019e-16	-2.1080482e-16	0	-7.3253216e-17
2.590009999998029e-09	-1.4577234e-08	8.854094e-08	-0.00010978419	0.13836195	-3.6811943e-16	-2.791905e-16	1.9513577e-16	-2.1081131e-16	0	-7.325338e-17
2.600009999997908e-09	-1.5184302e-08	8.863201e-08	-0.000109395696	0.1383523	-3.6812457e-16	-2.7918468e-16	1.9513138e-16	-2.1081774e-16	0	-7.3253533e-17
2.610009999997787e-09	-8.066423e-09	8.90266e-08	-0.00010910552	0.13834205	-3.6812978e-16	-2.791789e-16	1.95127e-16	-2.1082418e-16	0	-7.325369e-17
2.620009999997666e-09	-1.0593346e-08	9.1545935e-08	-0.00010890803	0.13833122	-3.6813494e-16	-2.791732e-16	1.9512268e-16	-2.1083059e-16	0	-7.325383e-17
2.630009999997545e-09	-1.2080664e-08	9.3245724e-08	-0.00010889398	0.13831966	-3.6814003e-16	-2.791675e-16	1.9511838e-16	-2.1083697e-16	0	-7.325395e-17
2.640009999997424e-09	-1.48655905e-08	9.933159e-08	-0.000108983615	0.13830763	-3.6814514e-16	-2.7916194e-16	1.9511412e-16	-2.1084326e-16	0	-7.325408e-17
2.650009999997303e-09	-1.5442305e-08	1.0046984e-07	-0.00010914598	0.13829505	-3.6815014e-16	-2.7915636e-16	1.9510992e-16	-2.1084953e-16	0	-7.325418e-17
2.660009999997182e-09	-1.5176713e-08	1.04339904e-07	-0.000109451845	0.13828193	-3.6815514e-16	-2.7915093e-16	1.9510575e-16	-2.1085571e-16	0	-7.3254275e-17
2.670009999997061e-09	-2.0738979e-08	1.0535675e-07	-0.00010991662	0.13826865	-3.6816004e-16	-2.791455e-16	1.9510164e-16	-2.108618e-16	0	-7.325435e-17
2.68000999999694e-09	-2.4062679e-08	1.12641565e-07	-0.000110475696	0.138255	-3.681649e-16	-2.7914024e-16	1.9509759e-16	-2.1086783e-16	0	-7.3254414e-17
2.690009999996819e-09	-2.179376e-08	1.14219944e-07	-0.00011104704	0.13824084	-3.6816967e-16	-2.7913502e-16	1.950936e-16	-2.1087379e-16	0	-7.3254467e-17
2.700009999996698e-09	-2.3205194e-08	1.1343076e-07	-0.00011169302	0.13822636	-3.681744e-16	-2.7912991e-16	1.950897e-16	-2.1087964e-16	0	-7.32545e-17
2.710009999996577e-09	-2.4146152e-08	1.2022993e-07	-0.00011250823	0.13821156	-3.6817902e-16	-2.7912486e-16	1.9508582e-16	-2.1088541e-16	0	-7.325453e-17
2.720009999996456e-09	-2.9609767e-08	1.2299209e-07	-0.000113335656	0.13819642	-3.6818362e-16	-2.791199e-16	1.95082e-16	-2.1089114e-16	0	-7.325456e-17
2.730009999996335e-09	-3.1704154e-08	1.2466153e-07	-0.00011417208	0.13818115	-3.6818807e-16	-2.7911506e-16	1.9507825e-16	-2.1089669e-16	0	-7.3254586e-17
2.740009999996214e-09	-3.486091e-08	1.28911e-07	-0.00011499247	0.13816579	-3.6819254e-16	-2.7911033e-16	1.9507457e-16	-2.1090219e-16	0	-7.325461e-17
2.750009999996093e-09	-3.7296772e-08	1.3048938e-07	-0.00011589503	0.1381502	-3.681969e-16	-2.7910567e-16	1.9507099e-16	-2.1090759e-16	0	-7.325463e-17
2.760009999995972e-09	-4.2494797e-08	1.3358543e-07	-0.000116799194	0.13813454	-3.6820123e-16	-2.7910111e-16	1.9506747e-16	-2.109129e-16	0	-7.3254665e-17
2.770009999995851e-09	-4.6342095e-08	1.3437462e-07	-0.00011770076	0.13811882	-3.6820546e-16	-2.7909667e-16	1.95064e-16	-2.1091811e-16	0	-7.325472e-17
2.78000999999573e-09	-4.6023384e-08	1.3234094e-07	-0.000118629476	0.13810295	-3.682096e-16	-2.7909227e-16	1.9506062e-16	-2.1092321e-16	0	-7.3254764e-17
2.790009999995609e-09	-4.528731e-08	1.354977e-07	-0.000119522505	0.138087	-3.6821372e-16	-2.7908804e-16	1.9505731e-16	-2.1092821e-16	0	-7.3254844e-17
2.800009999995488e-09	-4.7859764e-08	1.3331226e-07	-0.00012040834	0.13807088	-3.6821777e-16	-2.7908386e-16	1.9505411e-16	-2.1093312e-16	0	-7.325493e-17
2.810009999995367e-09	-5.0022447e-08	1.3571017e-07	-0.000121290715	0.13805465	-3.6822182e-16	-2.790798e-16	1.9505096e-16	-2.1093794e-16	0	-7.3255036e-17
2.820009999995246e-09	-5.2845316e-08	1.3783492e-07	-0.00012215775	0.13803835	-3.682258e-16	-2.790758e-16	1.9504785e-16	-2.1094268e-16	0	-7.3255175e-17
2.830009999995125e-09	-5.2526605e-08	1.3974717e-07	-0.00012298516	0.13802178	-3.6822968e-16	-2.7907192e-16	1.9504487e-16	-2.109473e-16	0	-7.325533e-17
2.840009999995004e-09	-5.6093132e-08	1.4005072e-07	-0.00012383136	0.13800542	-3.6823357e-16	-2.7906816e-16	1.950419e-16	-2.1095185e-16	0	-7.32555e-17
2.850009999994883e-09	-6.2216934e-08	1.3580123e-07	-0.00012468375	0.13799053	-3.6823744e-16	-2.7906448e-16	1.9503905e-16	-2.1095632e-16	0	-7.32557e-17
2.860009999994762e-09	-6.171611e-08	1.4108272e-07	-0.0001254648	0.13797665	-3.6824122e-16	-2.790608e-16	1.9503623e-16	-2.1096073e-16	0	-7.325592e-17
2.870009999994641e-09	-6.059303e-08	1.4624281e-07	-0.00012624393	0.13796325	-3.6824498e-16	-2.790573e-16	1.9503353e-16	-2.1096504e-16	0	-7.325617e-17
2.8800099999945198e-09	-6.0744796e-08	1.474873e-07	-0.00012701152	0.13795039	-3.682487e-16	-2.7905384e-16	1.950308e-16	-2.1096928e-16	0	-7.325644e-17
2.8900099999943988e-09	-5.972795e-08	1.497031e-07	-0.0001277519	0.13793804	-3.6825244e-16	-2.7905045e-16	1.9502818e-16	-2.1097346e-16	0	-7.3256716e-17
2.9000099999942778e-09	-5.997837e-08	1.501584e-07	-0.0001284954	0.13792612	-3.6825618e-16	-2.7904714e-16	1.9502562e-16	-2.1097759e-16	0	-7.3257014e-17
2.9100099999941568e-09	-6.082068e-08	1.5528813e-07	-0.00012927222	0.13791472	-3.6825978e-16	-2.7904386e-16	1.9502308e-16	-2.1098167e-16	0	-7.325734e-17
2.9200099999940357e-09	-6.016808e-08	1.4964239e-07	-0.00013002352	0.13790336	-3.682634e-16	-2.7904066e-16	1.9502059e-16	-2.1098568e-16	0	-7.325766e-17
2.9300099999939147e-09	-5.9591365e-08	1.568058e-07	-0.00013077696	0.13789181	-3.6826708e-16	-2.7903753e-16	1.9501813e-16	-2.1098965e-16	0	-7.3258013e-17
2.9400099999937937e-09	-6.520675e-08	1.5962867e-07	-0.00013158891	0.13788013	-3.682707e-16	-2.7903438e-16	1.950157e-16	-2.1099359e-16	0	-7.325837e-17
2.9500099999936727e-09	-6.199687e-08	1.6193553e-07	-0.00013239581	0.1378684	-3.6827428e-16	-2.7903134e-16	1.9501328e-16	-2.1099748e-16	0	-7.325873e-17
2.9600099999935517e-09	-6.119251e-08	1.6500123e-07	-0.00013319126	0.13785665	-3.682779e-16	-2.7902832e-16	1.9501093e-16	-2.1100136e-16	0	-7.325909e-17
2.9700099999934307e-09	-6.032744e-08	1.7128438e-07	-0.00013403023	0.13784496	-3.6828143e-16	-2.7902528e-16	1.9500853e-16	-2.1100521e-16	0	-7.325945e-17
2.9800099999933097e-09	-6.090415e-08	1.7322701e-07	-0.00013494745	0.13783328	-3.6828498e-16	-2.7902223e-16	1.9500614e-16	-2.1100902e-16	0	-7.3259813e-17
2.9900099999931887e-09	-5.877941e-08	1.7386444e-07	-0.00013588658	0.13782175	-3.6828855e-16	-2.7901927e-16	1.9500371e-16	-2.1101285e-16	0	-7.326017e-17
3.0000099999930677e-09	-5.9356125e-08	1.7523033e-07	-0.00013686645	0.13780996	-3.6829204e-16	-2.7901625e-16	1.9500132e-16	-2.1101663e-16	0	-7.3260515e-17
