# t (s)	mx ()	my ()	mz ()	spinAngle (rad)	E_total (J)	E_anis (J)	E_demag (J)	E_exch (J)	E_therm (J)	E_custom (J)
0	0	0	0	0.03796091	-2.8590832e-18	-2.0096e-17	1.3915317e-17	6.3360004e-18	0	-3.0144e-18
1.0000000000000124e-11	2.2778845e-09	2.8473557e-09	-5.123342e-05	0.0367412	-8.0095e-18	-1.779686e-17	1.2444149e-17	2.566454e-19	0	-2.9134345e-18
2.0009999999999403e-11	4.555769e-09	1.1389423e-09	-0.001386035	0.029275373	-8.4837215e-18	-1.755804e-17	1.22844535e-17	-2.4429546e-19	0	-2.9658414e-18
3.000999999999824e-11	3.321915e-09	7.5929485e-10	-0.0031817814	0.025598012	-8.655946e-18	-1.8193575e-17	1.2730849e-17	-2.1404778e-19	0	-2.979174e-18
4.000000000000001e-11	7.5929485e-10	-3.0371794e-09	-0.0040215096	0.024527589	-8.7471976e-18	-1.8700186e-17	1.3091562e-17	-1.5611064e-19	0	-2.9824605e-18
5.0000000000001785e-11	-3.7964742e-10	-3.986298e-09	-0.003999165	0.020838505	-8.79821e-18	-1.9082555e-17	1.33512294e-17	-7.057786e-20	0	-2.9963067e-18
6.00000000000024e-11	-1.8033253e-09	-1.993149e-09	-0.0028137635	0.017467342	-8.8267666e-18	-1.9278713e-17	1.34861095e-17	-3.0699926e-20	0	-3.0034624e-18
7.000999999999771e-11	-2.8473557e-10	-1.1389423e-09	-0.00084767694	0.017405625	-8.845558e-18	-1.9325608e-17	1.3525891e-17	-4.0308472e-20	0	-3.0055347e-18
8.000999999999302e-11	8.542067e-10	1.1389423e-09	0.0008048453	0.01696379	-8.8571555e-18	-1.9378461e-17	1.35682874e-17	-3.769497e-20	0	-3.0092882e-18
9.000999999998834e-11	1.7084134e-09	1.7084134e-09	0.0016834631	0.015839675	-8.863673e-18	-1.9476474e-17	1.363735e-17	-1.3379196e-20	0	-3.0111703e-18
1.0000999999998365e-10	1.7558693e-09	0	0.0020256503	0.014786677	-8.867677e-18	-1.9566762e-17	1.3699982e-17	1.1110568e-20	0	-3.0120072e-18
1.1000999999997896e-10	5.101512e-10	-7.5929485e-10	0.0021269186	0.01404301	-8.870349e-18	-1.962189e-17	1.3739058e-17	2.4981184e-20	0	-3.0124991e-18
1.2000999999997891e-10	-2.1355168e-10	-7.5929485e-10	0.0022236523	0.013385114	-8.8760475e-18	-1.9656122e-17	1.3765333e-17	2.6040365e-20	0	-3.0112964e-18
1.3000999999998715e-10	-1.8982371e-10	-9.491186e-10	0.0020099198	0.011872815	-9.2229695e-18	-1.976091e-17	1.3836942e-17	-2.9112048e-19	0	-3.0078798e-18
1.400099999999954e-10	-9.0166263e-10	0	0.0016553315	0.010675652	-9.276413e-18	-1.9797508e-17	1.3862198e-17	-3.283181e-19	0	-3.012786e-18
1.5000000000000362e-10	-9.431865e-10	0	0.0015383267	0.009561395	-9.28633e-18	-1.9812665e-17	1.3872422e-17	-3.3257164e-19	0	-3.013513e-18
1.6000000000001186e-10	-8.3047874e-10	1.8982371e-10	0.0014957434	0.008724524	-9.289322e-18	-1.98207e-17	1.3878234e-17	-3.3314803e-19	0	-3.0137085e-18
1.700000000000201e-10	0	0	0.0014269728	0.008283081	-9.290402e-18	-1.98293e-17	1.38832e-17	-3.3045943e-19	0	-3.0138427e-18
1.8000000000002833e-10	-2.3727964e-10	-7.5929485e-10	0.0014450717	0.008378166	-9.290828e-18	-1.9820692e-17	1.3877958e-17	-3.3420852e-19	0	-3.013886e-18
1.9000000000003657e-10	-2.610076e-10	-7.5929485e-10	0.0015148484	0.008436899	-9.291011e-18	-1.98156e-17	1.3874949e-17	-3.3647293e-19	0	-3.013887e-18
2.000000000000448e-10	-2.610076e-10	-7.5929485e-10	0.0014825148	0.008292068	-9.291093e-18	-1.9822932e-17	1.3879561e-17	-3.3383148e-19	0	-3.0138905e-18
2.1000000000005304e-10	-4.5083132e-10	-1.8982371e-10	0.0014349029	0.008198036	-9.291134e-18	-1.9828107e-17	1.3882834e-17	-3.3193933e-19	0	-3.0139209e-18
2.2000000000006128e-10	-4.2710335e-10	3.7964742e-10	0.0014358129	0.008203594	-9.29115e-18	-1.9826062e-17	1.3881528e-17	-3.3268884e-19	0	-3.0139279e-18
2.3000000000006952e-10	4.7455928e-11	0	0.0014613298	0.008245807	-9.291162e-18	-1.982206e-17	1.3878949e-17	-3.3413563e-19	0	-3.0139173e-18
2.4000000000005925e-10	-2.3727964e-10	-9.491186e-10	0.0014758676	0.008272287	-9.291164e-18	-1.9820609e-17	1.3878006e-17	-3.3465063e-19	0	-3.0139116e-18
2.5000000000004163e-10	-5.220152e-10	0	0.0014721296	0.008269671	-9.291168e-18	-1.9821762e-17	1.3878747e-17	-3.3424246e-19	0	-3.013912e-18
2.60000000000024e-10	-1.2101261e-09	1.8982371e-10	0.0014618232	0.008252597	-9.291171e-18	-1.982342e-17	1.387983e-17	-3.3366444e-19	0	-3.0139161e-18
2.700000000000064e-10	-1.0914863e-09	5.6947114e-10	0.0014556263	0.008244196	-9.29117e-18	-1.9824153e-17	1.3880312e-17	-3.3341267e-19	0	-3.013919e-18
2.800099999999888e-10	-1.0677583e-09	-7.5929485e-10	0.0014560978	0.008244317	-9.2911706e-18	-1.9823876e-17	1.3880137e-17	-3.3351188e-19	0	-3.0139192e-18
2.9000999999997117e-10	-4.9828724e-10	-7.5929485e-10	0.0014597774	0.008247983	-9.29117e-18	-1.9823248e-17	1.3879723e-17	-3.337305e-19	0	-3.013918e-18
3.0000999999995355e-10	6.64383e-10	-7.5929485e-10	0.001462634	0.00825324	-9.291172e-18	-1.9822847e-17	1.387946e-17	-3.338663e-19	0	-3.0139167e-18
3.1000999999993594e-10	8.542067e-10	-3.7964742e-10	0.0014632221	0.008251747	-9.291172e-18	-1.9822813e-17	1.3879434e-17	-3.3387719e-19	0	-3.0139163e-18
3.2000999999991833e-10	1.8982371e-10	9.491186e-10	0.0014623527	0.008250959	-9.2911706e-18	-1.9822983e-17	1.3879546e-17	-3.3381892e-19	0	-3.0139167e-18
3.300099999999007e-10	-1.4474058e-09	-7.5929485e-10	0.0014611944	0.008249377	-9.2911706e-18	-1.982317e-17	1.387967e-17	-3.3375492e-19	0	-3.013917e-18
3.400099999998831e-10	-9.965745e-10	-3.7964742e-10	0.0014604755	0.008250098	-9.2911706e-18	-1.9823268e-17	1.3879735e-17	-3.3372173e-19	0	-3.0139178e-18
3.500099999998655e-10	9.4911856e-11	-3.7964742e-10	0.0014604754	0.008250012	-9.29117e-18	-1.9823253e-17	1.3879725e-17	-3.3372654e-19	0	-3.0139178e-18
3.600099999998479e-10	1.1863982e-09	-2.2778845e-09	0.0014608256	0.008249347	-9.2911706e-18	-1.982318e-17	1.3879679e-17	-3.3375148e-19	0	-3.0139178e-18
3.7000999999983027e-10	6.64383e-10	-9.491186e-10	0.0014612952	0.008249502	-9.291173e-18	-1.9823125e-17	1.3879639e-17	-3.3377136e-19	0	-3.013917e-18
3.8000999999981266e-10	2.3727964e-11	-1.8982371e-10	0.0014613806	0.008249974	-9.2911706e-18	-1.9823109e-17	1.3879632e-17	-3.3377606e-19	0	-3.013917e-18
3.9000999999979505e-10	5.220152e-10	-3.7964742e-10	0.0014613114	0.008250514	-9.291171e-18	-1.982312e-17	1.3879637e-17	-3.3377224e-19	0	-3.0139171e-18
4.0000999999977743e-10	-8.542067e-10	-5.6947114e-10	0.0014612088	0.008250211	-9.291172e-18	-1.982314e-17	1.3879652e-17	-3.3376544e-19	0	-3.0139171e-18
4.100099999997598e-10	1.1626702e-09	1.1389423e-09	0.0014611754	0.008250093	-9.291171e-18	-1.9823145e-17	1.3879654e-17	-3.3376391e-19	0	-3.0139171e-18
4.200099999997422e-10	6.64383e-10	-1.8982371e-10	0.0014611727	0.008250641	-9.291171e-18	-1.9823145e-17	1.3879654e-17	-3.3376365e-19	0	-3.013917e-18
4.300099999997246e-10	-1.1863982e-09	-9.491186e-10	0.0014611684	0.008250325	-9.291171e-18	-1.9823145e-17	1.3879654e-17	-3.3376355e-19	0	-3.0139171e-18
4.40009999999707e-10	-3.0846353e-10	-1.8982371e-10	0.0014611646	0.008250431	-9.291171e-18	-1.9823145e-17	1.3879654e-17	-3.3376353e-19	0	-3.0139171e-18
4.5000999999968937e-10	-1.4236778e-10	-1.328766e-09	0.0014611627	0.008249954	-9.291173e-18	-1.9823147e-17	1.3879654e-17	-3.337635e-19	0	-3.0139171e-18
4.6000999999967176e-10	2.8473557e-10	-5.6947114e-10	0.0014611625	0.008250125	-9.291171e-18	-1.9823147e-17	1.3879654e-17	-3.3376345e-19	0	-3.0139171e-18
4.700099999996541e-10	-4.745593e-10	2.0880608e-09	0.0014611608	0.008249955	-9.291173e-18	-1.9823145e-17	1.3879654e-17	-3.3376342e-19	0	-3.013917e-18
4.800099999996365e-10	2.1355168e-10	1.8982371e-09	0.0014611608	0.008250019	-9.291171e-18	-1.9823145e-17	1.3879654e-17	-3.3376342e-19	0	-3.0139171e-18
4.900099999996189e-10	4.033754e-10	0	0.0014611593	0.0082495175	-9.291173e-18	-1.9823145e-17	1.3879654e-17	-3.337634e-19	0	-3.0139171e-18
5.000099999996013e-10	-4.7455928e-11	-3.7964742e-10	0.0014611608	0.008249717	-9.291173e-18	-1.9823145e-17	1.3879654e-17	-3.3376342e-19	0	-3.013917e-18
5.100099999995837e-10	-9.4911856e-11	0	0.0014611608	0.008250119	-9.291173e-18	-1.9823145e-17	1.3879654e-17	-3.337634e-19	0	-3.013917e-18
5.200099999995661e-10	3.5591946e-10	0	0.0014611608	0.0082500065	-9.291173e-18	-1.9823145e-17	1.3879654e-17	-3.337634e-19	0	-3.013917e-18
5.300099999995485e-10	9.4911856e-11	1.8982371e-10	0.0014611606	0.008249993	-9.291173e-18	-1.9823145e-17	1.3879654e-17	-3.337634e-19	0	-3.0139171e-18
5.400099999995309e-10	2.3727964e-10	7.5929485e-10	0.0014611606	0.008250086	-9.291173e-18	-1.9823145e-17	1.3879654e-17	-3.337634e-19	0	-3.0139171e-18
5.500099999995133e-10	7.118389e-11	3.7964742e-10	0.0014611606	0.008250082	-9.291173e-18	-1.9823145e-17	1.3879654e-17	-3.337634e-19	0	-3.0139171e-18
5.600099999994956e-10	-2.3727964e-11	3.7964742e-10	0.0014611606	0.008250083	-9.291171e-18	-1.9823147e-17	1.3879654e-17	-3.337634e-19	0	-3.0139171e-18
5.70009999999478e-10	1.4236778e-10	3.7964742e-10	0.0014611606	0.008250085	-9.291173e-18	-1.9823145e-17	1.3879654e-17	-3.337634e-19	0	-3.013917e-18
5.800099999994604e-10	2.3727964e-10	3.7964742e-10	0.0014611606	0.008250083	-9.291171e-18	-1.9823147e-17	1.3879654e-17	-3.337634e-19	0	-3.0139171e-18
5.900099999994428e-10	2.610076e-10	3.7964742e-10	0.0014611606	0.008250083	-9.291173e-18	-1.9823145e-17	1.3879654e-17	-3.337634e-19	0	-3.0139171e-18
6.000099999994252e-10	2.1355168e-10	3.7964742e-10	0.0014611606	0.008250083	-9.291173e-18	-1.9823145e-17	1.3879654e-17	-3.337634e-19	0	-3.0139171e-18
6.100099999994076e-10	2.610076e-10	3.7964742e-10	0.0014611606	0.008250083	-9.291171e-18	-1.9823145e-17	1.3879654e-17	-3.337634e-19	0	-3.0139171e-18
6.2000999999939e-10	2.1355168e-10	3.7964742e-10	0.0014611606	0.008250083	-9.291171e-18	-1.9823147e-17	1.3879654e-17	-3.337634e-19	0	-3.0139171e-18
6.300099999993724e-10	1.8982371e-10	3.7964742e-10	0.0014611606	0.008250083	-9.291173e-18	-1.9823145e-17	1.3879654e-17	-3.337634e-19	0	-3.013917e-18
6.400099999993547e-10	1.1863982e-10	3.7964742e-10	0.0014611606	0.008250082	-9.291173e-18	-1.9823145e-17	1.3879654e-17	-3.337634e-19	0	-3.0139171e-18
6.500099999993371e-10	9.4911856e-11	3.7964742e-10	0.0014611606	0.008250083	-9.291173e-18	-1.9823145e-17	1.3879654e-17	-3.337634e-19	0	-3.0139171e-18
6.600099999993195e-10	1.4236778e-10	3.7964742e-10	0.0014611606	0.008250082	-9.291173e-18	-1.9823145e-17	1.3879654e-17	-3.337634e-19	0	-3.0139171e-18
6.700099999993019e-10	1.4236778e-10	3.7964742e-10	0.0014611606	0.008250083	-9.291173e-18	-1.9823147e-17	1.3879654e-17	-3.337634e-19	0	-3.013917e-18
6.800099999992843e-10	1.1863982e-10	3.7964742e-10	0.0014611606	0.008250083	-9.291171e-18	-1.9823147e-17	1.3879654e-17	-3.337634e-19	0	-3.0139171e-18
6.900099999992667e-10	1.8982371e-10	3.7964742e-10	0.0014611606	0.008250083	-9.291173e-18	-1.9823147e-17	1.3879654e-17	-3.337634e-19	0	-3.0139171e-18
7.000099999992491e-10	1.6609575e-10	3.7964742e-10	0.0014611606	0.008250083	-9.291173e-18	-1.9823147e-17	1.3879654e-17	-3.337634e-19	0	-3.0139171e-18
7.100099999992315e-10	1.6609575e-10	3.7964742e-10	0.0014611606	0.008250083	-9.291173e-18	-1.9823145e-17	1.3879654e-17	-3.337634e-19	0	-3.0139171e-18
7.200099999992138e-10	1.4236778e-10	3.7964742e-10	0.0014611606	0.008250083	-9.291171e-18	-1.9823147e-17	1.3879654e-17	-3.337634e-19	0	-3.0139171e-18
7.300099999991962e-10	1.1863982e-10	3.7964742e-10	0.0014611606	0.008250083	-9.291173e-18	-1.9823145e-17	1.3879654e-17	-3.337634e-19	0	-3.0139171e-18
7.400099999991786e-10	1.4236778e-10	3.7964742e-10	0.0014611606	0.008250083	-9.291173e-18	-1.9823145e-17	1.3879654e-17	-3.337634e-19	0	-3.0139171e-18
7.50009999999161e-10	1.6609575e-10	3.7964742e-10	0.0014611606	0.008250083	-9.291173e-18	-1.9823145e-17	1.3879654e-17	-3.337634e-19	0	-3.0139171e-18
7.600099999991434e-10	1.4236778e-10	3.7964742e-10	0.0014611606	0.008250083	-9.291173e-18	-1.9823145e-17	1.3879654e-17	-3.337634e-19	0	-3.013917e-18
7.700099999991258e-10	1.4236778e-10	3.7964742e-10	0.0014611606	0.008250083	-9.291173e-18	-1.9823145e-17	1.3879654e-17	-3.337634e-19	0	-3.0139171e-18
7.800099999991082e-10	1.4236778e-10	3.7964742e-10	0.0014611606	0.008250083	-9.291171e-18	-1.9823147e-17	1.3879654e-17	-3.337634e-19	0	-3.013917e-18
7.900099999990906e-10	9.4911856e-11	3.7964742e-10	0.0014611606	0.008250083	-9.291173e-18	-1.9823145e-17	1.3879654e-17	-3.337634e-19	0	-3.0139171e-18
8.00009999999073e-10	1.1863982e-10	3.7964742e-10	0.0014611606	0.008250083	-9.291173e-18	-1.9823145e-17	1.3879654e-17	-3.337634e-19	0	-3.0139171e-18
8.100099999990553e-10	1.4236778e-10	3.7964742e-10	0.0014611606	0.008250083	-9.291173e-18	-1.9823145e-17	1.3879654e-17	-3.337634e-19	0	-3.0139171e-18
8.200099999990377e-10	1.4236778e-10	3.7964742e-10	0.0014611606	0.008250082	-9.291173e-18	-1.9823147e-17	1.3879654e-17	-3.337634e-19	0	-3.0139171e-18
8.300099999990201e-10	9.4911856e-11	3.7964742e-10	0.0014611606	0.008250083	-9.291173e-18	-1.9823145e-17	1.3879654e-17	-3.337634e-19	0	-3.013917e-18
8.400099999990025e-10	1.4236778e-10	3.7964742e-10	0.0014611606	0.008250083	-9.291173e-18	-1.9823145e-17	1.3879654e-17	-3.337634e-19	0	-3.0139171e-18
8.500099999989849e-10	1.4236778e-10	3.7964742e-10	0.0014611606	0.008250083	-9.291173e-18	-1.9823145e-17	1.3879654e-17	-3.337634e-19	0	-3.0139171e-18
8.600099999989673e-10	1.4236778e-10	3.7964742e-10	0.0014611606	0.008250083	-9.291173e-18	-1.9823147e-17	1.3879654e-17	-3.337634e-19	0	-3.0139171e-18
8.700099999989497e-10	1.1863982e-10	3.7964742e-10	0.0014611606	0.008250082	-9.291173e-18	-1.9823145e-17	1.3879654e-17	-3.337634e-19	0	-3.0139171e-18
8.800099999989321e-10	1.8982371e-10	3.7964742e-10	0.0014611606	0.008250083	-9.291173e-18	-1.9823145e-17	1.3879654e-17	-3.337634e-19	0	-3.0139171e-18
8.900099999989144e-10	1.8982371e-10	3.7964742e-10	0.0014611606	0.008250083	-9.291173e-18	-1.9823145e-17	1.3879654e-17	-3.337634e-19	0	-3.0139171e-18
9.000099999988968e-10	1.4236778e-10	3.7964742e-10	0.0014611606	0.008250083	-9.291173e-18	-1.9823147e-17	1.3879654e-17	-3.337634e-19	0	-3.013917e-18
9.100099999988792e-10	1.4236778e-10	3.7964742e-10	0.0014611606	0.008250084	-9.291173e-18	-1.9823145e-17	1.3879654e-17	-3.337634e-19	0	-3.0139171e-18
9.200099999988616e-10	4.7455928e-11	3.7964742e-10	0.0014611606	0.008250084	-9.291171e-18	-1.9823145e-17	1.3879654e-17	-3.337634e-19	0	-3.013917e-18
9.30009999998844e-10	4.7455928e-11	3.7964742e-10	0.0014611606	0.008250084	-9.291173e-18	-1.9823147e-17	1.3879654e-17	-3.337634e-19	0	-3.0139171e-18
9.400099999989161e-10	7.118389e-11	3.7964742e-10	0.0014611606	0.008250084	-9.291173e-18	-1.9823145e-17	1.3879654e-17	-3.337634e-19	0	-3.0139171e-18
9.50009999999002e-10	1.6609575e-10	3.7964742e-10	0.0014611606	0.008250084	-9.291173e-18	-1.9823147e-17	1.3879654e-17	-3.337634e-19	0	-3.0139171e-18
9.600099999990877e-10	9.4911856e-11	3.7964742e-10	0.0014611591	0.008250084	-9.291173e-18	-1.9823145e-17	1.3879654e-17	-3.337634e-19	0	-3.0139171e-18
9.700099999991735e-10	7.118389e-11	3.7964742e-10	0.0014611606	0.008250084	-9.291173e-18	-1.9823147e-17	1.3879654e-17	-3.337634e-19	0	-3.0139171e-18
9.800099999992593e-10	9.4911856e-11	3.7964742e-10	0.0014611606	0.008250084	-9.291173e-18	-1.9823145e-17	1.3879654e-17	-3.337634e-19	0	-3.013917e-18
9.90009999999345e-10	1.1863982e-10	3.7964742e-10	0.0014611606	0.008250084	-9.291173e-18	-1.9823145e-17	1.3879654e-17	-3.337634e-19	0	-3.0139171e-18
1.0000099999994308e-09	9.4911856e-11	3.7964742e-10	0.0014611606	0.008250084	-9.291173e-18	-1.9823145e-17	1.3879654e-17	-3.337634e-19	0	-3.013917e-18
1.0100099999995166e-09	9.4911856e-11	3.7964742e-10	0.0014611606	0.008250084	-9.291173e-18	-1.9823145e-17	1.3879654e-17	-3.337634e-19	0	-3.0139171e-18
1.0200099999996024e-09	1.4236778e-10	3.7964742e-10	0.0014611606	0.008250084	-9.291173e-18	-1.9823147e-17	1.3879654e-17	-3.337634e-19	0	-3.013917e-18
1.0300099999996882e-09	1.4236778e-10	3.7964742e-10	0.0014611606	0.008250084	-9.291173e-18	-1.9823145e-17	1.3879654e-17	-3.337634e-19	0	-3.0139171e-18
1.040009999999774e-09	1.1863982e-10	3.7964742e-10	0.0014611606	0.008250084	-9.291173e-18	-1.9823145e-17	1.3879654e-17	-3.337634e-19	0	-3.0139171e-18
1.0500099999998598e-09	4.7455928e-11	3.7964742e-10	0.0014611606	0.008250083	-9.291173e-18	-1.9823145e-17	1.3879654e-17	-3.337634e-19	0	-3.0139171e-18
1.0600099999999456e-09	1.1863982e-10	3.7964742e-10	0.0014611606	0.008250084	-9.291171e-18	-1.9823145e-17	1.3879654e-17	-3.337634e-19	0	-3.0139171e-18
1.0700000000000313e-09	2.3727964e-10	3.7964742e-10	0.0014611593	0.008249952	-9.291173e-18	-1.9823147e-17	1.3879654e-17	-3.337634e-19	0	-3.0139171e-18
1.080000000000117e-09	2.1355168e-10	3.7964742e-10	0.0014611593	0.008249952	-9.291173e-18	-1.9823147e-17	1.3879654e-17	-3.337634e-19	0	-3.0139171e-18
1.0900000000002028e-09	2.1355168e-10	3.7964742e-10	0.0014611593	0.008249952	-9.291173e-18	-1.9823145e-17	1.3879654e-17	-3.337634e-19	0	-3.013917e-18
1.1000000000002886e-09	1.8982371e-10	3.7964742e-10	0.0014611593	0.008249952	-9.291173e-18	-1.9823147e-17	1.3879654e-17	-3.337634e-19	0	-3.0139171e-18
1.1100000000003744e-09	2.3727964e-10	3.7964742e-10	0.0014611597	0.008249952	-9.291173e-18	-1.9823147e-17	1.3879654e-17	-3.337634e-19	0	-3.0139171e-18
1.1200000000004602e-09	2.1355168e-10	5.6947114e-10	0.0014611593	0.008249952	-9.291173e-18	-1.9823145e-17	1.3879654e-17	-3.337634e-19	0	-3.0139171e-18
1.130000000000546e-09	1.8982371e-10	5.6947114e-10	0.0014611597	0.008249952	-9.291173e-18	-1.9823145e-17	1.3879654e-17	-3.337634e-19	0	-3.013917e-18
1.1400000000006318e-09	1.8982371e-10	7.5929485e-10	0.0014611593	0.008249952	-9.291173e-18	-1.9823147e-17	1.3879654e-17	-3.337634e-19	0	-3.0139171e-18
1.1500000000007175e-09	1.8982371e-10	7.5929485e-10	0.0014611593	0.008249952	-9.291173e-18	-1.9823145e-17	1.3879654e-17	-3.337634e-19	0	-3.013917e-18
1.1600000000008033e-09	1.8982371e-10	7.5929485e-10	0.0014611593	0.008249952	-9.291173e-18	-1.9823147e-17	1.3879654e-17	-3.337634e-19	0	-3.0139171e-18
1.1700000000008891e-09	1.8982371e-10	7.5929485e-10	0.0014611597	0.008249952	-9.291173e-18	-1.9823145e-17	1.3879654e-17	-3.337634e-19	0	-3.0139171e-18
1.1800000000009749e-09	2.1355168e-10	7.5929485e-10	0.0014611597	0.008249952	-9.291171e-18	-1.9823147e-17	1.3879654e-17	-3.337634e-19	0	-3.0139171e-18
1.1900000000010607e-09	1.8982371e-10	7.5929485e-10	0.0014611593	0.008249952	-9.291173e-18	-1.9823147e-17	1.3879654e-17	-3.337634e-19	0	-3.013917e-18
1.2000000000011465e-09	1.8982371e-10	7.5929485e-10	0.0014611593	0.008249952	-9.291173e-18	-1.9823147e-17	1.3879654e-17	-3.337634e-19	0	-3.0139171e-18
1.2100000000012322e-09	1.8982371e-10	5.6947114e-10	0.0014611593	0.008249952	-9.291173e-18	-1.9823145e-17	1.3879654e-17	-3.337634e-19	0	-3.0139171e-18
1.220000000001318e-09	2.3727964e-10	7.5929485e-10	0.0014611593	0.008249952	-9.291173e-18	-1.9823145e-17	1.3879654e-17	-3.337634e-19	0	-3.0139171e-18
1.2300000000014038e-09	2.3727964e-10	5.6947114e-10	0.0014611593	0.008249952	-9.291173e-18	-1.9823147e-17	1.3879654e-17	-3.337634e-19	0	-3.0139171e-18
1.2400000000014896e-09	2.1355168e-10	7.5929485e-10	0.0014611593	0.008249952	-9.291173e-18	-1.9823147e-17	1.3879654e-17	-3.337634e-19	0	-3.0139171e-18
1.2500000000015754e-09	2.1355168e-10	7.5929485e-10	0.0014611597	0.008249952	-9.291173e-18	-1.9823147e-17	1.3879654e-17	-3.337634e-19	0	-3.0139171e-18
1.2600000000016612e-09	2.1355168e-10	7.5929485e-10	0.0014611593	0.008249952	-9.291173e-18	-1.9823145e-17	1.3879654e-17	-3.337634e-19	0	-3.0139171e-18
1.270000000001747e-09	1.8982371e-10	3.7964742e-10	0.0014611593	0.008249952	-9.291173e-18	-1.9823145e-17	1.3879654e-17	-3.337634e-19	0	-3.0139171e-18
1.2800000000018327e-09	1.6609575e-10	7.5929485e-10	0.0014611593	0.008249952	-9.291171e-18	-1.9823147e-17	1.3879654e-17	-3.337634e-19	0	-3.0139171e-18
1.2900000000019185e-09	1.8982371e-10	3.7964742e-10	0.0014611593	0.008249952	-9.291173e-18	-1.9823145e-17	1.3879654e-17	-3.337634e-19	0	-3.0139171e-18
1.3000000000020043e-09	1.8982371e-10	5.6947114e-10	0.0014611593	0.008249952	-9.291173e-18	-1.9823145e-17	1.3879654e-17	-3.337634e-19	0	-3.0139171e-18
1.3100000000020901e-09	2.3727964e-10	7.5929485e-10	0.0014611593	0.008249952	-9.291173e-18	-1.9823145e-17	1.3879654e-17	-3.337634e-19	0	-3.0139171e-18
1.3200000000021759e-09	1.8982371e-10	7.5929485e-10	0.0014611593	0.008249952	-9.291173e-18	-1.9823145e-17	1.3879654e-17	-3.337634e-19	0	-3.013917e-18
1.3300000000022617e-09	1.8982371e-10	3.7964742e-10	0.0014611593	0.008249952	-9.291173e-18	-1.9823145e-17	1.3879654e-17	-3.337634e-19	0	-3.0139171e-18
1.3400000000023475e-09	1.8982371e-10	5.6947114e-10	0.0014611597	0.008249952	-9.291173e-18	-1.9823147e-17	1.3879654e-17	-3.337634e-19	0	-3.013917e-18
1.3500000000024332e-09	2.3727964e-10	7.5929485e-10	0.0014611593	0.008249952	-9.291173e-18	-1.9823147e-17	1.3879654e-17	-3.337634e-19	0	-3.0139171e-18
1.360000000002519e-09	1.8982371e-10	3.7964742e-10	0.0014611593	0.008249952	-9.2911706e-18	-1.9823147e-17	1.3879654e-17	-3.337634e-19	0	-3.0139171e-18
1.3700000000026048e-09	1.8982371e-10	3.7964742e-10	0.0014611593	0.008249952	-9.291173e-18	-1.9823147e-17	1.3879654e-17	-3.337634e-19	0	-3.0139171e-18
1.3800000000026906e-09	2.3727964e-10	7.5929485e-10	0.0014611593	0.008249953	-9.291173e-18	-1.9823147e-17	1.3879654e-17	-3.337634e-19	0	-3.0139171e-18
1.3900000000027764e-09	2.3727964e-10	5.6947114e-10	0.0014611593	0.008249952	-9.291173e-18	-1.9823147e-17	1.3879654e-17	-3.337634e-19	0	-3.0139171e-18
1.4000000000028622e-09	2.1355168e-10	5.6947114e-10	0.0014611593	0.008249952	-9.291173e-18	-1.9823147e-17	1.3879654e-17	-3.337634e-19	0	-3.0139171e-18
1.410000000002948e-09	1.8982371e-10	3.7964742e-10	0.0014611597	0.008249952	-9.291173e-18	-1.9823145e-17	1.3879654e-17	-3.337634e-19	0	-3.0139171e-18
1.4200000000030337e-09	2.1355168e-10	5.6947114e-10	0.0014611593	0.008249952	-9.291173e-18	-1.9823145e-17	1.3879654e-17	-3.337634e-19	0	-3.0139171e-18
1.4300000000031195e-09	2.1355168e-10	7.5929485e-10	0.0014611593	0.008249952	-9.291173e-18	-1.9823147e-17	1.3879654e-17	-3.337634e-19	0	-3.013917e-18
1.4400000000032053e-09	2.3727964e-10	5.6947114e-10	0.0014611593	0.008249952	-9.291173e-18	-1.9823145e-17	1.3879654e-17	-3.337634e-19	0	-3.0139171e-18
1.450000000003291e-09	1.6609575e-10	5.6947114e-10	0.0014611593	0.008249952	-9.291173e-18	-1.9823147e-17	1.3879654e-17	-3.337634e-19	0	-3.0139171e-18
1.4600000000033769e-09	2.3727964e-10	7.5929485e-10	0.0014611597	0.008249952	-9.291173e-18	-1.9823147e-17	1.3879654e-17	-3.337634e-19	0	-3.0139171e-18
1.4700000000034627e-09	2.3727964e-10	7.5929485e-10	0.0014611593	0.008249952	-9.291173e-18	-1.9823145e-17	1.3879654e-17	-3.337634e-19	0	-3.0139171e-18
1.4800000000035485e-09	1.8982371e-10	5.6947114e-10	0.0014611593	0.008249952	-9.291171e-18	-1.9823145e-17	1.3879654e-17	-3.337634e-19	0	-3.0139171e-18
1.4900000000036342e-09	1.4236778e-10	5.6947114e-10	0.0014611593	0.008249952	-9.291173e-18	-1.9823147e-17	1.3879654e-17	-3.337634e-19	0	-3.0139171e-18
1.50000000000372e-09	2.1355168e-10	7.5929485e-10	0.0014611597	0.008249952	-9.291173e-18	-1.9823147e-17	1.3879654e-17	-3.337634e-19	0	-3.013917e-18
1.5100000000038058e-09	1.8982371e-10	3.7964742e-10	0.0014611593	0.008249952	-9.291173e-18	-1.9823145e-17	1.3879654e-17	-3.337634e-19	0	-3.0139171e-18
1.5200000000038916e-09	2.1355168e-10	7.5929485e-10	0.0014611593	0.008249952	-9.291173e-18	-1.9823145e-17	1.3879654e-17	-3.337634e-19	0	-3.0139171e-18
1.5300000000039774e-09	2.610076e-10	7.5929485e-10	0.0014611593	0.008249952	-9.291173e-18	-1.9823147e-17	1.3879654e-17	-3.337634e-19	0	-3.013917e-18
1.5400000000040632e-09	2.1355168e-10	5.6947114e-10	0.0014611593	0.008249952	-9.291173e-18	-1.9823145e-17	1.3879654e-17	-3.337634e-19	0	-3.013917e-18
1.550000000004149e-09	2.3727964e-10	5.6947114e-10	0.0014611593	0.008249952	-9.291173e-18	-1.9823145e-17	1.3879654e-17	-3.337634e-19	0	-3.0139171e-18
1.5600000000042347e-09	2.3727964e-10	7.5929485e-10	0.0014611593	0.008249952	-9.291173e-18	-1.9823145e-17	1.3879654e-17	-3.337634e-19	0	-3.0139171e-18
1.5700000000043205e-09	2.3727964e-10	7.5929485e-10	0.0014611593	0.008249952	-9.291173e-18	-1.9823147e-17	1.3879654e-17	-3.337634e-19	0	-3.013917e-18
1.5800000000044063e-09	2.3727964e-10	5.6947114e-10	0.0014611593	0.008249952	-9.291173e-18	-1.9823145e-17	1.3879654e-17	-3.337634e-19	0	-3.0139171e-18
1.590000000004492e-09	2.3727964e-10	5.6947114e-10	0.0014611593	0.008249952	-9.291173e-18	-1.9823147e-17	1.3879654e-17	-3.337634e-19	0	-3.013917e-18
1.6000000000045779e-09	2.3727964e-10	5.6947114e-10	0.0014611593	0.008249952	-9.291173e-18	-1.9823147e-17	1.3879654e-17	-3.337634e-19	0	-3.0139171e-18
1.6100000000046637e-09	1.8982371e-10	5.6947114e-10	0.0014611593	0.008249953	-9.291173e-18	-1.9823145e-17	1.3879654e-17	-3.337634e-19	0	-3.0139171e-18
1.6200000000047495e-09	2.610076e-10	7.5929485e-10	0.0014611593	0.008249953	-9.291173e-18	-1.9823145e-17	1.3879654e-17	-3.337634e-19	0	-3.0139171e-18
1.6300000000048352e-09	2.3727964e-10	7.5929485e-10	0.0014611593	0.008249953	-9.291173e-18	-1.9823145e-17	1.3879654e-17	-3.337634e-19	0	-3.013917e-18
1.640000000004921e-09	2.3727964e-10	5.6947114e-10	0.0014611593	0.008249953	-9.291173e-18	-1.9823145e-17	1.3879654e-17	-3.337634e-19	0	-3.013917e-18
1.6500000000050068e-09	2.3727964e-10	5.6947114e-10	0.0014611593	0.008249953	-9.291173e-18	-1.9823147e-17	1.3879654e-17	-3.337634e-19	0	-3.0139171e-18
1.6600000000050926e-09	2.3727964e-10	5.6947114e-10	0.0014611593	0.008249952	-9.291173e-18	-1.9823145e-17	1.3879654e-17	-3.337634e-19	0	-3.0139171e-18
1.6700000000051784e-09	2.3727964e-10	5.6947114e-10	0.0014611597	0.008249952	-9.291173e-18	-1.9823147e-17	1.3879654e-17	-3.337634e-19	0	-3.0139171e-18
1.6800000000052642e-09	2.610076e-10	5.6947114e-10	0.0014611593	0.008249952	-9.291171e-18	-1.9823147e-17	1.3879654e-17	-3.337634e-19	0	-3.0139171e-18
1.69000000000535e-09	2.1355168e-10	5.6947114e-10	0.0014611593	0.008249952	-9.291173e-18	-1.9823145e-17	1.3879654e-17	-3.337634e-19	0	-3.0139171e-18
1.7000000000054357e-09	2.8473557e-10	7.5929485e-10	0.0014611593	0.008249952	-9.291173e-18	-1.9823145e-17	1.3879654e-17	-3.337634e-19	0	-3.013917e-18
1.7100000000055215e-09	2.8473557e-10	7.5929485e-10	0.0014611593	0.008249952	-9.291173e-18	-1.9823147e-17	1.3879654e-17	-3.337634e-19	0	-3.0139171e-18
1.7200000000056073e-09	2.3727964e-10	3.7964742e-10	0.0014611593	0.008249952	-9.291173e-18	-1.9823147e-17	1.3879654e-17	-3.337634e-19	0	-3.013917e-18
1.730000000005693e-09	2.610076e-10	3.7964742e-10	0.0014611593	0.008249952	-9.291173e-18	-1.9823145e-17	1.3879654e-17	-3.337634e-19	0	-3.0139171e-18
1.7400000000057789e-09	2.3727964e-10	3.7964742e-10	0.0014611597	0.008249952	-9.291173e-18	-1.9823147e-17	1.3879654e-17	-3.337634e-19	0	-3.0139171e-18
1.7500000000058647e-09	2.8473557e-10	3.7964742e-10	0.0014611593	0.008249952	-9.291173e-18	-1.9823147e-17	1.3879654e-17	-3.337634e-19	0	-3.0139171e-18
1.7600000000059504e-09	2.610076e-10	3.7964742e-10	0.0014611593	0.008249952	-9.291173e-18	-1.9823145e-17	1.3879654e-17	-3.337634e-19	0	-3.0139171e-18
1.7700000000060362e-09	2.610076e-10	3.7964742e-10	0.0014611593	0.008249952	-9.291173e-18	-1.9823147e-17	1.3879654e-17	-3.337634e-19	0	-3.0139171e-18
1.780000000006122e-09	2.8473557e-10	3.7964742e-10	0.0014611597	0.008249952	-9.291173e-18	-1.9823147e-17	1.3879654e-17	-3.337634e-19	0	-3.013917e-18
1.7900000000062078e-09	2.3727964e-10	3.7964742e-10	0.0014611593	0.008249952	-9.291173e-18	-1.9823145e-17	1.3879654e-17	-3.337634e-19	0	-3.0139171e-18
1.8000000000062936e-09	2.8473557e-10	3.7964742e-10	0.0014611593	0.008249952	-9.291171e-18	-1.9823145e-17	1.3879654e-17	-3.337634e-19	0	-3.013917e-18
1.8100000000063794e-09	2.610076e-10	3.7964742e-10	0.0014611593	0.008249952	-9.291173e-18	-1.9823147e-17	1.3879654e-17	-3.337634e-19	0	-3.013917e-18
1.8200000000064652e-09	2.610076e-10	3.7964742e-10	0.0014611593	0.008249952	-9.291173e-18	-1.9823147e-17	1.3879654e-17	-3.337634e-19	0	-3.013917e-18
1.830000000006551e-09	2.610076e-10	3.7964742e-10	0.0014611593	0.008249952	-9.291173e-18	-1.9823145e-17	1.3879654e-17	-3.337634e-19	0	-3.0139171e-18
1.8400000000066367e-09	2.8473557e-10	3.7964742e-10	0.0014611593	0.008249952	-9.291173e-18	-1.9823145e-17	1.3879654e-17	-3.337634e-19	0	-3.0139171e-18
1.8500000000067225e-09	2.610076e-10	3.7964742e-10	0.0014611593	0.008249952	-9.291173e-18	-1.9823147e-17	1.3879654e-17	-3.337634e-19	0	-3.0139171e-18
1.8600000000068083e-09	2.8473557e-10	3.7964742e-10	0.0014611593	0.008249952	-9.291173e-18	-1.9823147e-17	1.3879654e-17	-3.337634e-19	0	-3.013917e-18
1.870000000006742e-09	2.3727964e-10	3.7964742e-10	0.0014611593	0.008249952	-9.291171e-18	-1.9823147e-17	1.3879654e-17	-3.337634e-19	0	-3.0139171e-18
1.880000000006621e-09	2.610076e-10	3.7964742e-10	0.0014611593	0.008249952	-9.291173e-18	-1.9823147e-17	1.3879654e-17	-3.337634e-19	0	-3.013917e-18
1.8900000000065e-09	2.1355168e-10	3.7964742e-10	0.0014611593	0.008249952	-9.291173e-18	-1.9823145e-17	1.3879654e-17	-3.337634e-19	0	-3.013917e-18
1.900000000006379e-09	2.8473557e-10	3.7964742e-10	0.0014611593	0.008249952	-9.291173e-18	-1.9823147e-17	1.3879654e-17	-3.337634e-19	0	-3.0139171e-18
1.910000000006258e-09	2.610076e-10	3.7964742e-10	0.0014611597	0.008249952	-9.291173e-18	-1.9823145e-17	1.3879654e-17	-3.337634e-19	0	-3.013917e-18
1.920000000006137e-09	3.321915e-10	3.7964742e-10	0.0014611593	0.008249952	-9.291173e-18	-1.9823145e-17	1.3879654e-17	-3.337634e-19	0	-3.0139171e-18
1.930000000006016e-09	3.0846353e-10	3.7964742e-10	0.0014611593	0.008249952	-9.291173e-18	-1.9823147e-17	1.3879654e-17	-3.337634e-19	0	-3.0139171e-18
1.940000000005895e-09	3.0846353e-10	3.7964742e-10	0.0014611593	0.008249952	-9.291173e-18	-1.9823145e-17	1.3879654e-17	-3.337634e-19	0	-3.0139171e-18
1.950000000005774e-09	3.0846353e-10	3.7964742e-10	0.0014611597	0.008249952	-9.291173e-18	-1.9823145e-17	1.3879654e-17	-3.337634e-19	0	-3.0139171e-18
1.960000000005653e-09	3.0846353e-10	3.7964742e-10	0.0014611593	0.008249952	-9.291173e-18	-1.9823147e-17	1.3879654e-17	-3.337634e-19	0	-3.013917e-18
1.9700000000055318e-09	3.0846353e-10	3.7964742e-10	0.0014611597	0.008249952	-9.291173e-18	-1.9823147e-17	1.3879654e-17	-3.337634e-19	0	-3.0139171e-18
1.9800000000054108e-09	2.8473557e-10	3.7964742e-10	0.0014611597	0.008249952	-9.291173e-18	-1.9823147e-17	1.3879654e-17	-3.337634e-19	0	-3.013917e-18
1.9900000000052898e-09	2.8473557e-10	3.7964742e-10	0.0014611593	0.008249952	-9.291173e-18	-1.9823147e-17	1.3879654e-17	-3.337634e-19	0	-3.0139171e-18
2.0000000000051688e-09	2.610076e-10	3.7964742e-10	0.0014611593	0.008249952	-9.291171e-18	-1.9823147e-17	1.3879654e-17	-3.337634e-19	0	-3.0139171e-18
2.0100000000050478e-09	2.610076e-10	3.7964742e-10	0.0014611597	0.008249952	-9.291173e-18	-1.9823145e-17	1.3879654e-17	-3.337634e-19	0	-3.013917e-18
2.0200000000049267e-09	2.610076e-10	3.7964742e-10	0.0014611593	0.008249952	-9.291173e-18	-1.9823147e-17	1.3879654e-17	-3.337634e-19	0	-3.013917e-18
2.0300000000048057e-09	2.610076e-10	3.7964742e-10	0.0014611593	0.008249952	-9.291173e-18	-1.9823145e-17	1.3879654e-17	-3.337634e-19	0	-3.0139171e-18
2.0400000000046847e-09	2.8473557e-10	3.7964742e-10	0.0014611593	0.008249952	-9.291173e-18	-1.9823145e-17	1.3879654e-17	-3.337634e-19	0	-3.013917e-18
2.0500000000045637e-09	2.610076e-10	3.7964742e-10	0.0014611593	0.008249952	-9.291173e-18	-1.9823145e-17	1.3879654e-17	-3.337634e-19	0	-3.0139171e-18
2.0600000000044427e-09	2.610076e-10	3.7964742e-10	0.0014611593	0.008249952	-9.291173e-18	-1.9823147e-17	1.3879654e-17	-3.337634e-19	0	-3.0139171e-18
2.0700000000043217e-09	2.610076e-10	3.7964742e-10	0.0014611593	0.008249952	-9.291173e-18	-1.9823147e-17	1.3879654e-17	-3.337634e-19	0	-3.013917e-18
2.0800000000042007e-09	2.610076e-10	3.7964742e-10	0.0014611593	0.008249952	-9.291173e-18	-1.9823147e-17	1.3879654e-17	-3.337634e-19	0	-3.0139171e-18
2.0900000000040797e-09	2.8473557e-10	3.7964742e-10	0.0014611593	0.008249952	-9.291173e-18	-1.9823145e-17	1.3879654e-17	-3.337634e-19	0	-3.0139171e-18
2.1000000000039587e-09	2.8473557e-10	3.7964742e-10	0.0014611593	0.008249952	-9.291173e-18	-1.9823147e-17	1.3879654e-17	-3.337634e-19	0	-3.013917e-18
2.1100000000038377e-09	2.8473557e-10	3.7964742e-10	0.0014611593	0.008249952	-9.291173e-18	-1.9823145e-17	1.3879654e-17	-3.337634e-19	0	-3.0139171e-18
2.1200000000037166e-09	2.8473557e-10	3.7964742e-10	0.0014611593	0.008249952	-9.291173e-18	-1.9823147e-17	1.3879654e-17	-3.337634e-19	0	-3.0139171e-18
2.1300000000035956e-09	2.3727964e-10	3.7964742e-10	0.0014611593	0.008249952	-9.291173e-18	-1.9823147e-17	1.3879654e-17	-3.337634e-19	0	-3.013917e-18
2.1400000000034746e-09	3.0846353e-10	3.7964742e-10	0.0014611593	0.008249952	-9.291171e-18	-1.9823147e-17	1.3879654e-17	-3.337634e-19	0	-3.013917e-18
2.1500000000033536e-09	3.321915e-10	3.7964742e-10	0.0014611593	0.008249952	-9.291173e-18	-1.9823147e-17	1.3879654e-17	-3.337634e-19	0	-3.0139171e-18
2.1600000000032326e-09	3.0846353e-10	3.7964742e-10	0.0014611593	0.008249952	-9.291173e-18	-1.9823147e-17	1.3879654e-17	-3.337634e-19	0	-3.0139171e-18
2.1700000000031116e-09	2.610076e-10	3.7964742e-10	0.0014611593	0.008249952	-9.291173e-18	-1.9823145e-17	1.3879654e-17	-3.337634e-19	0	-3.0139171e-18
2.1800000000029906e-09	3.0846353e-10	3.7964742e-10	0.0014611593	0.008249952	-9.291171e-18	-1.9823145e-17	1.3879654e-17	-3.337634e-19	0	-3.0139171e-18
2.1900000000028696e-09	3.0846353e-10	3.7964742e-10	0.0014611593	0.008249952	-9.291173e-18	-1.9823147e-17	1.3879654e-17	-3.337634e-19	0	-3.013917e-18
2.2000000000027486e-09	3.5591946e-10	3.7964742e-10	0.0014611593	0.008249952	-9.291173e-18	-1.9823147e-17	1.3879654e-17	-3.337634e-19	0	-3.013917e-18
2.2100000000026276e-09	3.0846353e-10	3.7964742e-10	0.0014611593	0.008249952	-9.291173e-18	-1.9823145e-17	1.3879654e-17	-3.337634e-19	0	-3.0139171e-18
2.2200000000025065e-09	3.0846353e-10	3.7964742e-10	0.0014611593	0.008249952	-9.291173e-18	-1.9823145e-17	1.3879654e-17	-3.337634e-19	0	-3.0139171e-18
2.2300000000023855e-09	3.0846353e-10	3.7964742e-10	0.0014611593	0.008249952	-9.291173e-18	-1.9823145e-17	1.3879654e-17	-3.337634e-19	0	-3.0139171e-18
2.2400000000022645e-09	2.8473557e-10	3.7964742e-10	0.0014611593	0.008249952	-9.291173e-18	-1.9823145e-17	1.3879654e-17	-3.337634e-19	0	-3.0139171e-18
2.2500000000021435e-09	3.0846353e-10	3.7964742e-10	0.0014611593	0.008249952	-9.291173e-18	-1.9823147e-17	1.3879654e-17	-3.337634e-19	0	-3.0139171e-18
2.2600000000020225e-09	3.0846353e-10	3.7964742e-10	0.0014611593	0.008249952	-9.291173e-18	-1.9823147e-17	1.3879654e-17	-3.337634e-19	0	-3.0139171e-18
2.2700000000019015e-09	3.0846353e-10	3.7964742e-10	0.0014611593	0.008249952	-9.291173e-18	-1.9823147e-17	1.3879654e-17	-3.337634e-19	0	-3.0139171e-18
2.2800000000017805e-09	2.8473557e-10	3.7964742e-10	0.0014611593	0.008249952	-9.291173e-18	-1.9823147e-17	1.3879654e-17	-3.337634e-19	0	-3.0139171e-18
2.2900000000016595e-09	2.8473557e-10	3.7964742e-10	0.0014611593	0.008249952	-9.291173e-18	-1.9823145e-17	1.3879654e-17	-3.337634e-19	0	-3.0139171e-18
2.3000000000015385e-09	2.8473557e-10	3.7964742e-10	0.0014611593	0.008249952	-9.291173e-18	-1.9823147e-17	1.3879654e-17	-3.337634e-19	0	-3.013917e-18
2.3100000000014175e-09	3.0846353e-10	3.7964742e-10	0.0014611593	0.008249952	-9.291173e-18	-1.9823145e-17	1.3879654e-17	-3.337634e-19	0	-3.013917e-18
2.3200000000012965e-09	3.0846353e-10	3.7964742e-10	0.0014611593	0.008249952	-9.291173e-18	-1.9823145e-17	1.3879654e-17	-3.337634e-19	0	-3.0139171e-18
2.3300000000011754e-09	3.321915e-10	3.7964742e-10	0.0014611593	0.008249952	-9.291173e-18	-1.9823147e-17	1.3879654e-17	-3.337634e-19	0	-3.0139171e-18
2.3400000000010544e-09	3.0846353e-10	3.7964742e-10	0.0014611593	0.008249952	-9.291173e-18	-1.9823147e-17	1.3879654e-17	-3.337634e-19	0	-3.013917e-18
2.3500000000009334e-09	2.8473557e-10	3.7964742e-10	0.0014611593	0.008249952	-9.291173e-18	-1.9823145e-17	1.3879654e-17	-3.337634e-19	0	-3.0139171e-18
2.3600000000008124e-09	3.0846353e-10	3.7964742e-10	0.0014611593	0.008249952	-9.291173e-18	-1.9823145e-17	1.3879654e-17	-3.337634e-19	0	-3.013917e-18
2.3700000000006914e-09	3.0846353e-10	3.7964742e-10	0.0014611597	0.008249952	-9.291173e-18	-1.9823145e-17	1.3879654e-17	-3.337634e-19	0	-3.0139171e-18
2.3800000000005704e-09	3.0846353e-10	3.7964742e-10	0.0014611593	0.008249952	-9.291173e-18	-1.9823147e-17	1.3879654e-17	-3.337634e-19	0	-3.013917e-18
2.3900000000004494e-09	2.8473557e-10	3.7964742e-10	0.0014611593	0.008249952	-9.291173e-18	-1.9823147e-17	1.3879654e-17	-3.337634e-19	0	-3.0139171e-18
2.4000000000003284e-09	3.5591946e-10	3.7964742e-10	0.0014611593	0.008249952	-9.291173e-18	-1.9823147e-17	1.3879654e-17	-3.337634e-19	0	-3.0139171e-18
2.4100000000002074e-09	2.8473557e-10	3.7964742e-10	0.0014611593	0.008249952	-9.291173e-18	-1.9823147e-17	1.3879654e-17	-3.337634e-19	0	-3.0139171e-18
2.4200000000000864e-09	3.0846353e-10	3.7964742e-10	0.0014611593	0.008249952	-9.291173e-18	-1.9823147e-17	1.3879654e-17	-3.337634e-19	0	-3.013917e-18
2.4300099999999652e-09	1.6609575e-10	3.7964742e-10	0.0014611606	0.008250084	-9.291173e-18	-1.9823145e-17	1.3879654e-17	-3.337634e-19	0	-3.0139171e-18
2.4400099999998442e-09	1.8982371e-10	3.7964742e-10	0.0014611606	0.008250084	-9.291173e-18	-1.9823147e-17	1.3879654e-17	-3.337634e-19	0	-3.0139171e-18
2.450009999999723e-09	1.4236778e-10	3.7964742e-10	0.0014611606	0.008250084	-9.291173e-18	-1.9823145e-17	1.3879654e-17	-3.337634e-19	0	-3.0139171e-18
2.460009999999602e-09	1.8982371e-10	3.7964742e-10	0.0014611606	0.008250084	-9.291173e-18	-1.9823147e-17	1.3879654e-17	-3.337634e-19	0	-3.0139171e-18
2.470009999999481e-09	2.1355168e-10	3.7964742e-10	0.0014611606	0.008250084	-9.291173e-18	-1.9823145e-17	1.3879654e-17	-3.337634e-19	0	-3.0139171e-18
2.48000999999936e-09	1.8982371e-10	3.7964742e-10	0.0014611606	0.008250084	-9.291173e-18	-1.9823145e-17	1.3879654e-17	-3.337634e-19	0	-3.013917e-18
2.490009999999239e-09	1.8982371e-10	3.7964742e-10	0.0014611606	0.008250084	-9.291173e-18	-1.9823147e-17	1.3879654e-17	-3.337634e-19	0	-3.0139171e-18
2.500009999999118e-09	1.8982371e-10	3.7964742e-10	0.0014611591	0.008250084	-9.291173e-18	-1.9823145e-17	1.3879654e-17	-3.337634e-19	0	-3.0139171e-18
2.510009999998997e-09	1.6609575e-10	3.7964742e-10	0.0014611606	0.008250084	-9.291173e-18	-1.9823145e-17	1.3879654e-17	-3.337634e-19	0	-3.0139171e-18
2.520009999998876e-09	1.8982371e-10	3.7964742e-10	0.0014611606	0.008250084	-9.291173e-18	-1.9823145e-17	1.3879654e-17	-3.337634e-19	0	-3.0139171e-18
2.530009999998755e-09	1.8982371e-10	3.7964742e-10	0.0014611606	0.008250084	-9.291173e-18	-1.9823147e-17	1.3879654e-17	-3.337634e-19	0	-3.013917e-18
2.540009999998634e-09	1.8982371e-10	3.7964742e-10	0.0014611606	0.008250084	-9.291173e-18	-1.9823145e-17	1.3879654e-17	-3.337634e-19	0	-3.0139171e-18
2.550009999998513e-09	1.8982371e-10	3.7964742e-10	0.0014611606	0.008250084	-9.291173e-18	-1.9823145e-17	1.3879654e-17	-3.337634e-19	0	-3.0139171e-18
2.560009999998392e-09	1.6609575e-10	3.7964742e-10	0.0014611606	0.008250084	-9.291173e-18	-1.9823145e-17	1.3879654e-17	-3.337634e-19	0	-3.013917e-18
2.570009999998271e-09	1.4236778e-10	3.7964742e-10	0.0014611606	0.008250084	-9.291173e-18	-1.9823147e-17	1.3879654e-17	-3.337634e-19	0	-3.0139171e-18
2.58000999999815e-09	1.6609575e-10	3.7964742e-10	0.0014611606	0.008250084	-9.291173e-18	-1.9823145e-17	1.3879654e-17	-3.337634e-19	0	-3.013917e-18
2.590009999998029e-09	1.8982371e-10	3.7964742e-10	0.0014611606	0.008250084	-9.291173e-18	-1.9823147e-17	1.3879654e-17	-3.337634e-19	0	-3.0139171e-18
2.600009999997908e-09	1.8982371e-10	3.7964742e-10	0.0014611606	0.008250084	-9.291173e-18	-1.9823145e-17	1.3879654e-17	-3.337634e-19	0	-3.0139171e-18
2.610009999997787e-09	1.4236778e-10	3.7964742e-10	0.0014611606	0.008250084	-9.291173e-18	-1.9823147e-17	1.3879654e-17	-3.337634e-19	0	-3.0139171e-18
2.620009999997666e-09	1.4236778e-10	3.7964742e-10	0.0014611606	0.008250084	-9.291173e-18	-1.9823145e-17	1.3879654e-17	-3.337634e-19	0	-3.013917e-18
2.630009999997545e-09	2.1355168e-10	3.7964742e-10	0.0014611606	0.008250084	-9.291173e-18	-1.9823147e-17	1.3879654e-17	-3.337634e-19	0	-3.0139171e-18
2.640009999997424e-09	1.8982371e-10	3.7964742e-10	0.0014611591	0.008250084	-9.291173e-18	-1.9823147e-17	1.3879654e-17	-3.337634e-19	0	-3.013917e-18
2.650009999997303e-09	1.6609575e-10	3.7964742e-10	0.0014611606	0.008250084	-9.291173e-18	-1.9823147e-17	1.3879654e-17	-3.337634e-19	0	-3.0139171e-18
2.660009999997182e-09	1.6609575e-10	3.7964742e-10	0.0014611606	0.008250084	-9.291173e-18	-1.9823145e-17	1.3879654e-17	-3.337634e-19	0	-3.0139171e-18
2.670009999997061e-09	1.6609575e-10	3.7964742e-10	0.0014611606	0.008250084	-9.291173e-18	-1.9823145e-17	1.3879654e-17	-3.337634e-19	0	-3.0139171e-18
2.68000999999694e-09	1.6609575e-10	3.7964742e-10	0.0014611606	0.008250084	-9.291173e-18	-1.9823145e-17	1.3879654e-17	-3.337634e-19	0	-3.0139171e-18
2.690009999996819e-09	1.8982371e-10	3.7964742e-10	0.0014611606	0.008250084	-9.291173e-18	-1.9823145e-17	1.3879654e-17	-3.337634e-19	0	-3.0139171e-18
2.700009999996698e-09	1.6609575e-10	3.7964742e-10	0.0014611606	0.008250084	-9.291173e-18	-1.9823145e-17	1.3879654e-17	-3.337634e-19	0	-3.013917e-18
2.710009999996577e-09	1.8982371e-10	3.7964742e-10	0.0014611606	0.008250084	-9.291173e-18	-1.9823147e-17	1.3879654e-17	-3.337634e-19	0	-3.0139171e-18
2.720009999996456e-09	2.1355168e-10	3.7964742e-10	0.0014611606	0.008250084	-9.291173e-18	-1.9823145e-17	1.3879654e-17	-3.337634e-19	0	-3.013917e-18
2.730009999996335e-09	1.8982371e-10	3.7964742e-10	0.0014611606	0.008250084	-9.291173e-18	-1.9823147e-17	1.3879654e-17	-3.337634e-19	0	-3.0139171e-18
2.740009999996214e-09	1.6609575e-10	3.7964742e-10	0.0014611606	0.008250084	-9.291171e-18	-1.9823145e-17	1.3879654e-17	-3.337634e-19	0	-3.0139171e-18
2.750009999996093e-09	1.6609575e-10	3.7964742e-10	0.0014611606	0.008250084	-9.291173e-18	-1.9823145e-17	1.3879654e-17	-3.337634e-19	0	-3.013917e-18
2.760009999995972e-09	1.6609575e-10	3.7964742e-10	0.0014611606	0.008250084	-9.291173e-18	-1.9823147e-17	1.3879654e-17	-3.337634e-19	0	-3.0139171e-18
2.770009999995851e-09	1.8982371e-10	3.7964742e-10	0.0014611606	0.008250084	-9.291173e-18	-1.9823147e-17	1.3879654e-17	-3.337634e-19	0	-3.0139171e-18
2.78000999999573e-09	1.6609575e-10	3.7964742e-10	0.0014611606	0.008250084	-9.291171e-18	-1.9823147e-17	1.3879654e-17	-3.337634e-19	0	-3.013917e-18
2.790009999995609e-09	1.8982371e-10	3.7964742e-10	0.0014611606	0.008250084	-9.291173e-18	-1.9823147e-17	1.3879654e-17	-3.337634e-19	0	-3.0139171e-18
2.800009999995488e-09	1.6609575e-10	3.7964742e-10	0.0014611606	0.008250084	-9.291173e-18	-1.9823145e-17	1.3879654e-17	-3.337634e-19	0	-3.0139171e-18
2.810009999995367e-09	1.6609575e-10	3.7964742e-10	0.0014611606	0.008250084	-9.291173e-18	-1.9823145e-17	1.3879654e-17	-3.337634e-19	0	-3.0139171e-18
2.820009999995246e-09	1.8982371e-10	3.7964742e-10	0.0014611606	0.008250084	-9.291173e-18	-1.9823145e-17	1.3879654e-17	-3.337634e-19	0	-3.0139171e-18
2.830009999995125e-09	1.6609575e-10	3.7964742e-10	0.0014611606	0.008250084	-9.291173e-18	-1.9823145e-17	1.3879654e-17	-3.337634e-19	0	-3.0139171e-18
2.840009999995004e-09	1.4236778e-10	3.7964742e-10	0.0014611606	0.008250084	-9.291171e-18	-1.9823145e-17	1.3879654e-17	-3.337634e-19	0	-3.0139171e-18
2.850009999994883e-09	1.6609575e-10	3.7964742e-10	0.0014611606	0.008250084	-9.291173e-18	-1.9823147e-17	1.3879654e-17	-3.337634e-19	0	-3.0139171e-18
2.860009999994762e-09	1.6609575e-10	3.7964742e-10	0.0014611606	0.008250084	-9.291173e-18	-1.9823145e-17	1.3879654e-17	-3.337634e-19	0	-3.0139171e-18
2.870009999994641e-09	1.6609575e-10	3.7964742e-10	0.0014611591	0.008250084	-9.291173e-18	-1.9823145e-17	1.3879654e-17	-3.337634e-19	0	-3.0139171e-18
2.8800099999945198e-09	2.3727964e-10	3.7964742e-10	0.0014611606	0.008250084	-9.291173e-18	-1.9823145e-17	1.3879654e-17	-3.337634e-19	0	-3.0139171e-18
2.8900099999943988e-09	1.4236778e-10	3.7964742e-10	0.0014611606	0.008250084	-9.291173e-18	-1.9823147e-17	1.3879654e-17	-3.337634e-19	0	-3.0139171e-18
2.9000099999942778e-09	1.8982371e-10	3.7964742e-10	0.0014611606	0.008250084	-9.291171e-18	-1.9823147e-17	1.3879654e-17	-3.337634e-19	0	-3.013917e-18
2.9100099999941568e-09	1.6609575e-10	3.7964742e-10	0.0014611606	0.008250084	-9.291173e-18	-1.9823145e-17	1.3879654e-17	-3.337634e-19	0	-3.0139171e-18
2.9200099999940357e-09	1.6609575e-10	3.7964742e-10	0.0014611606	0.008250084	-9.291171e-18	-1.9823145e-17	1.3879654e-17	-3.337634e-19	0	-3.0139171e-18
2.9300099999939147e-09	1.8982371e-10	3.7964742e-10	0.0014611606	0.008250084	-9.291173e-18	-1.9823145e-17	1.3879654e-17	-3.337634e-19	0	-3.0139171e-18
2.9400099999937937e-09	1.6609575e-10	3.7964742e-10	0.0014611606	0.008250084	-9.291173e-18	-1.9823145e-17	1.3879654e-17	-3.337634e-19	0	-3.0139171e-18
2.9500099999936727e-09	1.8982371e-10	3.7964742e-10	0.0014611606	0.008250084	-9.291173e-18	-1.9823147e-17	1.3879654e-17	-3.337634e-19	0	-3.0139171e-18
2.9600099999935517e-09	1.4236778e-10	3.7964742e-10	0.0014611606	0.008250084	-9.291173e-18	-1.9823145e-17	1.3879654e-17	-3.337634e-19	0	-3.0139171e-18
2.9700099999934307e-09	1.6609575e-10	3.7964742e-10	0.0014611606	0.008250084	-9.291173e-18	-1.9823147e-17	1.3879654e-17	-3.337634e-19	0	-3.0139171e-18
2.9800099999933097e-09	1.8982371e-10	3.7964742e-10	0.0014611606	0.008250084	-9.291171e-18	-1.9823145e-17	1.3879654e-17	-3.337634e-19	0	-3.0139171e-18
2.9900099999931887e-09	1.4236778e-10	3.7964742e-10	0.0014611606	0.008250084	-9.291173e-18	-1.9823147e-17	1.3879654e-17	-3.337634e-19	0	-3.0139171e-18
3.0000099999930677e-09	1.6609575e-10	3.7964742e-10	0.0014611606	0.008250084	-9.291173e-18	-1.9823145e-17	1.3879654e-17	-3.337634e-19	0	-3.0139171e-18
