# t (s)	mx ()	my ()	mz ()	spinAngle (rad)	E_total (J)	E_anis (J)	E_demag (J)	E_exch (J)	E_therm (J)	E_custom (J)
0	0	0	0	0.009490227	-2.2084723e-17	-8.0432005e-17	6.414008e-17	6.272e-18	0	-1.2064801e-17
1.0000000000000124e-11	1.5888248e-09	0	0.00041443674	0.012664035	-2.7337947e-17	-7.790234e-17	6.230094e-17	2.0420971e-19	0	-1.1940758e-17
2.0009999999999403e-11	4.4819086e-09	-1.5176834e-09	0.0006795523	0.012282794	-2.791993e-17	-7.7056195e-17	6.16489e-17	-5.2394085e-19	0	-1.1988688e-17
3.000999999999824e-11	7.374993e-09	-1.8971043e-09	0.00064352417	0.011802123	-2.8131887e-17	-7.711792e-17	6.171135e-17	-7.056143e-19	0	-1.20197036e-17
4.000000000000001e-11	8.062693e-09	-3.4147878e-09	0.00049530226	0.01115622	-2.8237762e-17	-7.742274e-17	6.196174e-17	-7.4108166e-19	0	-1.2035674e-17
5.0000000000001785e-11	5.928451e-09	-3.0353668e-09	0.00038218815	0.01048507	-2.82949e-17	-7.7747215e-17	6.221979e-17	-7.2175975e-19	0	-1.2045713e-17
6.00000000000024e-11	2.537377e-09	-2.2765252e-09	0.00033719756	0.009810576	-2.8327538e-17	-7.8054874e-17	6.2459415e-17	-6.8099247e-19	0	-1.20510835e-17
7.000999999999771e-11	-1.3872575e-09	-3.7942086e-10	0.00038127718	0.009333294	-2.834709e-17	-7.831168e-17	6.2657753e-17	-6.372844e-19	0	-1.2055884e-17
8.000999999999302e-11	-4.0432035e-09	7.588417e-10	0.0005276261	0.008947772	-2.8358683e-17	-7.849002e-17	6.279573e-17	-6.0564913e-19	0	-1.2058743e-17
9.000999999998834e-11	-5.1221813e-09	1.7073939e-09	0.0007516181	0.0087222	-2.8365932e-17	-7.8583806e-17	6.286845e-17	-5.9008537e-19	0	-1.2060492e-17
1.0000999999998365e-10	-4.6241917e-09	2.8456564e-09	0.0010092327	0.008691794	-2.8370277e-17	-7.860134e-17	6.288189e-17	-5.8869617e-19	0	-1.2062128e-17
1.1000999999997896e-10	-2.52552e-09	1.8971043e-09	0.0012537001	0.008687552	-2.8372828e-17	-7.85608e-17	6.285101e-17	-6.005146e-19	0	-1.2062523e-17
1.2000999999997891e-10	-2.9642255e-10	1.7073939e-09	0.00143309	0.00862606	-2.837471e-17	-7.84956e-17	6.280119e-17	-6.1826483e-19	0	-1.2062037e-17
1.3000999999998715e-10	2.0808864e-09	3.7942086e-10	0.0015112071	0.008556874	-2.8376295e-17	-7.8434225e-17	6.275333e-17	-6.3362283e-19	0	-1.2061782e-17
1.400099999999954e-10	3.562999e-09	-9.485521e-10	0.0014874848	0.008526869	-2.837756e-17	-7.8383383e-17	6.271261e-17	-6.448528e-19	0	-1.2061938e-17
1.5000000000000362e-10	3.734924e-09	-1.5176834e-09	0.0013858713	0.008543125	-2.8378535e-17	-7.8338186e-17	6.267612e-17	-6.5434427e-19	0	-1.206211e-17
1.6000000000001186e-10	3.4355372e-09	-1.1382626e-09	0.0012317905	0.008606459	-2.8379333e-17	-7.82972e-17	6.26432e-17	-6.632496e-19	0	-1.20620924e-17
1.700000000000201e-10	2.2661504e-09	-7.588417e-10	0.0010465494	0.008672191	-2.8380094e-17	-7.826451e-17	6.261687e-17	-6.7044824e-19	0	-1.206201e-17
1.8000000000002833e-10	1.0330325e-09	1.1382626e-09	0.00085294654	0.008718198	-2.8380772e-17	-7.824252e-17	6.259867e-17	-6.7495146e-19	0	-1.20619725e-17
1.9000000000003657e-10	7.469848e-10	7.588417e-10	0.00067708845	0.008747734	-2.838137e-17	-7.8227774e-17	6.2585855e-17	-6.7747995e-19	0	-1.2061968e-17
2.000000000000448e-10	1.1530837e-09	1.1382626e-09	0.00054177654	0.008780518	-2.8381887e-17	-7.821306e-17	6.2573e-17	-6.798869e-19	0	-1.2061954e-17
2.1000000000005304e-10	4.3277693e-10	0	0.00045928117	0.008817236	-2.838235e-17	-7.819235e-17	6.255568e-17	-6.837366e-19	0	-1.20619394e-17
2.2000000000006128e-10	6.728792e-10	7.588417e-10	0.00042939646	0.0088632945	-2.838272e-17	-7.816417e-17	6.253282e-17	-6.8944573e-19	0	-1.20619394e-17
2.3000000000006952e-10	1.1738333e-09	7.588417e-10	0.00044256958	0.008915668	-2.8383045e-17	-7.813137e-17	6.2506624e-17	-6.963281e-19	0	-1.20619725e-17
2.4000000000005925e-10	2.051244e-09	1.1382626e-09	0.00048517142	0.008970425	-2.8383336e-17	-7.8098734e-17	6.248067e-17	-7.03232e-19	0	-1.2062039e-17
2.5000000000004163e-10	2.235026e-09	1.1382626e-09	0.0005438106	0.009015396	-2.8383555e-17	-7.807019e-17	6.245798e-17	-7.0920434e-19	0	-1.2062126e-17
2.60000000000024e-10	2.827871e-09	1.1382626e-09	0.00060742046	0.009052769	-2.838372e-17	-7.804767e-17	6.243996e-17	-7.1379995e-19	0	-1.2062217e-17
2.700000000000064e-10	4.102488e-09	2.2765252e-09	0.0006678327	0.009078393	-2.8383852e-17	-7.803101e-17	6.242652e-17	-7.170632e-19	0	-1.20623e-17
2.800099999999888e-10	3.6756396e-09	7.588417e-10	0.00071951665	0.009098154	-2.838397e-17	-7.801878e-17	6.241653e-17	-7.193492e-19	0	-1.20623696e-17
2.9000999999997117e-10	1.7192507e-09	0	0.00075889134	0.009114928	-2.838406e-17	-7.8009154e-17	6.240861e-17	-7.2109263e-19	0	-1.2062421e-17
3.0000999999995355e-10	1.7548214e-09	-3.7942086e-10	0.000784217	0.009129609	-2.8384107e-17	-7.8000683e-17	6.2401665e-17	-7.2263646e-19	0	-1.2062453e-17
3.1000999999993594e-10	1.2924023e-09	-7.588417e-10	0.00079527486	0.009143384	-2.8384147e-17	-7.799265e-17	6.239512e-17	-7.241469e-19	0	-1.2062468e-17
3.2000999999991833e-10	2.0097448e-09	-7.588417e-10	0.0007932318	0.00915727	-2.838417e-17	-7.798503e-17	6.238896e-17	-7.2562325e-19	0	-1.2062475e-17
3.300099999999007e-10	2.3298812e-09	7.588417e-10	0.00078051793	0.009169724	-2.8384193e-17	-7.797814e-17	6.238341e-17	-7.2698485e-19	0	-1.2062475e-17
3.400099999998831e-10	1.7666784e-09	7.588417e-10	0.0007601602	0.009179423	-2.8384213e-17	-7.7972354e-17	6.237875e-17	-7.2813695e-19	0	-1.2062466e-17
3.500099999998655e-10	1.6006817e-09	-1.1382626e-09	0.0007356811	0.0091868965	-2.8384213e-17	-7.796787e-17	6.237513e-17	-7.2902447e-19	0	-1.20624556e-17
3.600099999998479e-10	1.6066102e-09	-3.7942086e-10	0.00071061694	0.009192464	-2.8384223e-17	-7.7964625e-17	6.23725e-17	-7.2966015e-19	0	-1.20624415e-17
3.7000999999983027e-10	2.6085183e-09	7.588417e-10	0.00068793335	0.009196364	-2.838423e-17	-7.7962434e-17	6.2370715e-17	-7.300803e-19	0	-1.2062429e-17
3.8000999999981266e-10	2.7982288e-09	1.8971043e-09	0.0006697535	0.009198351	-2.8384223e-17	-7.796107e-17	6.23696e-17	-7.3033203e-19	0	-1.2062419e-17
3.9000999999979505e-10	2.193527e-09	0	0.0006573561	0.009198287	-2.838423e-17	-7.796032e-17	6.236896e-17	-7.3046805e-19	0	-1.20624084e-17
4.0000999999977743e-10	1.6896085e-09	0	0.00065117667	0.009200447	-2.8384236e-17	-7.795995e-17	6.236866e-17	-7.3053097e-19	0	-1.2062407e-17
4.100099999997598e-10	1.0671212e-09	0	0.00065084215	0.009200203	-2.8384236e-17	-7.795988e-17	6.236859e-17	-7.305401e-19	0	-1.2062407e-17
4.200099999997422e-10	2.2943105e-09	-3.7942086e-10	0.0006553115	0.009200341	-2.8384226e-17	-7.7960026e-17	6.236872e-17	-7.305092e-19	0	-1.20624084e-17
4.300099999997246e-10	1.3991144e-09	7.588417e-10	0.00066327915	0.009198794	-2.838423e-17	-7.796039e-17	6.2369015e-17	-7.304409e-19	0	-1.20624126e-17
4.40009999999707e-10	8.714823e-10	3.7942086e-10	0.00067328004	0.009197573	-2.8384226e-17	-7.796094e-17	6.236947e-17	-7.3033694e-19	0	-1.206242e-17
4.5000999999968937e-10	2.2409543e-09	0	0.0006838914	0.009197231	-2.8384226e-17	-7.796165e-17	6.2370053e-17	-7.3020237e-19	0	-1.20624275e-17
4.6000999999967176e-10	1.8971043e-09	1.5176834e-09	0.0006938871	0.009195731	-2.8384223e-17	-7.79625e-17	6.237075e-17	-7.3004123e-19	0	-1.2062436e-17
4.700099999996541e-10	2.0334587e-09	2.655946e-09	0.00070231815	0.009193969	-2.8384233e-17	-7.796347e-17	6.2371536e-17	-7.2985935e-19	0	-1.2062441e-17
4.800099999996365e-10	2.5729476e-09	2.655946e-09	0.0007086361	0.0091917645	-2.838424e-17	-7.796452e-17	6.237238e-17	-7.2966196e-19	0	-1.2062443e-17
4.900099999996189e-10	1.8852473e-09	7.588417e-10	0.00071259047	0.009190136	-2.8384236e-17	-7.7965604e-17	6.237327e-17	-7.294538e-19	0	-1.2062446e-17
5.000099999996013e-10	2.2290976e-09	1.5176834e-09	0.00071424345	0.009188046	-2.8384226e-17	-7.7966716e-17	6.2374176e-17	-7.2924186e-19	0	-1.2062447e-17
5.100099999995837e-10	1.5591826e-09	2.2765252e-09	0.00071391265	0.009186401	-2.8384236e-17	-7.7967834e-17	6.2375076e-17	-7.2903057e-19	0	-1.20624465e-17
5.200099999995661e-10	1.3398299e-09	1.5176834e-09	0.0007120578	0.009184488	-2.838423e-17	-7.7968906e-17	6.237595e-17	-7.288238e-19	0	-1.20624465e-17
5.300099999995485e-10	5.809882e-10	1.1382626e-09	0.0007092241	0.009182524	-2.838424e-17	-7.796996e-17	6.237679e-17	-7.2862514e-19	0	-1.2062446e-17
5.400099999995309e-10	-6.8177186e-10	3.7942086e-10	0.00070595415	0.00918062	-2.8384243e-17	-7.797095e-17	6.2377584e-17	-7.28437e-19	0	-1.2062446e-17
5.500099999995133e-10	1.8378198e-10	1.8971043e-09	0.0007027174	0.009179757	-2.8384246e-17	-7.797187e-17	6.237833e-17	-7.2826056e-19	0	-1.2062443e-17
5.600099999994956e-10	2.4899494e-10	1.8971043e-09	0.00069988065	0.009177909	-2.8384233e-17	-7.797272e-17	6.237903e-17	-7.2809694e-19	0	-1.20624415e-17
5.70009999999478e-10	5.9877353e-10	-3.7942086e-10	0.0006977304	0.00917655	-2.8384236e-17	-7.7973505e-17	6.2379655e-17	-7.279471e-19	0	-1.20624415e-17
5.800099999994604e-10	9.663375e-10	1.5176834e-09	0.00069634966	0.009175319	-2.8384246e-17	-7.797423e-17	6.238023e-17	-7.278115e-19	0	-1.20624415e-17
5.900099999994428e-10	1.0967635e-09	1.5176834e-09	0.00069578434	0.009174079	-2.838423e-17	-7.797486e-17	6.2380754e-17	-7.276887e-19	0	-1.20624415e-17
6.000099999994252e-10	1.4998981e-09	1.1382626e-09	0.0006959719	0.009173437	-2.8384236e-17	-7.797544e-17	6.238122e-17	-7.275788e-19	0	-1.20624415e-17
6.100099999994076e-10	2.3120958e-09	1.1382626e-09	0.0006967344	0.009172705	-2.838424e-17	-7.797595e-17	6.238163e-17	-7.2748214e-19	0	-1.20624415e-17
6.2000999999939e-10	2.5788762e-09	7.588417e-10	0.00069789356	0.009172033	-2.8384246e-17	-7.79764e-17	6.238199e-17	-7.2739714e-19	0	-1.20624415e-17
6.300099999993724e-10	2.9405116e-09	7.588417e-10	0.000699247	0.009171414	-2.8384236e-17	-7.797678e-17	6.2382316e-17	-7.2732197e-19	0	-1.2062443e-17
6.400099999993547e-10	2.8693703e-09	2.2765252e-09	0.00070062885	0.009170806	-2.8384236e-17	-7.7977125e-17	6.238259e-17	-7.272572e-19	0	-1.2062443e-17
6.500099999993371e-10	2.2528113e-09	2.655946e-09	0.00070184085	0.009170251	-2.838424e-17	-7.797742e-17	6.2382825e-17	-7.272009e-19	0	-1.2062445e-17
6.600099999993195e-10	1.5947533e-09	1.8971043e-09	0.0007028325	0.00916989	-2.8384236e-17	-7.7977674e-17	6.238304e-17	-7.2715266e-19	0	-1.2062446e-17
6.700099999993019e-10	1.2271894e-09	7.588417e-10	0.0007035412	0.0091695925	-2.838424e-17	-7.7977886e-17	6.238321e-17	-7.271121e-19	0	-1.2062446e-17
6.800099999992843e-10	1.458399e-09	7.588417e-10	0.0007039242	0.00916922	-2.838424e-17	-7.797808e-17	6.238336e-17	-7.2707656e-19	0	-1.2062446e-17
6.900099999992667e-10	1.6955369e-09	0	0.0007040123	0.009168964	-2.8384233e-17	-7.7978224e-17	6.238349e-17	-7.2704704e-19	0	-1.2062446e-17
7.000099999992491e-10	1.932675e-09	3.7942086e-10	0.0007038448	0.009168725	-2.838424e-17	-7.7978356e-17	6.2383586e-17	-7.2702284e-19	0	-1.2062446e-17
7.100099999992315e-10	2.0275301e-09	0	0.0007034993	0.009168416	-2.8384236e-17	-7.797845e-17	6.2383666e-17	-7.2700273e-19	0	-1.2062446e-17
7.200099999992138e-10	1.7963206e-09	1.1382626e-09	0.00070301257	0.009168185	-2.838424e-17	-7.797854e-17	6.2383745e-17	-7.2698676e-19	0	-1.2062446e-17
7.300099999991962e-10	1.3754006e-09	1.5176834e-09	0.00070242333	0.009168023	-2.838423e-17	-7.79786e-17	6.238379e-17	-7.2697544e-19	0	-1.2062446e-17
7.400099999991786e-10	1.6955369e-09	3.7942086e-10	0.0007018729	0.009167951	-2.8384246e-17	-7.797865e-17	6.238382e-17	-7.2696794e-19	0	-1.2062446e-17
7.50009999999161e-10	1.8200345e-09	-3.7942086e-10	0.0007015063	0.009168015	-2.838424e-17	-7.7978654e-17	6.238383e-17	-7.2696463e-19	0	-1.2062446e-17
7.600099999991434e-10	1.3991144e-09	0	0.0007013458	0.009167998	-2.838424e-17	-7.797867e-17	6.238384e-17	-7.269632e-19	0	-1.2062446e-17
7.700099999991258e-10	6.8177186e-10	1.1382626e-09	0.00070131314	0.009167897	-2.8384236e-17	-7.797867e-17	6.238384e-17	-7.269628e-19	0	-1.2062446e-17
7.800099999991082e-10	1.12640564e-10	7.588417e-10	0.00070130243	0.009168028	-2.8384236e-17	-7.797867e-17	6.238384e-17	-7.2696277e-19	0	-1.2062446e-17
7.900099999990906e-10	-7.7069864e-11	-7.588417e-10	0.0007012988	0.009167981	-2.8384233e-17	-7.797867e-17	6.2383844e-17	-7.2696267e-19	0	-1.2062446e-17
8.00009999999073e-10	3.7942086e-10	1.1382626e-09	0.00070129865	0.009167921	-2.8384233e-17	-7.797867e-17	6.2383844e-17	-7.269626e-19	0	-1.2062446e-17
8.100099999990553e-10	-7.706986e-10	3.7942086e-10	0.0007012985	0.009167989	-2.8384233e-17	-7.797867e-17	6.2383844e-17	-7.2696277e-19	0	-1.2062446e-17
8.200099999990377e-10	-7.351279e-10	1.1382626e-09	0.00070129824	0.009168008	-2.838423e-17	-7.797867e-17	6.2383844e-17	-7.2696277e-19	0	-1.2062446e-17
8.300099999990201e-10	-1.0019082e-09	7.588417e-10	0.00070129806	0.009168062	-2.8384236e-17	-7.797867e-17	6.238384e-17	-7.2696277e-19	0	-1.2062446e-17
8.400099999990025e-10	-1.1145488e-09	0	0.00070129836	0.009168054	-2.8384233e-17	-7.797867e-17	6.2383844e-17	-7.2696277e-19	0	-1.2062446e-17
8.500099999989849e-10	-1.1145488e-09	7.588417e-10	0.00070129836	0.009168014	-2.8384233e-17	-7.797867e-17	6.2383844e-17	-7.2696277e-19	0	-1.2062445e-17
8.600099999989673e-10	-8.951961e-10	1.1382626e-09	0.00070129836	0.009167966	-2.8384233e-17	-7.797867e-17	6.2383844e-17	-7.2696277e-19	0	-1.2062446e-17
8.700099999989497e-10	-7.6477014e-10	0	0.00070129836	0.0091679795	-2.8384233e-17	-7.797867e-17	6.2383844e-17	-7.2696277e-19	0	-1.2062446e-17
8.800099999989321e-10	-7.291995e-10	3.7942086e-10	0.0007012985	0.009167972	-2.8384233e-17	-7.797867e-17	6.2383844e-17	-7.2696277e-19	0	-1.2062446e-17
8.900099999989144e-10	-6.521296e-10	3.7942086e-10	0.00070129853	0.009167968	-2.8384233e-17	-7.797867e-17	6.2383844e-17	-7.2696277e-19	0	-1.2062446e-17
9.000099999988968e-10	-5.809882e-10	3.7942086e-10	0.00070129853	0.009167972	-2.8384233e-17	-7.797867e-17	6.2383844e-17	-7.2696277e-19	0	-1.2062446e-17
9.100099999988792e-10	-6.4027267e-10	3.7942086e-10	0.00070129853	0.009167972	-2.8384236e-17	-7.797867e-17	6.238384e-17	-7.2696277e-19	0	-1.2062446e-17
9.200099999988616e-10	-6.1063044e-10	3.7942086e-10	0.00070129853	0.009167972	-2.8384233e-17	-7.797867e-17	6.2383844e-17	-7.2696277e-19	0	-1.2062446e-17
9.30009999998844e-10	-6.6991496e-10	3.7942086e-10	0.00070129853	0.009167972	-2.8384233e-17	-7.797867e-17	6.2383844e-17	-7.2696277e-19	0	-1.2062446e-17
9.400099999989161e-10	-6.5805805e-10	3.7942086e-10	0.00070129853	0.009167972	-2.8384233e-17	-7.797867e-17	6.2383844e-17	-7.2696277e-19	0	-1.2062446e-17
9.50009999999002e-10	-6.877003e-10	3.7942086e-10	0.00070129853	0.009167966	-2.8384236e-17	-7.797867e-17	6.238384e-17	-7.2696277e-19	0	-1.2062446e-17
9.600099999990877e-10	-6.6991496e-10	3.7942086e-10	0.00070129853	0.009167964	-2.8384233e-17	-7.797867e-17	6.2383844e-17	-7.2696277e-19	0	-1.2062446e-17
9.700099999991735e-10	-7.114141e-10	3.7942086e-10	0.00070129853	0.009167966	-2.8384233e-17	-7.797867e-17	6.2383844e-17	-7.2696267e-19	0	-1.2062446e-17
9.800099999992593e-10	-6.877003e-10	3.7942086e-10	0.00070129853	0.009167966	-2.838423e-17	-7.797867e-17	6.2383844e-17	-7.2696277e-19	0	-1.2062446e-17
9.90009999999345e-10	-6.758434e-10	3.7942086e-10	0.00070129853	0.009167966	-2.8384233e-17	-7.797867e-17	6.2383844e-17	-7.2696277e-19	0	-1.2062446e-17
1.0000099999994308e-09	-7.114141e-10	3.7942086e-10	0.00070129853	0.009167966	-2.8384233e-17	-7.797867e-17	6.2383844e-17	-7.2696277e-19	0	-1.2062446e-17
1.0100099999995166e-09	-6.758434e-10	3.7942086e-10	0.00070129853	0.009167966	-2.8384233e-17	-7.797867e-17	6.2383844e-17	-7.2696277e-19	0	-1.2062446e-17
1.0200099999996024e-09	-6.877003e-10	3.7942086e-10	0.00070129853	0.009167962	-2.838423e-17	-7.797867e-17	6.2383844e-17	-7.2696277e-19	0	-1.2062445e-17
1.0300099999996882e-09	-6.877003e-10	3.7942086e-10	0.00070129853	0.009167966	-2.8384233e-17	-7.797867e-17	6.2383844e-17	-7.2696267e-19	0	-1.2062446e-17
1.040009999999774e-09	-6.2841576e-10	3.7942086e-10	0.00070129853	0.009167966	-2.8384233e-17	-7.797867e-17	6.2383844e-17	-7.2696277e-19	0	-1.2062446e-17
1.0500099999998598e-09	-6.6991496e-10	3.7942086e-10	0.00070129853	0.009167966	-2.8384233e-17	-7.797867e-17	6.2383844e-17	-7.2696277e-19	0	-1.2062446e-17
1.0600099999999456e-09	-6.8177186e-10	3.7942086e-10	0.00070129853	0.009167962	-2.8384236e-17	-7.797867e-17	6.238384e-17	-7.2696277e-19	0	-1.2062446e-17
1.0700000000000313e-09	-7.410564e-10	3.7942086e-10	0.000701298	0.009168148	-2.8384236e-17	-7.797867e-17	6.238384e-17	-7.2696277e-19	0	-1.2062446e-17
1.080000000000117e-09	-6.521296e-10	3.7942086e-10	0.000701298	0.009168148	-2.8384236e-17	-7.797867e-17	6.238384e-17	-7.2696277e-19	0	-1.2062446e-17
1.0900000000002028e-09	-6.521296e-10	3.7942086e-10	0.000701298	0.009168148	-2.8384236e-17	-7.797867e-17	6.238384e-17	-7.2696277e-19	0	-1.2062446e-17
1.1000000000002886e-09	-6.758434e-10	3.7942086e-10	0.000701298	0.009168148	-2.8384236e-17	-7.797867e-17	6.238384e-17	-7.2696277e-19	0	-1.2062446e-17
1.1100000000003744e-09	-6.5805805e-10	3.7942086e-10	0.00070129806	0.009168148	-2.8384236e-17	-7.797867e-17	6.238384e-17	-7.2696277e-19	0	-1.2062446e-17
1.1200000000004602e-09	-6.2841576e-10	3.7942086e-10	0.0007012982	0.009168148	-2.8384236e-17	-7.797867e-17	6.238384e-17	-7.2696277e-19	0	-1.2062446e-17
1.130000000000546e-09	-6.639865e-10	3.7942086e-10	0.0007012982	0.009168148	-2.8384236e-17	-7.797867e-17	6.238384e-17	-7.2696277e-19	0	-1.2062445e-17
1.1400000000006318e-09	-6.2841576e-10	3.7942086e-10	0.0007012982	0.009168146	-2.8384236e-17	-7.797867e-17	6.238384e-17	-7.2696277e-19	0	-1.2062446e-17
1.1500000000007175e-09	-6.639865e-10	3.7942086e-10	0.0007012982	0.009168146	-2.8384236e-17	-7.797867e-17	6.238384e-17	-7.2696277e-19	0	-1.2062446e-17
1.1600000000008033e-09	-6.2248734e-10	3.7942086e-10	0.0007012982	0.009168146	-2.8384236e-17	-7.797867e-17	6.238384e-17	-7.2696277e-19	0	-1.2062446e-17
1.1700000000008891e-09	-5.9877353e-10	3.7942086e-10	0.0007012982	0.009168151	-2.8384236e-17	-7.797867e-17	6.238384e-17	-7.2696277e-19	0	-1.2062446e-17
1.1800000000009749e-09	-6.165589e-10	3.7942086e-10	0.0007012982	0.009168151	-2.8384236e-17	-7.797867e-17	6.238384e-17	-7.2696277e-19	0	-1.2062446e-17
1.1900000000010607e-09	-6.1063044e-10	3.7942086e-10	0.0007012982	0.009168151	-2.8384236e-17	-7.797867e-17	6.238384e-17	-7.2696277e-19	0	-1.2062446e-17
1.2000000000011465e-09	-6.04702e-10	3.7942086e-10	0.0007012982	0.009168151	-2.8384236e-17	-7.797867e-17	6.238384e-17	-7.2696277e-19	0	-1.2062446e-17
1.2100000000012322e-09	-5.928451e-10	3.7942086e-10	0.0007012982	0.009168151	-2.8384236e-17	-7.797867e-17	6.238384e-17	-7.2696277e-19	0	-1.2062446e-17
1.220000000001318e-09	-6.2841576e-10	3.7942086e-10	0.0007012982	0.009168151	-2.8384236e-17	-7.797867e-17	6.238384e-17	-7.2696277e-19	0	-1.2062446e-17
1.2300000000014038e-09	-6.521296e-10	3.7942086e-10	0.0007012982	0.009168153	-2.8384236e-17	-7.797867e-17	6.238384e-17	-7.2696277e-19	0	-1.2062446e-17
1.2400000000014896e-09	-6.4027267e-10	3.7942086e-10	0.0007012982	0.009168153	-2.8384236e-17	-7.797867e-17	6.238384e-17	-7.2696267e-19	0	-1.2062446e-17
1.2500000000015754e-09	-6.521296e-10	3.7942086e-10	0.0007012982	0.009168153	-2.8384236e-17	-7.797867e-17	6.238384e-17	-7.2696277e-19	0	-1.2062446e-17
1.2600000000016612e-09	-6.165589e-10	3.7942086e-10	0.0007012982	0.009168148	-2.8384236e-17	-7.797867e-17	6.238384e-17	-7.2696277e-19	0	-1.2062446e-17
1.270000000001747e-09	-6.4027267e-10	3.7942086e-10	0.0007012982	0.009168148	-2.8384236e-17	-7.797867e-17	6.238384e-17	-7.2696277e-19	0	-1.2062446e-17
1.2800000000018327e-09	-6.639865e-10	3.7942086e-10	0.0007012982	0.009168153	-2.8384236e-17	-7.797867e-17	6.238384e-17	-7.2696277e-19	0	-1.2062446e-17
1.2900000000019185e-09	-6.5805805e-10	3.7942086e-10	0.0007012982	0.009168153	-2.8384236e-17	-7.797867e-17	6.238384e-17	-7.2696277e-19	0	-1.2062446e-17
1.3000000000020043e-09	-6.5805805e-10	3.7942086e-10	0.0007012982	0.009168153	-2.8384236e-17	-7.797867e-17	6.238384e-17	-7.2696277e-19	0	-1.2062446e-17
1.3100000000020901e-09	-6.639865e-10	3.7942086e-10	0.0007012982	0.009168153	-2.8384236e-17	-7.797867e-17	6.238384e-17	-7.2696277e-19	0	-1.2062446e-17
1.3200000000021759e-09	-6.521296e-10	3.7942086e-10	0.0007012982	0.009168148	-2.8384236e-17	-7.797867e-17	6.238384e-17	-7.2696277e-19	0	-1.2062446e-17
1.3300000000022617e-09	-6.877003e-10	3.7942086e-10	0.0007012982	0.009168153	-2.8384236e-17	-7.797867e-17	6.238384e-17	-7.2696277e-19	0	-1.2062446e-17
1.3400000000023475e-09	-6.995572e-10	3.7942086e-10	0.0007012982	0.009168148	-2.8384236e-17	-7.797867e-17	6.238384e-17	-7.2696277e-19	0	-1.2062446e-17
1.3500000000024332e-09	-6.521296e-10	3.7942086e-10	0.0007012982	0.009168148	-2.8384236e-17	-7.797867e-17	6.238384e-17	-7.2696277e-19	0	-1.2062446e-17
1.360000000002519e-09	-6.758434e-10	3.7942086e-10	0.0007012982	0.009168148	-2.8384236e-17	-7.797867e-17	6.238384e-17	-7.2696267e-19	0	-1.2062446e-17
1.3700000000026048e-09	-6.2841576e-10	3.7942086e-10	0.0007012982	0.009168148	-2.8384236e-17	-7.797867e-17	6.238384e-17	-7.2696277e-19	0	-1.2062446e-17
1.3800000000026906e-09	-6.4027267e-10	3.7942086e-10	0.0007012982	0.009168148	-2.8384236e-17	-7.797867e-17	6.238384e-17	-7.2696277e-19	0	-1.2062446e-17
1.3900000000027764e-09	-6.2841576e-10	3.7942086e-10	0.0007012982	0.009168153	-2.8384236e-17	-7.797867e-17	6.238384e-17	-7.2696277e-19	0	-1.2062446e-17
1.4000000000028622e-09	-6.521296e-10	3.7942086e-10	0.0007012982	0.009168153	-2.8384236e-17	-7.797867e-17	6.238384e-17	-7.2696277e-19	0	-1.2062446e-17
1.410000000002948e-09	-6.639865e-10	3.7942086e-10	0.0007012982	0.009168153	-2.8384236e-17	-7.797867e-17	6.238384e-17	-7.2696277e-19	0	-1.2062446e-17
1.4200000000030337e-09	-6.639865e-10	3.7942086e-10	0.0007012982	0.009168153	-2.8384236e-17	-7.797867e-17	6.238384e-17	-7.2696277e-19	0	-1.2062446e-17
1.4300000000031195e-09	-5.809882e-10	3.7942086e-10	0.0007012982	0.009168153	-2.8384236e-17	-7.797867e-17	6.238384e-17	-7.2696277e-19	0	-1.2062446e-17
1.4400000000032053e-09	-5.9877353e-10	3.7942086e-10	0.0007012982	0.009168153	-2.8384236e-17	-7.797867e-17	6.238384e-17	-7.2696267e-19	0	-1.2062446e-17
1.450000000003291e-09	-5.691313e-10	3.7942086e-10	0.0007012982	0.009168153	-2.8384236e-17	-7.797867e-17	6.238384e-17	-7.2696277e-19	0	-1.2062446e-17
1.4600000000033769e-09	-5.454175e-10	3.7942086e-10	0.0007012982	0.009168153	-2.8384236e-17	-7.797867e-17	6.238384e-17	-7.2696267e-19	0	-1.2062446e-17
1.4700000000034627e-09	-5.809882e-10	3.7942086e-10	0.0007012982	0.009168153	-2.8384236e-17	-7.797867e-17	6.238384e-17	-7.2696277e-19	0	-1.2062446e-17
1.4800000000035485e-09	-5.809882e-10	3.7942086e-10	0.0007012982	0.009168148	-2.8384236e-17	-7.797867e-17	6.238384e-17	-7.2696277e-19	0	-1.2062446e-17
1.4900000000036342e-09	-5.928451e-10	3.7942086e-10	0.0007012982	0.009168153	-2.8384236e-17	-7.797867e-17	6.238384e-17	-7.2696277e-19	0	-1.2062446e-17
1.50000000000372e-09	-5.809882e-10	3.7942086e-10	0.0007012982	0.009168153	-2.8384236e-17	-7.797867e-17	6.238384e-17	-7.2696277e-19	0	-1.2062446e-17
1.5100000000038058e-09	-5.691313e-10	3.7942086e-10	0.0007012982	0.009168148	-2.8384236e-17	-7.797867e-17	6.238384e-17	-7.2696277e-19	0	-1.2062446e-17
1.5200000000038916e-09	-5.809882e-10	3.7942086e-10	0.0007012982	0.009168153	-2.8384236e-17	-7.797867e-17	6.238384e-17	-7.2696267e-19	0	-1.2062446e-17
1.5300000000039774e-09	-5.335606e-10	3.7942086e-10	0.0007012982	0.009168153	-2.8384236e-17	-7.797867e-17	6.238384e-17	-7.2696277e-19	0	-1.2062446e-17
1.5400000000040632e-09	-5.809882e-10	3.7942086e-10	0.0007012982	0.009168148	-2.8384236e-17	-7.797867e-17	6.238384e-17	-7.2696267e-19	0	-1.2062446e-17
1.550000000004149e-09	-5.572744e-10	3.7942086e-10	0.0007012982	0.009168148	-2.8384236e-17	-7.797867e-17	6.238384e-17	-7.2696277e-19	0	-1.2062446e-17
1.5600000000042347e-09	-5.572744e-10	3.7942086e-10	0.0007012982	0.009168153	-2.8384236e-17	-7.797867e-17	6.238384e-17	-7.2696277e-19	0	-1.2062446e-17
1.5700000000043205e-09	-5.39489e-10	3.7942086e-10	0.0007012982	0.009168153	-2.8384236e-17	-7.797867e-17	6.238384e-17	-7.2696277e-19	0	-1.2062446e-17
1.5800000000044063e-09	-5.750597e-10	3.7942086e-10	0.0007012982	0.009168153	-2.8384236e-17	-7.797867e-17	6.238384e-17	-7.2696277e-19	0	-1.2062446e-17
1.590000000004492e-09	-5.750597e-10	3.7942086e-10	0.0007012982	0.009168153	-2.8384236e-17	-7.797867e-17	6.238384e-17	-7.2696277e-19	0	-1.2062446e-17
1.6000000000045779e-09	-5.513459e-10	3.7942086e-10	0.0007012982	0.009168153	-2.8384236e-17	-7.797867e-17	6.238384e-17	-7.2696277e-19	0	-1.2062446e-17
1.6100000000046637e-09	-5.632028e-10	3.7942086e-10	0.0007012982	0.009168153	-2.8384236e-17	-7.797867e-17	6.238384e-17	-7.2696277e-19	0	-1.2062446e-17
1.6200000000047495e-09	-5.9877353e-10	3.7942086e-10	0.0007012982	0.009168153	-2.8384236e-17	-7.797867e-17	6.238384e-17	-7.2696267e-19	0	-1.2062446e-17
1.6300000000048352e-09	-5.157752e-10	3.7942086e-10	0.0007012982	0.009168153	-2.8384236e-17	-7.797867e-17	6.238384e-17	-7.2696277e-19	0	-1.2062446e-17
1.640000000004921e-09	-5.572744e-10	3.7942086e-10	0.0007012982	0.009168152	-2.8384236e-17	-7.797867e-17	6.238384e-17	-7.2696277e-19	0	-1.2062446e-17
1.6500000000050068e-09	-5.098468e-10	3.7942086e-10	0.0007012982	0.009168153	-2.8384236e-17	-7.797867e-17	6.238384e-17	-7.2696267e-19	0	-1.2062446e-17
1.6600000000050926e-09	-5.335606e-10	3.7942086e-10	0.0007012982	0.009168153	-2.8384236e-17	-7.797867e-17	6.238384e-17	-7.2696277e-19	0	-1.2062446e-17
1.6700000000051784e-09	-5.335606e-10	3.7942086e-10	0.0007012982	0.009168153	-2.8384236e-17	-7.797867e-17	6.238384e-17	-7.2696267e-19	0	-1.2062446e-17
1.6800000000052642e-09	-5.335606e-10	3.7942086e-10	0.0007012982	0.009168153	-2.8384236e-17	-7.797867e-17	6.238384e-17	-7.2696277e-19	0	-1.2062446e-17
1.69000000000535e-09	-5.335606e-10	3.7942086e-10	0.0007012982	0.009168153	-2.8384236e-17	-7.797867e-17	6.238384e-17	-7.2696277e-19	0	-1.2062446e-17
1.7000000000054357e-09	-5.39489e-10	3.7942086e-10	0.0007012982	0.009168153	-2.8384236e-17	-7.797867e-17	6.238384e-17	-7.2696277e-19	0	-1.2062446e-17
1.7100000000055215e-09	-5.098468e-10	3.7942086e-10	0.0007012982	0.009168153	-2.8384236e-17	-7.797867e-17	6.238384e-17	-7.2696277e-19	0	-1.2062446e-17
1.7200000000056073e-09	-5.098468e-10	3.7942086e-10	0.0007012982	0.009168153	-2.8384236e-17	-7.797867e-17	6.238384e-17	-7.2696277e-19	0	-1.2062446e-17
1.730000000005693e-09	-5.217037e-10	3.7942086e-10	0.0007012982	0.009168153	-2.8384236e-17	-7.797867e-17	6.238384e-17	-7.2696277e-19	0	-1.2062446e-17
1.7400000000057789e-09	-5.276321e-10	3.7942086e-10	0.0007012982	0.009168153	-2.8384236e-17	-7.797867e-17	6.238384e-17	-7.2696277e-19	0	-1.2062446e-17
1.7500000000058647e-09	-5.39489e-10	3.7942086e-10	0.0007012982	0.009168153	-2.8384236e-17	-7.797867e-17	6.238384e-17	-7.2696277e-19	0	-1.2062446e-17
1.7600000000059504e-09	-5.513459e-10	3.7942086e-10	0.0007012982	0.009168148	-2.8384236e-17	-7.797867e-17	6.238384e-17	-7.2696277e-19	0	-1.2062446e-17
1.7700000000060362e-09	-5.217037e-10	3.7942086e-10	0.0007012982	0.009168148	-2.8384236e-17	-7.797867e-17	6.238384e-17	-7.2696277e-19	0	-1.2062446e-17
1.780000000006122e-09	-5.276321e-10	3.7942086e-10	0.0007012982	0.009168153	-2.8384236e-17	-7.797867e-17	6.238384e-17	-7.2696277e-19	0	-1.2062446e-17
1.7900000000062078e-09	-5.454175e-10	3.7942086e-10	0.0007012982	0.009168153	-2.8384236e-17	-7.797867e-17	6.238384e-17	-7.2696277e-19	0	-1.2062446e-17
1.8000000000062936e-09	-5.39489e-10	3.7942086e-10	0.0007012982	0.009168153	-2.8384236e-17	-7.797867e-17	6.238384e-17	-7.2696277e-19	0	-1.2062446e-17
1.8100000000063794e-09	-5.217037e-10	3.7942086e-10	0.0007012982	0.009168153	-2.8384236e-17	-7.797867e-17	6.238384e-17	-7.2696277e-19	0	-1.2062446e-17
1.8200000000064652e-09	-5.217037e-10	3.7942086e-10	0.0007012982	0.009168153	-2.8384236e-17	-7.797867e-17	6.238384e-17	-7.2696277e-19	0	-1.2062446e-17
1.830000000006551e-09	-5.157752e-10	3.7942086e-10	0.0007012982	0.009168153	-2.8384236e-17	-7.797867e-17	6.238384e-17	-7.2696277e-19	0	-1.2062446e-17
1.8400000000066367e-09	-5.632028e-10	3.7942086e-10	0.0007012982	0.009168153	-2.8384236e-17	-7.797867e-17	6.238384e-17	-7.2696277e-19	0	-1.2062446e-17
1.8500000000067225e-09	-5.809882e-10	3.7942086e-10	0.0007012982	0.009168153	-2.8384236e-17	-7.797867e-17	6.238384e-17	-7.2696277e-19	0	-1.2062446e-17
1.8600000000068083e-09	-5.750597e-10	3.7942086e-10	0.0007012982	0.009168153	-2.8384236e-17	-7.797867e-17	6.238384e-17	-7.2696277e-19	0	-1.2062446e-17
1.870000000006742e-09	-5.869166e-10	3.7942086e-10	0.0007012982	0.009168153	-2.8384236e-17	-7.797867e-17	6.238384e-17	-7.2696277e-19	0	-1.2062446e-17
1.880000000006621e-09	-5.454175e-10	3.7942086e-10	0.0007012982	0.009168153	-2.8384236e-17	-7.797867e-17	6.238384e-17	-7.2696277e-19	0	-1.2062446e-17
1.8900000000065e-09	-5.691313e-10	3.7942086e-10	0.0007012982	0.009168153	-2.8384236e-17	-7.797867e-17	6.238384e-17	-7.2696277e-19	0	-1.2062446e-17
1.900000000006379e-09	-5.39489e-10	3.7942086e-10	0.0007012982	0.009168153	-2.8384236e-17	-7.797867e-17	6.238384e-17	-7.2696277e-19	0	-1.2062446e-17
1.910000000006258e-09	-5.454175e-10	3.7942086e-10	0.0007012982	0.009168153	-2.8384236e-17	-7.797867e-17	6.238384e-17	-7.2696277e-19	0	-1.2062446e-17
1.920000000006137e-09	-5.691313e-10	3.7942086e-10	0.0007012982	0.009168148	-2.8384236e-17	-7.797867e-17	6.238384e-17	-7.2696267e-19	0	-1.2062446e-17
1.930000000006016e-09	-5.572744e-10	3.7942086e-10	0.0007012982	0.009168153	-2.8384236e-17	-7.797867e-17	6.238384e-17	-7.2696277e-19	0	-1.2062446e-17
1.940000000005895e-09	-5.809882e-10	3.7942086e-10	0.0007012982	0.009168153	-2.8384236e-17	-7.797867e-17	6.238384e-17	-7.2696277e-19	0	-1.2062446e-17
1.950000000005774e-09	-5.809882e-10	3.7942086e-10	0.0007012982	0.009168153	-2.8384236e-17	-7.797867e-17	6.238384e-17	-7.2696277e-19	0	-1.2062446e-17
1.960000000005653e-09	-5.632028e-10	3.7942086e-10	0.0007012982	0.009168153	-2.8384236e-17	-7.797867e-17	6.238384e-17	-7.2696267e-19	0	-1.2062445e-17
1.9700000000055318e-09	-5.809882e-10	3.7942086e-10	0.0007012982	0.009168153	-2.8384236e-17	-7.797867e-17	6.238384e-17	-7.2696277e-19	0	-1.2062446e-17
1.9800000000054108e-09	-6.3434424e-10	3.7942086e-10	0.0007012982	0.009168152	-2.8384236e-17	-7.797867e-17	6.238384e-17	-7.2696277e-19	0	-1.2062446e-17
1.9900000000052898e-09	-6.1063044e-10	3.7942086e-10	0.0007012982	0.009168152	-2.8384236e-17	-7.797867e-17	6.238384e-17	-7.2696277e-19	0	-1.2062446e-17
2.0000000000051688e-09	-5.750597e-10	3.7942086e-10	0.0007012982	0.009168152	-2.8384236e-17	-7.797867e-17	6.238384e-17	-7.2696277e-19	0	-1.2062446e-17
2.0100000000050478e-09	-6.04702e-10	3.7942086e-10	0.0007012982	0.009168153	-2.838424e-17	-7.797867e-17	6.238384e-17	-7.2696277e-19	0	-1.2062446e-17
2.0200000000049267e-09	-5.572744e-10	3.7942086e-10	0.0007012982	0.009168153	-2.8384236e-17	-7.797867e-17	6.238384e-17	-7.2696267e-19	0	-1.2062446e-17
2.0300000000048057e-09	-5.750597e-10	3.7942086e-10	0.0007012982	0.009168153	-2.8384236e-17	-7.797867e-17	6.238384e-17	-7.2696267e-19	0	-1.2062446e-17
2.0400000000046847e-09	-5.9877353e-10	3.7942086e-10	0.0007012982	0.009168153	-2.8384236e-17	-7.797867e-17	6.238384e-17	-7.2696277e-19	0	-1.2062446e-17
2.0500000000045637e-09	-5.928451e-10	3.7942086e-10	0.0007012982	0.009168153	-2.8384236e-17	-7.797867e-17	6.238384e-17	-7.2696277e-19	0	-1.2062446e-17
2.0600000000044427e-09	-5.809882e-10	3.7942086e-10	0.0007012982	0.009168153	-2.8384236e-17	-7.797867e-17	6.238384e-17	-7.2696277e-19	0	-1.2062446e-17
2.0700000000043217e-09	-6.04702e-10	3.7942086e-10	0.0007012982	0.009168153	-2.8384236e-17	-7.797867e-17	6.238384e-17	-7.2696267e-19	0	-1.2062446e-17
2.0800000000042007e-09	-5.691313e-10	3.7942086e-10	0.0007012982	0.009168153	-2.8384236e-17	-7.797867e-17	6.238384e-17	-7.2696277e-19	0	-1.2062446e-17
2.0900000000040797e-09	-5.809882e-10	3.7942086e-10	0.0007012982	0.009168153	-2.8384236e-17	-7.797867e-17	6.238384e-17	-7.2696277e-19	0	-1.2062446e-17
2.1000000000039587e-09	-5.691313e-10	3.7942086e-10	0.0007012982	0.009168153	-2.8384236e-17	-7.797867e-17	6.238384e-17	-7.2696277e-19	0	-1.2062446e-17
2.1100000000038377e-09	-5.750597e-10	3.7942086e-10	0.0007012982	0.009168153	-2.8384236e-17	-7.797867e-17	6.238384e-17	-7.2696277e-19	0	-1.2062446e-17
2.1200000000037166e-09	-5.928451e-10	3.7942086e-10	0.0007012982	0.009168153	-2.8384236e-17	-7.797867e-17	6.238384e-17	-7.2696277e-19	0	-1.2062446e-17
2.1300000000035956e-09	-5.928451e-10	3.7942086e-10	0.0007012982	0.009168153	-2.8384236e-17	-7.797867e-17	6.238384e-17	-7.2696277e-19	0	-1.2062446e-17
2.1400000000034746e-09	-6.165589e-10	3.7942086e-10	0.0007012982	0.009168153	-2.8384236e-17	-7.797867e-17	6.238384e-17	-7.2696267e-19	0	-1.2062446e-17
2.1500000000033536e-09	-6.1063044e-10	3.7942086e-10	0.0007012982	0.009168148	-2.8384236e-17	-7.797867e-17	6.238384e-17	-7.2696277e-19	0	-1.2062446e-17
2.1600000000032326e-09	-5.809882e-10	3.7942086e-10	0.0007012982	0.009168153	-2.8384236e-17	-7.797867e-17	6.238384e-17	-7.2696277e-19	0	-1.2062446e-17
2.1700000000031116e-09	-5.750597e-10	3.7942086e-10	0.0007012982	0.009168153	-2.8384236e-17	-7.797867e-17	6.238384e-17	-7.2696277e-19	0	-1.2062446e-17
2.1800000000029906e-09	-6.04702e-10	3.7942086e-10	0.0007012982	0.009168153	-2.8384236e-17	-7.797867e-17	6.238384e-17	-7.2696277e-19	0	-1.2062446e-17
2.1900000000028696e-09	-5.928451e-10	3.7942086e-10	0.0007012982	0.009168147	-2.8384233e-17	-7.797867e-17	6.2383844e-17	-7.2696277e-19	0	-1.2062446e-17
2.2000000000027486e-09	-5.809882e-10	3.7942086e-10	0.0007012982	0.009168152	-2.8384236e-17	-7.797867e-17	6.238384e-17	-7.2696277e-19	0	-1.2062446e-17
2.2100000000026276e-09	-5.809882e-10	3.7942086e-10	0.0007012982	0.009168152	-2.8384236e-17	-7.797867e-17	6.238384e-17	-7.2696277e-19	0	-1.2062446e-17
2.2200000000025065e-09	-5.691313e-10	3.7942086e-10	0.0007012982	0.009168152	-2.8384236e-17	-7.797867e-17	6.238384e-17	-7.2696277e-19	0	-1.2062446e-17
2.2300000000023855e-09	-5.691313e-10	3.7942086e-10	0.0007012982	0.009168152	-2.8384236e-17	-7.797867e-17	6.238384e-17	-7.2696277e-19	0	-1.2062446e-17
2.2400000000022645e-09	-5.928451e-10	3.7942086e-10	0.0007012982	0.009168152	-2.8384236e-17	-7.797867e-17	6.238384e-17	-7.2696277e-19	0	-1.2062446e-17
2.2500000000021435e-09	-5.750597e-10	3.7942086e-10	0.0007012982	0.009168152	-2.8384236e-17	-7.797867e-17	6.238384e-17	-7.2696277e-19	0	-1.2062446e-17
2.2600000000020225e-09	-5.691313e-10	3.7942086e-10	0.0007012982	0.009168152	-2.8384236e-17	-7.797867e-17	6.238384e-17	-7.2696277e-19	0	-1.2062446e-17
2.2700000000019015e-09	-5.928451e-10	3.7942086e-10	0.0007012982	0.009168152	-2.8384236e-17	-7.797867e-17	6.238384e-17	-7.2696267e-19	0	-1.2062446e-17
2.2800000000017805e-09	-6.04702e-10	3.7942086e-10	0.0007012982	0.009168152	-2.8384236e-17	-7.797867e-17	6.238384e-17	-7.2696277e-19	0	-1.2062446e-17
2.2900000000016595e-09	-5.928451e-10	3.7942086e-10	0.0007012982	0.009168152	-2.8384236e-17	-7.797867e-17	6.238384e-17	-7.2696277e-19	0	-1.2062446e-17
2.3000000000015385e-09	-5.809882e-10	3.7942086e-10	0.0007012982	0.009168152	-2.8384236e-17	-7.797867e-17	6.238384e-17	-7.2696277e-19	0	-1.2062446e-17
2.3100000000014175e-09	-6.04702e-10	3.7942086e-10	0.0007012982	0.009168152	-2.8384236e-17	-7.797867e-17	6.238384e-17	-7.2696277e-19	0	-1.2062446e-17
2.3200000000012965e-09	-6.4027267e-10	3.7942086e-10	0.0007012982	0.009168152	-2.8384236e-17	-7.797867e-17	6.238384e-17	-7.2696277e-19	0	-1.2062446e-17
2.3300000000011754e-09	-6.165589e-10	3.7942086e-10	0.0007012982	0.009168147	-2.8384236e-17	-7.797867e-17	6.238384e-17	-7.2696267e-19	0	-1.2062446e-17
2.3400000000010544e-09	-5.869166e-10	3.7942086e-10	0.0007012982	0.009168147	-2.8384236e-17	-7.797867e-17	6.238384e-17	-7.2696277e-19	0	-1.2062446e-17
2.3500000000009334e-09	-6.521296e-10	3.7942086e-10	0.0007012982	0.009168147	-2.8384236e-17	-7.797867e-17	6.238384e-17	-7.2696277e-19	0	-1.2062446e-17
2.3600000000008124e-09	-6.04702e-10	3.7942086e-10	0.0007012982	0.009168152	-2.8384236e-17	-7.797867e-17	6.238384e-17	-7.2696277e-19	0	-1.2062446e-17
2.3700000000006914e-09	-5.809882e-10	3.7942086e-10	0.0007012982	0.009168152	-2.8384236e-17	-7.797867e-17	6.238384e-17	-7.2696277e-19	0	-1.2062446e-17
2.3800000000005704e-09	-5.691313e-10	3.7942086e-10	0.0007012982	0.009168152	-2.8384236e-17	-7.797867e-17	6.238384e-17	-7.2696277e-19	0	-1.2062446e-17
2.3900000000004494e-09	-5.9877353e-10	3.7942086e-10	0.0007012982	0.009168151	-2.8384236e-17	-7.797867e-17	6.238384e-17	-7.2696277e-19	0	-1.2062446e-17
2.4000000000003284e-09	-6.2841576e-10	3.7942086e-10	0.0007012982	0.009168151	-2.8384236e-17	-7.797867e-17	6.238384e-17	-7.2696277e-19	0	-1.2062446e-17
2.4100000000002074e-09	-6.521296e-10	3.7942086e-10	0.0007012982	0.009168151	-2.8384236e-17	-7.797867e-17	6.238384e-17	-7.2696277e-19	0	-1.2062445e-17
2.4200000000000864e-09	-6.2841576e-10	3.7942086e-10	0.0007012982	0.009168151	-2.8384236e-17	-7.797867e-17	6.238384e-17	-7.2696277e-19	0	-1.2062446e-17
2.4300099999999652e-09	-6.3434424e-10	3.7942086e-10	0.0007012985	0.009167972	-2.8384233e-17	-7.797867e-17	6.2383844e-17	-7.2696277e-19	0	-1.2062446e-17
2.4400099999998442e-09	-6.639865e-10	3.7942086e-10	0.00070129853	0.009167972	-2.8384233e-17	-7.797867e-17	6.2383844e-17	-7.2696277e-19	0	-1.2062446e-17
2.450009999999723e-09	-6.521296e-10	3.7942086e-10	0.0007012985	0.009167972	-2.8384233e-17	-7.797867e-17	6.2383844e-17	-7.2696277e-19	0	-1.2062445e-17
2.460009999999602e-09	-6.2841576e-10	3.7942086e-10	0.00070129853	0.009167972	-2.8384233e-17	-7.797867e-17	6.2383844e-17	-7.2696277e-19	0	-1.2062446e-17
2.470009999999481e-09	-6.2248734e-10	3.7942086e-10	0.00070129853	0.009167968	-2.8384233e-17	-7.797867e-17	6.2383844e-17	-7.2696277e-19	0	-1.2062446e-17
2.48000999999936e-09	-6.4620115e-10	3.7942086e-10	0.00070129853	0.009167972	-2.8384233e-17	-7.797867e-17	6.2383844e-17	-7.2696277e-19	0	-1.2062446e-17
2.490009999999239e-09	-6.4027267e-10	3.7942086e-10	0.00070129853	0.009167968	-2.8384236e-17	-7.797867e-17	6.238384e-17	-7.2696277e-19	0	-1.2062446e-17
2.500009999999118e-09	-6.3434424e-10	3.7942086e-10	0.00070129853	0.009167968	-2.8384236e-17	-7.797867e-17	6.238384e-17	-7.2696277e-19	0	-1.2062446e-17
2.510009999998997e-09	-6.4620115e-10	3.7942086e-10	0.00070129853	0.009167968	-2.8384236e-17	-7.797867e-17	6.238384e-17	-7.2696277e-19	0	-1.2062446e-17
2.520009999998876e-09	-6.9362877e-10	3.7942086e-10	0.00070129853	0.009167973	-2.8384233e-17	-7.797867e-17	6.2383844e-17	-7.2696277e-19	0	-1.2062446e-17
2.530009999998755e-09	-6.8177186e-10	3.7942086e-10	0.00070129853	0.009167973	-2.8384233e-17	-7.797867e-17	6.2383844e-17	-7.2696277e-19	0	-1.2062446e-17
2.540009999998634e-09	-6.4027267e-10	3.7942086e-10	0.00070129853	0.009167973	-2.8384233e-17	-7.797867e-17	6.2383844e-17	-7.2696277e-19	0	-1.2062446e-17
2.550009999998513e-09	-6.5805805e-10	3.7942086e-10	0.00070129853	0.009167973	-2.838423e-17	-7.797867e-17	6.2383844e-17	-7.2696277e-19	0	-1.2062446e-17
2.560009999998392e-09	-6.639865e-10	3.7942086e-10	0.00070129853	0.009167973	-2.8384236e-17	-7.797867e-17	6.238384e-17	-7.2696277e-19	0	-1.2062446e-17
2.570009999998271e-09	-6.4620115e-10	3.7942086e-10	0.00070129853	0.009167973	-2.8384233e-17	-7.797867e-17	6.2383844e-17	-7.2696277e-19	0	-1.2062445e-17
2.58000999999815e-09	-6.995572e-10	3.7942086e-10	0.0007012985	0.009167973	-2.8384236e-17	-7.797867e-17	6.238384e-17	-7.2696277e-19	0	-1.2062446e-17
2.590009999998029e-09	-6.877003e-10	3.7942086e-10	0.00070129853	0.009167973	-2.8384233e-17	-7.797867e-17	6.2383844e-17	-7.2696277e-19	0	-1.2062446e-17
2.600009999997908e-09	-6.3434424e-10	3.7942086e-10	0.00070129853	0.009167973	-2.838423e-17	-7.797867e-17	6.2383844e-17	-7.2696277e-19	0	-1.2062446e-17
2.610009999997787e-09	-6.6991496e-10	3.7942086e-10	0.00070129853	0.009167973	-2.8384236e-17	-7.797867e-17	6.238384e-17	-7.2696277e-19	0	-1.2062446e-17
2.620009999997666e-09	-6.5805805e-10	3.7942086e-10	0.00070129853	0.009167968	-2.8384233e-17	-7.797867e-17	6.2383844e-17	-7.2696267e-19	0	-1.2062446e-17
2.630009999997545e-09	-6.5805805e-10	3.7942086e-10	0.00070129853	0.009167973	-2.8384236e-17	-7.797867e-17	6.238384e-17	-7.2696277e-19	0	-1.2062446e-17
2.640009999997424e-09	-6.6991496e-10	3.7942086e-10	0.00070129853	0.009167972	-2.8384233e-17	-7.797867e-17	6.2383844e-17	-7.2696277e-19	0	-1.2062446e-17
2.650009999997303e-09	-6.639865e-10	3.7942086e-10	0.00070129853	0.009167972	-2.8384236e-17	-7.797867e-17	6.238384e-17	-7.2696277e-19	0	-1.2062446e-17
2.660009999997182e-09	-6.8177186e-10	3.7942086e-10	0.00070129853	0.009167972	-2.8384236e-17	-7.797867e-17	6.238384e-17	-7.2696277e-19	0	-1.2062446e-17
2.670009999997061e-09	-6.5805805e-10	3.7942086e-10	0.00070129853	0.009167972	-2.8384233e-17	-7.797867e-17	6.2383844e-17	-7.2696277e-19	0	-1.2062446e-17
2.68000999999694e-09	-6.521296e-10	3.7942086e-10	0.00070129853	0.009167972	-2.8384236e-17	-7.797867e-17	6.238384e-17	-7.2696277e-19	0	-1.2062446e-17
2.690009999996819e-09	-6.6991496e-10	3.7942086e-10	0.00070129853	0.009167972	-2.8384236e-17	-7.797867e-17	6.238384e-17	-7.2696277e-19	0	-1.2062446e-17
2.700009999996698e-09	-6.521296e-10	3.7942086e-10	0.00070129853	0.009167968	-2.8384236e-17	-7.797867e-17	6.238384e-17	-7.2696277e-19	0	-1.2062446e-17
2.710009999996577e-09	-6.639865e-10	3.7942086e-10	0.00070129853	0.009167972	-2.8384236e-17	-7.797867e-17	6.238384e-17	-7.2696277e-19	0	-1.2062446e-17
2.720009999996456e-09	-6.6991496e-10	3.7942086e-10	0.0007012985	0.009167972	-2.8384236e-17	-7.797867e-17	6.238384e-17	-7.2696277e-19	0	-1.2062446e-17
2.730009999996335e-09	-6.3434424e-10	3.7942086e-10	0.00070129853	0.009167972	-2.8384233e-17	-7.797867e-17	6.2383844e-17	-7.2696277e-19	0	-1.2062446e-17
2.740009999996214e-09	-6.639865e-10	3.7942086e-10	0.00070129853	0.009167972	-2.8384236e-17	-7.797867e-17	6.238384e-17	-7.2696277e-19	0	-1.2062446e-17
2.750009999996093e-09	-6.639865e-10	3.7942086e-10	0.00070129853	0.009167972	-2.8384236e-17	-7.797867e-17	6.238384e-17	-7.2696277e-19	0	-1.2062446e-17
2.760009999995972e-09	-6.521296e-10	3.7942086e-10	0.00070129853	0.009167972	-2.8384233e-17	-7.797867e-17	6.2383844e-17	-7.2696277e-19	0	-1.2062446e-17
2.770009999995851e-09	-6.4027267e-10	3.7942086e-10	0.00070129853	0.009167972	-2.8384236e-17	-7.797867e-17	6.238384e-17	-7.2696277e-19	0	-1.2062446e-17
2.78000999999573e-09	-6.521296e-10	3.7942086e-10	0.00070129853	0.009167968	-2.8384236e-17	-7.797867e-17	6.238384e-17	-7.2696277e-19	0	-1.2062446e-17
2.790009999995609e-09	-6.639865e-10	3.7942086e-10	0.00070129853	0.009167972	-2.8384236e-17	-7.797867e-17	6.238384e-17	-7.2696277e-19	0	-1.2062446e-17
2.800009999995488e-09	-6.758434e-10	3.7942086e-10	0.00070129853	0.009167972	-2.8384236e-17	-7.797867e-17	6.238384e-17	-7.2696277e-19	0	-1.2062446e-17
2.810009999995367e-09	-6.6991496e-10	3.7942086e-10	0.00070129853	0.009167972	-2.8384236e-17	-7.797867e-17	6.238384e-17	-7.2696277e-19	0	-1.2062446e-17
2.820009999995246e-09	-6.5805805e-10	3.7942086e-10	0.00070129853	0.009167972	-2.8384236e-17	-7.797867e-17	6.238384e-17	-7.2696277e-19	0	-1.2062446e-17
2.830009999995125e-09	-6.3434424e-10	3.7942086e-10	0.00070129853	0.009167972	-2.8384236e-17	-7.797867e-17	6.238384e-17	-7.2696277e-19	0	-1.2062446e-17
2.840009999995004e-09	-6.877003e-10	3.7942086e-10	0.00070129853	0.009167972	-2.8384236e-17	-7.797867e-17	6.238384e-17	-7.2696277e-19	0	-1.2062446e-17
2.850009999994883e-09	-6.995572e-10	3.7942086e-10	0.00070129853	0.009167972	-2.8384236e-17	-7.797867e-17	6.238384e-17	-7.2696277e-19	0	-1.2062446e-17
2.860009999994762e-09	-6.995572e-10	3.7942086e-10	0.00070129853	0.009167968	-2.8384233e-17	-7.797867e-17	6.2383844e-17	-7.2696267e-19	0	-1.2062446e-17
2.870009999994641e-09	-7.23271e-10	3.7942086e-10	0.00070129853	0.009167972	-2.8384233e-17	-7.797867e-17	6.2383844e-17	-7.2696277e-19	0	-1.2062446e-17
2.8800099999945198e-09	-7.291995e-10	3.7942086e-10	0.00070129853	0.009167972	-2.8384236e-17	-7.797867e-17	6.238384e-17	-7.2696277e-19	0	-1.2062446e-17
2.8900099999943988e-09	-7.410564e-10	3.7942086e-10	0.00070129853	0.009167972	-2.8384233e-17	-7.797867e-17	6.2383844e-17	-7.2696277e-19	0	-1.2062446e-17
2.9000099999942778e-09	-7.114141e-10	3.7942086e-10	0.00070129853	0.009167972	-2.8384233e-17	-7.797867e-17	6.2383844e-17	-7.2696277e-19	0	-1.2062446e-17
2.9100099999941568e-09	-6.995572e-10	3.7942086e-10	0.00070129853	0.009167972	-2.8384233e-17	-7.797867e-17	6.2383844e-17	-7.2696277e-19	0	-1.2062446e-17
2.9200099999940357e-09	-7.114141e-10	3.7942086e-10	0.00070129853	0.009167972	-2.8384236e-17	-7.797867e-17	6.238384e-17	-7.2696267e-19	0	-1.2062446e-17
2.9300099999939147e-09	-6.995572e-10	3.7942086e-10	0.00070129853	0.009167972	-2.8384233e-17	-7.797867e-17	6.2383844e-17	-7.2696277e-19	0	-1.2062446e-17
2.9400099999937937e-09	-6.9362877e-10	3.7942086e-10	0.00070129853	0.009167972	-2.8384233e-17	-7.797867e-17	6.2383844e-17	-7.2696277e-19	0	-1.2062446e-17
2.9500099999936727e-09	-7.173426e-10	3.7942086e-10	0.00070129853	0.009167972	-2.8384236e-17	-7.797867e-17	6.238384e-17	-7.2696277e-19	0	-1.2062446e-17
2.9600099999935517e-09	-6.9362877e-10	3.7942086e-10	0.00070129853	0.009167972	-2.8384233e-17	-7.797867e-17	6.2383844e-17	-7.2696277e-19	0	-1.2062446e-17
2.9700099999934307e-09	-6.8177186e-10	3.7942086e-10	0.00070129853	0.009167972	-2.8384236e-17	-7.797867e-17	6.238384e-17	-7.2696277e-19	0	-1.2062446e-17
2.9800099999933097e-09	-6.6991496e-10	3.7942086e-10	0.00070129853	0.009167972	-2.8384233e-17	-7.797867e-17	6.2383844e-17	-7.2696277e-19	0	-1.2062445e-17
2.9900099999931887e-09	-6.9362877e-10	3.7942086e-10	0.00070129853	0.009167972	-2.8384233e-17	-7.797867e-17	6.2383844e-17	-7.2696277e-19	0	-1.2062446e-17
3.0000099999930677e-09	-6.758434e-10	3.7942086e-10	0.00070129853	0.009167972	-2.838423e-17	-7.797867e-17	6.2383844e-17	-7.2696277e-19	0	-1.2062446e-17
