# t (s)	mx ()	my ()	mz ()	spinAngle (rad)	E_total (J)	E_anis (J)	E_demag (J)	E_exch (J)	E_therm (J)	E_custom (J)
0	0	0	0	0.0018746129	-2.4762852e-16	-4.0712e-16	2.153115e-16	5.248001e-18	0	-6.1068e-17
1.0000000000000124e-11	-4.2867557e-10	-5.7508115e-10	0.00041355714	0.0054711583	-2.5548306e-16	-4.0164582e-16	2.127462e-16	-5.6060057e-18	0	-6.097742e-17
2.0009999999999403e-11	-8.4446744e-10	-4.8255283e-10	0.00051423354	0.0053030113	-2.5601375e-16	-4.0123787e-16	2.125594e-16	-6.278869e-18	0	-6.1056405e-17
3.000999999999824e-11	-2.9515368e-10	2.0613908e-10	0.00031878595	0.0047159125	-2.5616375e-16	-4.027311e-16	2.1328957e-16	-5.667704e-18	0	-6.105452e-17
4.000000000000001e-11	2.9163993e-10	1.4523435e-10	0.00020381757	0.004478038	-2.5622156e-16	-4.0340365e-16	2.1361824e-16	-5.3721216e-18	0	-6.1063995e-17
5.0000000000001785e-11	-9.95558e-11	-1.7334423e-10	0.00025200134	0.004549733	-2.56243e-16	-4.030898e-16	2.1346439e-16	-5.552737e-18	0	-6.106481e-17
6.00000000000024e-11	-5.3525884e-10	-2.8109873e-10	0.0003174113	0.0045681815	-2.5625545e-16	-4.027431e-16	2.1329217e-16	-5.73935e-18	0	-6.106516e-17
7.000999999999771e-11	-5.3760135e-10	-8.90146e-11	0.000324057	0.0045298743	-2.5626283e-16	-4.02714e-16	2.1327482e-16	-5.7580113e-18	0	-6.106564e-17
8.000999999999302e-11	-4.702548e-10	-8.90146e-11	0.00030097849	0.0045152484	-2.5626863e-16	-4.0277835e-16	2.133036e-16	-5.7281587e-18	0	-6.106572e-17
9.000999999998834e-11	-4.1227816e-10	-7.2617176e-11	0.00028744453	0.0045519453	-2.5627344e-16	-4.027438e-16	2.1328415e-16	-5.7478494e-18	0	-6.106591e-17
1.0000999999998365e-10	-4.942653e-10	-1.6983048e-10	0.00028546486	0.0045914543	-2.5627763e-16	-4.026487e-16	2.1323505e-16	-5.798069e-18	0	-6.106592e-17
1.1000999999997896e-10	-5.4931376e-10	-6.324721e-11	0.0002832203	0.0046148407	-2.562815e-16	-4.025775e-16	2.131977e-16	-5.835736e-18	0	-6.106598e-17
1.2000999999997891e-10	-5.4521443e-10	-2.119953e-10	0.00027879933	0.0046362667	-2.562849e-16	-4.025395e-16	2.1317684e-16	-5.8562456e-18	0	-6.106603e-17
1.3000999999998715e-10	-5.411151e-10	-3.2560604e-10	0.0002769893	0.004660088	-2.5628816e-16	-4.0250405e-16	2.1315731e-16	-5.8753104e-18	0	-6.1066106e-17
1.400099999999954e-10	-7.5428164e-10	-5.6219748e-11	0.00027912486	0.004685074	-2.5629105e-16	-4.0245868e-16	2.1313306e-16	-5.899292e-18	0	-6.106615e-17
1.5000000000000362e-10	-7.460829e-10	-6.0904726e-11	0.00028227968	0.004709525	-2.562938e-16	-4.02412e-16	2.1310825e-16	-5.9238296e-18	0	-6.106619e-17
1.6000000000001186e-10	-5.844511e-10	-2.1550903e-10	0.0002839453	0.00473148	-2.5629631e-16	-4.02371e-16	2.1308629e-16	-5.945354e-18	0	-6.106623e-17
1.700000000000201e-10	-6.6351014e-10	-4.5912793e-10	0.0002839501	0.0047525084	-2.562987e-16	-4.0233432e-16	2.1306652e-16	-5.964633e-18	0	-6.106626e-17
1.8000000000002833e-10	-7.097743e-10	-1.9676911e-10	0.00028315862	0.0047732596	-2.5630092e-16	-4.0229827e-16	2.1304714e-16	-5.9834916e-18	0	-6.106629e-17
1.9000000000003657e-10	-1.0968707e-09	-1.4991933e-10	0.00028213003	0.004793262	-2.5630296e-16	-4.0226246e-16	2.1302795e-16	-6.0021603e-18	0	-6.106631e-17
2.000000000000448e-10	-1.2760711e-09	9.369958e-12	0.00028115846	0.0048128087	-2.5630497e-16	-4.022279e-16	2.130094e-16	-6.0201717e-18	0	-6.106633e-17
2.1000000000005304e-10	-1.0892576e-09	-2.9983865e-10	0.00028040254	0.0048309877	-2.5630682e-16	-4.021948e-16	2.1299166e-16	-6.037341e-18	0	-6.106635e-17
2.2000000000006128e-10	-8.3861124e-10	-6.840069e-10	0.00028000397	0.004849077	-2.563086e-16	-4.0216298e-16	2.129746e-16	-6.0538495e-18	0	-6.106637e-17
2.3000000000006952e-10	-4.0700754e-10	-3.7011333e-10	0.00027994477	0.0048666983	-2.5631034e-16	-4.02132e-16	2.1295797e-16	-6.0698733e-18	0	-6.1066384e-17
2.4000000000005925e-10	-5.212039e-10	-1.780292e-10	0.00028005088	0.0048838877	-2.563119e-16	-4.021019e-16	2.1294182e-16	-6.085427e-18	0	-6.10664e-17
2.5000000000004163e-10	-8.632074e-10	-2.2956397e-10	0.00028015889	0.004900525	-2.5631341e-16	-4.020726e-16	2.1292615e-16	-6.100529e-18	0	-6.1066404e-17
2.60000000000024e-10	-1.0740314e-09	-2.670438e-10	0.00028017466	0.004916741	-2.5631495e-16	-4.0204416e-16	2.1291085e-16	-6.1152143e-18	0	-6.106642e-17
2.700000000000064e-10	-1.11034e-09	1.8739916e-11	0.0002800743	0.0049324306	-2.5631638e-16	-4.0201637e-16	2.1289593e-16	-6.129511e-18	0	-6.1066423e-17
2.800099999999888e-10	-7.6599405e-10	-8.90146e-11	0.00027988618	0.004947898	-2.5631768e-16	-4.0198918e-16	2.1288139e-16	-6.1434592e-18	0	-6.106643e-17
2.9000999999997117e-10	-8.538374e-10	-1.3117941e-10	0.00027966322	0.004962992	-2.563191e-16	-4.0196274e-16	2.1286717e-16	-6.157057e-18	0	-6.1066437e-17
3.0000999999995355e-10	-7.7594964e-10	-9.838456e-11	0.00027945105	0.0049779164	-2.5632038e-16	-4.0193688e-16	2.1285328e-16	-6.1703385e-18	0	-6.106645e-17
3.1000999999993594e-10	-8.9658786e-10	-2.5298885e-10	0.0002792788	0.0049925535	-2.5632162e-16	-4.0191155e-16	2.1283967e-16	-6.183323e-18	0	-6.106645e-17
3.2000999999991833e-10	-8.4271057e-10	-2.670438e-10	0.0002791527	0.00500685	-2.5632278e-16	-4.0188667e-16	2.1282637e-16	-6.1960303e-18	0	-6.106646e-17
3.300099999999007e-10	-8.4856683e-10	-2.436189e-10	0.00027906208	0.005020722	-2.56324e-16	-4.0186237e-16	2.128133e-16	-6.2084727e-18	0	-6.106646e-17
3.400099999998831e-10	-6.9279127e-10	-2.3659144e-10	0.00027898824	0.005034186	-2.5632506e-16	-4.0183847e-16	2.128005e-16	-6.2206683e-18	0	-6.1066476e-17
3.500099999998655e-10	-7.70679e-10	-1.546043e-10	0.00027891822	0.005047585	-2.563262e-16	-4.0181504e-16	2.1278795e-16	-6.232627e-18	0	-6.1066476e-17
3.600099999998479e-10	-7.513535e-10	-4.684979e-12	0.00027883868	0.0050609503	-2.5632728e-16	-4.0179204e-16	2.1277559e-16	-6.2443633e-18	0	-6.1066476e-17
3.7000999999983027e-10	-7.8180584e-10	3.7479832e-11	0.00027875212	0.0050741797	-2.5632834e-16	-4.0176943e-16	2.1276345e-16	-6.255889e-18	0	-6.1066476e-17
3.8000999999981266e-10	-8.919029e-10	-1.1946696e-10	0.00027865736	0.005087061	-2.563294e-16	-4.0174722e-16	2.1275155e-16	-6.2672117e-18	0	-6.106648e-17
3.9000999999979505e-10	-8.5559426e-10	-1.8505666e-10	0.00027856338	0.0050995867	-2.5633035e-16	-4.0172533e-16	2.1273982e-16	-6.278343e-18	0	-6.106648e-17
4.0000999999977743e-10	-6.65267e-10	-1.2532318e-10	0.00027847433	0.0051121176	-2.563313e-16	-4.017038e-16	2.1272825e-16	-6.2892916e-18	0	-6.106648e-17
4.100099999997598e-10	-9.797462e-10	-3.2677727e-10	0.00027839388	0.0051241973	-2.5633226e-16	-4.0168258e-16	2.1271688e-16	-6.3000656e-18	0	-6.106649e-17
4.200099999997422e-10	-1.2778281e-09	-3.4785969e-10	0.0002783178	0.005136133	-2.5633321e-16	-4.0166175e-16	2.1270571e-16	-6.3106717e-18	0	-6.106649e-17
4.300099999997246e-10	-9.815031e-10	-4.6147042e-10	0.00027824784	0.005148034	-2.563341e-16	-4.0164113e-16	2.1269468e-16	-6.321119e-18	0	-6.1066496e-17
4.40009999999707e-10	-8.0698764e-10	-3.2560604e-10	0.00027818102	0.005159919	-2.5633501e-16	-4.0162088e-16	2.1268378e-16	-6.331413e-18	0	-6.1066496e-17
4.5000999999968937e-10	-7.6306594e-10	-3.4903094e-10	0.00027811673	0.0051716226	-2.5633589e-16	-4.0160087e-16	2.1267306e-16	-6.3415582e-18	0	-6.1066496e-17
4.6000999999967176e-10	-1.0863295e-09	-2.7407127e-10	0.0002780524	0.005182939	-2.5633676e-16	-4.0158115e-16	2.1266243e-16	-6.351564e-18	0	-6.1066496e-17
4.700099999996541e-10	-9.820887e-10	-2.9983865e-10	0.00027798925	0.005194417	-2.5633758e-16	-4.0156162e-16	2.1265203e-16	-6.361433e-18	0	-6.1066496e-17
4.800099999996365e-10	-8.011314e-10	-2.6470132e-10	0.00027792784	0.0052055996	-2.563384e-16	-4.0154245e-16	2.1264169e-16	-6.3711726e-18	0	-6.106651e-17
4.900099999996189e-10	-8.321694e-10	-4.4038803e-10	0.00027786827	0.0052165184	-2.5633922e-16	-4.0152345e-16	2.126315e-16	-6.3807852e-18	0	-6.106651e-17
5.000099999996013e-10	-9.891162e-10	-4.638129e-10	0.0002778117	0.005227169	-2.5634e-16	-4.0150465e-16	2.1262144e-16	-6.390277e-18	0	-6.10665e-17
5.100099999995837e-10	-8.140151e-10	-4.2633308e-10	0.00027775762	0.0052380464	-2.5634084e-16	-4.0148613e-16	2.126115e-16	-6.399652e-18	0	-6.10665e-17
5.200099999995661e-10	-9.867737e-10	-3.5137343e-10	0.0002777049	0.005248799	-2.5634155e-16	-4.014678e-16	2.1260168e-16	-6.4089135e-18	0	-6.10665e-17
5.300099999995485e-10	-9.434377e-10	-2.6235883e-10	0.00027765371	0.005259317	-2.5634232e-16	-4.014497e-16	2.1259197e-16	-6.418067e-18	0	-6.10665e-17
5.400099999995309e-10	-7.484254e-10	-1.6865924e-10	0.0002776024	0.0052697686	-2.563431e-16	-4.014318e-16	2.1258235e-16	-6.427114e-18	0	-6.10665e-17
5.500099999995133e-10	-8.251419e-10	1.12439495e-10	0.0002775535	0.0052802237	-2.563438e-16	-4.0141408e-16	2.1257283e-16	-6.4360603e-18	0	-6.106651e-17
5.600099999994956e-10	-8.5266616e-10	-7.9644645e-11	0.00027750447	0.0052906116	-2.5634452e-16	-4.0139653e-16	2.1256345e-16	-6.444907e-18	0	-6.10665e-17
5.70009999999478e-10	-8.90146e-10	-1.0306954e-10	0.00027745825	0.0053006196	-2.5634526e-16	-4.013792e-16	2.1255416e-16	-6.453657e-18	0	-6.106651e-17
5.800099999994604e-10	-9.7389e-10	-1.12439495e-10	0.00027741393	0.0053104246	-2.5634592e-16	-4.0136206e-16	2.1254493e-16	-6.4623154e-18	0	-6.10665e-17
5.900099999994428e-10	-9.832599e-10	-1.8739915e-10	0.0002773719	0.0053202924	-2.5634663e-16	-4.0134504e-16	2.125358e-16	-6.4708855e-18	0	-6.106651e-17
6.000099999994252e-10	-9.87945e-10	-3.7479832e-11	0.00027733075	0.0053300937	-2.563473e-16	-4.013282e-16	2.1252677e-16	-6.479366e-18	0	-6.106651e-17
6.100099999994076e-10	-9.838456e-10	-2.6235883e-10	0.00027728814	0.0053397864	-2.56348e-16	-4.0131156e-16	2.1251783e-16	-6.4877624e-18	0	-6.106651e-17
6.2000999999939e-10	-1.198769e-09	-2.8109873e-10	0.0002772466	0.0053495495	-2.5634865e-16	-4.012951e-16	2.12509e-16	-6.4960772e-18	0	-6.106651e-17
6.300099999993724e-10	-1.2315639e-09	-1.8739915e-10	0.00027720784	0.0053591006	-2.563493e-16	-4.012787e-16	2.1250022e-16	-6.5043126e-18	0	-6.106651e-17
6.400099999993547e-10	-1.2473756e-09	-2.9983865e-10	0.00027716954	0.0053687966	-2.5634994e-16	-4.012625e-16	2.1249153e-16	-6.5124695e-18	0	-6.106651e-17
6.500099999993371e-10	-1.2508894e-09	-5.2471766e-10	0.00027713372	0.005378128	-2.563506e-16	-4.0124644e-16	2.1248291e-16	-6.52055e-18	0	-6.106651e-17
6.600099999993195e-10	-1.1548473e-09	-5.809374e-10	0.0002770982	0.005387481	-2.5635119e-16	-4.012305e-16	2.124744e-16	-6.528558e-18	0	-6.106651e-17
6.700099999993019e-10	-1.1290799e-09	-5.809374e-10	0.0002770631	0.0053966106	-2.5635182e-16	-4.0121473e-16	2.124659e-16	-6.536494e-18	0	-6.106651e-17
6.800099999992843e-10	-1.0939426e-09	-4.5912793e-10	0.0002770288	0.005405774	-2.5635243e-16	-4.0119906e-16	2.1245752e-16	-6.5443614e-18	0	-6.106651e-17
6.900099999992667e-10	-1.1021413e-09	-5.153477e-10	0.00027699486	0.0054147867	-2.5635307e-16	-4.011836e-16	2.124492e-16	-6.5521593e-18	0	-6.106651e-17
7.000099999992491e-10	-1.167731e-09	-5.9030736e-10	0.00027696	0.0054235556	-2.5635365e-16	-4.011682e-16	2.1244096e-16	-6.5598913e-18	0	-6.106651e-17
7.100099999992315e-10	-1.115025e-09	-4.4975798e-10	0.00027692705	0.005432591	-2.563542e-16	-4.0115292e-16	2.1243275e-16	-6.567558e-18	0	-6.106651e-17
7.200099999992138e-10	-9.715475e-10	-4.872378e-10	0.00027689486	0.0054415674	-2.563548e-16	-4.0113778e-16	2.1242464e-16	-6.5751627e-18	0	-6.106651e-17
7.300099999991962e-10	-1.034209e-09	-5.340876e-10	0.0002768652	0.005450359	-2.5635537e-16	-4.0112275e-16	2.1241659e-16	-6.582706e-18	0	-6.106651e-17
7.400099999991786e-10	-1.2953967e-09	-4.3101805e-10	0.00027683465	0.005459126	-2.563559e-16	-4.0110782e-16	2.1240861e-16	-6.5901885e-18	0	-6.106651e-17
7.50009999999161e-10	-1.2667012e-09	-5.059777e-10	0.00027680577	0.0054678866	-2.5635653e-16	-4.0109308e-16	2.1240066e-16	-6.5976124e-18	0	-6.106651e-17
7.600099999991434e-10	-1.1308368e-09	-5.6219746e-10	0.00027677644	0.005476621	-2.5635712e-16	-4.010784e-16	2.1239281e-16	-6.60498e-18	0	-6.10665e-17
7.700099999991258e-10	-1.1671454e-09	-3.747983e-10	0.00027674704	0.0054851146	-2.5635764e-16	-4.0106383e-16	2.1238498e-16	-6.61229e-18	0	-6.10665e-17
7.800099999991082e-10	-1.4523435e-09	-3.747983e-10	0.00027671855	0.0054934127	-2.5635823e-16	-4.0104937e-16	2.1237722e-16	-6.619546e-18	0	-6.10665e-17
7.900099999990906e-10	-1.2040396e-09	-4.872378e-10	0.00027669355	0.0055018985	-2.5635873e-16	-4.01035e-16	2.123695e-16	-6.6267486e-18	0	-6.10665e-17
8.00009999999073e-10	-1.1085831e-09	-5.809374e-10	0.00027666806	0.0055102645	-2.5635923e-16	-4.010207e-16	2.1236187e-16	-6.6338975e-18	0	-6.1066496e-17
8.100099999990553e-10	-8.175288e-10	-7.495966e-10	0.0002766425	0.0055184313	-2.5635982e-16	-4.010066e-16	2.1235428e-16	-6.640995e-18	0	-6.10665e-17
8.200099999990377e-10	-1.0634902e-09	-7.964464e-10	0.00027661605	0.0055266456	-2.5636037e-16	-4.0099254e-16	2.1234673e-16	-6.6480436e-18	0	-6.10665e-17
8.300099999990201e-10	-1.2596737e-09	-9.088859e-10	0.00027658854	0.0055347714	-2.563609e-16	-4.0097857e-16	2.1233924e-16	-6.6550427e-18	0	-6.10665e-17
8.400099999990025e-10	-1.3006672e-09	-8.8077606e-10	0.00027656375	0.005543016	-2.563614e-16	-4.0096472e-16	2.1233178e-16	-6.6619935e-18	0	-6.10665e-17
8.500099999989849e-10	-1.2087246e-09	-7.495966e-10	0.00027653796	0.005551145	-2.5636185e-16	-4.009509e-16	2.1232441e-16	-6.6688964e-18	0	-6.10665e-17
8.600099999989673e-10	-1.1478198e-09	-5.153477e-10	0.00027651503	0.0055592665	-2.5636238e-16	-4.009372e-16	2.1231707e-16	-6.675754e-18	0	-6.1066496e-17
8.700099999989497e-10	-1.378555e-09	-4.9660775e-10	0.00027649573	0.0055673807	-2.563629e-16	-4.0092362e-16	2.1230977e-16	-6.6825663e-18	0	-6.1066496e-17
8.800099999989321e-10	-1.4950939e-09	-5.6219746e-10	0.00027647268	0.005575318	-2.563634e-16	-4.009101e-16	2.1230253e-16	-6.689333e-18	0	-6.1066496e-17
8.900099999989144e-10	-1.4786965e-09	-6.5589706e-10	0.0002764482	0.0055831946	-2.5636387e-16	-4.008967e-16	2.1229531e-16	-6.696056e-18	0	-6.1066496e-17
9.000099999988968e-10	-1.339904e-09	-5.4345756e-10	0.0002764254	0.0055912393	-2.563644e-16	-4.0088333e-16	2.1228816e-16	-6.7027376e-18	0	-6.1066496e-17
9.100099999988792e-10	-1.2397625e-09	-5.528275e-10	0.00027640245	0.0055988603	-2.5636492e-16	-4.0087004e-16	2.1228103e-16	-6.709376e-18	0	-6.1066496e-17
9.200099999988616e-10	-1.4131067e-09	-6.65267e-10	0.0002763849	0.0056064036	-2.563654e-16	-4.0085689e-16	2.1227396e-16	-6.715974e-18	0	-6.1066496e-17
9.30009999998844e-10	-1.3645001e-09	-6.65267e-10	0.0002763645	0.005614036	-2.5636588e-16	-4.0084373e-16	2.1226695e-16	-6.722532e-18	0	-6.1066496e-17
9.400099999989161e-10	-1.2760711e-09	-5.9030736e-10	0.00027634553	0.0056216517	-2.563663e-16	-4.0083068e-16	2.1225993e-16	-6.729049e-18	0	-6.1066496e-17
9.50009999999002e-10	-1.387925e-09	-7.2148676e-10	0.00027632606	0.0056292173	-2.5636678e-16	-4.0081774e-16	2.12253e-16	-6.7355274e-18	0	-6.1066496e-17
9.600099999990877e-10	-1.4054937e-09	-7.7302154e-10	0.0002763045	0.0056368564	-2.5636728e-16	-4.008049e-16	2.1224609e-16	-6.7419683e-18	0	-6.1066496e-17
9.700099999991735e-10	-1.3492739e-09	-5.996773e-10	0.0002762852	0.0056445645	-2.5636773e-16	-4.007921e-16	2.1223923e-16	-6.748371e-18	0	-6.1066496e-17
9.800099999992593e-10	-1.2661155e-09	-5.059777e-10	0.00027626348	0.005652143	-2.5636815e-16	-4.007793e-16	2.1223239e-16	-6.7547366e-18	0	-6.106648e-17
9.90009999999345e-10	-1.2262933e-09	-5.6688243e-10	0.00027624125	0.005659657	-2.5636863e-16	-4.0076668e-16	2.1222559e-16	-6.7610654e-18	0	-6.1066496e-17
1.0000099999994308e-09	-1.194084e-09	-8.479812e-10	0.00027622216	0.0056670005	-2.5636908e-16	-4.0075408e-16	2.1221884e-16	-6.76736e-18	0	-6.106648e-17
1.0100099999995166e-09	-1.2075533e-09	-9.088859e-10	0.00027620507	0.0056743775	-2.5636953e-16	-4.0074156e-16	2.1221213e-16	-6.7736187e-18	0	-6.106648e-17
1.0200099999996024e-09	-1.3129654e-09	-7.8707646e-10	0.0002761903	0.0056816307	-2.5637e-16	-4.0072912e-16	2.1220543e-16	-6.7798424e-18	0	-6.106648e-17
1.0300099999996882e-09	-1.2631874e-09	-8.1987134e-10	0.00027617876	0.0056887954	-2.5637043e-16	-4.007167e-16	2.1219879e-16	-6.786034e-18	0	-6.106648e-17
1.040009999999774e-09	-1.260845e-09	-7.823915e-10	0.00027616232	0.0056960857	-2.563709e-16	-4.0070437e-16	2.1219218e-16	-6.7921905e-18	0	-6.106648e-17
1.0500099999998598e-09	-1.0582196e-09	-8.011314e-10	0.00027614605	0.0057032416	-2.5637133e-16	-4.006921e-16	2.1218558e-16	-6.798314e-18	0	-6.106648e-17
1.0600099999999456e-09	-1.1566041e-09	-6.7463696e-10	0.00027612867	0.0057102484	-2.563717e-16	-4.0067988e-16	2.1217909e-16	-6.804405e-18	0	-6.106648e-17
1.0700000000000313e-09	-1.2479613e-09	-7.2148676e-10	0.0002761079	0.0057173427	-2.5637215e-16	-4.006678e-16	2.1217256e-16	-6.81046e-18	0	-6.106648e-17
1.080000000000117e-09	-1.1202956e-09	-5.5517e-10	0.00027608793	0.0057244315	-2.563726e-16	-4.0065572e-16	2.1216608e-16	-6.8164885e-18	0	-6.106648e-17
1.0900000000002028e-09	-1.0997988e-09	-7.7302154e-10	0.0002760714	0.0057316558	-2.5637302e-16	-4.006437e-16	2.1215962e-16	-6.822486e-18	0	-6.1066476e-17
1.1000000000002886e-09	-1.1501623e-09	-8.081589e-10	0.0002760555	0.005738781	-2.5637345e-16	-4.0063173e-16	2.121532e-16	-6.8284525e-18	0	-6.1066476e-17
1.1100000000003744e-09	-1.2356632e-09	-8.760911e-10	0.0002760405	0.0057458067	-2.5637384e-16	-4.0061982e-16	2.1214685e-16	-6.8343912e-18	0	-6.106648e-17
1.1200000000004602e-09	-1.3967093e-09	-9.276258e-10	0.00027602547	0.0057527674	-2.563743e-16	-4.00608e-16	2.1214047e-16	-6.8402985e-18	0	-6.1066476e-17
1.130000000000546e-09	-1.4927514e-09	-8.034739e-10	0.0002760109	0.005759703	-2.5637474e-16	-4.0059627e-16	2.1213416e-16	-6.8461777e-18	0	-6.1066476e-17
1.1400000000006318e-09	-1.3697707e-09	-8.7023483e-10	0.0002759974	0.0057666046	-2.5637517e-16	-4.0058449e-16	2.1212786e-16	-6.8520284e-18	0	-6.1066476e-17
1.1500000000007175e-09	-1.3035953e-09	-7.84734e-10	0.0002759824	0.0057735685	-2.563755e-16	-4.005728e-16	2.1212161e-16	-6.85785e-18	0	-6.1066476e-17
1.1600000000008033e-09	-1.1390355e-09	-8.749198e-10	0.00027596657	0.005780406	-2.563759e-16	-4.0056117e-16	2.1211538e-16	-6.863645e-18	0	-6.1066476e-17
1.1700000000008891e-09	-1.0828157e-09	-1.0271817e-09	0.00027595495	0.0057871277	-2.5637633e-16	-4.005496e-16	2.1210916e-16	-6.8694107e-18	0	-6.1066476e-17
1.1800000000009749e-09	-1.2772424e-09	-1.0857438e-09	0.00027594183	0.005793873	-2.5637673e-16	-4.005381e-16	2.12103e-16	-6.8751518e-18	0	-6.1066476e-17
1.1900000000010607e-09	-1.3510308e-09	-9.440233e-10	0.00027593024	0.0058004432	-2.5637715e-16	-4.0052668e-16	2.1209684e-16	-6.8808647e-18	0	-6.1066476e-17
1.2000000000011465e-09	-1.4207199e-09	-7.8707646e-10	0.0002759152	0.0058071148	-2.5637755e-16	-4.0051527e-16	2.1209075e-16	-6.886552e-18	0	-6.106646e-17
1.2100000000012322e-09	-1.25616e-09	-6.465271e-10	0.00027589887	0.00581368	-2.5637795e-16	-4.0050386e-16	2.1208464e-16	-6.8922144e-18	0	-6.106646e-17
1.220000000001318e-09	-1.2544031e-09	-6.441846e-10	0.00027588638	0.005820366	-2.5637834e-16	-4.0049258e-16	2.1207857e-16	-6.8978488e-18	0	-6.106646e-17
1.2300000000014038e-09	-1.2186802e-09	-7.484254e-10	0.00027587335	0.005827171	-2.563787e-16	-4.0048128e-16	2.1207253e-16	-6.90346e-18	0	-6.106646e-17
1.2400000000014896e-09	-1.189399e-09	-8.304125e-10	0.00027586057	0.005833827	-2.5637909e-16	-4.004701e-16	2.1206654e-16	-6.909046e-18	0	-6.106646e-17
1.2500000000015754e-09	-1.3849969e-09	-6.6058203e-10	0.0002758452	0.0058403593	-2.563795e-16	-4.0045897e-16	2.1206053e-16	-6.914607e-18	0	-6.106646e-17
1.2600000000016612e-09	-1.450001e-09	-5.59855e-10	0.00027583205	0.0058469167	-2.5637985e-16	-4.004478e-16	2.1205458e-16	-6.920144e-18	0	-6.106647e-17
1.270000000001747e-09	-1.4060794e-09	-6.6058203e-10	0.0002758212	0.005853452	-2.5638025e-16	-4.0043676e-16	2.1204864e-16	-6.925658e-18	0	-6.106646e-17
1.2800000000018327e-09	-1.3264346e-09	-6.231022e-10	0.00027580935	0.005860011	-2.5638062e-16	-4.0042575e-16	2.1204273e-16	-6.9311478e-18	0	-6.106646e-17
1.2900000000019185e-09	-1.3117941e-09	-6.067048e-10	0.0002757986	0.0058664675	-2.56381e-16	-4.0041476e-16	2.1203684e-16	-6.9366138e-18	0	-6.106646e-17
1.3000000000020043e-09	-1.356887e-09	-4.9660775e-10	0.00027578772	0.0058728927	-2.5638144e-16	-4.0040388e-16	2.1203098e-16	-6.942059e-18	0	-6.106646e-17
1.3100000000020901e-09	-1.3481027e-09	-4.5444296e-10	0.0002757768	0.005879224	-2.5638173e-16	-4.0039295e-16	2.1202514e-16	-6.947478e-18	0	-6.106646e-17
1.3200000000021759e-09	-1.2192658e-09	-5.059777e-10	0.00027576543	0.0058857533	-2.563821e-16	-4.003821e-16	2.1201931e-16	-6.952878e-18	0	-6.106646e-17
1.3300000000022617e-09	-1.3645001e-09	-5.7156746e-10	0.0002757554	0.0058917687	-2.563825e-16	-4.0037132e-16	2.1201355e-16	-6.958255e-18	0	-6.106646e-17
1.3400000000023475e-09	-1.4388741e-09	-6.5589706e-10	0.00027574314	0.0058980547	-2.5638284e-16	-4.0036053e-16	2.1200777e-16	-6.96361e-18	0	-6.106646e-17
1.3500000000024332e-09	-1.7018186e-09	-6.3715716e-10	0.0002757312	0.005904232	-2.5638324e-16	-4.0034986e-16	2.1200202e-16	-6.968944e-18	0	-6.106646e-17
1.360000000002519e-09	-1.5577555e-09	-7.4022666e-10	0.00027571848	0.0059105325	-2.5638359e-16	-4.0033914e-16	2.1199628e-16	-6.974255e-18	0	-6.106646e-17
1.3700000000026048e-09	-1.5706392e-09	-8.432962e-10	0.0002757071	0.00591692	-2.5638393e-16	-4.0032852e-16	2.1199058e-16	-6.9795465e-18	0	-6.106646e-17
1.3800000000026906e-09	-1.3697707e-09	-6.980619e-10	0.00027569695	0.0059231417	-2.563843e-16	-4.0031794e-16	2.1198492e-16	-6.9848165e-18	0	-6.106646e-17
1.3900000000027764e-09	-1.4090075e-09	-5.387726e-10	0.0002756859	0.0059294174	-2.5638462e-16	-4.0030743e-16	2.1197927e-16	-6.9900674e-18	0	-6.106646e-17
1.4000000000028622e-09	-1.3639145e-09	-6.933769e-10	0.00027567442	0.0059355195	-2.5638501e-16	-4.0029687e-16	2.1197362e-16	-6.995296e-18	0	-6.106645e-17
1.410000000002948e-09	-1.4464873e-09	-5.9030736e-10	0.00027566246	0.0059418213	-2.5638533e-16	-4.002864e-16	2.1196801e-16	-7.000506e-18	0	-6.106645e-17
1.4200000000030337e-09	-1.5109057e-09	-6.184172e-10	0.00027565012	0.0059479624	-2.563857e-16	-4.0027595e-16	2.119624e-16	-7.005695e-18	0	-6.106645e-17
1.4300000000031195e-09	-1.4845527e-09	-7.589666e-10	0.00027564127	0.0059543373	-2.5638607e-16	-4.0026558e-16	2.1195684e-16	-7.010865e-18	0	-6.106645e-17
1.4400000000032053e-09	-1.5021214e-09	-6.840069e-10	0.00027563173	0.005960319	-2.563864e-16	-4.0025523e-16	2.1195127e-16	-7.016015e-18	0	-6.106645e-17
1.450000000003291e-09	-1.6245164e-09	-6.3715716e-10	0.0002756216	0.005966325	-2.5638676e-16	-4.002449e-16	2.1194579e-16	-7.021148e-18	0	-6.106645e-17
1.4600000000033769e-09	-1.6848356e-09	-6.840069e-10	0.0002756095	0.0059722983	-2.563871e-16	-4.0023463e-16	2.1194023e-16	-7.02626e-18	0	-6.106645e-17
1.4700000000034627e-09	-1.5612692e-09	-7.6833656e-10	0.00027559674	0.0059782006	-2.5638745e-16	-4.002244e-16	2.1193474e-16	-7.031355e-18	0	-6.106644e-17
1.4800000000035485e-09	-1.5565843e-09	-7.495966e-10	0.00027558638	0.005984045	-2.5638777e-16	-4.0021417e-16	2.1192927e-16	-7.03643e-18	0	-6.106645e-17
1.4900000000036342e-09	-1.7310997e-09	-7.495966e-10	0.00027557992	0.005990147	-2.563881e-16	-4.00204e-16	2.1192382e-16	-7.041487e-18	0	-6.106644e-17
1.50000000000372e-09	-1.7164592e-09	-5.340876e-10	0.00027557195	0.0059960843	-2.5638846e-16	-4.0019384e-16	2.1191839e-16	-7.046526e-18	0	-6.106644e-17
1.5100000000038058e-09	-1.7234867e-09	-7.4022666e-10	0.0002755635	0.0060019544	-2.5638883e-16	-4.0018379e-16	2.1191297e-16	-7.051548e-18	0	-6.106644e-17
1.5200000000038916e-09	-1.7433978e-09	-8.8077606e-10	0.00027555108	0.0060077873	-2.5638914e-16	-4.001737e-16	2.1190755e-16	-7.056552e-18	0	-6.106644e-17
1.5300000000039774e-09	-1.7176304e-09	-5.809374e-10	0.00027554177	0.0060138297	-2.5638946e-16	-4.0016367e-16	2.1190218e-16	-7.0615375e-18	0	-6.106644e-17
1.5400000000040632e-09	-1.7551103e-09	-5.7156746e-10	0.0002755324	0.0060196314	-2.5638983e-16	-4.0015372e-16	2.1189683e-16	-7.066506e-18	0	-6.106644e-17
1.550000000004149e-09	-1.5823517e-09	-5.9030736e-10	0.00027552372	0.006025475	-2.5639012e-16	-4.001437e-16	2.1189149e-16	-7.071457e-18	0	-6.106644e-17
1.5600000000042347e-09	-1.6046053e-09	-7.777065e-10	0.0002755138	0.0060314136	-2.5639047e-16	-4.0013379e-16	2.1188615e-16	-7.076392e-18	0	-6.106644e-17
1.5700000000043205e-09	-1.4324323e-09	-5.9030736e-10	0.00027550387	0.0060371915	-2.5639079e-16	-4.0012389e-16	2.1188086e-16	-7.0813104e-18	0	-6.1066437e-17
1.5800000000044063e-09	-1.5858653e-09	-6.5589706e-10	0.0002755006	0.006043033	-2.563911e-16	-4.0011399e-16	2.1187552e-16	-7.0862115e-18	0	-6.1066437e-17
1.590000000004492e-09	-1.6942056e-09	-7.2148676e-10	0.00027549535	0.0060488866	-2.5639142e-16	-4.001042e-16	2.1187028e-16	-7.091095e-18	0	-6.1066437e-17
1.6000000000045779e-09	-1.5917216e-09	-7.6833656e-10	0.0002754865	0.0060547125	-2.5639176e-16	-4.000944e-16	2.1186504e-16	-7.095964e-18	0	-6.106644e-17
1.6100000000046637e-09	-1.6514551e-09	-7.8707646e-10	0.0002754784	0.0060605574	-2.563921e-16	-4.0008463e-16	2.1185979e-16	-7.100818e-18	0	-6.106644e-17
1.6200000000047495e-09	-1.8095732e-09	-7.777065e-10	0.00027546924	0.0060661086	-2.5639245e-16	-4.000749e-16	2.1185455e-16	-7.1056535e-18	0	-6.1066437e-17
1.6300000000048352e-09	-1.9307969e-09	-1.0213254e-09	0.00027545955	0.006071776	-2.563928e-16	-4.000652e-16	2.1184935e-16	-7.1104735e-18	0	-6.1066437e-17
1.640000000004921e-09	-2.0186404e-09	-1.0588053e-09	0.00027544957	0.006077372	-2.563931e-16	-4.0005554e-16	2.1184417e-16	-7.11528e-18	0	-6.1066437e-17
1.6500000000050068e-09	-1.6069478e-09	-9.651057e-10	0.0002754408	0.0060830982	-2.5639338e-16	-4.0004588e-16	2.1183901e-16	-7.12007e-18	0	-6.1066437e-17
1.6600000000050926e-09	-1.9378243e-09	-8.245563e-10	0.00027543242	0.006088617	-2.563937e-16	-4.0003627e-16	2.1183383e-16	-7.124844e-18	0	-6.1066437e-17
1.6700000000051784e-09	-1.7527677e-09	-6.933769e-10	0.0002754251	0.006094252	-2.5639401e-16	-4.0002666e-16	2.1182869e-16	-7.129602e-18	0	-6.106643e-17
1.6800000000052642e-09	-1.4945083e-09	-9.088859e-10	0.00027541697	0.0060997913	-2.5639428e-16	-4.000171e-16	2.1182359e-16	-7.1343476e-18	0	-6.106643e-17
1.69000000000535e-09	-1.7726789e-09	-7.308567e-10	0.00027541135	0.0061053517	-2.5639468e-16	-4.000076e-16	2.1181848e-16	-7.1390766e-18	0	-6.106643e-17
1.7000000000054357e-09	-1.8043025e-09	-5.6219746e-10	0.00027540576	0.006110766	-2.5639497e-16	-3.9999813e-16	2.1181339e-16	-7.1437915e-18	0	-6.106643e-17
1.7100000000055215e-09	-1.8060594e-09	-6.840069e-10	0.00027540087	0.0061163595	-2.5639528e-16	-3.9998865e-16	2.1180829e-16	-7.1484915e-18	0	-6.106643e-17
1.7200000000056073e-09	-1.660825e-09	-7.964464e-10	0.00027539465	0.006122085	-2.5639558e-16	-3.9997923e-16	2.1180325e-16	-7.153177e-18	0	-6.106643e-17
1.730000000005693e-09	-1.5237894e-09	-8.432962e-10	0.0002753855	0.006127688	-2.563959e-16	-3.999698e-16	2.117982e-16	-7.157848e-18	0	-6.106643e-17
1.7400000000057789e-09	-1.5132482e-09	-7.2148676e-10	0.00027537384	0.0061331736	-2.5639618e-16	-3.999604e-16	2.1179316e-16	-7.162505e-18	0	-6.106643e-17
1.7500000000058647e-09	-1.541358e-09	-7.964464e-10	0.0002753612	0.00613876	-2.5639645e-16	-3.9995106e-16	2.1178815e-16	-7.1671494e-18	0	-6.106643e-17
1.7600000000059504e-09	-1.6567256e-09	-7.964464e-10	0.00027535323	0.006144281	-2.5639677e-16	-3.999417e-16	2.1178314e-16	-7.171777e-18	0	-6.106643e-17
1.7700000000060362e-09	-1.8218712e-09	-5.996773e-10	0.00027534697	0.006149762	-2.5639708e-16	-3.9993243e-16	2.1177813e-16	-7.176393e-18	0	-6.106642e-17
1.780000000006122e-09	-1.7685795e-09	-5.996773e-10	0.00027533856	0.00615521	-2.5639738e-16	-3.9992314e-16	2.1177319e-16	-7.180996e-18	0	-6.106642e-17
1.7900000000062078e-09	-1.5841085e-09	-5.528275e-10	0.00027533178	0.006160667	-2.563977e-16	-3.999139e-16	2.1176822e-16	-7.185582e-18	0	-6.106642e-17
1.8000000000062936e-09	-1.4125211e-09	-5.996773e-10	0.00027532724	0.006165917	-2.5639796e-16	-3.9990466e-16	2.1176329e-16	-7.1901575e-18	0	-6.106642e-17
1.8100000000063794e-09	-1.5975778e-09	-4.4038803e-10	0.00027532317	0.0061711795	-2.563983e-16	-3.9989553e-16	2.1175836e-16	-7.194719e-18	0	-6.106642e-17
1.8200000000064652e-09	-1.7369559e-09	-5.6219746e-10	0.0002753172	0.0061767246	-2.5639857e-16	-3.9988632e-16	2.1175345e-16	-7.199268e-18	0	-6.106642e-17
1.830000000006551e-09	-1.8423679e-09	-4.684979e-10	0.0002753071	0.0061819833	-2.5639883e-16	-3.998772e-16	2.1174855e-16	-7.2038035e-18	0	-6.106642e-17
1.8400000000066367e-09	-1.7920044e-09	-5.4345756e-10	0.00027530084	0.0061871107	-2.5639912e-16	-3.998681e-16	2.1174365e-16	-7.208326e-18	0	-6.106642e-17
1.8500000000067225e-09	-1.7469115e-09	-5.4345756e-10	0.00027529322	0.0061924327	-2.5639947e-16	-3.99859e-16	2.1173878e-16	-7.212835e-18	0	-6.106642e-17
1.8600000000068083e-09	-1.847053e-09	-6.3715716e-10	0.00027528673	0.006197546	-2.5639976e-16	-3.9984992e-16	2.1173391e-16	-7.217332e-18	0	-6.106642e-17
1.870000000006742e-09	-1.6684382e-09	-8.1518636e-10	0.00027528117	0.0062030237	-2.5640005e-16	-3.9984087e-16	2.1172905e-16	-7.221816e-18	0	-6.106642e-17
1.880000000006621e-09	-1.6590682e-09	-5.153477e-10	0.00027527218	0.006208311	-2.5640031e-16	-3.9983187e-16	2.1172421e-16	-7.2262895e-18	0	-6.106642e-17
1.8900000000065e-09	-1.6713663e-09	-5.340876e-10	0.00027526394	0.0062135477	-2.5640063e-16	-3.9982287e-16	2.1171942e-16	-7.230746e-18	0	-6.106642e-17
1.900000000006379e-09	-1.4177918e-09	-5.809374e-10	0.00027525637	0.006219028	-2.564009e-16	-3.9981392e-16	2.1171459e-16	-7.235194e-18	0	-6.106642e-17
1.910000000006258e-09	-1.2836843e-09	-7.6833656e-10	0.000275248	0.006224213	-2.5640116e-16	-3.9980492e-16	2.1170981e-16	-7.2396295e-18	0	-6.106641e-17
1.920000000006137e-09	-1.3943668e-09	-7.8707646e-10	0.0002752461	0.0062296777	-2.5640148e-16	-3.9979603e-16	2.1170503e-16	-7.2440516e-18	0	-6.106641e-17
1.930000000006016e-09	-1.5103201e-09	-7.777065e-10	0.00027524363	0.006234895	-2.5640177e-16	-3.9978716e-16	2.1170025e-16	-7.248464e-18	0	-6.106641e-17
1.940000000005895e-09	-1.4271617e-09	-7.964464e-10	0.00027524467	0.0062400913	-2.5640206e-16	-3.997783e-16	2.116955e-16	-7.252862e-18	0	-6.106641e-17
1.950000000005774e-09	-1.6461845e-09	-8.9951596e-10	0.00027524075	0.006245254	-2.5640238e-16	-3.9976948e-16	2.1169074e-16	-7.25725e-18	0	-6.106641e-17
1.960000000005653e-09	-1.7082604e-09	-8.7140606e-10	0.0002752311	0.006250334	-2.564027e-16	-3.9976067e-16	2.11686e-16	-7.261625e-18	0	-6.106641e-17
1.9700000000055318e-09	-1.7463259e-09	-8.7140606e-10	0.00027522526	0.0062555037	-2.564029e-16	-3.9975185e-16	2.116813e-16	-7.2659884e-18	0	-6.106641e-17
1.9800000000054108e-09	-1.8206999e-09	-6.7463696e-10	0.0002752179	0.0062606097	-2.564032e-16	-3.9974304e-16	2.1167658e-16	-7.270342e-18	0	-6.1066404e-17
1.9900000000052898e-09	-1.893317e-09	-6.933769e-10	0.00027520978	0.006265708	-2.5640346e-16	-3.997343e-16	2.1167188e-16	-7.274684e-18	0	-6.1066404e-17
2.0000000000051688e-09	-1.8148437e-09	-5.996773e-10	0.00027520137	0.0062707444	-2.5640376e-16	-3.9972552e-16	2.116672e-16	-7.279012e-18	0	-6.1066404e-17
2.0100000000050478e-09	-1.5999203e-09	-6.3715716e-10	0.00027519604	0.0062757083	-2.5640405e-16	-3.9971683e-16	2.1166254e-16	-7.283332e-18	0	-6.10664e-17
2.0200000000049267e-09	-1.6063622e-09	-5.340876e-10	0.000275192	0.006280812	-2.5640428e-16	-3.9970815e-16	2.1165789e-16	-7.28764e-18	0	-6.10664e-17
2.0300000000048057e-09	-1.6356433e-09	-5.996773e-10	0.0002751889	0.006285812	-2.5640455e-16	-3.9969947e-16	2.1165323e-16	-7.2919354e-18	0	-6.10664e-17
2.0400000000046847e-09	-1.6637531e-09	-6.3715716e-10	0.00027518277	0.0062907585	-2.5640487e-16	-3.9969081e-16	2.1164857e-16	-7.296221e-18	0	-6.10664e-17
2.0500000000045637e-09	-1.5015358e-09	-6.5589706e-10	0.00027517852	0.006295989	-2.5640518e-16	-3.9968224e-16	2.1164395e-16	-7.300495e-18	0	-6.10664e-17
2.0600000000044427e-09	-1.5319881e-09	-7.6833656e-10	0.0002751718	0.006300923	-2.564054e-16	-3.9967358e-16	2.1163933e-16	-7.304759e-18	0	-6.10664e-17
2.0700000000043217e-09	-1.6602394e-09	-5.6219746e-10	0.0002751627	0.0063061756	-2.5640566e-16	-3.99665e-16	2.1163473e-16	-7.3090126e-18	0	-6.10664e-17
2.0800000000042007e-09	-1.7264148e-09	-6.886919e-10	0.00027515643	0.006311104	-2.5640595e-16	-3.9965646e-16	2.1163016e-16	-7.313255e-18	0	-6.10664e-17
2.0900000000040797e-09	-1.7129455e-09	-6.886919e-10	0.0002751517	0.0063161277	-2.5640627e-16	-3.9964793e-16	2.1162557e-16	-7.317488e-18	0	-6.10664e-17
2.1000000000039587e-09	-1.7281716e-09	-6.980619e-10	0.00027514287	0.0063210633	-2.5640648e-16	-3.9963938e-16	2.11621e-16	-7.32171e-18	0	-6.10664e-17
2.1100000000038377e-09	-1.4757684e-09	-8.8077606e-10	0.00027513705	0.0063262335	-2.5640677e-16	-3.9963089e-16	2.1161645e-16	-7.325919e-18	0	-6.10664e-17
2.1200000000037166e-09	-1.4570285e-09	-6.7463696e-10	0.00027513117	0.006331102	-2.5640706e-16	-3.9962244e-16	2.116119e-16	-7.3301206e-18	0	-6.10664e-17
2.1300000000035956e-09	-1.6338864e-09	-3.560584e-10	0.00027513006	0.0063360515	-2.5640736e-16	-3.9961395e-16	2.1160736e-16	-7.334313e-18	0	-6.106639e-17
2.1400000000034746e-09	-1.581766e-09	-7.0274686e-10	0.00027512535	0.0063410467	-2.5640754e-16	-3.996055e-16	2.1160285e-16	-7.3384925e-18	0	-6.10664e-17
2.1500000000033536e-09	-1.4505867e-09	-8.1050133e-10	0.00027512223	0.0063459934	-2.5640783e-16	-3.995971e-16	2.115983e-16	-7.342662e-18	0	-6.10664e-17
2.1600000000032326e-09	-1.3902675e-09	-8.3861124e-10	0.00027511548	0.0063506956	-2.5640812e-16	-3.9958872e-16	2.1159382e-16	-7.346824e-18	0	-6.106639e-17
2.1700000000031116e-09	-1.4962651e-09	-7.6833656e-10	0.00027510678	0.006355767	-2.5640836e-16	-3.9958033e-16	2.1158933e-16	-7.350975e-18	0	-6.106639e-17
2.1800000000029906e-09	-1.5331594e-09	-8.011314e-10	0.00027509895	0.0063605937	-2.5640863e-16	-3.9957196e-16	2.1158485e-16	-7.3551155e-18	0	-6.106639e-17
2.1900000000028696e-09	-1.6256877e-09	-6.465271e-10	0.00027509424	0.006365472	-2.564089e-16	-3.9956363e-16	2.1158037e-16	-7.3592456e-18	0	-6.106639e-17
2.2000000000027486e-09	-1.4962651e-09	-9.463658e-10	0.00027509185	0.0063703475	-2.5640916e-16	-3.995553e-16	2.115759e-16	-7.363368e-18	0	-6.106639e-17
2.2100000000026276e-09	-1.8107443e-09	-8.94831e-10	0.0002750855	0.0063749067	-2.5640947e-16	-3.9954703e-16	2.1157145e-16	-7.36748e-18	0	-6.106639e-17
2.2200000000025065e-09	-1.5846942e-09	-1.0728601e-09	0.00027508344	0.0063796104	-2.5640966e-16	-3.9953872e-16	2.1156702e-16	-7.371582e-18	0	-6.106639e-17
2.2300000000023855e-09	-1.5249606e-09	-7.964464e-10	0.00027507896	0.006384472	-2.5640995e-16	-3.9953046e-16	2.115626e-16	-7.375675e-18	0	-6.106639e-17
2.2400000000022645e-09	-1.6766368e-09	-7.0743184e-10	0.00027507186	0.0063893474	-2.564102e-16	-3.995222e-16	2.1155816e-16	-7.379759e-18	0	-6.106639e-17
2.2500000000021435e-09	-1.7469115e-09	-7.777065e-10	0.00027506665	0.006394197	-2.5641048e-16	-3.9951402e-16	2.1155374e-16	-7.383832e-18	0	-6.106639e-17
2.2600000000020225e-09	-1.6256877e-09	-8.90146e-10	0.00027506208	0.0063989875	-2.564107e-16	-3.9950576e-16	2.1154934e-16	-7.387897e-18	0	-6.106639e-17
2.2700000000019015e-09	-1.7000618e-09	-1.1009701e-09	0.0002750562	0.006403859	-2.5641098e-16	-3.9949758e-16	2.1154497e-16	-7.391954e-18	0	-6.1066384e-17
2.2800000000017805e-09	-1.6567256e-09	-1.1571898e-09	0.00027505122	0.006408471	-2.5641125e-16	-3.994894e-16	2.1154058e-16	-7.395999e-18	0	-6.106639e-17
2.2900000000016595e-09	-1.780292e-09	-1.0588053e-09	0.000275049	0.00641349	-2.564115e-16	-3.994813e-16	2.115362e-16	-7.4000355e-18	0	-6.106638e-17
2.3000000000015385e-09	-1.5852798e-09	-9.557357e-10	0.0002750458	0.006418209	-2.5641172e-16	-3.9947313e-16	2.1153184e-16	-7.4040655e-18	0	-6.106638e-17
2.3100000000014175e-09	-1.6116327e-09	-1.0306954e-09	0.00027504208	0.0064230054	-2.56412e-16	-3.9946505e-16	2.1152747e-16	-7.408085e-18	0	-6.106638e-17
2.3200000000012965e-09	-1.7715077e-09	-1.1946696e-09	0.00027503693	0.0064277383	-2.5641228e-16	-3.9945693e-16	2.1152315e-16	-7.412096e-18	0	-6.106637e-17
2.3300000000011754e-09	-1.7996176e-09	-9.979005e-10	0.00027503088	0.0064325347	-2.5641252e-16	-3.9944888e-16	2.1151882e-16	-7.416097e-18	0	-6.106637e-17
2.3400000000010544e-09	-1.718216e-09	-7.964464e-10	0.00027502523	0.0064372793	-2.5641278e-16	-3.994408e-16	2.1151448e-16	-7.42009e-18	0	-6.106637e-17
2.3500000000009334e-09	-1.4289185e-09	-7.70679e-10	0.00027502244	0.0064420477	-2.5641302e-16	-3.9943273e-16	2.1151016e-16	-7.424075e-18	0	-6.106637e-17
2.3600000000008124e-09	-1.4950939e-09	-1.0517778e-09	0.00027501825	0.0064465124	-2.5641326e-16	-3.9942469e-16	2.1150586e-16	-7.42805e-18	0	-6.106637e-17
2.3700000000006914e-09	-1.6274445e-09	-9.580782e-10	0.00027500856	0.006451125	-2.5641352e-16	-3.994167e-16	2.1150155e-16	-7.432016e-18	0	-6.106637e-17
2.3800000000005704e-09	-1.5887935e-09	-7.964464e-10	0.0002750058	0.006455918	-2.564138e-16	-3.994087e-16	2.1149728e-16	-7.435975e-18	0	-6.106637e-17
2.3900000000004494e-09	-1.5243751e-09	-7.4491163e-10	0.00027500186	0.0064603165	-2.5641403e-16	-3.994007e-16	2.11493e-16	-7.439925e-18	0	-6.106637e-17
2.4000000000003284e-09	-1.612804e-09	-8.3158375e-10	0.00027499796	0.006464832	-2.5641426e-16	-3.9939274e-16	2.1148871e-16	-7.443867e-18	0	-6.106637e-17
2.4100000000002074e-09	-1.5249606e-09	-8.034739e-10	0.00027499752	0.0064694434	-2.5641453e-16	-3.993848e-16	2.1148445e-16	-7.447799e-18	0	-6.106637e-17
2.4200000000000864e-09	-1.7012329e-09	-7.2617173e-10	0.00027499528	0.0064741005	-2.5641477e-16	-3.9937686e-16	2.1148019e-16	-7.451725e-18	0	-6.106637e-17
2.4300099999999652e-09	-1.5969922e-09	-9.276258e-10	0.00027499258	0.006478641	-2.5641498e-16	-3.9936894e-16	2.1147595e-16	-7.455644e-18	0	-6.106637e-17
2.4400099999998442e-09	-1.3715276e-09	-8.878035e-10	0.00027498725	0.0064832196	-2.5641524e-16	-3.9936105e-16	2.1147171e-16	-7.459554e-18	0	-6.1066364e-17
2.450009999999723e-09	-1.4078362e-09	-1.0353803e-09	0.00027498492	0.00648788	-2.5641545e-16	-3.9935314e-16	2.114675e-16	-7.463454e-18	0	-6.1066364e-17
2.460009999999602e-09	-1.4892377e-09	-1.0986275e-09	0.00027497794	0.00649255	-2.5641575e-16	-3.9934533e-16	2.1146327e-16	-7.467346e-18	0	-6.1066364e-17
2.470009999999481e-09	-1.4406311e-09	-9.791606e-10	0.00027497523	0.0064972094	-2.5641596e-16	-3.9933747e-16	2.1145908e-16	-7.47123e-18	0	-6.1066364e-17
2.48000999999936e-09	-1.3867538e-09	-7.1914424e-10	0.00027496208	0.0065017734	-2.564162e-16	-3.9932966e-16	2.1145485e-16	-7.475107e-18	0	-6.1066364e-17
2.490009999999239e-09	-1.4927514e-09	-6.676095e-10	0.00027495908	0.006506352	-2.5641646e-16	-3.993218e-16	2.1145067e-16	-7.478974e-18	0	-6.106636e-17
2.500009999999118e-09	-1.4628847e-09	-6.980619e-10	0.00027495832	0.0065109767	-2.5641665e-16	-3.9931396e-16	2.114465e-16	-7.482834e-18	0	-6.106636e-17
2.510009999998997e-09	-1.5109057e-09	-8.5266616e-10	0.0002749596	0.006515567	-2.56417e-16	-3.9930623e-16	2.1144232e-16	-7.486687e-18	0	-6.106636e-17
2.520009999998876e-09	-1.5021214e-09	-7.566241e-10	0.00027495172	0.0065202047	-2.564172e-16	-3.9929845e-16	2.1143812e-16	-7.490532e-18	0	-6.106636e-17
2.530009999998755e-09	-1.4476585e-09	-6.9571937e-10	0.00027494645	0.006524682	-2.5641744e-16	-3.992907e-16	2.1143398e-16	-7.49437e-18	0	-6.106636e-17
2.540009999998634e-09	-1.3791407e-09	-8.1284385e-10	0.00027494007	0.006529286	-2.5641768e-16	-3.9928294e-16	2.1142981e-16	-7.498199e-18	0	-6.106636e-17
2.550009999998513e-09	-1.0834014e-09	-8.362687e-10	0.00027494162	0.0065336027	-2.564179e-16	-3.9927518e-16	2.1142568e-16	-7.50202e-18	0	-6.106636e-17
2.560009999998392e-09	-1.3838256e-09	-9.287971e-10	0.00027494266	0.0065381485	-2.5641813e-16	-3.992675e-16	2.1142158e-16	-7.505834e-18	0	-6.106636e-17
2.570009999998271e-09	-1.598749e-09	-1.0353803e-09	0.00027493807	0.0065425155	-2.5641842e-16	-3.9925986e-16	2.1141744e-16	-7.509642e-18	0	-6.106636e-17
2.58000999999815e-09	-1.3375615e-09	-9.990717e-10	0.0002749293	0.0065469164	-2.5641863e-16	-3.9925216e-16	2.1141331e-16	-7.513441e-18	0	-6.106636e-17
2.590009999998029e-09	-1.5536561e-09	-7.84734e-10	0.00027492226	0.0065513332	-2.5641887e-16	-3.9924448e-16	2.1140922e-16	-7.5172305e-18	0	-6.106636e-17
2.600009999997908e-09	-1.7873195e-09	-9.1239966e-10	0.00027491368	0.0065557384	-2.5641916e-16	-3.9923686e-16	2.1140509e-16	-7.5210165e-18	0	-6.106636e-17
2.610009999997787e-09	-1.6573113e-09	-9.651057e-10	0.00027490957	0.0065600825	-2.5641932e-16	-3.9922918e-16	2.1140101e-16	-7.524793e-18	0	-6.106636e-17
2.620009999997666e-09	-1.4541004e-09	-1.1372786e-09	0.00027490695	0.006564442	-2.564196e-16	-3.9922158e-16	2.1139694e-16	-7.528563e-18	0	-6.106636e-17
2.630009999997545e-09	-1.5232038e-09	-7.6599405e-10	0.00027490742	0.0065688696	-2.5641982e-16	-3.9921399e-16	2.1139283e-16	-7.532326e-18	0	-6.106636e-17
2.640009999997424e-09	-1.5173476e-09	-9.86188e-10	0.00027490532	0.006573386	-2.5642e-16	-3.992064e-16	2.1138876e-16	-7.53608e-18	0	-6.1066344e-17
2.650009999997303e-09	-1.3715276e-09	-1.0951138e-09	0.00027490495	0.0065778675	-2.5642027e-16	-3.991988e-16	2.113847e-16	-7.539827e-18	0	-6.1066344e-17
2.660009999997182e-09	-1.2327351e-09	-1.0037567e-09	0.0002749018	0.00658223	-2.564205e-16	-3.9919125e-16	2.1138063e-16	-7.543569e-18	0	-6.1066344e-17
2.670009999997061e-09	-1.3867538e-09	-1.004928e-09	0.0002748959	0.006586641	-2.5642075e-16	-3.991837e-16	2.1137658e-16	-7.547303e-18	0	-6.106636e-17
2.68000999999694e-09	-1.7152879e-09	-9.498795e-10	0.00027488964	0.006590923	-2.56421e-16	-3.9917616e-16	2.1137256e-16	-7.551029e-18	0	-6.1066344e-17
2.690009999996819e-09	-1.7410553e-09	-8.479812e-10	0.0002748799	0.0065953634	-2.5642125e-16	-3.991686e-16	2.1136852e-16	-7.554748e-18	0	-6.1066344e-17
2.700009999996698e-09	-1.2813417e-09	-8.760911e-10	0.00027487593	0.0065997783	-2.564214e-16	-3.9916115e-16	2.1136451e-16	-7.5584605e-18	0	-6.1066344e-17
2.710009999996577e-09	-1.4564429e-09	-9.955581e-10	0.000274873	0.0066043204	-2.5642168e-16	-3.9915366e-16	2.1136048e-16	-7.562166e-18	0	-6.1066344e-17
2.720009999996456e-09	-1.6075334e-09	-9.135709e-10	0.00027486822	0.006608519	-2.5642194e-16	-3.9914614e-16	2.1135645e-16	-7.565866e-18	0	-6.106634e-17
2.730009999996335e-09	-1.5811804e-09	-7.5428164e-10	0.00027486758	0.006612932	-2.5642213e-16	-3.9913868e-16	2.1135247e-16	-7.569558e-18	0	-6.106634e-17
2.740009999996214e-09	-1.3621576e-09	-9.088859e-10	0.00027486685	0.0066173235	-2.5642234e-16	-3.9913124e-16	2.1134846e-16	-7.573243e-18	0	-6.1066344e-17
2.750009999996093e-09	-1.3410753e-09	-9.2294083e-10	0.0002748682	0.006621635	-2.5642255e-16	-3.9912378e-16	2.1134447e-16	-7.5769215e-18	0	-6.1066344e-17
2.760009999995972e-09	-1.423648e-09	-1.0634902e-09	0.0002748675	0.006625889	-2.5642281e-16	-3.9911637e-16	2.1134049e-16	-7.580593e-18	0	-6.106634e-17
2.770009999995851e-09	-1.5155907e-09	-7.4491163e-10	0.00027486577	0.0066301976	-2.5642303e-16	-3.9910895e-16	2.1133653e-16	-7.584258e-18	0	-6.106634e-17
2.78000999999573e-09	-1.4418022e-09	-6.676095e-10	0.00027486501	0.006634414	-2.5642326e-16	-3.9910157e-16	2.1133255e-16	-7.5879155e-18	0	-6.106634e-17
2.790009999995609e-09	-1.2538175e-09	-8.3861124e-10	0.00027485815	0.0066387476	-2.564235e-16	-3.9909418e-16	2.1132858e-16	-7.591569e-18	0	-6.1066344e-17
2.800009999995488e-09	-1.2315639e-09	-8.9248847e-10	0.0002748509	0.006642964	-2.5642371e-16	-3.9908683e-16	2.1132464e-16	-7.595212e-18	0	-6.106634e-17
2.810009999995367e-09	-1.3767982e-09	-8.8546104e-10	0.0002748435	0.0066472646	-2.5642395e-16	-3.9907941e-16	2.113207e-16	-7.598852e-18	0	-6.106634e-17
2.820009999995246e-09	-1.7808777e-09	-8.760911e-10	0.0002748351	0.0066514355	-2.5642416e-16	-3.9907206e-16	2.1131675e-16	-7.602484e-18	0	-6.106634e-17
2.830009999995125e-09	-1.68425e-09	-1.0166404e-09	0.00027483157	0.006655556	-2.5642438e-16	-3.9906472e-16	2.113128e-16	-7.606109e-18	0	-6.106634e-17
2.840009999995004e-09	-1.4113499e-09	-9.159134e-10	0.00027483227	0.006659816	-2.564246e-16	-3.9905742e-16	2.1130889e-16	-7.6097275e-18	0	-6.106634e-17
2.850009999994883e-09	-1.1759297e-09	-9.90873e-10	0.0002748328	0.006664111	-2.5642483e-16	-3.990501e-16	2.11305e-16	-7.613341e-18	0	-6.106633e-17
2.860009999994762e-09	-1.3791407e-09	-9.088859e-10	0.0002748321	0.0066684443	-2.5642506e-16	-3.9904286e-16	2.1130104e-16	-7.616948e-18	0	-6.106633e-17
2.870009999994641e-09	-1.3650857e-09	-7.121168e-10	0.00027482762	0.0066724787	-2.5642528e-16	-3.9903553e-16	2.1129715e-16	-7.620547e-18	0	-6.106633e-17
2.8800099999945198e-09	-1.3580582e-09	-6.6058203e-10	0.00027482453	0.0066766017	-2.5642554e-16	-3.9902833e-16	2.1129324e-16	-7.624142e-18	0	-6.106633e-17
2.8900099999943988e-09	-1.5068063e-09	-7.964464e-10	0.00027481822	0.0066808113	-2.5642578e-16	-3.9902102e-16	2.1128936e-16	-7.627729e-18	0	-6.106633e-17
2.9000099999942778e-09	-1.428333e-09	-6.1607475e-10	0.0002748193	0.0066851065	-2.5642596e-16	-3.990138e-16	2.1128546e-16	-7.631311e-18	0	-6.106633e-17
2.9100099999941568e-09	-1.2842698e-09	-7.777065e-10	0.00027481833	0.006689363	-2.5642615e-16	-3.9900654e-16	2.112816e-16	-7.634887e-18	0	-6.106633e-17
2.9200099999940357e-09	-1.4652272e-09	-7.964464e-10	0.00027481225	0.0066936417	-2.5642644e-16	-3.9899934e-16	2.112777e-16	-7.6384554e-18	0	-6.1066324e-17
2.9300099999939147e-09	-1.5454574e-09	-9.369958e-10	0.00027480786	0.006697787	-2.5642663e-16	-3.9899212e-16	2.1127385e-16	-7.642019e-18	0	-6.1066324e-17
2.9400099999937937e-09	-1.2573312e-09	-8.667211e-10	0.00027480483	0.0067021083	-2.5642684e-16	-3.9898492e-16	2.1126999e-16	-7.645576e-18	0	-6.1066324e-17
2.9500099999936727e-09	-1.3481027e-09	-8.7140606e-10	0.00027480058	0.0067063207	-2.5642705e-16	-3.9897772e-16	2.1126614e-16	-7.649125e-18	0	-6.1066324e-17
2.9600099999935517e-09	-1.4693265e-09	-9.885306e-10	0.00027479863	0.006710413	-2.5642726e-16	-3.9897054e-16	2.1126229e-16	-7.652671e-18	0	-6.1066324e-17
2.9700099999934307e-09	-1.3838256e-09	-1.0260104e-09	0.00027479284	0.006714593	-2.5642747e-16	-3.9896334e-16	2.1125846e-16	-7.65621e-18	0	-6.1066324e-17
2.9800099999933097e-09	-1.3943668e-09	-1.0119554e-09	0.00027479042	0.006718714	-2.5642766e-16	-3.9895628e-16	2.1125462e-16	-7.659743e-18	0	-6.1066324e-17
2.9900099999931887e-09	-1.3931957e-09	-1.11971e-09	0.00027478827	0.0067227134	-2.5642792e-16	-3.9894913e-16	2.1125078e-16	-7.66327e-18	0	-6.1066324e-17
3.0000099999930677e-09	-1.4658128e-09	-1.0400654e-09	0.0002747861	0.0067269257	-2.5642816e-16	-3.9894196e-16	2.1124697e-16	-7.666792e-18	0	-6.1066324e-17
