# t (s)	mx ()	my ()	mz ()	spinAngle (rad)	E_total (J)	E_anis (J)	E_demag (J)	E_exch (J)	E_therm (J)	E_custom (J)
0	0	0	0	0.0015184365	5.742191e-17	-5.02704e-16	6.294514e-16	6.080001e-18	0	-7.54056e-17
1.0000000000000124e-11	8.3471924e-11	1.8970892e-10	0.00039473374	0.0038308082	5.1874852e-17	-4.9957315e-16	6.259043e-16	7.376347e-19	0	-7.5193973e-17
2.0009999999999403e-11	2.617983e-10	5.31185e-10	0.0012353272	0.0050195833	5.0806247e-17	-4.966375e-16	6.223614e-16	4.403456e-20	0	-7.4961595e-17
3.000999999999824e-11	1.7548075e-10	9.56133e-10	0.0024845551	0.0061239693	5.0141697e-17	-4.931023e-16	6.1809434e-16	-1.2969148e-19	0	-7.472064e-17
4.000000000000001e-11	4.932432e-11	1.2141371e-09	0.0040254113	0.0072908727	4.955678e-17	-4.886453e-16	6.126698e-16	-1.5071885e-19	0	-7.431702e-17
5.0000000000001785e-11	-5.31185e-10	1.3734925e-09	0.0058472455	0.008583842	4.9080712e-17	-4.830531e-16	6.0584397e-16	6.5772594e-20	0	-7.37759e-17
6.00000000000024e-11	-1.4493762e-09	1.1382535e-09	0.007932343	0.010022589	4.860825e-17	-4.763026e-16	5.9757857e-16	4.649125e-19	0	-7.3132606e-17
7.000999999999771e-11	-2.4700102e-09	5.1600824e-10	0.010232549	0.011611864	4.810788e-17	-4.6843283e-16	5.8791466e-16	1.0445623e-18	0	-7.2418604e-17
8.000999999999302e-11	-3.6348229e-09	-4.704781e-10	0.0126504665	0.013360137	4.7561228e-17	-4.5958446e-16	5.7701303e-16	1.8002258e-18	0	-7.1667583e-17
9.000999999998834e-11	-4.258965e-09	-1.4569644e-09	0.015063951	0.015287326	4.695312e-17	-4.4996894e-16	5.6511603e-16	2.7239872e-18	0	-7.0917946e-17
1.0000999999998365e-10	-5.2663194e-09	-2.4586275e-09	0.017344961	0.01740295	4.6271693e-17	-4.3990164e-16	5.52594e-16	3.79863e-18	0	-7.0219435e-17
1.1000999999997896e-10	-5.3953215e-09	-3.126403e-09	0.019406797	0.019699376	4.5506954e-17	-4.297515e-16	5.398904e-16	4.9972537e-18	0	-6.962921e-17
1.2000999999997891e-10	-5.281496e-09	-3.0960496e-09	0.021250334	0.022142509	4.4650253e-17	-4.198456e-16	5.2741115e-16	6.285136e-18	0	-6.920046e-17
1.3000999999998715e-10	-4.24948e-09	-2.6103948e-09	0.022993777	0.024682641	4.3691448e-17	-4.103515e-16	5.153829e-16	7.624858e-18	0	-6.896484e-17
1.400099999999954e-10	-2.8228686e-09	-1.2444905e-09	0.024872893	0.02723867	4.261645e-17	-4.0120565e-16	5.0375776e-16	8.981852e-18	0	-6.891751e-17
1.5000000000000362e-10	-1.3355508e-09	8.4989593e-10	0.027210005	0.029711707	4.1406385e-17	-3.9215031e-16	4.9224684e-16	1.0323175e-17	0	-6.90133e-17
1.6000000000001186e-10	8.1954254e-10	2.853222e-09	0.030376652	0.03203093	4.0031783e-17	-3.8281514e-16	4.8041157e-16	1.1613956e-17	0	-6.917862e-17
1.700000000000201e-10	3.4299372e-09	4.3708934e-09	0.034710087	0.03414691	3.8455584e-17	-3.7288672e-16	4.678724e-16	1.2796913e-17	0	-6.932702e-17
1.8000000000002833e-10	6.37422e-09	5.129729e-09	0.04039128	0.03601864	3.661767e-17	-3.6205272e-16	4.542378e-16	1.3796184e-17	0	-6.936358e-17
1.9000000000003657e-10	9.713097e-09	4.3708934e-09	0.047201943	0.03768173	3.442e-17	-3.498079e-16	4.38864e-16	1.4535492e-17	0	-6.9171576e-17
2.000000000000448e-10	1.2566319e-08	3.1567564e-09	0.05426426	0.039256137	3.1734672e-17	-3.3539942e-16	4.2079133e-16	1.4965783e-17	0	-6.862301e-17
2.1000000000005304e-10	1.390187e-08	2.4112004e-09	0.06018187	0.040791374	2.849115e-17	-3.1855099e-16	3.996481e-16	1.507251e-17	0	-6.7678455e-17
2.2000000000006128e-10	1.3659042e-08	4.7351345e-09	0.06387941	0.042063866	2.4794671e-17	-3.0032292e-16	3.767277e-16	1.4887651e-17	0	-6.6497764e-17
2.3000000000006952e-10	1.0320165e-08	1.1048647e-08	0.06531168	0.04275658	2.0873198e-17	-2.822004e-16	3.538886e-16	1.4559426e-17	0	-6.5374387e-17
2.4000000000005925e-10	3.6727645e-09	1.9972555e-08	0.065157205	0.042725444	1.6895647e-17	-2.6485466e-16	3.3201407e-16	1.4343365e-17	0	-6.460706e-17
2.5000000000004163e-10	-6.101039e-09	2.941247e-08	0.06422569	0.042265452	1.28277896e-17	-2.4888806e-16	3.1187743e-16	1.4265145e-17	0	-6.442672e-17
2.60000000000024e-10	-1.8758417e-08	3.7638248e-08	0.06280301	0.041737713	8.9582155e-18	-2.346788e-16	2.9391932e-16	1.4575806e-17	0	-6.485811e-17
2.700000000000064e-10	-3.205322e-08	4.2282323e-08	0.061248682	0.041243367	5.1620955e-18	-2.222667e-16	2.781745e-16	1.4919564e-17	0	-6.5665276e-17
2.800099999999888e-10	-4.419459e-08	4.355717e-08	0.059722118	0.040361024	1.3638277e-18	-2.1100157e-16	2.6383856e-16	1.4973822e-17	0	-6.644697e-17
2.9000999999997117e-10	-5.1145523e-08	4.0840536e-08	0.058166556	0.03903835	-2.501761e-18	-2.0008461e-16	2.4996713e-16	1.444974e-17	0	-6.6833997e-17
3.0000999999995355e-10	-5.0690222e-08	3.703877e-08	0.056390822	0.0374311	-6.503509e-18	-1.8884109e-16	2.3578446e-16	1.3205936e-17	0	-6.6652765e-17
3.1000999999993594e-10	-4.1402075e-08	3.2546463e-08	0.054147888	0.035770044	-1.0675776e-17	-1.765825e-16	2.2046433e-16	1.14046625e-17	0	-6.5962294e-17
3.2000999999991833e-10	-2.4555922e-08	3.0092576e-08	0.05117845	0.034156077	-1.4975347e-17	-1.6238162e-16	2.028425e-16	9.551145e-18	0	-6.4987405e-17
3.300099999999007e-10	-3.9307686e-09	3.0590563e-08	0.04734489	0.032819398	-1.9262542e-17	-1.4549186e-16	1.8197862e-16	8.243941e-18	0	-6.399327e-17
3.400099999998831e-10	1.9175777e-08	3.6238198e-08	0.042797983	0.031800173	-2.3352697e-17	-1.2626339e-16	1.5831117e-16	7.765573e-18	0	-6.316607e-17
3.500099999998655e-10	4.0802593e-08	4.7128438e-08	0.037908383	0.031115951	-2.7113892e-17	-1.0612977e-16	1.3360244e-16	7.9560845e-18	0	-6.2542656e-17
3.600099999998479e-10	6.066891e-08	6.129305e-08	0.033040736	0.030544277	-3.0537963e-17	-8.66218e-17	1.0967534e-16	8.494003e-18	0	-6.208551e-17
3.7000999999983027e-10	7.8577436e-08	7.779204e-08	0.028624585	0.030057155	-3.3724203e-17	-6.932495e-17	8.836738e-17	9.156009e-18	0	-6.192264e-17
3.8000999999981266e-10	9.7681124e-08	9.3943854e-08	0.025503417	0.029407758	-3.681747e-17	-5.578233e-17	7.151273e-17	9.878137e-18	0	-6.2426004e-17
3.9000999999979505e-10	1.2172293e-07	1.0866527e-07	0.024889333	0.02872171	-3.9951225e-17	-4.6607012e-17	5.987918e-17	1.0659006e-17	0	-6.3882404e-17
4.0000999999977743e-10	1.5062034e-07	1.1842389e-07	0.027613	0.028145192	-4.32135e-17	-4.1088476e-17	5.260302e-17	1.13330916e-17	0	-6.606114e-17
4.100099999997598e-10	1.7732093e-07	1.1989603e-07	0.033206344	0.027707571	-4.665515e-17	-3.80397e-17	4.8222363e-17	1.14709685e-17	0	-6.830878e-17
4.200099999997422e-10	1.9330959e-07	1.1129084e-07	0.03960501	0.027102185	-5.0204245e-17	-3.7131886e-17	4.649281e-17	1.0585769e-17	0	-7.015094e-17
4.300099999997246e-10	1.9465652e-07	9.338232e-08	0.044448353	0.02613611	-5.3673993e-17	-3.7876792e-17	4.6976027e-17	8.641744e-18	0	-7.1414976e-17
4.40009999999707e-10	1.8448813e-07	6.40002e-08	0.04647145	0.02494041	-5.693334e-17	-3.8251406e-17	4.7211734e-17	6.298122e-18	0	-7.2191784e-17
4.5000999999968937e-10	1.6451557e-07	2.4176504e-08	0.045239825	0.023720983	-5.985174e-17	-3.702552e-17	4.566365e-17	4.118928e-18	0	-7.26088e-17
4.6000999999967176e-10	1.3859375e-07	-2.0431651e-08	0.041201975	0.022513805	-6.2362205e-17	-3.4639257e-17	4.27417e-17	2.2530322e-18	0	-7.271768e-17
4.700099999996541e-10	1.13218285e-07	-5.6620525e-08	0.035339337	0.021331921	-6.445042e-17	-3.1891336e-17	3.9377615e-17	7.9051304e-19	0	-7.2727215e-17
4.800099999996365e-10	9.7707684e-08	-7.518544e-08	0.028613424	0.020372251	-6.612187e-17	-2.9657846e-17	3.6661174e-17	-2.9533116e-19	0	-7.2829865e-17
4.900099999996189e-10	9.807192e-08	-7.315176e-08	0.021824136	0.019454956	-6.743513e-17	-2.840667e-17	3.517507e-17	-1.1320638e-18	0	-7.3071474e-17
5.000099999996013e-10	1.1837837e-07	-5.443887e-08	0.015566472	0.018498087	-6.848736e-17	-2.7967155e-17	3.4695333e-17	-1.8065474e-18	0	-7.3408984e-17
5.100099999995837e-10	1.5856631e-07	-2.6741368e-08	0.010198211	0.017538885	-6.9369775e-17	-2.7794446e-17	3.4525377e-17	-2.3349586e-18	0	-7.376575e-17
5.200099999995661e-10	2.126561e-07	-1.9729727e-09	0.005847937	0.016636118	-7.014082e-17	-2.7294487e-17	3.391826e-17	-2.7021947e-18	0	-7.40624e-17
5.300099999995485e-10	2.7102575e-07	9.576506e-09	0.0024665296	0.015842797	-7.082508e-17	-2.6092886e-17	3.2417575e-17	-2.898475e-18	0	-7.4251285e-17
5.400099999995309e-10	3.2217127e-07	-4.826195e-09	-9.105648e-05	0.015215434	-7.142731e-17	-2.4172653e-17	3.001774e-17	-2.9354704e-18	0	-7.433693e-17
5.500099999995133e-10	3.551958e-07	-5.4104984e-08	-0.0019867346	0.01475221	-7.194817e-17	-2.1800653e-17	2.7061885e-17	-2.8449438e-18	0	-7.436445e-17
5.600099999994956e-10	3.563796e-07	-1.4091579e-07	-0.003352402	0.01442353	-7.239239e-17	-1.9333287e-17	2.3998061e-17	-2.6692475e-18	0	-7.4387916e-17
5.70009999999478e-10	3.1990993e-07	-2.5709352e-07	-0.004280557	0.014182011	-7.276959e-17	-1.7057406e-17	2.118294e-17	-2.4525409e-18	0	-7.444258e-17
5.800099999994604e-10	2.4322202e-07	-3.884935e-07	-0.0048374142	0.013992974	-7.3091664e-17	-1.5129851e-17	1.8808494e-17	-2.2353865e-18	0	-7.453492e-17
5.900099999994428e-10	1.338586e-07	-5.1587165e-07	-0.005079508	0.013827372	-7.337049e-17	-1.35879445e-17	1.6916806e-17	-2.0502732e-18	0	-7.464907e-17
6.000099999994252e-10	3.2933467e-09	-6.187546e-07	-0.0050634025	0.013668673	-7.3616196e-17	-1.2390255e-17	1.5452543e-17	-1.9172413e-18	0	-7.476124e-17
6.100099999994076e-10	-1.2935112e-07	-6.7712426e-07	-0.004848451	0.013512304	-7.383624e-17	-1.1465352e-17	1.4324588e-17	-1.8428298e-18	0	-7.4852646e-17
6.2000999999939e-10	-2.4890568e-07	-6.7782236e-07	-0.0044952407	0.013356682	-7.403557e-17	-1.0750306e-17	1.3453802e-17	-1.823344e-18	0	-7.491572e-17
6.300099999993724e-10	-3.4083104e-07	-6.139284e-07	-0.004061519	0.013197643	-7.4217576e-17	-1.0204863e-17	1.2789992e-17	-1.848968e-18	0	-7.4953734e-17
6.400099999993547e-10	-3.9751228e-07	-4.8538163e-07	-0.0035973624	0.013024827	-7.438496e-17	-9.804208e-18	1.2302659e-17	-1.9061178e-18	0	-7.497728e-17
6.500099999993371e-10	-4.167715e-07	-3.0581077e-07	-0.0031410723	0.012841532	-7.4539455e-17	-9.525911e-18	1.19649045e-17	-1.9793967e-18	0	-7.4999057e-17
6.600099999993195e-10	-4.038514e-07	-9.6129305e-08	-0.0027172768	0.012659198	-7.468177e-17	-9.34233e-18	1.1743785e-17	-2.0549336e-18	0	-7.502829e-17
6.700099999993019e-10	-3.651574e-07	1.1834801e-07	-0.0023370048	0.012485438	-7.481184e-17	-9.218964e-18	1.1597909e-17	-2.1234593e-18	0	-7.506733e-17
6.800099999992843e-10	-3.0866116e-07	3.1221535e-07	-0.0020010367	0.012318315	-7.4929726e-17	-9.118233e-18	1.1481717e-17	-2.1806479e-18	0	-7.5112566e-17
6.900099999992667e-10	-2.4199176e-07	4.614935e-07	-0.001705219	0.012157506	-7.5035724e-17	-9.007315e-18	1.13549035e-17	-2.2252325e-18	0	-7.515808e-17
7.000099999992491e-10	-1.7392988e-07	5.545723e-07	-0.0014449818	0.012001204	-7.513021e-17	-8.865983e-18	1.1191947e-17	-2.2571739e-18	0	-7.5198996e-17
7.100099999992315e-10	-1.0964891e-07	5.8932693e-07	-0.0012173658	0.011852439	-7.5213396e-17	-8.690058e-18	1.09864905e-17	-2.277073e-18	0	-7.523276e-17
7.200099999992138e-10	-5.570518e-08	5.703409e-07	-0.0010210793	0.01171543	-7.528564e-17	-8.488402e-18	1.074798e-17	-2.2861965e-18	0	-7.5259016e-17
7.300099999991962e-10	-1.36239455e-08	5.0688703e-07	-0.0008559444	0.011593696	-7.534757e-17	-8.275785e-18	1.04932964e-17	-2.2862739e-18	0	-7.527881e-17
7.400099999991786e-10	1.7039655e-08	4.1373238e-07	-0.00072206033	0.011488967	-7.540016e-17	-8.0662675e-18	1.0238925e-17	-2.2791442e-18	0	-7.529367e-17
7.50009999999161e-10	3.6710574e-08	3.05659e-07	-0.0006186929	0.011402446	-7.544449e-17	-7.870335e-18	9.997615e-18	-2.2667048e-18	0	-7.530506e-17
7.600099999991434e-10	4.7324786e-08	1.9430746e-07	-0.0005434589	0.011335633	-7.5481634e-17	-7.695274e-18	9.778807e-18	-2.2511354e-18	0	-7.531403e-17
7.700099999991258e-10	4.90758e-08	9.197088e-08	-0.00049200567	0.01128669	-7.551261e-17	-7.546279e-18	9.589813e-18	-2.2349459e-18	0	-7.5321194e-17
7.800099999991082e-10	4.518487e-08	6.958523e-09	-0.0004585559	0.011251119	-7.553833e-17	-7.426668e-18	9.43582e-18	-2.220645e-18	0	-7.532684e-17
7.900099999990906e-10	3.88448e-08	-5.4803113e-08	-0.000436803	0.011225058	-7.555969e-17	-7.337506e-18	9.319182e-18	-2.2102223e-18	0	-7.533115e-17
8.00009999999073e-10	3.1559974e-08	-9.277525e-08	-0.00042086787	0.011205919	-7.557748e-17	-7.277448e-18	9.239063e-18	-2.204785e-18	0	-7.533431e-17
8.100099999990553e-10	2.2309768e-08	-1.0861215e-07	-0.00040568557	0.011191677	-7.559234e-17	-7.2429845e-18	9.191688e-18	-2.2044765e-18	0	-7.5336566e-17
8.200099999990377e-10	1.4140903e-08	-1.05622334e-07	-0.00038721942	0.0111807315	-7.560486e-17	-7.22908e-18	9.171146e-18	-2.2086554e-18	0	-7.533827e-17
8.300099999990201e-10	8.423076e-09	-8.627961e-08	-0.00036245008	0.011171631	-7.5615465e-17	-7.229914e-18	9.170355e-18	-2.2161763e-18	0	-7.5339736e-17
8.400099999990025e-10	5.2245834e-09	-5.795987e-08	-0.00032928676	0.011164179	-7.5624504e-17	-7.2395956e-18	9.181983e-18	-2.2256932e-18	0	-7.53412e-17
8.500099999989849e-10	2.7982066e-09	-2.4874634e-08	-0.00028649616	0.01115792	-7.563224e-17	-7.25274e-18	9.199211e-18	-2.2359044e-18	0	-7.5342806e-17
8.600099999989673e-10	1.6751297e-09	8.013305e-09	-0.00023360773	0.011152506	-7.563889e-17	-7.26492e-18	9.216318e-18	-2.245713e-18	0	-7.534457e-17
8.700099999989497e-10	2.6350568e-09	3.7881076e-08	-0.00017079055	0.011147573	-7.564462e-17	-7.272876e-18	9.229003e-18	-2.2543046e-18	0	-7.5346446e-17
8.800099999989321e-10	4.024675e-09	6.072962e-08	-9.872514e-05	0.011142955	-7.56496e-17	-7.2746325e-18	9.2345385e-18	-2.2611582e-18	0	-7.5348345e-17
8.900099999989144e-10	7.2051445e-09	7.687005e-08	-1.8509661e-05	0.011138545	-7.5653945e-17	-7.269428e-18	9.231736e-18	-2.2660317e-18	0	-7.535021e-17
9.000099999988968e-10	9.903754e-09	8.468606e-08	6.851757e-05	0.011134403	-7.5657744e-17	-7.257562e-18	9.2207535e-18	-2.268921e-18	0	-7.535202e-17
9.100099999988792e-10	1.2471464e-08	8.3593335e-08	0.0001608241	0.011130678	-7.5661086e-17	-7.240165e-18	9.202821e-18	-2.2700169e-18	0	-7.5353725e-17
9.200099999988616e-10	1.5024947e-08	7.630093e-08	0.00025680815	0.011127461	-7.566403e-17	-7.218898e-18	9.1798734e-18	-2.2696527e-18	0	-7.5355346e-17
9.30009999998844e-10	1.6918241e-08	6.349937e-08	0.00035483963	0.011124937	-7.5666605e-17	-7.195669e-18	9.154185e-18	-2.2682508e-18	0	-7.5356875e-17
9.400099999989161e-10	1.8139966e-08	4.7199578e-08	0.00045337767	0.0111232735	-7.566887e-17	-7.172355e-18	9.12804e-18	-2.2662598e-18	0	-7.535829e-17
9.50009999999002e-10	1.8640797e-08	3.0080248e-08	0.0005510143	0.0111226095	-7.567083e-17	-7.150589e-18	9.103445e-18	-2.264103e-18	0	-7.535958e-17
9.600099999990877e-10	1.7106053e-08	1.4721412e-08	0.00064653164	0.011122916	-7.567255e-17	-7.1316195e-18	9.081963e-18	-2.262133e-18	0	-7.536075e-17
9.700099999991735e-10	1.6747503e-08	1.2369021e-09	0.00073892984	0.011123965	-7.5674036e-17	-7.1162075e-18	9.064578e-18	-2.2606036e-18	0	-7.5361805e-17
9.800099999992593e-10	1.4412186e-08	-8.787317e-09	0.0008274143	0.011125469	-7.5675346e-17	-7.10463e-18	9.051678e-18	-2.2596562e-18	0	-7.536274e-17
9.90009999999345e-10	1.1528611e-08	-1.5275361e-08	0.0009114595	0.011127156	-7.567651e-17	-7.09671e-18	9.043108e-18	-2.2593251e-18	0	-7.5363585e-17
1.0000099999994308e-09	9.889526e-09	-1.9046775e-08	0.00099072	0.011128805	-7.5677523e-17	-7.091926e-18	9.038282e-18	-2.2595539e-18	0	-7.536433e-17
1.0100099999995166e-09	8.406002e-09	-1.8447295e-08	0.001065002	0.011130306	-7.567844e-17	-7.08951e-18	9.036299e-18	-2.2602177e-18	0	-7.5365015e-17
1.0200099999996024e-09	6.7422548e-09	-1.6922035e-08	0.0011342526	0.011131559	-7.5679264e-17	-7.088574e-18	9.036106e-18	-2.2611507e-18	0	-7.536564e-17
1.0300099999996882e-09	4.9058726e-09	-1.1094177e-08	0.0011984969	0.0111324135	-7.5680025e-17	-7.0882314e-18	9.036631e-18	-2.2621768e-18	0	-7.5366245e-17
1.040009999999774e-09	4.234303e-09	-6.442515e-09	0.001257832	0.011132837	-7.56807e-17	-7.087693e-18	9.036916e-18	-2.2631291e-18	0	-7.5366795e-17
1.0500099999998598e-09	4.105301e-09	-5.918918e-10	0.0013123916	0.011132706	-7.568133e-17	-7.0863264e-18	9.036181e-18	-2.2638686e-18	0	-7.536732e-17
1.0600099999999456e-09	2.189241e-09	5.038669e-09	0.0013623267	0.011131865	-7.568191e-17	-7.083705e-18	9.033895e-18	-2.264297e-18	0	-7.53678e-17
1.0700000000000313e-09	1.9274426e-09	9.1743235e-09	0.0014077475	0.011130282	-7.568244e-17	-7.0796296e-18	9.029795e-18	-2.2643598e-18	0	-7.5368244e-17
1.080000000000117e-09	2.6483364e-09	1.2816734e-08	0.0014489408	0.011127849	-7.568294e-17	-7.074084e-18	9.02385e-18	-2.2640473e-18	0	-7.5368654e-17
1.0900000000002028e-09	2.7507794e-09	1.542713e-08	0.0014860217	0.011124595	-7.5683406e-17	-7.0672475e-18	9.016263e-18	-2.2633905e-18	0	-7.536903e-17
1.1000000000002886e-09	2.42448e-09	1.5540955e-08	0.0015191794	0.011120589	-7.5683836e-17	-7.0594174e-18	9.007382e-18	-2.2624432e-18	0	-7.5369356e-17
1.1100000000003744e-09	2.4757014e-09	1.4842826e-08	0.0015485828	0.01111588	-7.568426e-17	-7.0509885e-18	8.99768e-18	-2.2612872e-18	0	-7.536966e-17
1.1200000000004602e-09	2.9518707e-09	1.3590747e-08	0.0015744079	0.011110575	-7.568465e-17	-7.0423345e-18	8.987608e-18	-2.2600028e-18	0	-7.5369925e-17
1.130000000000546e-09	2.8797813e-09	1.1428066e-08	0.0015968696	0.011104758	-7.568505e-17	-7.033833e-18	8.9776294e-18	-2.2586748e-18	0	-7.537017e-17
1.1400000000006318e-09	2.8589133e-09	9.751038e-09	0.0016161912	0.011098526	-7.5685405e-17	-7.0257685e-18	8.968095e-18	-2.2573699e-18	0	-7.537037e-17
1.1500000000007175e-09	2.3144489e-09	8.423076e-09	0.0016325946	0.0110919615	-7.5685775e-17	-7.0183545e-18	8.959275e-18	-2.2561422e-18	0	-7.5370553e-17
1.1600000000008033e-09	1.935031e-09	6.571517e-09	0.0016462523	0.011085156	-7.5686126e-17	-7.011718e-18	8.9513276e-18	-2.255026e-18	0	-7.537071e-17
1.1700000000008891e-09	2.445348e-09	4.097713e-09	0.0016574261	0.011078127	-7.5686464e-17	-7.005873e-18	8.94429e-18	-2.2540384e-18	0	-7.537084e-17
1.1800000000009749e-09	1.8249998e-09	2.12474e-09	0.0016663003	0.011070974	-7.56868e-17	-7.000785e-18	8.938119e-18	-2.2531755e-18	0	-7.5370964e-17
1.1900000000010607e-09	1.189475e-09	1.8212056e-09	0.0016731024	0.011063695	-7.568713e-17	-6.9963325e-18	8.932684e-18	-2.2524231e-18	0	-7.537106e-17
1.2000000000011465e-09	1.9748698e-09	6.9054046e-10	0.0016780584	0.0110563245	-7.5687456e-17	-6.992353e-18	8.927799e-18	-2.251756e-18	0	-7.537114e-17
1.2100000000012322e-09	1.2634613e-09	7.284822e-10	0.0016814218	0.011048899	-7.5687774e-17	-6.988691e-18	8.92328e-18	-2.2511458e-18	0	-7.5371215e-17
1.220000000001318e-09	9.959719e-10	7.891891e-10	0.0016833806	0.011041459	-7.5688085e-17	-6.9851945e-18	8.9189476e-18	-2.2505626e-18	0	-7.5371275e-17
1.2300000000014038e-09	1.2198283e-09	1.6997919e-09	0.0016841213	0.011033986	-7.568838e-17	-6.981729e-18	8.914644e-18	-2.249982e-18	0	-7.5371314e-17
1.2400000000014896e-09	1.0187369e-09	2.1171516e-09	0.0016838296	0.011026525	-7.5688694e-17	-6.978189e-18	8.910247e-18	-2.2493839e-18	0	-7.537137e-17
1.2500000000015754e-09	1.4076401e-09	2.9822242e-09	0.001682632	0.011019091	-7.568897e-17	-6.9745206e-18	8.905684e-18	-2.2487536e-18	0	-7.53714e-17
1.2600000000016612e-09	1.3108886e-09	4.2874215e-09	0.0016806902	0.011011718	-7.568927e-17	-6.970686e-18	8.900916e-18	-2.2480844e-18	0	-7.5371414e-17
1.270000000001747e-09	1.1686069e-09	4.2950097e-09	0.0016781247	0.011004405	-7.568956e-17	-6.966688e-18	8.8959445e-18	-2.2473778e-18	0	-7.537144e-17
1.2800000000018327e-09	1.5897608e-09	4.1508312e-09	0.0016750463	0.010997179	-7.568983e-17	-6.962561e-18	8.8908135e-18	-2.2466383e-18	0	-7.537145e-17
1.2900000000019185e-09	9.864863e-10	3.8624735e-09	0.0016715648	0.010990053	-7.5690116e-17	-6.958342e-18	8.8855675e-18	-2.2458764e-18	0	-7.537146e-17
1.3000000000020043e-09	2.5420996e-10	2.9670475e-09	0.0016677906	0.010983053	-7.5690394e-17	-6.9540735e-18	8.88026e-18	-2.2451005e-18	0	-7.537148e-17
1.3100000000020901e-09	-2.3523905e-10	2.9291056e-09	0.0016637684	0.010976163	-7.569066e-17	-6.949818e-18	8.874967e-18	-2.2443238e-18	0	-7.537148e-17
1.3200000000021759e-09	1.8212055e-10	3.6424113e-09	0.0016596093	0.010969422	-7.569093e-17	-6.945636e-18	8.869762e-18	-2.2435585e-18	0	-7.537149e-17
1.3300000000022617e-09	-2.6938665e-10	3.5058207e-09	0.0016553492	0.010962818	-7.569118e-17	-6.941582e-18	8.8647135e-18	-2.2428173e-18	0	-7.537149e-17
1.3400000000023475e-09	-4.9324317e-10	3.9004155e-09	0.0016510579	0.010956348	-7.569144e-17	-6.937684e-18	8.859855e-18	-2.2421076e-18	0	-7.5371506e-17
1.3500000000024332e-09	1.5556131e-10	3.6727645e-09	0.0016467863	0.010950026	-7.5691705e-17	-6.9339465e-18	8.855192e-18	-2.24143e-18	0	-7.537151e-17
1.360000000002519e-09	2.2385652e-10	3.2174632e-09	0.0016425429	0.010943852	-7.5691956e-17	-6.9303835e-18	8.850746e-18	-2.2407897e-18	0	-7.537152e-17
1.3700000000026048e-09	9.238824e-10	2.1399167e-09	0.0016383772	0.010937793	-7.56922e-17	-6.9269862e-18	8.846502e-18	-2.2401834e-18	0	-7.537154e-17
1.3800000000026906e-09	7.0571715e-10	1.5024946e-09	0.0016342667	0.010931862	-7.5692446e-17	-6.923739e-18	8.842444e-18	-2.2396089e-18	0	-7.5371546e-17
1.3900000000027764e-09	-7.9677744e-11	1.0775466e-09	0.0016302877	0.010926033	-7.569269e-17	-6.920621e-18	8.838548e-18	-2.239064e-18	0	-7.537155e-17
1.4000000000028622e-09	5.198024e-10	1.5632015e-09	0.0016264432	0.010920312	-7.569293e-17	-6.917611e-18	8.834789e-18	-2.2385433e-18	0	-7.537157e-17
1.410000000002948e-09	4.8755194e-10	1.5859666e-09	0.0016227269	0.010914668	-7.569318e-17	-6.9146844e-18	8.831134e-18	-2.2380424e-18	0	-7.5371586e-17
1.4200000000030337e-09	1.1761953e-10	1.5859666e-09	0.0016191709	0.010909136	-7.569341e-17	-6.9118273e-18	8.827569e-18	-2.237558e-18	0	-7.537159e-17
1.4300000000031195e-09	3.9838874e-10	1.2900206e-09	0.0016157681	0.010903684	-7.5693643e-17	-6.909031e-18	8.8240815e-18	-2.2370874e-18	0	-7.537161e-17
1.4400000000032053e-09	-4.4202178e-10	1.3051974e-09	0.0016125087	0.010898279	-7.569388e-17	-6.906279e-18	8.820652e-18	-2.236627e-18	0	-7.5371625e-17
1.450000000003291e-09	1.9729728e-10	1.745322e-09	0.0016093757	0.010892971	-7.5694113e-17	-6.9035696e-18	8.8172755e-18	-2.2361767e-18	0	-7.5371645e-17
1.4600000000033769e-09	1.1003117e-10	1.4645528e-09	0.0016063956	0.010887722	-7.569434e-17	-6.900885e-18	8.813934e-18	-2.235733e-18	0	-7.537165e-17
1.4700000000034627e-09	-8.005716e-10	1.6770269e-09	0.0016035713	0.010882511	-7.569457e-17	-6.898201e-18	8.810599e-18	-2.2352929e-18	0	-7.537168e-17
1.4800000000035485e-09	-7.0571715e-10	1.5707898e-09	0.0016008915	0.01087739	-7.5694795e-17	-6.895551e-18	8.807307e-18	-2.23486e-18	0	-7.537169e-17
1.4900000000036342e-09	-5.31185e-10	1.1989604e-09	0.0015983449	0.010872285	-7.569502e-17	-6.8929527e-18	8.804078e-18	-2.2344363e-18	0	-7.53717e-17
1.50000000000372e-09	-1.1951662e-10	2.2006235e-09	0.0015959344	0.0108672725	-7.569523e-17	-6.890399e-18	8.800906e-18	-2.234022e-18	0	-7.537172e-17
1.5100000000038058e-09	-4.8186066e-10	1.8591474e-09	0.0015936272	0.010862307	-7.569546e-17	-6.8879015e-18	8.7977995e-18	-2.2336186e-18	0	-7.537174e-17
1.5200000000038916e-09	-5.3497917e-10	1.3886693e-09	0.0015914267	0.0108573735	-7.5695675e-17	-6.8854514e-18	8.794752e-18	-2.233225e-18	0	-7.537175e-17
1.5300000000039774e-09	1.7832638e-10	1.3431392e-09	0.0015893421	0.010852492	-7.5695893e-17	-6.8830373e-18	8.79175e-18	-2.2328388e-18	0	-7.537176e-17
1.5400000000040632e-09	1.3659042e-10	1.3659042e-09	0.0015873591	0.010847653	-7.569611e-17	-6.880659e-18	8.788792e-18	-2.2324616e-18	0	-7.5371784e-17
1.550000000004149e-09	1.4038459e-10	1.0244282e-09	0.0015854728	0.010842825	-7.569634e-17	-6.8783108e-18	8.785875e-18	-2.2320925e-18	0	-7.5371804e-17
1.5600000000042347e-09	-8.233367e-10	1.7984405e-09	0.0015836774	0.010838075	-7.569654e-17	-6.876015e-18	8.7830244e-18	-2.2317345e-18	0	-7.537182e-17
1.5700000000043205e-09	-1.1856808e-09	1.745322e-09	0.0015819904	0.010833386	-7.569675e-17	-6.8737832e-18	8.78025e-18	-2.23139e-18	0	-7.5371824e-17
1.5800000000044063e-09	-1.3848751e-09	1.4949063e-09	0.0015804131	0.010828749	-7.569696e-17	-6.8716044e-18	8.777542e-18	-2.2310554e-18	0	-7.537184e-17
1.590000000004492e-09	-1.1287681e-09	1.7301454e-09	0.0015789244	0.010824139	-7.569717e-17	-6.8694724e-18	8.774889e-18	-2.2307307e-18	0	-7.537186e-17
1.6000000000045779e-09	-2.8835756e-10	2.1854467e-09	0.0015775154	0.010819591	-7.569738e-17	-6.8673862e-18	8.7722926e-18	-2.2304148e-18	0	-7.537187e-17
1.6100000000046637e-09	-6.829521e-11	2.1626816e-09	0.0015761701	0.010815077	-7.569758e-17	-6.8653414e-18	8.769746e-18	-2.2301075e-18	0	-7.5371883e-17
1.6200000000047495e-09	1.8401765e-10	2.701455e-09	0.0015748796	0.01081059	-7.5697786e-17	-6.863335e-18	8.7672484e-18	-2.2298078e-18	0	-7.53719e-17
1.6300000000048352e-09	2.6938665e-10	2.746985e-09	0.0015736313	0.010806147	-7.569799e-17	-6.8613647e-18	8.764794e-18	-2.2295164e-18	0	-7.5371903e-17
1.640000000004921e-09	4.89449e-10	2.4055091e-09	0.0015724263	0.01080173	-7.56982e-17	-6.8594246e-18	8.762376e-18	-2.229232e-18	0	-7.537192e-17
1.6500000000050068e-09	3.338877e-10	2.7773386e-09	0.0015712464	0.010797343	-7.569841e-17	-6.8575146e-18	8.7599965e-18	-2.2289533e-18	0	-7.5371936e-17
1.6600000000050926e-09	1.1742982e-09	1.7377337e-09	0.0015701114	0.010792983	-7.56986e-17	-6.855632e-18	8.7576515e-18	-2.2286814e-18	0	-7.5371936e-17
1.6700000000051784e-09	4.8565485e-10	2.086798e-09	0.0015690319	0.010788676	-7.5698805e-17	-6.853781e-18	8.7553445e-18	-2.2284155e-18	0	-7.5371956e-17
1.6800000000052642e-09	5.6153837e-10	1.7073802e-09	0.0015680029	0.010784427	-7.5699004e-17	-6.851959e-18	8.753074e-18	-2.2281562e-18	0	-7.537196e-17
1.69000000000535e-09	-2.8835756e-10	1.4417878e-09	0.0015670181	0.01078018	-7.56992e-17	-6.8501676e-18	8.750842e-18	-2.2279034e-18	0	-7.537197e-17
1.7000000000054357e-09	-6.5639283e-10	9.78898e-10	0.0015660933	0.010775961	-7.56994e-17	-6.8483983e-18	8.748636e-18	-2.2276565e-18	0	-7.5371976e-17
1.7100000000055215e-09	-1.233108e-09	1.1079001e-09	0.0015652165	0.010771826	-7.56996e-17	-6.846664e-18	8.7464754e-18	-2.2274169e-18	0	-7.5371996e-17
1.7200000000056073e-09	-1.0889292e-09	4.6288975e-10	0.0015644098	0.010767702	-7.56998e-17	-6.844961e-18	8.744354e-18	-2.2271846e-18	0	-7.5372e-17
1.730000000005693e-09	-7.303793e-10	5.0083154e-10	0.0015636944	0.010763621	-7.569998e-17	-6.8432975e-18	8.742279e-18	-2.2269605e-18	0	-7.5372e-17
1.7400000000057789e-09	-6.9812883e-10	1.3886693e-09	0.001563042	0.010759575	-7.570018e-17	-6.8416605e-18	8.740239e-18	-2.2267425e-18	0	-7.537202e-17
1.7500000000058647e-09	-1.0339136e-09	1.1686069e-09	0.0015624457	0.010755557	-7.5700373e-17	-6.8400413e-18	8.7382235e-18	-2.226529e-18	0	-7.537203e-17
1.7600000000059504e-09	-1.1818866e-09	9.485446e-10	0.0015619003	0.010751551	-7.5700565e-17	-6.8384477e-18	8.736238e-18	-2.226321e-18	0	-7.5372036e-17
1.7700000000060362e-09	-8.574843e-10	1.085135e-09	0.0015614339	0.010747575	-7.570076e-17	-6.836877e-18	8.734283e-18	-2.226119e-18	0	-7.537204e-17
1.780000000006122e-09	-6.829521e-10	1.1686069e-09	0.0015610255	0.010743631	-7.570095e-17	-6.8353367e-18	8.732366e-18	-2.2259226e-18	0	-7.537206e-17
1.7900000000062078e-09	-3.4147604e-10	1.2748439e-09	0.0015606718	0.010739709	-7.5701134e-17	-6.833824e-18	8.73048e-18	-2.2257319e-18	0	-7.537206e-17
1.8000000000062936e-09	-4.68581e-10	6.525987e-10	0.0015603362	0.010735822	-7.5701326e-17	-6.8323377e-18	8.728629e-18	-2.2255468e-18	0	-7.537207e-17
1.8100000000063794e-09	-5.0272864e-10	3.642411e-10	0.0015600246	0.01073194	-7.570152e-17	-6.8308724e-18	8.726804e-18	-2.2253663e-18	0	-7.537208e-17
1.8200000000064652e-09	-7.284822e-10	-7.588357e-11	0.0015597423	0.010728115	-7.570171e-17	-6.8294298e-18	8.725005e-18	-2.2251907e-18	0	-7.5372095e-17
1.830000000006551e-09	1.7832638e-10	7.740124e-10	0.0015594849	0.010724274	-7.5701895e-17	-6.8280054e-18	8.723232e-18	-2.225019e-18	0	-7.53721e-17
1.8400000000066367e-09	-4.3633052e-11	2.5800412e-10	0.0015592449	0.0107204905	-7.5702074e-17	-6.8266045e-18	8.721484e-18	-2.224852e-18	0	-7.53721e-17
1.8500000000067225e-09	-4.4771303e-10	1.0168398e-09	0.0015590236	0.010716712	-7.570226e-17	-6.8252256e-18	8.719766e-18	-2.2246898e-18	0	-7.5372115e-17
1.8600000000068083e-09	-2.7128375e-10	7.6642404e-10	0.0015588254	0.010712984	-7.570246e-17	-6.8238765e-18	8.718081e-18	-2.2245333e-18	0	-7.537213e-17
1.870000000006742e-09	-5.74818e-10	1.1534302e-09	0.0015586541	0.010709259	-7.5702637e-17	-6.82255e-18	8.716423e-18	-2.2243807e-18	0	-7.537213e-17
1.880000000006621e-09	-4.89449e-10	9.257795e-10	0.0015585098	0.01070556	-7.570282e-17	-6.8212494e-18	8.714797e-18	-2.224233e-18	0	-7.5372135e-17
1.8900000000065e-09	-1.9729728e-10	5.994802e-10	0.0015583878	0.010701905	-7.5703e-17	-6.819977e-18	8.713205e-18	-2.2240906e-18	0	-7.5372135e-17
1.900000000006379e-09	-7.721153e-10	1.2217254e-09	0.0015582845	0.010698254	-7.570317e-17	-6.818727e-18	8.711639e-18	-2.2239526e-18	0	-7.5372135e-17
1.910000000006258e-09	-3.300935e-10	1.06237e-09	0.0015582109	0.010694643	-7.5703365e-17	-6.8174973e-18	8.7101e-18	-2.223819e-18	0	-7.537215e-17
1.920000000006137e-09	-7.5883566e-10	1.5859666e-09	0.0015581669	0.010691037	-7.570355e-17	-6.8162867e-18	8.708583e-18	-2.2236902e-18	0	-7.537216e-17
1.930000000006016e-09	-2.276507e-10	1.1761953e-09	0.0015581722	0.010687487	-7.570373e-17	-6.815091e-18	8.7070884e-18	-2.2235655e-18	0	-7.537216e-17
1.940000000005895e-09	-6.108627e-10	8.802494e-10	0.0015582498	0.0106839575	-7.570391e-17	-6.813911e-18	8.705615e-18	-2.2234458e-18	0	-7.537217e-17
1.950000000005774e-09	1.3469333e-10	8.1954254e-10	0.0015583778	0.010680432	-7.570409e-17	-6.8127435e-18	8.704158e-18	-2.22333e-18	0	-7.5372175e-17
1.960000000005653e-09	-5.122141e-10	1.06237e-09	0.0015585462	0.010676923	-7.570427e-17	-6.8115846e-18	8.702713e-18	-2.223217e-18	0	-7.537218e-17
1.9700000000055318e-09	0	7.8160073e-10	0.0015587495	0.010673444	-7.570445e-17	-6.810436e-18	8.7012824e-18	-2.2231066e-18	0	-7.5372194e-17
1.9800000000054108e-09	-2.3144488e-10	7.5883566e-10	0.0015589792	0.010669996	-7.570462e-17	-6.8093103e-18	8.6998795e-18	-2.2229997e-18	0	-7.5372194e-17
1.9900000000052898e-09	8.3471924e-11	6.450103e-10	0.0015592461	0.010666541	-7.5704794e-17	-6.8082072e-18	8.698502e-18	-2.222898e-18	0	-7.5372194e-17
2.0000000000051688e-09	7.0192296e-11	9.409562e-10	0.0015595487	0.0106631145	-7.570497e-17	-6.807122e-18	8.697147e-18	-2.2227991e-18	0	-7.53722e-17
2.0100000000050478e-09	-3.1112263e-10	4.704781e-10	0.0015598859	0.010659709	-7.5705145e-17	-6.806047e-18	8.695806e-18	-2.2227032e-18	0	-7.53722e-17
2.0200000000049267e-09	1.2710498e-10	4.0977127e-10	0.001560259	0.0106563475	-7.570533e-17	-6.804983e-18	8.694479e-18	-2.2226095e-18	0	-7.5372214e-17
2.0300000000048057e-09	-5.235966e-10	9.864864e-11	0.0015606534	0.010652965	-7.570551e-17	-6.803934e-18	8.693168e-18	-2.2225183e-18	0	-7.537223e-17
2.0400000000046847e-09	2.7697503e-10	6.2224526e-10	0.0015610565	0.010649611	-7.570568e-17	-6.802902e-18	8.691878e-18	-2.2224302e-18	0	-7.537223e-17
2.0500000000045637e-09	6.1845107e-10	9.56133e-10	0.001561481	0.010646283	-7.570585e-17	-6.801885e-18	8.690607e-18	-2.2223452e-18	0	-7.5372234e-17
2.0600000000044427e-09	2.5231287e-10	2.5041577e-10	0.001561931	0.01064296	-7.5706025e-17	-6.8008825e-18	8.689354e-18	-2.2222633e-18	0	-7.5372234e-17
2.0700000000043217e-09	1.0244282e-09	2.8076919e-10	0.0015624053	0.010639668	-7.5706203e-17	-6.799896e-18	8.6881195e-18	-2.2221841e-18	0	-7.537225e-17
2.0800000000042007e-09	2.7318084e-10	2.2006234e-10	0.0015629025	0.010636398	-7.570637e-17	-6.7989246e-18	8.6869036e-18	-2.2221078e-18	0	-7.537224e-17
2.0900000000040797e-09	9.864864e-11	2.7318084e-10	0.001563431	0.010633122	-7.570655e-17	-6.7979684e-18	8.685707e-18	-2.2220346e-18	0	-7.537225e-17
2.1000000000039587e-09	6.0706856e-11	-1.2141371e-10	0.0015639953	0.010629875	-7.570671e-17	-6.797022e-18	8.684521e-18	-2.2219639e-18	0	-7.537225e-17
2.1100000000038377e-09	-1.1761953e-10	-2.3523905e-10	0.0015645863	0.010626646	-7.570689e-17	-6.796092e-18	8.683356e-18	-2.2218956e-18	0	-7.5372254e-17
2.1200000000037166e-09	-6.829521e-11	6.829521e-11	0.0015651921	0.010623432	-7.570706e-17	-6.7951746e-18	8.682206e-18	-2.221831e-18	0	-7.5372254e-17
2.1300000000035956e-09	0	7.133055e-10	0.0015658281	0.01062022	-7.570722e-17	-6.79427e-18	8.681074e-18	-2.2217687e-18	0	-7.5372254e-17
2.1400000000034746e-09	7.853949e-10	5.1600824e-10	0.001566484	0.010617045	-7.570739e-17	-6.7933788e-18	8.679958e-18	-2.2217093e-18	0	-7.5372254e-17
2.1500000000033536e-09	4.89449e-10	6.450103e-10	0.0015671565	0.010613874	-7.570756e-17	-6.7925003e-18	8.678857e-18	-2.2216522e-18	0	-7.537227e-17
2.1600000000032326e-09	-8.1195417e-10	9.713097e-10	0.0015678423	0.010610723	-7.5707725e-17	-6.7916342e-18	8.6777715e-18	-2.2215983e-18	0	-7.537227e-17
2.1700000000031116e-09	-7.0951134e-10	3.4147604e-10	0.001568548	0.010607582	-7.570789e-17	-6.790779e-18	8.6766995e-18	-2.2215457e-18	0	-7.537227e-17
2.1800000000029906e-09	-4.3253634e-10	3.1112263e-10	0.0015692671	0.010604462	-7.570807e-17	-6.789933e-18	8.675639e-18	-2.2214955e-18	0	-7.537228e-17
2.1900000000028696e-09	-4.89449e-10	5.994802e-10	0.0015699998	0.010601355	-7.5708235e-17	-6.7890973e-18	8.674591e-18	-2.2214467e-18	0	-7.537228e-17
2.2000000000027486e-09	-8.764552e-10	1.8212055e-10	0.0015707446	0.0105982665	-7.57084e-17	-6.7882747e-18	8.673559e-18	-2.2214006e-18	0	-7.537228e-17
2.2100000000026276e-09	-7.398648e-10	3.4147604e-10	0.0015715136	0.010595167	-7.570857e-17	-6.787464e-18	8.672543e-18	-2.2213567e-18	0	-7.537229e-17
2.2200000000025065e-09	-6.829521e-10	8.3471924e-10	0.0015722959	0.010592113	-7.570873e-17	-6.786664e-18	8.671537e-18	-2.2213154e-18	0	-7.537229e-17
2.2300000000023855e-09	-2.276507e-11	6.3742195e-10	0.001573099	0.010589067	-7.57089e-17	-6.785871e-18	8.670541e-18	-2.2212755e-18	0	-7.537229e-17
2.2400000000022645e-09	-3.1491681e-10	1.2065487e-09	0.0015739249	0.010586019	-7.5709056e-17	-6.785084e-18	8.6695534e-18	-2.2212368e-18	0	-7.537229e-17
2.2500000000021435e-09	-5.3118496e-11	1.3279624e-09	0.0015747695	0.010582994	-7.570922e-17	-6.784303e-18	8.668576e-18	-2.2212e-18	0	-7.53723e-17
2.2600000000020225e-09	-8.650727e-10	1.1686069e-09	0.0015756283	0.010579994	-7.5709386e-17	-6.7835295e-18	8.667606e-18	-2.2211646e-18	0	-7.53723e-17
2.2700000000019015e-09	-5.31185e-10	1.2217254e-09	0.0015765094	0.010576995	-7.5709545e-17	-6.7827652e-18	8.6666476e-18	-2.2211313e-18	0	-7.53723e-17
2.2800000000017805e-09	-5.3118496e-11	1.085135e-09	0.0015774071	0.010574008	-7.5709704e-17	-6.7820112e-18	8.665704e-18	-2.2211e-18	0	-7.537231e-17
2.2900000000016595e-09	-5.3497917e-10	1.6466734e-09	0.001578325	0.010571041	-7.5709876e-17	-6.781272e-18	8.6647765e-18	-2.2210722e-18	0	-7.53723e-17
2.3000000000015385e-09	-5.8430344e-10	1.7301454e-09	0.001579269	0.010568096	-7.5710035e-17	-6.78055e-18	8.663872e-18	-2.221048e-18	0	-7.5372314e-17
2.3100000000014175e-09	-1.0168398e-09	5.5395005e-10	0.0015802315	0.010565157	-7.57102e-17	-6.7798304e-18	8.662971e-18	-2.2210246e-18	0	-7.537231e-17
2.3200000000012965e-09	-5.3118496e-11	3.5665276e-10	0.0015812096	0.010562236	-7.5710346e-17	-6.7791145e-18	8.662076e-18	-2.2210023e-18	0	-7.5372314e-17
2.3300000000011754e-09	-3.2629935e-10	6.2224526e-10	0.0015822186	0.010559322	-7.571051e-17	-6.778406e-18	8.661189e-18	-2.2209812e-18	0	-7.5372314e-17
2.3400000000010544e-09	-4.780665e-10	3.9459455e-10	0.0015832472	0.010556404	-7.571068e-17	-6.777705e-18	8.660313e-18	-2.2209624e-18	0	-7.537232e-17
2.3500000000009334e-09	2.959459e-10	7.891891e-10	0.0015842908	0.010553513	-7.5710836e-17	-6.7770134e-18	8.659447e-18	-2.2209446e-18	0	-7.537232e-17
2.3600000000008124e-09	-2.0488564e-10	5.994802e-10	0.0015853482	0.010550632	-7.571099e-17	-6.7763293e-18	8.658591e-18	-2.2209285e-18	0	-7.537232e-17
2.3700000000006914e-09	2.8456337e-10	1.3659042e-10	0.0015864216	0.010547763	-7.5711147e-17	-6.775654e-18	8.657746e-18	-2.2209144e-18	0	-7.537232e-17
2.3800000000005704e-09	-4.780665e-10	2.276507e-11	0.0015875143	0.010544922	-7.57113e-17	-6.7749856e-18	8.656909e-18	-2.2209016e-18	0	-7.537232e-17
2.3900000000004494e-09	-2.1247398e-10	-9.106028e-11	0.0015886286	0.010542059	-7.5711464e-17	-6.774325e-18	8.656082e-18	-2.2208898e-18	0	-7.5372333e-17
2.4000000000003284e-09	-6.0706856e-10	8.3471924e-11	0.0015897647	0.010539203	-7.5711616e-17	-6.7736716e-18	8.655265e-18	-2.220879e-18	0	-7.5372333e-17
2.4100000000002074e-09	-5.918918e-10	4.8565485e-10	0.0015909116	0.0105363885	-7.571177e-17	-6.773024e-18	8.654454e-18	-2.22087e-18	0	-7.5372333e-17
2.4200000000000864e-09	-9.864863e-10	4.021829e-10	0.0015920642	0.010533548	-7.571193e-17	-6.772383e-18	8.653651e-18	-2.2208619e-18	0	-7.5372333e-17
2.4300099999999652e-09	-7.322764e-10	5.463617e-10	0.0015932298	0.010530746	-7.571209e-17	-6.7717484e-18	8.652858e-18	-2.220855e-18	0	-7.5372347e-17
2.4400099999998442e-09	-1.5176714e-10	4.2494797e-10	0.0015944054	0.010527946	-7.5712245e-17	-6.771123e-18	8.652074e-18	-2.2208499e-18	0	-7.5372347e-17
2.450009999999723e-09	-2.2006234e-10	7.284822e-10	0.0015955905	0.010525168	-7.57124e-17	-6.7705035e-18	8.6512976e-18	-2.2208455e-18	0	-7.5372347e-17
2.460009999999602e-09	-1.2900206e-10	4.2494797e-10	0.0015967868	0.0105223525	-7.571255e-17	-6.769893e-18	8.650531e-18	-2.2208428e-18	0	-7.5372347e-17
2.470009999999481e-09	-5.198024e-10	2.7318084e-10	0.0015979882	0.0105195865	-7.571271e-17	-6.7692876e-18	8.649773e-18	-2.2208412e-18	0	-7.537235e-17
2.48000999999936e-09	-2.8076919e-10	8.423076e-10	0.0015992018	0.010516825	-7.571286e-17	-6.7686895e-18	8.6490245e-18	-2.2208412e-18	0	-7.537235e-17
2.490009999999239e-09	-5.084199e-10	9.485446e-10	0.001600434	0.010514073	-7.571301e-17	-6.7680993e-18	8.648285e-18	-2.2208422e-18	0	-7.537235e-17
2.500009999999118e-09	-3.7941785e-11	1.0016631e-09	0.0016016756	0.010511335	-7.571316e-17	-6.7675145e-18	8.647553e-18	-2.2208445e-18	0	-7.537235e-17
2.510009999998997e-09	3.0353428e-11	5.6912675e-10	0.0016029278	0.010508594	-7.571331e-17	-6.766937e-18	8.646829e-18	-2.2208482e-18	0	-7.5372367e-17
2.520009999998876e-09	-4.9703736e-10	7.208939e-10	0.0016041872	0.010505875	-7.571347e-17	-6.7663664e-18	8.646114e-18	-2.2208528e-18	0	-7.5372367e-17
2.530009999998755e-09	-2.8456337e-10	2.3523905e-10	0.0016054583	0.010503143	-7.571361e-17	-6.765801e-18	8.645405e-18	-2.2208586e-18	0	-7.5372367e-17
2.540009999998634e-09	-2.8076919e-10	1.2900206e-10	0.0016067368	0.010500419	-7.571377e-17	-6.7652422e-18	8.644704e-18	-2.2208654e-18	0	-7.5372367e-17
2.550009999998513e-09	-6.715696e-10	6.0706856e-11	0.0016080207	0.010497729	-7.5713926e-17	-6.76469e-18	8.644012e-18	-2.220873e-18	0	-7.537237e-17
2.560009999998392e-09	-4.1356543e-10	8.3471924e-11	0.0016093135	0.010495043	-7.5714065e-17	-6.7641417e-18	8.6433235e-18	-2.2208815e-18	0	-7.5372367e-17
2.570009999998271e-09	-5.387733e-10	3.9459455e-10	0.0016106162	0.010492346	-7.571422e-17	-6.7635974e-18	8.642642e-18	-2.2208908e-18	0	-7.5372367e-17
2.58000999999815e-09	-2.0109145e-10	3.0353428e-10	0.0016119288	0.010489667	-7.571436e-17	-6.7630614e-18	8.6419694e-18	-2.2209014e-18	0	-7.5372367e-17
2.590009999998029e-09	-1.3659042e-10	4.704781e-10	0.0016132486	0.0104869995	-7.571452e-17	-6.7625295e-18	8.641303e-18	-2.2209127e-18	0	-7.537237e-17
2.600009999997908e-09	-3.1871097e-10	3.870062e-10	0.0016145709	0.0104843555	-7.571466e-17	-6.7620034e-18	8.640642e-18	-2.220925e-18	0	-7.537238e-17
2.610009999997787e-09	-7.891891e-10	0	0.001615899	0.010481686	-7.5714806e-17	-6.7614806e-18	8.639987e-18	-2.2209376e-18	0	-7.537237e-17
2.620009999997666e-09	-4.9703736e-10	4.3253634e-10	0.0016172399	0.010479046	-7.571496e-17	-6.7609595e-18	8.639334e-18	-2.220951e-18	0	-7.537238e-17
2.630009999997545e-09	1.5935549e-10	1.0623699e-10	0.0016185892	0.010476407	-7.5715104e-17	-6.7604454e-18	8.63869e-18	-2.220965e-18	0	-7.537238e-17
2.640009999997424e-09	-3.9080036e-10	2.959459e-10	0.0016199521	0.010473785	-7.5715256e-17	-6.759937e-18	8.638051e-18	-2.2209806e-18	0	-7.5372386e-17
2.650009999997303e-09	-5.767151e-10	-2.959459e-10	0.0016213248	0.010471143	-7.57154e-17	-6.7594333e-18	8.637419e-18	-2.2209963e-18	0	-7.5372386e-17
2.660009999997182e-09	-5.6912676e-11	3.0353428e-10	0.001622702	0.010468539	-7.571554e-17	-6.7589325e-18	8.636792e-18	-2.221013e-18	0	-7.5372386e-17
2.670009999997061e-09	1.7453221e-10	8.574843e-10	0.0016240942	0.01046592	-7.5715686e-17	-6.758437e-18	8.63617e-18	-2.2210302e-18	0	-7.5372386e-17
2.68000999999694e-09	-1.6314967e-10	6.9054046e-10	0.0016254927	0.010463326	-7.571583e-17	-6.7579444e-18	8.635551e-18	-2.2210478e-18	0	-7.5372386e-17
2.690009999996819e-09	-4.4771303e-10	4.704781e-10	0.0016268997	0.010460732	-7.571597e-17	-6.7574556e-18	8.6349384e-18	-2.2210658e-18	0	-7.5372386e-17
2.700009999996698e-09	-1.935031e-10	1.1306651e-09	0.001628315	0.0104581425	-7.571611e-17	-6.7569704e-18	8.634331e-18	-2.2210842e-18	0	-7.5372386e-17
2.710009999996577e-09	-4.6288975e-10	4.021829e-10	0.0016297309	0.010455564	-7.571626e-17	-6.7564907e-18	8.633729e-18	-2.2211038e-18	0	-7.53724e-17
2.720009999996456e-09	-4.553014e-11	1.6694385e-10	0.0016311501	0.010452984	-7.571641e-17	-6.7560134e-18	8.633129e-18	-2.2211233e-18	0	-7.53724e-17
2.730009999996335e-09	-2.276507e-10	5.084199e-10	0.0016325762	0.010450421	-7.5716546e-17	-6.7555373e-18	8.632533e-18	-2.2211433e-18	0	-7.53724e-17
2.740009999996214e-09	-2.8835756e-10	-1.1382535e-10	0.0016340113	0.010447863	-7.5716685e-17	-6.7550654e-18	8.631941e-18	-2.221164e-18	0	-7.53724e-17
2.750009999996093e-09	3.4147605e-11	6.450103e-10	0.0016354503	0.010445296	-7.5716824e-17	-6.7545972e-18	8.6313534e-18	-2.2211853e-18	0	-7.53724e-17
2.760009999995972e-09	-4.704781e-10	3.4906442e-10	0.0016368921	0.010442753	-7.5716963e-17	-6.754132e-18	8.630771e-18	-2.221207e-18	0	-7.53724e-17
2.770009999995851e-09	-2.2385652e-10	1.6694385e-10	0.0016383388	0.010440202	-7.571712e-17	-6.753673e-18	8.6301945e-18	-2.2212298e-18	0	-7.537241e-17
2.78000999999573e-09	-1.6694385e-10	-4.704781e-10	0.0016397939	0.01043767	-7.571726e-17	-6.7532175e-18	8.629624e-18	-2.2212531e-18	0	-7.537241e-17
2.790009999995609e-09	-7.702182e-10	-3.7941783e-10	0.0016412465	0.0104351435	-7.57174e-17	-6.752767e-18	8.629059e-18	-2.2212771e-18	0	-7.537241e-17
2.800009999995488e-09	3.338877e-10	-3.7182948e-10	0.0016427019	0.010432611	-7.571754e-17	-6.7523196e-18	8.628499e-18	-2.2213023e-18	0	-7.537241e-17
2.810009999995367e-09	-2.617983e-10	0	0.0016441648	0.010430089	-7.571767e-17	-6.7518766e-18	8.627941e-18	-2.2213274e-18	0	-7.537241e-17
2.820009999995246e-09	-6.7536376e-10	-9.864864e-11	0.0016456312	0.010427574	-7.571781e-17	-6.7514353e-18	8.6273896e-18	-2.2213528e-18	0	-7.537241e-17
2.830009999995125e-09	-8.8783775e-10	2.3523905e-10	0.0016471033	0.010425074	-7.5717956e-17	-6.750996e-18	8.626839e-18	-2.2213786e-18	0	-7.537242e-17
2.840009999995004e-09	2.276507e-11	-5.6153837e-10	0.0016485751	0.010422585	-7.5718095e-17	-6.750558e-18	8.626289e-18	-2.2214039e-18	0	-7.537242e-17
2.850009999994883e-09	2.8835756e-10	7.6642404e-10	0.0016500514	0.01042006	-7.571823e-17	-6.7501214e-18	8.625743e-18	-2.2214297e-18	0	-7.537242e-17
2.860009999994762e-09	-1.1761953e-10	1.2520789e-09	0.0016515325	0.010417581	-7.5718366e-17	-6.7496887e-18	8.6252e-18	-2.2214558e-18	0	-7.537242e-17
2.870009999994641e-09	-3.1871097e-10	9.56133e-10	0.0016530204	0.010415102	-7.57185e-17	-6.7492594e-18	8.6246615e-18	-2.2214823e-18	0	-7.537242e-17
2.8800099999945198e-09	-7.588357e-12	9.940747e-10	0.0016545065	0.010412624	-7.571864e-17	-6.7488326e-18	8.624126e-18	-2.2215093e-18	0	-7.537242e-17
2.8900099999943988e-09	-6.4121614e-10	1.8212055e-10	0.001655999	0.010410152	-7.5718777e-17	-6.7484087e-18	8.623595e-18	-2.2215364e-18	0	-7.5372426e-17
2.9000099999942778e-09	-1.8970892e-10	5.387733e-10	0.0016574941	0.010407676	-7.57189e-17	-6.747988e-18	8.623068e-18	-2.221564e-18	0	-7.5372426e-17
2.9100099999941568e-09	-1.2141371e-10	6.450103e-10	0.0016589906	0.0104052	-7.571905e-17	-6.7475703e-18	8.622543e-18	-2.221592e-18	0	-7.5372426e-17
2.9200099999940357e-09	-1.4417878e-10	-1.3659042e-10	0.0016604905	0.010402756	-7.571918e-17	-6.747155e-18	8.622023e-18	-2.2216202e-18	0	-7.5372426e-17
2.9300099999939147e-09	-3.7182948e-10	3.1871097e-10	0.0016619914	0.010400294	-7.571931e-17	-6.746743e-18	8.6215075e-18	-2.2216491e-18	0	-7.5372426e-17
2.9400099999937937e-09	-5.387733e-10	3.4906442e-10	0.0016634931	0.010397876	-7.5719445e-17	-6.7463354e-18	8.620995e-18	-2.221678e-18	0	-7.5372426e-17
2.9500099999936727e-09	-4.6288975e-10	-2.2006234e-10	0.0016649896	0.010395424	-7.5719584e-17	-6.745931e-18	8.6204876e-18	-2.2217075e-18	0	-7.5372426e-17
2.9600099999935517e-09	1.9729728e-10	2.5800412e-10	0.0016664907	0.010392983	-7.571972e-17	-6.745527e-18	8.619983e-18	-2.2217374e-18	0	-7.5372426e-17
2.9700099999934307e-09	-1.9729728e-10	-1.2900206e-10	0.0016679936	0.010390547	-7.5719855e-17	-6.745128e-18	8.619481e-18	-2.2217676e-18	0	-7.537244e-17
2.9800099999933097e-09	-2.7318084e-10	-3.338877e-10	0.0016695029	0.010388116	-7.5719994e-17	-6.7447306e-18	8.618984e-18	-2.2217982e-18	0	-7.537244e-17
2.9900099999931887e-09	-6.829521e-10	3.2629935e-10	0.0016710174	0.010385714	-7.572011e-17	-6.744337e-18	8.618489e-18	-2.2218288e-18	0	-7.537244e-17
3.0000099999930677e-09	-2.4282742e-10	-4.1735962e-10	0.0016725318	0.010383295	-7.5720246e-17	-6.7439444e-18	8.617996e-18	-2.22186e-18	0	-7.537244e-17
