# t (s)	mx ()	my ()	mz ()	spinAngle (rad)	E_total (J)	E_anis (J)	E_demag (J)	E_exch (J)	E_therm (J)	E_custom (J)
0	0	0	0	0.009490227	-3.0235688e-17	-8.0432005e-17	5.637312e-17	5.8880015e-18	0	-1.2064801e-17
1.0000000000000124e-11	2.157956e-09	0	0.0012329409	0.016614458	-3.7112577e-17	-7.670448e-17	5.4017356e-17	-2.4681452e-18	0	-1.1957304e-17
2.0009999999999403e-11	6.0707337e-09	0	0.0025285205	0.017466236	-3.7705817e-17	-7.5099145e-17	5.296221e-17	-3.5601345e-18	0	-1.200875e-17
3.000999999999824e-11	8.679252e-09	-2.655946e-09	0.0031435334	0.017701847	-3.790001e-17	-7.46855e-17	5.269488e-17	-3.867043e-18	0	-1.2042347e-17
4.000000000000001e-11	8.105674e-09	-2.655946e-09	0.0030754716	0.017195188	-3.799438e-17	-7.483516e-17	5.278751e-17	-3.8985485e-18	0	-1.2048176e-17
5.0000000000001785e-11	3.9127777e-09	-1.1382626e-09	0.002482902	0.016474558	-3.8065717e-17	-7.535512e-17	5.3119934e-17	-3.787751e-18	0	-1.20427885e-17
6.00000000000024e-11	-4.0313466e-10	3.7942086e-10	0.0018380512	0.016063925	-3.8126078e-17	-7.5795876e-17	5.3400534e-17	-3.6868664e-18	0	-1.2043872e-17
7.000999999999771e-11	-2.617411e-09	2.655946e-09	0.0015137984	0.016062004	-3.8174878e-17	-7.587501e-17	5.34438e-17	-3.696357e-18	0	-1.204731e-17
8.000999999999302e-11	-9.485521e-10	3.0353668e-09	0.0015383486	0.016581831	-3.8217356e-17	-7.563596e-17	5.327686e-17	-3.809738e-18	0	-1.2048519e-17
9.000999999998834e-11	3.4740721e-09	2.2765252e-09	0.0017341244	0.017062772	-3.8257887e-17	-7.525876e-17	5.301842e-17	-3.9695256e-18	0	-1.2048024e-17
1.0000999999998365e-10	8.038979e-09	1.0434074e-09	0.0019134497	0.017505141	-3.829631e-17	-7.491414e-17	5.278213e-17	-4.115901e-18	0	-1.2048392e-17
1.1000999999997896e-10	1.0173221e-08	-2.8456565e-10	0.0019757806	0.017900368	-3.8331775e-17	-7.466964e-17	5.2611483e-17	-4.2243084e-18	0	-1.2049319e-17
1.2000999999997891e-10	1.0244363e-08	-5.691313e-10	0.0019228377	0.018220393	-3.8364988e-17	-7.451511e-17	5.250039e-17	-4.3002845e-18	0	-1.20499825e-17
1.3000999999998715e-10	8.821535e-09	3.5570705e-10	0.0018117934	0.01849675	-3.8396533e-17	-7.441589e-17	5.2426995e-17	-4.3571135e-18	0	-1.2050524e-17
1.400099999999954e-10	7.208996e-09	9.248383e-10	0.0017038762	0.01876416	-3.8426437e-17	-7.433134e-17	5.2364053e-17	-4.4080265e-18	0	-1.2051124e-17
1.5000000000000362e-10	6.6635786e-09	1.3991144e-09	0.0016411783	0.01905581	-3.8454707e-17	-7.422624e-17	5.228757e-17	-4.4643744e-18	0	-1.2051665e-17
1.6000000000001186e-10	7.1615687e-09	1.1382626e-09	0.0016340174	0.019370193	-3.8481597e-17	-7.408752e-17	5.2188737e-17	-4.5307383e-18	0	-1.20520745e-17
1.700000000000201e-10	8.370972e-09	3.7942086e-10	0.0016642294	0.01969068	-3.8507316e-17	-7.392928e-17	5.2077098e-17	-4.602733e-18	0	-1.2052402e-17
1.8000000000002833e-10	9.91237e-09	9.485521e-10	0.0017034883	0.020001085	-3.8532015e-17	-7.377594e-17	5.1969075e-17	-4.672437e-18	0	-1.2052714e-17
1.9000000000003657e-10	1.0220649e-08	-1.8971043e-10	0.0017312949	0.02028844	-3.8555805e-17	-7.3642196e-17	5.1874432e-17	-4.7350155e-18	0	-1.2053025e-17
2.000000000000448e-10	1.0386646e-08	-1.9445319e-09	0.0017411839	0.020556804	-3.8578724e-17	-7.352713e-17	5.1792442e-17	-4.7907232e-18	0	-1.2053318e-17
2.1000000000005304e-10	8.892676e-09	-2.4662357e-09	0.0017373909	0.020811323	-3.8600847e-17	-7.3421226e-17	5.1716636e-17	-4.8426784e-18	0	-1.20535775e-17
2.2000000000006128e-10	8.584397e-09	-2.3713803e-11	0.0017278517	0.021060426	-3.8622214e-17	-7.331586e-17	5.1641246e-17	-4.8937945e-18	0	-1.2053805e-17
2.3000000000006952e-10	9.011245e-09	2.0631008e-09	0.001718711	0.021306606	-3.8642957e-17	-7.320805e-17	5.156429e-17	-4.945189e-18	0	-1.2054006e-17
2.4000000000005925e-10	8.513255e-09	3.3555032e-09	0.0017123468	0.021549266	-3.8663097e-17	-7.3099254e-17	5.148684e-17	-4.996502e-18	0	-1.2054182e-17
2.5000000000004163e-10	7.7781275e-09	2.0868147e-09	0.0017081986	0.021788148	-3.8682714e-17	-7.299218e-17	5.1410718e-17	-5.0469044e-18	0	-1.20543476e-17
2.60000000000024e-10	8.774108e-09	1.6125387e-09	0.0017048867	0.022020953	-3.8701835e-17	-7.288847e-17	5.1336986e-17	-5.0958565e-18	0	-1.2054499e-17
2.700000000000064e-10	8.4895415e-09	5.217037e-10	0.0017015648	0.02224729	-3.872051e-17	-7.278825e-17	5.126568e-17	-5.1433015e-18	0	-1.205464e-17
2.800099999999888e-10	9.7938e-09	1.8971043e-10	0.0016982816	0.022467595	-3.8738767e-17	-7.269077e-17	5.1196263e-17	-5.1894954e-18	0	-1.20547694e-17
2.9000999999997117e-10	9.5803765e-09	-3.7942086e-10	0.0016957566	0.022682814	-3.87566e-17	-7.259553e-17	5.1128417e-17	-5.234594e-18	0	-1.2054886e-17
3.0000999999995355e-10	9.011245e-09	-2.8456565e-10	0.0016943391	0.022893311	-3.8774058e-17	-7.250194e-17	5.1061737e-17	-5.2788624e-18	0	-1.20549936e-17
3.1000999999993594e-10	8.157548e-09	3.7942086e-10	0.0016943336	0.023099681	-3.879117e-17	-7.240977e-17	5.099609e-17	-5.322397e-18	0	-1.2055092e-17
3.2000999999991833e-10	7.635845e-09	5.691313e-10	0.0016950272	0.023302803	-3.8807956e-17	-7.2319044e-17	5.0931482e-17	-5.365214e-18	0	-1.2055183e-17
3.300099999999007e-10	8.062693e-09	5.691313e-10	0.0016957233	0.02350124	-3.8824443e-17	-7.222983e-17	5.086796e-17	-5.407306e-18	0	-1.2055269e-17
3.400099999998831e-10	9.4143795e-09	1.1382626e-09	0.0016957239	0.023696916	-3.8840646e-17	-7.214205e-17	5.0805453e-17	-5.4487065e-18	0	-1.2055347e-17
3.500099999998655e-10	8.536969e-09	1.7073939e-09	0.0016950439	0.023887698	-3.885657e-17	-7.2055644e-17	5.074393e-17	-5.4894365e-18	0	-1.2055421e-17
3.600099999998479e-10	8.72668e-09	1.5176834e-09	0.0016937692	0.024076115	-3.887222e-17	-7.197053e-17	5.068333e-17	-5.529536e-18	0	-1.20554866e-17
3.7000999999983027e-10	8.774108e-09	-3.7942086e-10	0.0016920214	0.024260746	-3.8887633e-17	-7.1886634e-17	5.062359e-17	-5.569044e-18	0	-1.2055548e-17
3.8000999999981266e-10	9.532949e-09	7.588417e-10	0.0016900664	0.024441605	-3.890282e-17	-7.180394e-17	5.0564704e-17	-5.6079785e-18	0	-1.2055605e-17
3.9000999999979505e-10	9.5803765e-09	0	0.0016880981	0.024620358	-3.8917796e-17	-7.1722416e-17	5.0506642e-17	-5.6463617e-18	0	-1.2055659e-17
4.0000999999977743e-10	9.829371e-09	-7.588417e-10	0.0016863563	0.024793915	-3.893254e-17	-7.1641974e-17	5.044936e-17	-5.6842206e-18	0	-1.2055707e-17
4.100099999997598e-10	9.781944e-09	7.588417e-10	0.0016849295	0.02496658	-3.894709e-17	-7.1562565e-17	5.039281e-17	-5.7215868e-18	0	-1.2055751e-17
4.200099999997422e-10	1.0611927e-08	0	0.001683766	0.02513465	-3.896145e-17	-7.148412e-17	5.0336948e-17	-5.7584844e-18	0	-1.2055793e-17
4.300099999997246e-10	1.0825351e-08	7.588417e-10	0.0016827615	0.025300682	-3.8975622e-17	-7.140661e-17	5.0281752e-17	-5.7949358e-18	0	-1.2055827e-17
4.40009999999707e-10	1.0920206e-08	3.7942086e-10	0.001681816	0.025463725	-3.8989618e-17	-7.132998e-17	5.0227184e-17	-5.8309583e-18	0	-1.2055861e-17
4.5000999999968937e-10	1.1430053e-08	7.588417e-10	0.0016808666	0.02562307	-3.900345e-17	-7.125421e-17	5.0173222e-17	-5.866571e-18	0	-1.205589e-17
4.6000999999967176e-10	1.0789781e-08	1.5176834e-09	0.0016798634	0.025781104	-3.9017123e-17	-7.117927e-17	5.0119853e-17	-5.901786e-18	0	-1.2055917e-17
4.700099999996541e-10	1.06712115e-08	7.588417e-10	0.0016787768	0.025935147	-3.9030626e-17	-7.110512e-17	5.0067052e-17	-5.9366207e-18	0	-1.2055939e-17
4.800099999996365e-10	1.12759135e-08	1.1382626e-09	0.001677612	0.026086675	-3.9044e-17	-7.103173e-17	5.001478e-17	-5.9710905e-18	0	-1.2055956e-17
4.900099999996189e-10	1.15960495e-08	-1.1382626e-09	0.0016763958	0.026236225	-3.905722e-17	-7.0959073e-17	4.9963036e-17	-6.005212e-18	0	-1.2055973e-17
5.000099999996013e-10	1.0932063e-08	-7.588417e-10	0.001675136	0.026381532	-3.9070315e-17	-7.0887115e-17	4.9911784e-17	-6.039002e-18	0	-1.2055984e-17
5.100099999995837e-10	1.0635641e-08	-7.588417e-10	0.001673853	0.026525589	-3.9083275e-17	-7.081581e-17	4.9861e-17	-6.0724735e-18	0	-1.2055992e-17
5.200099999995661e-10	1.1453767e-08	-7.588417e-10	0.0016725209	0.026666755	-3.9096103e-17	-7.074512e-17	4.9810656e-17	-6.105645e-18	0	-1.2055995e-17
5.300099999995485e-10	1.2520888e-08	-3.4147878e-09	0.0016711842	0.026804227	-3.9108815e-17	-7.067504e-17	4.9760744e-17	-6.1385276e-18	0	-1.2055996e-17
5.400099999995309e-10	1.2734312e-08	-3.4147878e-09	0.0016698659	0.026940787	-3.9121424e-17	-7.060553e-17	4.9711235e-17	-6.171135e-18	0	-1.20559945e-17
5.500099999995133e-10	1.4145284e-08	-3.0353668e-09	0.0016685453	0.027073428	-3.9133905e-17	-7.053656e-17	4.9662117e-17	-6.2034786e-18	0	-1.2055987e-17
5.600099999994956e-10	1.2034755e-08	-3.4147878e-09	0.0016672246	0.027203523	-3.914631e-17	-7.046812e-17	4.9613367e-17	-6.2355737e-18	0	-1.2055977e-17
5.70009999999478e-10	1.27461695e-08	-2.8456564e-09	0.0016658906	0.027331969	-3.9158598e-17	-7.0400164e-17	4.956496e-17	-6.267433e-18	0	-1.205596e-17
5.800099999994604e-10	1.23667485e-08	-3.604498e-09	0.0016645347	0.027456062	-3.9170797e-17	-7.033266e-17	4.951688e-17	-6.299069e-18	0	-1.2055941e-17
5.900099999994428e-10	1.3327157e-08	-3.983919e-09	0.0016631462	0.027579047	-3.9182894e-17	-7.0265585e-17	4.9469103e-17	-6.330494e-18	0	-1.20559175e-17
6.000099999994252e-10	1.5247975e-08	-4.1736294e-09	0.0016617188	0.027698899	-3.9194914e-17	-7.019892e-17	4.942162e-17	-6.3617224e-18	0	-1.2055888e-17
6.100099999994076e-10	1.611353e-08	-4.5530504e-09	0.0016602488	0.027815526	-3.9206846e-17	-7.013263e-17	4.9374398e-17	-6.3927665e-18	0	-1.2055857e-17
6.2000999999939e-10	1.7002797e-08	-4.1736294e-09	0.0016586819	0.027930826	-3.9218724e-17	-7.006669e-17	4.9327427e-17	-6.423637e-18	0	-1.2055816e-17
6.300099999993724e-10	1.7441502e-08	-5.1221813e-09	0.0016570671	0.028042106	-3.923051e-17	-7.0001066e-17	4.928068e-17	-6.4543497e-18	0	-1.2055773e-17
6.400099999993547e-10	1.6077959e-08	-5.1221813e-09	0.0016554113	0.028151229	-3.9242246e-17	-6.9935745e-17	4.923414e-17	-6.484919e-18	0	-1.2055724e-17
6.500099999993371e-10	1.584082e-08	-6.165589e-09	0.0016537047	0.028258117	-3.9253916e-17	-6.987066e-17	4.918778e-17	-6.515357e-18	0	-1.2055671e-17
6.600099999993195e-10	1.5224261e-08	-6.639865e-09	0.0016519481	0.028360784	-3.9265516e-17	-6.980581e-17	4.9141583e-17	-6.5456795e-18	0	-1.2055609e-17
6.700099999993019e-10	1.4145284e-08	-6.924431e-09	0.0016501679	0.02846264	-3.927708e-17	-6.974116e-17	4.9095522e-17	-6.5758985e-18	0	-1.2055542e-17
6.800099999992843e-10	1.5983103e-08	-7.493562e-09	0.0016483412	0.02856151	-3.928859e-17	-6.967668e-17	4.904958e-17	-6.6060277e-18	0	-1.2055468e-17
6.900099999992667e-10	1.6326954e-08	-7.007429e-09	0.0016464406	0.028656235	-3.9300052e-17	-6.9612324e-17	4.9003735e-17	-6.6360825e-18	0	-1.2055387e-17
7.000099999992491e-10	1.8224059e-08	-6.3790133e-09	0.0016444339	0.028750096	-3.931149e-17	-6.954806e-17	4.8957955e-17	-6.666078e-18	0	-1.20553005e-17
7.100099999992315e-10	1.8378197e-08	-5.6201714e-09	0.0016423411	0.028840218	-3.932291e-17	-6.9483886e-17	4.8912215e-17	-6.6960308e-18	0	-1.20552045e-17
7.200099999992138e-10	1.7216221e-08	-4.2684847e-09	0.0016401408	0.028928451	-3.9334284e-17	-6.9419723e-17	4.8866502e-17	-6.7259586e-18	0	-1.20551044e-17
7.300099999991962e-10	1.5568112e-08	-4.36334e-09	0.0016378794	0.02901448	-3.9345643e-17	-6.9355554e-17	4.8820775e-17	-6.755874e-18	0	-1.2054993e-17
7.400099999991786e-10	1.343387e-08	-5.2170366e-09	0.0016355393	0.029097615	-3.9356976e-17	-6.9291325e-17	4.877502e-17	-6.7857977e-18	0	-1.2054875e-17
7.50009999999161e-10	1.4726272e-08	-6.4501546e-09	0.001633126	0.02918046	-3.9368318e-17	-6.9227023e-17	4.8729193e-17	-6.8157445e-18	0	-1.2054748e-17
7.600099999991434e-10	1.5034551e-08	-8.062693e-09	0.0016305861	0.029260635	-3.937966e-17	-6.9162596e-17	4.868328e-17	-6.8457323e-18	0	-1.2054611e-17
7.700099999991258e-10	1.645738e-08	-7.114141e-09	0.0016278676	0.029340424	-3.9390993e-17	-6.9097996e-17	4.8637247e-17	-6.8757775e-18	0	-1.2054466e-17
7.800099999991082e-10	1.6516664e-08	-5.8810232e-09	0.0016250402	0.029420579	-3.9402345e-17	-6.903321e-17	4.8591077e-17	-6.905898e-18	0	-1.2054311e-17
7.900099999990906e-10	1.6813086e-08	-5.311892e-09	0.0016221035	0.029502712	-3.9413704e-17	-6.896819e-17	4.8544722e-17	-6.936112e-18	0	-1.2054145e-17
8.00009999999073e-10	1.7014655e-08	-5.2170366e-09	0.001618984	0.029591147	-3.942509e-17	-6.8902855e-17	4.8498175e-17	-6.966441e-18	0	-1.2053969e-17
8.100099999990553e-10	1.8971043e-08	-3.130222e-09	0.0016156677	0.029683823	-3.9436507e-17	-6.8837196e-17	4.8451376e-17	-6.9969024e-18	0	-1.2053783e-17
8.200099999990377e-10	1.8520481e-08	-2.0868147e-09	0.001612174	0.02978202	-3.944796e-17	-6.877116e-17	4.8404313e-17	-7.027517e-18	0	-1.20535866e-17
8.300099999990201e-10	1.7548215e-08	-3.5096428e-09	0.0016084523	0.029885715	-3.9459453e-17	-6.870472e-17	4.835696e-17	-7.058299e-18	0	-1.2053381e-17
8.400099999990025e-10	1.76075e-08	-3.3673602e-09	0.0016045481	0.029998159	-3.9470988e-17	-6.8637826e-17	4.8309267e-17	-7.0892695e-18	0	-1.2053164e-17
8.500099999989849e-10	1.9492747e-08	-8.0626933e-10	0.0016003575	0.030124053	-3.948259e-17	-6.8570434e-17	4.826122e-17	-7.120447e-18	0	-1.2052935e-17
8.600099999989673e-10	2.1164569e-08	1.4228282e-10	0.0015958897	0.03026021	-3.9494255e-17	-6.850249e-17	4.821279e-17	-7.151852e-18	0	-1.2052697e-17
8.700099999989497e-10	2.0061877e-08	4.0313466e-10	0.0015911153	0.030408189	-3.950598e-17	-6.8433976e-17	4.816394e-17	-7.1834995e-18	0	-1.20524475e-17
8.800099999989321e-10	1.8899902e-08	1.6243955e-09	0.0015860209	0.030566305	-3.9517783e-17	-6.836484e-17	4.8114654e-17	-7.215404e-18	0	-1.2052188e-17
8.900099999989144e-10	1.6848658e-08	9.307668e-10	0.0015805634	0.030734584	-3.952966e-17	-6.829506e-17	4.80649e-17	-7.247583e-18	0	-1.20519165e-17
9.000099999988968e-10	1.5556255e-08	6.165589e-10	0.0015746945	0.030913744	-3.954163e-17	-6.82246e-17	4.8014655e-17	-7.2800505e-18	0	-1.2051639e-17
9.100099999988792e-10	1.6777516e-08	6.165589e-10	0.001568372	0.031102022	-3.9553692e-17	-6.8153416e-17	4.7963892e-17	-7.312818e-18	0	-1.20513515e-17
9.200099999988616e-10	1.6967226e-08	-1.8971043e-10	0.0015615842	0.03130211	-3.9565842e-17	-6.80815e-17	4.79126e-17	-7.345896e-18	0	-1.2051055e-17
9.30009999998844e-10	1.703244e-08	-1.0434074e-09	0.00155426	0.031510297	-3.95781e-17	-6.8008825e-17	4.7860766e-17	-7.379291e-18	0	-1.2050752e-17
9.400099999989161e-10	1.9836596e-08	-1.5176834e-09	0.0015463487	0.03173021	-3.959047e-17	-6.793539e-17	4.7808383e-17	-7.413011e-18	0	-1.2050443e-17
9.50009999999002e-10	1.9646887e-08	0	0.0015377973	0.03195923	-3.9602923e-17	-6.786117e-17	4.7755433e-17	-7.447054e-18	0	-1.2050129e-17
9.600099999990877e-10	1.8745762e-08	2.655946e-09	0.0015285314	0.032198403	-3.96155e-17	-6.7786174e-17	4.770191e-17	-7.481421e-18	0	-1.2049811e-17
9.700099999991735e-10	1.5514756e-08	1.327973e-09	0.0015185114	0.032447435	-3.9628165e-17	-6.7710404e-17	4.764783e-17	-7.516107e-18	0	-1.2049495e-17
9.800099999992593e-10	1.3042592e-08	3.7942086e-10	0.0015076656	0.032705467	-3.9640943e-17	-6.763388e-17	4.759321e-17	-7.5510985e-18	0	-1.20491785e-17
9.90009999999345e-10	1.1038775e-08	1.5176834e-09	0.0014959048	0.032973602	-3.965382e-17	-6.755663e-17	4.753805e-17	-7.586386e-18	0	-1.2048863e-17
1.0000099999994308e-09	1.12759135e-08	3.4147878e-09	0.0014831875	0.03324952	-3.9666788e-17	-6.747867e-17	4.7482377e-17	-7.621944e-18	0	-1.2048554e-17
1.0100099999995166e-09	1.2420105e-08	4.1736294e-09	0.0014694163	0.0335356	-3.967984e-17	-6.740006e-17	4.7426215e-17	-7.657752e-18	0	-1.2048253e-17
1.0200099999996024e-09	1.1646442e-08	5.8810232e-09	0.0014545073	0.033827983	-3.9692976e-17	-6.732084e-17	4.736961e-17	-7.693778e-18	0	-1.2047964e-17
1.0300099999996882e-09	1.0635641e-08	4.1736294e-09	0.0014384087	0.03413089	-3.9706175e-17	-6.724109e-17	4.7312597e-17	-7.729992e-18	0	-1.2047685e-17
1.040009999999774e-09	1.0226578e-08	5.311892e-09	0.0014210317	0.03443979	-3.9719416e-17	-6.716086e-17	4.7255217e-17	-7.766347e-18	0	-1.2047426e-17
1.0500099999998598e-09	9.936084e-09	6.639865e-09	0.0014023078	0.034756932	-3.9732698e-17	-6.708024e-17	4.719753e-17	-7.802803e-18	0	-1.2047184e-17
1.0600099999999456e-09	1.0967634e-08	6.260444e-09	0.0013821733	0.035080884	-3.9745975e-17	-6.699928e-17	4.713958e-17	-7.839312e-18	0	-1.20469625e-17
1.0700000000000313e-09	1.14893375e-08	6.8295756e-09	0.0013606028	0.03540928	-3.9759247e-17	-6.691819e-17	4.7081493e-17	-7.875788e-18	0	-1.2046764e-17
1.080000000000117e-09	1.0872779e-08	8.157548e-09	0.001337528	0.035746153	-3.977249e-17	-6.6836855e-17	4.7023203e-17	-7.9122506e-18	0	-1.2046591e-17
1.0900000000002028e-09	8.774108e-09	9.864943e-09	0.001312945	0.036085546	-3.9785687e-17	-6.675542e-17	4.69648e-17	-7.9486176e-18	0	-1.2046446e-17
1.1000000000002886e-09	6.7821477e-09	1.1003205e-08	0.0012868731	0.036432393	-3.9798786e-17	-6.6673973e-17	4.6906355e-17	-7.9848415e-18	0	-1.20463256e-17
1.1100000000003744e-09	4.944328e-09	1.3469441e-08	0.001259327	0.036781568	-3.9811786e-17	-6.6592566e-17	4.6847887e-17	-8.0208776e-18	0	-1.204623e-17
1.1200000000004602e-09	1.7548214e-09	1.4987124e-08	0.0012303664	0.037134632	-3.9824654e-17	-6.651122e-17	4.6789415e-17	-8.056694e-18	0	-1.2046157e-17
1.130000000000546e-09	1.802249e-09	1.2331178e-08	0.0012000483	0.037491843	-3.983736e-17	-6.642995e-17	4.6730967e-17	-8.092264e-18	0	-1.2046106e-17
1.1400000000006318e-09	8.2998314e-10	1.327973e-08	0.0011684971	0.037850022	-3.984989e-17	-6.6348726e-17	4.6672498e-17	-8.127581e-18	0	-1.204607e-17
1.1500000000007175e-09	-4.3870535e-10	1.6409953e-08	0.0011358394	0.038212687	-3.986222e-17	-6.626752e-17	4.661399e-17	-8.162652e-18	0	-1.20460435e-17
1.1600000000008033e-09	-1.5413973e-10	1.7358504e-08	0.0011022396	0.0385762	-3.9874347e-17	-6.6186215e-17	4.6555383e-17	-8.1974955e-18	0	-1.2046016e-17
1.1700000000008891e-09	-3.5570705e-10	1.8971043e-08	0.0010678781	0.038941566	-3.9886255e-17	-6.6104695e-17	4.6496583e-17	-8.232161e-18	0	-1.20459815e-17
1.1800000000009749e-09	-1.458399e-09	2.2018266e-08	0.0010329589	0.039309464	-3.989796e-17	-6.602279e-17	4.643747e-17	-8.26671e-18	0	-1.2045926e-17
1.1900000000010607e-09	-3.9127777e-09	2.063101e-08	0.0009976949	0.03967927	-3.9909463e-17	-6.59403e-17	4.6377906e-17	-8.301232e-18	0	-1.2045842e-17
1.2000000000011465e-09	-4.470052e-09	1.920818e-08	0.00096227997	0.04004879	-3.992079e-17	-6.585695e-17	4.6317717e-17	-8.335842e-18	0	-1.2045713e-17
1.2100000000012322e-09	-5.0036126e-09	1.8781332e-08	0.0009269445	0.040422816	-3.9931962e-17	-6.577245e-17	4.6256688e-17	-8.370672e-18	0	-1.2045526e-17
1.220000000001318e-09	-5.3711764e-09	2.0868146e-08	0.0008918898	0.04079835	-3.994303e-17	-6.568648e-17	4.61946e-17	-8.40588e-18	0	-1.2045269e-17
1.2300000000014038e-09	-5.89288e-09	2.2765251e-08	0.0008572829	0.04117605	-3.9954035e-17	-6.559865e-17	4.6131188e-17	-8.441644e-18	0	-1.2044927e-17
1.2400000000014896e-09	-5.679456e-09	2.5041777e-08	0.0008233201	0.041556723	-3.996505e-17	-6.550856e-17	4.6066165e-17	-8.47816e-18	0	-1.20444876e-17
1.2500000000015754e-09	-6.924431e-09	2.5421198e-08	0.00079014554	0.041942306	-3.9976134e-17	-6.541577e-17	4.5999223e-17	-8.515651e-18	0	-1.20439375e-17
1.2600000000016612e-09	-8.347259e-09	2.6938881e-08	0.00075785577	0.04233281	-3.998738e-17	-6.531979e-17	4.5930024e-17	-8.554349e-18	0	-1.2043264e-17
1.270000000001747e-09	-9.556663e-09	2.3524093e-08	0.00072651485	0.04272855	-3.9998864e-17	-6.522013e-17	4.5858225e-17	-8.594502e-18	0	-1.2042459e-17
1.2800000000018327e-09	-9.936084e-09	2.3524093e-08	0.0006961783	0.043129716	-4.001069e-17	-6.511623e-17	4.5783425e-17	-8.636372e-18	0	-1.2041514e-17
1.2900000000019185e-09	-9.864943e-09	2.200641e-08	0.0006668999	0.043538127	-4.0022955e-17	-6.500755e-17	4.570525e-17	-8.680238e-18	0	-1.2040415e-17
1.3000000000020043e-09	-1.0244363e-08	2.1626988e-08	0.0006386705	0.04395289	-4.0035767e-17	-6.48935e-17	4.5623266e-17	-8.726382e-18	0	-1.2039158e-17
1.3100000000020901e-09	-1.1430053e-08	2.2765251e-08	0.00061147055	0.04437581	-4.004925e-17	-6.477345e-17	4.5537044e-17	-8.775102e-18	0	-1.2037738e-17
1.3200000000021759e-09	-1.17620464e-08	2.4282935e-08	0.00058523164	0.044807956	-4.0063504e-17	-6.46468e-17	4.5446143e-17	-8.826702e-18	0	-1.2036143e-17
1.3300000000022617e-09	-1.278174e-08	2.5041777e-08	0.0005599663	0.04525102	-4.007867e-17	-6.451289e-17	4.5350084e-17	-8.8814895e-18	0	-1.20343794e-17
1.3400000000023475e-09	-1.0386646e-08	2.200641e-08	0.00053556514	0.045704167	-4.0094867e-17	-6.4371056e-17	4.5248404e-17	-8.939785e-18	0	-1.2032438e-17
1.3500000000024332e-09	-1.0007225e-08	1.9729885e-08	0.00051197794	0.046168618	-4.0112228e-17	-6.422064e-17	4.5140632e-17	-9.001904e-18	0	-1.2030319e-17
1.360000000002519e-09	-1.1145487e-08	1.7073939e-08	0.00048917055	0.04664435	-4.0130886e-17	-6.406096e-17	4.502627e-17	-9.0681734e-18	0	-1.20280225e-17
1.3700000000026048e-09	-1.1809474e-08	1.8591622e-08	0.0004670644	0.04713242	-4.0150983e-17	-6.3891364e-17	4.4904846e-17	-9.1389114e-18	0	-1.2025555e-17
1.3800000000026906e-09	-1.0789781e-08	1.8212202e-08	0.00044556672	0.047633767	-4.0172642e-17	-6.371117e-17	4.4775882e-17	-9.214429e-18	0	-1.2022919e-17
1.3900000000027764e-09	-9.011245e-09	1.8212202e-08	0.00042467532	0.04814642	-4.0195998e-17	-6.3519775e-17	4.4638937e-17	-9.295035e-18	0	-1.20201254e-17
1.4000000000028622e-09	-7.3038513e-09	1.8212202e-08	0.00040431294	0.04867323	-4.0221204e-17	-6.331658e-17	4.449358e-17	-9.381015e-18	0	-1.2017188e-17
1.410000000002948e-09	-6.189303e-09	1.9350464e-08	0.0003844903	0.04921341	-4.0248365e-17	-6.310103e-17	4.4339422e-17	-9.472639e-18	0	-1.2014121e-17
1.4200000000030337e-09	-7.3038513e-09	1.8971043e-08	0.00036522275	0.04976592	-4.0277644e-17	-6.287268e-17	4.4176127e-17	-9.570137e-18	0	-1.2010949e-17
1.4300000000031195e-09	-7.7781275e-09	1.8591622e-08	0.00034651766	0.050331715	-4.030911e-17	-6.263113e-17	4.4003428e-17	-9.673708e-18	0	-1.2007696e-17
1.4400000000032053e-09	-6.2130163e-09	1.8971043e-08	0.00032848967	0.0509087	-4.0342892e-17	-6.237615e-17	4.3821147e-17	-9.783494e-18	0	-1.2004395e-17
1.450000000003291e-09	-6.165589e-09	2.0109304e-08	0.00031125927	0.05149871	-4.0379073e-17	-6.210761e-17	4.3629195e-17	-9.89957e-18	0	-1.2001085e-17
1.4600000000033769e-09	-7.0429995e-09	2.238583e-08	0.00029501758	0.05209851	-4.0417712e-17	-6.182561e-17	4.3427644e-17	-1.0021934e-17	0	-1.1997813e-17
1.4700000000034627e-09	-6.7110064e-09	2.3524093e-08	0.00028004585	0.052710526	-4.0458833e-17	-6.1530445e-17	4.3216713e-17	-1.015047e-17	0	-1.1994627e-17
1.4800000000035485e-09	-5.7387406e-09	2.3524093e-08	0.00026674854	0.05336431	-4.0502416e-17	-6.1222714e-17	4.2996822e-17	-1.0284941e-17	0	-1.1991586e-17
1.4900000000036342e-09	-5.3593197e-09	2.3713804e-08	0.00025565602	0.054126795	-4.054843e-17	-6.0903356e-17	4.276864e-17	-1.0424951e-17	0	-1.1988763e-17
1.50000000000372e-09	-7.6121305e-09	2.5800619e-08	0.00024747933	0.055006776	-4.05967e-17	-6.057368e-17	4.2533118e-17	-1.05699074e-17	0	-1.198623e-17
1.5100000000038058e-09	-8.631824e-09	2.9120551e-08	0.00024309693	0.055978622	-4.064703e-17	-6.0235504e-17	4.2291548e-17	-1.07189935e-17	0	-1.1984083e-17
1.5200000000038916e-09	-1.0268077e-08	3.1871352e-08	0.00024359218	0.057015978	-4.0699106e-17	-5.989113e-17	4.204557e-17	-1.0871127e-17	0	-1.1982424e-17
1.5300000000039774e-09	-1.1750189e-08	3.3389036e-08	0.00025019067	0.05810698	-4.0752476e-17	-5.9543405e-17	4.1797238e-17	-1.1024941e-17	0	-1.1981367e-17
1.5400000000040632e-09	-1.2082183e-08	3.604498e-08	0.00026408298	0.05923212	-4.0806583e-17	-5.9195685e-17	4.1548918e-17	-1.1178775e-17	0	-1.1981038e-17
1.550000000004149e-09	-1.2497174e-08	3.3768455e-08	0.00028612278	0.060384814	-4.0860707e-17	-5.885169e-17	4.1303272e-17	-1.1330742e-17	0	-1.198155e-17
1.5600000000042347e-09	-1.4536561e-08	3.7183245e-08	0.00031638882	0.061547313	-4.0914024e-17	-5.851525e-17	4.1063046e-17	-1.1478814e-17	0	-1.1983004e-17
1.5700000000043205e-09	-1.5437687e-08	3.7183245e-08	0.00035352347	0.06271246	-4.0965686e-17	-5.8190045e-17	4.0830833e-17	-1.1621024e-17	0	-1.1985447e-17
1.5800000000044063e-09	-1.584082e-08	3.945977e-08	0.00039429794	0.06386353	-4.1014854e-17	-5.7879124e-17	4.0608818e-17	-1.17557014e-17	0	-1.19888464e-17
1.590000000004492e-09	-1.5674823e-08	4.477166e-08	0.0004333282	0.06498974	-4.1060875e-17	-5.7584695e-17	4.0398578e-17	-1.1881687e-17	0	-1.19930675e-17
1.6000000000045779e-09	-1.745336e-08	4.401282e-08	0.00046361168	0.0660805	-4.1103356e-17	-5.7308026e-17	4.0201004e-17	-1.1998464e-17	0	-1.1997871e-17
1.6100000000046637e-09	-2.0180448e-08	3.945977e-08	0.00047782555	0.06712224	-4.1142217e-17	-5.704959e-17	4.001642e-17	-1.2106102e-17	0	-1.2002949e-17
1.6200000000047495e-09	-2.0251589e-08	4.5530502e-08	0.000470118	0.06811029	-4.117761e-17	-5.680941e-17	3.984484e-17	-1.2205037e-17	0	-1.2008014e-17
1.6300000000048352e-09	-2.2622968e-08	4.097745e-08	0.00043774466	0.06903655	-4.1209797e-17	-5.658739e-17	3.968621e-17	-1.2295767e-17	0	-1.20128454e-17
1.640000000004921e-09	-2.4662356e-08	4.2495135e-08	0.00038195614	0.06989676	-4.1238993e-17	-5.6383536e-17	3.9540514e-17	-1.2378635e-17	0	-1.2017339e-17
1.6500000000050068e-09	-2.6654314e-08	3.945977e-08	0.00030780895	0.07068574	-4.1265324e-17	-5.619792e-17	3.9407824e-17	-1.2453714e-17	0	-1.2021512e-17
1.6600000000050926e-09	-2.5041777e-08	3.945977e-08	0.0002231207	0.071402155	-4.1288793e-17	-5.603061e-17	3.9288177e-17	-1.2520923e-17	0	-1.20254426e-17
1.6700000000051784e-09	-2.5895472e-08	3.1871352e-08	0.00013708248	0.07204512	-4.1309344e-17	-5.588145e-17	3.91815e-17	-1.2580182e-17	0	-1.2029213e-17
1.6800000000052642e-09	-2.4709783e-08	3.6424403e-08	5.8797334e-05	0.072619714	-4.132696e-17	-5.574996e-17	3.9087464e-17	-1.2631601e-17	0	-1.2032864e-17
1.69000000000535e-09	-2.4235508e-08	2.8835984e-08	-4.061321e-06	0.07312398	-4.1341782e-17	-5.563522e-17	3.900542e-17	-1.2675603e-17	0	-1.2036376e-17
1.7000000000054357e-09	-2.3595234e-08	1.9729885e-08	-4.6163375e-05	0.07356411	-4.1354048e-17	-5.553595e-17	3.8934478e-17	-1.27129024e-17	0	-1.2039676e-17
1.7100000000055215e-09	-2.0963002e-08	1.5176834e-08	-6.515795e-05	0.07394734	-4.1364126e-17	-5.545063e-17	3.887357e-17	-1.2744396e-17	0	-1.204267e-17
1.7200000000056073e-09	-1.8425625e-08	6.0707337e-09	-6.171508e-05	0.07427297	-4.1372444e-17	-5.537771e-17	3.8821568e-17	-1.2771023e-17	0	-1.2045279e-17
1.730000000005693e-09	-1.5627396e-08	3.0353668e-09	-3.909097e-05	0.07455117	-4.137937e-17	-5.5315665e-17	3.8777397e-17	-1.2793632e-17	0	-1.2047469e-17
1.7400000000057789e-09	-1.0884635e-08	-3.0353668e-09	-2.239342e-06	0.074788645	-4.1385232e-17	-5.5263143e-17	3.8740054e-17	-1.2812896e-17	0	-1.20492596e-17
1.7500000000058647e-09	-8.038979e-09	-4.5530504e-09	4.3151533e-05	0.074989915	-4.1390275e-17	-5.5218885e-17	3.8708638e-17	-1.2829324e-17	0	-1.2050705e-17
1.7600000000059504e-09	-4.9798987e-09	-9.106101e-09	9.1674905e-05	0.07516005	-4.1394642e-17	-5.518176e-17	3.8682304e-17	-1.2843304e-17	0	-1.205188e-17
1.7700000000060362e-09	-4.7427606e-10	-1.3659151e-08	0.0001388225	0.07530364	-4.1398444e-17	-5.5150682e-17	3.866026e-17	-1.28551535e-17	0	-1.2052867e-17
1.780000000006122e-09	3.0590805e-09	-2.1247567e-08	0.00018135103	0.07542426	-4.1401743e-17	-5.512459e-17	3.864173e-17	-1.286516e-17	0	-1.2053721e-17
1.7900000000062078e-09	2.5848046e-09	-2.5800619e-08	0.00021739145	0.07552582	-4.140458e-17	-5.5102484e-17	3.8625993e-17	-1.28736096e-17	0	-1.2054479e-17
1.8000000000062936e-09	3.983919e-09	-2.1247567e-08	0.00024621302	0.07561099	-4.140701e-17	-5.5083476e-17	3.861241e-17	-1.2880782e-17	0	-1.2055163e-17
1.8100000000063794e-09	3.8416363e-09	-2.1247567e-08	0.0002679288	0.07568386	-4.140908e-17	-5.5066727e-17	3.8600377e-17	-1.2886954e-17	0	-1.2055773e-17
1.8200000000064652e-09	1.4939696e-09	-1.9729885e-08	0.0002832536	0.07574783	-4.141081e-17	-5.5051543e-17	3.8589415e-17	-1.2892363e-17	0	-1.2056317e-17
1.830000000006551e-09	2.1342424e-10	-1.6694518e-08	0.00029314132	0.075805075	-4.1412258e-17	-5.5037395e-17	3.8579155e-17	-1.2897225e-17	0	-1.2056787e-17
1.8400000000066367e-09	-1.3042591e-09	-1.5176834e-08	0.0002987097	0.07585709	-4.1413476e-17	-5.50239e-17	3.856931e-17	-1.2901697e-17	0	-1.2057192e-17
1.8500000000067225e-09	-1.8259628e-09	-1.6694518e-08	0.00030110384	0.07590529	-4.1414495e-17	-5.5010786e-17	3.855973e-17	-1.2905903e-17	0	-1.20575305e-17
1.8600000000068083e-09	-2.418808e-09	-1.2141467e-08	0.00030123285	0.07595066	-4.1415342e-17	-5.4997925e-17	3.8550312e-17	-1.290992e-17	0	-1.2057809e-17
1.870000000006742e-09	-4.0550603e-09	-1.8212202e-08	0.00029994434	0.075993866	-4.141607e-17	-5.4985273e-17	3.8541035e-17	-1.2913794e-17	0	-1.2058034e-17
1.880000000006621e-09	-6.497582e-09	-4.5530504e-09	0.00029789848	0.07603529	-4.1416685e-17	-5.4972865e-17	3.853194e-17	-1.2917542e-17	0	-1.2058216e-17
1.8900000000065e-09	-7.754414e-09	-1.0623784e-08	0.00029568266	0.07607469	-4.1417198e-17	-5.4960762e-17	3.852308e-17	-1.2921158e-17	0	-1.20583586e-17
1.900000000006379e-09	-7.0904274e-09	-9.106101e-09	0.00029377342	0.07611213	-4.1417645e-17	-5.4949072e-17	3.8514542e-17	-1.292464e-17	0	-1.2058474e-17
1.910000000006258e-09	-4.6241917e-09	-4.5530504e-09	0.0002924333	0.07614722	-4.1418045e-17	-5.49379e-17	3.8506382e-17	-1.2927961e-17	0	-1.20585645e-17
1.920000000006137e-09	-4.837616e-09	-7.588417e-09	0.00029182623	0.07617984	-4.1418382e-17	-5.4927324e-17	3.849868e-17	-1.2931103e-17	0	-1.2058641e-17
1.930000000006016e-09	-7.706986e-09	-9.106101e-09	0.00029204402	0.076209806	-4.1418684e-17	-5.4917434e-17	3.8491497e-17	-1.2934045e-17	0	-1.20587e-17
1.940000000005895e-09	-8.72668e-09	-1.2141467e-08	0.00029303585	0.07623718	-4.141895e-17	-5.490829e-17	3.8484866e-17	-1.29367756e-17	0	-1.2058755e-17
1.950000000005774e-09	-9.698946e-09	-1.3659151e-08	0.0002947235	0.0762617	-4.1419193e-17	-5.4899928e-17	3.8478814e-17	-1.2939283e-17	0	-1.2058802e-17
1.960000000005653e-09	-8.963817e-09	-1.5176834e-08	0.00029698788	0.07628309	-4.1419408e-17	-5.4892364e-17	3.8473358e-17	-1.2941559e-17	0	-1.2058845e-17
1.9700000000055318e-09	-9.0349594e-09	-9.106101e-09	0.0002996499	0.076301254	-4.1419593e-17	-5.48856e-17	3.8468494e-17	-1.2943602e-17	0	-1.2058886e-17
1.9800000000054108e-09	-5.525316e-09	-9.106101e-09	0.00030261165	0.07631612	-4.1419762e-17	-5.4879615e-17	3.84642e-17	-1.2945421e-17	0	-1.2058924e-17
1.9900000000052898e-09	-5.454175e-09	-7.588417e-09	0.00030569482	0.07632794	-4.1419914e-17	-5.487439e-17	3.8460457e-17	-1.2947021e-17	0	-1.2058961e-17
2.0000000000051688e-09	-4.0313464e-09	-9.106101e-09	0.00030871882	0.076336786	-4.1420053e-17	-5.486988e-17	3.8457235e-17	-1.2948408e-17	0	-1.2058997e-17
2.0100000000050478e-09	-3.8890637e-09	-1.3659151e-08	0.00031155764	0.07634282	-4.1420166e-17	-5.486602e-17	3.8454485e-17	-1.2949603e-17	0	-1.2059029e-17
2.0200000000049267e-09	-6.4264407e-09	-1.2141467e-08	0.00031426898	0.07634644	-4.142028e-17	-5.486277e-17	3.8452176e-17	-1.2950619e-17	0	-1.20590625e-17
2.0300000000048057e-09	-5.454175e-09	-1.0623784e-08	0.00031679744	0.07634785	-4.142036e-17	-5.4860058e-17	3.8450257e-17	-1.2951471e-17	0	-1.2059089e-17
2.0400000000046847e-09	-2.9879392e-09	-1.0623784e-08	0.00031914606	0.07634731	-4.1420437e-17	-5.4857844e-17	3.844869e-17	-1.2952176e-17	0	-1.2059114e-17
2.0500000000045637e-09	-8.5369695e-10	-1.2141467e-08	0.00032123286	0.0763451	-4.142051e-17	-5.4856054e-17	3.8447428e-17	-1.295275e-17	0	-1.2059136e-17
2.0600000000044427e-09	-2.3713803e-11	-4.5530504e-09	0.00032315578	0.07634156	-4.142057e-17	-5.4854644e-17	3.8446442e-17	-1.2953213e-17	0	-1.2059157e-17
2.0700000000043217e-09	1.7073939e-09	-6.0707337e-09	0.0003248442	0.07633695	-4.1420616e-17	-5.4853546e-17	3.8445677e-17	-1.295358e-17	0	-1.2059171e-17
2.0800000000042007e-09	2.4425217e-09	-9.106101e-09	0.00032638086	0.076331496	-4.1420666e-17	-5.485274e-17	3.8445115e-17	-1.2953859e-17	0	-1.2059185e-17
2.0900000000040797e-09	-6.165589e-10	-1.2141467e-08	0.00032784315	0.07632539	-4.1420715e-17	-5.485215e-17	3.8444705e-17	-1.2954071e-17	0	-1.2059197e-17
2.1000000000039587e-09	-2.4899494e-09	-6.0707337e-09	0.00032918327	0.076318845	-4.1420745e-17	-5.485175e-17	3.8444433e-17	-1.2954225e-17	0	-1.2059206e-17
2.1100000000038377e-09	-3.2962186e-09	-1.0623784e-08	0.00033036628	0.07631203	-4.142078e-17	-5.4851514e-17	3.8444274e-17	-1.2954327e-17	0	-1.2059214e-17
2.1200000000037166e-09	-2.6085183e-09	-6.0707337e-09	0.00033145674	0.076305136	-4.142081e-17	-5.4851405e-17	3.8444205e-17	-1.295439e-17	0	-1.205922e-17
2.1300000000035956e-09	-2.9879392e-09	-1.5176834e-08	0.0003325229	0.07629819	-4.1420838e-17	-5.485138e-17	3.8444192e-17	-1.2954428e-17	0	-1.2059224e-17
2.1400000000034746e-09	-3.5570704e-09	-4.5530504e-09	0.00033343807	0.076291315	-4.142087e-17	-5.4851445e-17	3.8444245e-17	-1.2954438e-17	0	-1.2059228e-17
2.1500000000033536e-09	-2.9405116e-09	3.0353668e-09	0.00033425688	0.07628447	-4.1420887e-17	-5.485157e-17	3.844434e-17	-1.2954425e-17	0	-1.205923e-17
2.1600000000032326e-09	1.1856902e-10	-3.0353668e-09	0.00033498916	0.07627771	-4.1420914e-17	-5.485175e-17	3.8444466e-17	-1.2954401e-17	0	-1.2059233e-17
2.1700000000031116e-09	4.5056225e-10	-3.0353668e-09	0.00033573207	0.07627107	-4.142094e-17	-5.4851958e-17	3.844462e-17	-1.2954363e-17	0	-1.20592345e-17
2.1800000000029906e-09	2.2765252e-09	-9.106101e-09	0.0003364279	0.07626451	-4.1420957e-17	-5.485219e-17	3.844479e-17	-1.2954317e-17	0	-1.2059236e-17
2.1900000000028696e-09	7.351279e-10	-6.0707337e-09	0.00033700996	0.07625804	-4.1420977e-17	-5.4852457e-17	3.8444973e-17	-1.295426e-17	0	-1.2059236e-17
2.2000000000027486e-09	-3.6993533e-09	-9.106101e-09	0.00033751002	0.07625165	-4.1420996e-17	-5.485274e-17	3.8445184e-17	-1.29542e-17	0	-1.2059237e-17
2.2100000000026276e-09	-1.6836801e-09	-6.0707337e-09	0.00033798735	0.07624529	-4.142102e-17	-5.4853046e-17	3.8445396e-17	-1.2954131e-17	0	-1.2059239e-17
2.2200000000025065e-09	8.774107e-10	-3.0353668e-09	0.00033835613	0.076239005	-4.1421036e-17	-5.4853367e-17	3.844563e-17	-1.2954057e-17	0	-1.2059239e-17
2.2300000000023855e-09	-8.0626933e-10	-3.0353668e-09	0.00033859897	0.07623274	-4.1421056e-17	-5.485371e-17	3.8445866e-17	-1.2953977e-17	0	-1.2059236e-17
2.2400000000022645e-09	-3.0353668e-09	-3.0353668e-09	0.00033886303	0.076226525	-4.1421076e-17	-5.4854065e-17	3.844612e-17	-1.2953893e-17	0	-1.2059236e-17
2.2500000000021435e-09	-1.2568315e-09	-3.0353668e-09	0.00033911725	0.07622032	-4.1421096e-17	-5.485443e-17	3.844638e-17	-1.2953807e-17	0	-1.2059236e-17
2.2600000000020225e-09	-2.418808e-09	1.5176834e-09	0.00033939802	0.07621411	-4.1421106e-17	-5.4854813e-17	3.8446657e-17	-1.29537146e-17	0	-1.2059236e-17
2.2700000000019015e-09	-3.5096428e-09	-3.0353668e-09	0.00033977441	0.07620791	-4.1421125e-17	-5.4855214e-17	3.844694e-17	-1.2953616e-17	0	-1.2059236e-17
2.2800000000017805e-09	3.272505e-09	6.0707337e-09	0.00034015003	0.07620168	-4.1421135e-17	-5.4855617e-17	3.8447236e-17	-1.2953519e-17	0	-1.2059236e-17
2.2900000000016595e-09	-3.0827946e-10	6.0707337e-09	0.00034045283	0.076195434	-4.1421152e-17	-5.485604e-17	3.8447537e-17	-1.2953414e-17	0	-1.2059236e-17
2.3000000000015385e-09	-1.209404e-09	9.106101e-09	0.00034071083	0.07618919	-4.1421175e-17	-5.4856477e-17	3.8447848e-17	-1.295331e-17	0	-1.2059236e-17
2.3100000000014175e-09	-2.2528113e-09	4.5530504e-09	0.00034098173	0.0761829	-4.1421188e-17	-5.4856918e-17	3.844817e-17	-1.2953201e-17	0	-1.2059236e-17
2.3200000000012965e-09	-3.248791e-09	4.5530504e-09	0.0003411517	0.076176606	-4.1421195e-17	-5.4857368e-17	3.8448493e-17	-1.2953089e-17	0	-1.2059236e-17
2.3300000000011754e-09	-8.4184e-09	3.0353668e-09	0.0003412701	0.076170266	-4.1421225e-17	-5.4857834e-17	3.8448824e-17	-1.2952974e-17	0	-1.2059236e-17
2.3400000000010544e-09	-4.221057e-09	4.5530504e-09	0.000341456	0.07616395	-4.142123e-17	-5.4858297e-17	3.844916e-17	-1.2952857e-17	0	-1.2059236e-17
2.3500000000009334e-09	-1.0671212e-09	4.5530504e-09	0.00034172917	0.07615764	-4.142125e-17	-5.4858774e-17	3.84495e-17	-1.2952742e-17	0	-1.2059236e-17
2.3600000000008124e-09	-1.9682458e-09	6.0707337e-09	0.00034192496	0.076151356	-4.1421268e-17	-5.4859244e-17	3.844984e-17	-1.2952624e-17	0	-1.2059236e-17
2.3700000000006914e-09	-2.774515e-09	7.588417e-09	0.0003420517	0.076145075	-4.1421278e-17	-5.485971e-17	3.845018e-17	-1.2952509e-17	0	-1.2059235e-17
2.3800000000005704e-09	-2.9879392e-09	7.588417e-09	0.00034223535	0.076138824	-4.142129e-17	-5.4860177e-17	3.8450515e-17	-1.29523936e-17	0	-1.2059235e-17
2.3900000000004494e-09	-6.639865e-10	7.588417e-09	0.0003424243	0.07613258	-4.14213e-17	-5.4860643e-17	3.8450855e-17	-1.2952277e-17	0	-1.20592345e-17
2.4000000000003284e-09	6.3078716e-09	1.0623784e-08	0.00034275514	0.076126345	-4.1421324e-17	-5.4861116e-17	3.8451186e-17	-1.2952164e-17	0	-1.20592345e-17
2.4100000000002074e-09	1.446542e-09	4.5530504e-09	0.0003432484	0.07612014	-4.142133e-17	-5.4861573e-17	3.8451524e-17	-1.2952047e-17	0	-1.20592345e-17
2.4200000000000864e-09	3.960205e-09	7.588417e-09	0.0003436665	0.07611396	-4.1421344e-17	-5.486202e-17	3.845185e-17	-1.2951937e-17	0	-1.2059233e-17
2.4300099999999652e-09	-1.1145488e-09	4.5530504e-09	0.00034397535	0.07610785	-4.142136e-17	-5.4862476e-17	3.8452176e-17	-1.29518245e-17	0	-1.20592345e-17
2.4400099999998442e-09	1.565111e-09	1.6694518e-08	0.00034431682	0.07610178	-4.1421377e-17	-5.486291e-17	3.8452487e-17	-1.2951717e-17	0	-1.2059233e-17
2.450009999999723e-09	1.1619764e-09	1.0623784e-08	0.00034467882	0.076095745	-4.142139e-17	-5.4863346e-17	3.8452798e-17	-1.295161e-17	0	-1.2059233e-17
2.460009999999602e-09	6.5924373e-09	1.0623784e-08	0.00034501954	0.07608975	-4.1421393e-17	-5.4863767e-17	3.845311e-17	-1.2951505e-17	0	-1.2059233e-17
2.470009999999481e-09	-9.485521e-10	1.5176834e-08	0.00034540577	0.07608382	-4.142142e-17	-5.4864197e-17	3.8453407e-17	-1.29514e-17	0	-1.2059232e-17
2.48000999999936e-09	-3.5333567e-09	9.106101e-09	0.00034580418	0.076077916	-4.142143e-17	-5.48646e-17	3.8453704e-17	-1.29513025e-17	0	-1.2059232e-17
2.490009999999239e-09	-3.8416363e-09	6.0707337e-09	0.0003461889	0.07607207	-4.1421446e-17	-5.4864994e-17	3.8453986e-17	-1.2951205e-17	0	-1.2059232e-17
2.500009999999118e-09	-1.802249e-09	1.2141467e-08	0.0003465797	0.0760663	-4.1421453e-17	-5.4865388e-17	3.8454273e-17	-1.2951109e-17	0	-1.205923e-17
2.510009999998997e-09	-1.327973e-09	1.8212202e-08	0.0003469318	0.07606063	-4.142147e-17	-5.4865765e-17	3.845454e-17	-1.2951017e-17	0	-1.205923e-17
2.520009999998876e-09	1.0196936e-09	1.5176834e-08	0.00034730363	0.07605502	-4.142148e-17	-5.4866142e-17	3.8454813e-17	-1.29509294e-17	0	-1.2059228e-17
2.530009999998755e-09	-3.8179224e-09	1.5176834e-08	0.00034766636	0.076049484	-4.1421506e-17	-5.486651e-17	3.8455074e-17	-1.2950841e-17	0	-1.2059228e-17
2.540009999998634e-09	-5.098468e-09	1.5176834e-08	0.00034805035	0.07604406	-4.142152e-17	-5.4866854e-17	3.845532e-17	-1.2950758e-17	0	-1.2059227e-17
2.550009999998513e-09	-4.1973434e-09	1.2141467e-08	0.0003484176	0.07603868	-4.142153e-17	-5.486719e-17	3.8455567e-17	-1.2950679e-17	0	-1.2059227e-17
2.560009999998392e-09	-5.667599e-09	1.8212202e-08	0.00034889113	0.07603338	-4.1421546e-17	-5.4867525e-17	3.845581e-17	-1.2950601e-17	0	-1.2059226e-17
2.570009999998271e-09	-1.9682458e-09	2.1247567e-08	0.00034950275	0.0760282	-4.1421556e-17	-5.4867846e-17	3.845604e-17	-1.2950524e-17	0	-1.2059226e-17
2.58000999999815e-09	-4.5056225e-10	1.2141467e-08	0.00035003395	0.076023035	-4.1421572e-17	-5.486816e-17	3.8456265e-17	-1.2950452e-17	0	-1.20592254e-17
2.590009999998029e-09	9.959797e-10	1.8212202e-08	0.0003505363	0.07601792	-4.1421585e-17	-5.486846e-17	3.845648e-17	-1.2950387e-17	0	-1.2059224e-17
2.600009999997908e-09	-2.8219427e-09	1.9729885e-08	0.00035093774	0.076012895	-4.142161e-17	-5.4868753e-17	3.845669e-17	-1.2950317e-17	0	-1.2059224e-17
2.610009999997787e-09	-5.9758785e-09	2.1247567e-08	0.0003513953	0.07600794	-4.1421622e-17	-5.486904e-17	3.8456897e-17	-1.2950254e-17	0	-1.2059223e-17
2.620009999997666e-09	-5.54903e-09	1.9729885e-08	0.00035186048	0.07600305	-4.1421635e-17	-5.4869312e-17	3.8457096e-17	-1.2950195e-17	0	-1.2059222e-17
2.630009999997545e-09	-5.928451e-09	2.1247567e-08	0.00035233324	0.07599824	-4.1421655e-17	-5.4869577e-17	3.8457288e-17	-1.2950137e-17	0	-1.2059222e-17
2.640009999997424e-09	6.165589e-10	2.2765251e-08	0.0003528629	0.07599354	-4.1421665e-17	-5.486984e-17	3.8457476e-17	-1.2950081e-17	0	-1.205922e-17
2.650009999997303e-09	-1.9919595e-09	1.9729885e-08	0.0003533774	0.07598891	-4.142168e-17	-5.487009e-17	3.8457655e-17	-1.295003e-17	0	-1.205922e-17
2.660009999997182e-09	-1.2568315e-09	1.8212202e-08	0.00035390176	0.07598436	-4.14217e-17	-5.4870328e-17	3.8457824e-17	-1.2949979e-17	0	-1.2059218e-17
2.670009999997061e-09	-3.8890637e-09	2.1247567e-08	0.00035443902	0.07597988	-4.1421718e-17	-5.487056e-17	3.8457992e-17	-1.2949932e-17	0	-1.2059217e-17
2.68000999999694e-09	-4.102488e-09	2.1247567e-08	0.0003550294	0.07597548	-4.1421738e-17	-5.4870794e-17	3.8458158e-17	-1.2949884e-17	0	-1.20592155e-17
2.690009999996819e-09	-3.8179224e-09	2.8835984e-08	0.0003556577	0.07597111	-4.142175e-17	-5.4871006e-17	3.845831e-17	-1.2949844e-17	0	-1.2059214e-17
2.700009999996698e-09	-1.9682458e-09	2.5800619e-08	0.00035630653	0.07596683	-4.142177e-17	-5.487121e-17	3.845846e-17	-1.2949808e-17	0	-1.2059214e-17
2.710009999996577e-09	-4.387054e-09	3.0353668e-08	0.00035685897	0.0759626	-4.1421794e-17	-5.487141e-17	3.8458598e-17	-1.2949772e-17	0	-1.2059214e-17
2.720009999996456e-09	-4.36334e-09	2.4282935e-08	0.00035741142	0.07595843	-4.1421814e-17	-5.4871592e-17	3.8458734e-17	-1.2949741e-17	0	-1.2059213e-17
2.730009999996335e-09	-7.280138e-09	3.0353668e-08	0.00035792438	0.07595431	-4.1421827e-17	-5.487177e-17	3.8458863e-17	-1.2949711e-17	0	-1.205921e-17
2.740009999996214e-09	-6.4027267e-10	2.8835984e-08	0.00035843434	0.07595021	-4.1421843e-17	-5.4871942e-17	3.8458985e-17	-1.2949686e-17	0	-1.2059208e-17
2.750009999996093e-09	1.209404e-09	2.7318302e-08	0.00035906266	0.0759462	-4.142187e-17	-5.4872105e-17	3.84591e-17	-1.29496655e-17	0	-1.20592064e-17
2.760009999995972e-09	6.639865e-10	3.1871352e-08	0.0003597312	0.0759422	-4.1421893e-17	-5.4872253e-17	3.8459207e-17	-1.29496465e-17	0	-1.2059206e-17
2.770009999995851e-09	-1.6362525e-09	3.3389036e-08	0.00036043083	0.075938255	-4.142192e-17	-5.4872392e-17	3.845931e-17	-1.2949632e-17	0	-1.2059205e-17
2.78000999999573e-09	-4.221057e-09	3.0353668e-08	0.00036111986	0.07593434	-4.1421946e-17	-5.487252e-17	3.8459405e-17	-1.29496175e-17	0	-1.2059204e-17
2.790009999995609e-09	-1.0434074e-09	3.490672e-08	0.00036182636	0.07593046	-4.1421963e-17	-5.4872654e-17	3.8459498e-17	-1.2949608e-17	0	-1.20592e-17
2.800009999995488e-09	-1.4939696e-09	3.6424403e-08	0.00036262997	0.07592666	-4.142199e-17	-5.487277e-17	3.845958e-17	-1.29496035e-17	0	-1.2059198e-17
2.810009999995367e-09	-1.6362525e-09	4.2495135e-08	0.0003633903	0.0759229	-4.1422012e-17	-5.4872872e-17	3.8459657e-17	-1.2949601e-17	0	-1.2059197e-17
2.820009999995246e-09	-8.394687e-09	4.5530502e-08	0.0003641317	0.0759192	-4.142205e-17	-5.4872968e-17	3.845972e-17	-1.29496035e-17	0	-1.2059196e-17
2.830009999995125e-09	-1.0742353e-08	3.945977e-08	0.00036482606	0.07591553	-4.142207e-17	-5.487305e-17	3.8459786e-17	-1.294961e-17	0	-1.20591915e-17
2.840009999995004e-09	-9.5803765e-09	4.401282e-08	0.00036551963	0.07591193	-4.1422095e-17	-5.487313e-17	3.8459842e-17	-1.2949618e-17	0	-1.205919e-17
2.850009999994883e-09	-4.102488e-09	3.945977e-08	0.0003662284	0.07590839	-4.1422128e-17	-5.4873193e-17	3.8459885e-17	-1.2949633e-17	0	-1.2059189e-17
2.860009999994762e-09	-4.6004778e-09	3.6424403e-08	0.00036691743	0.075904906	-4.142216e-17	-5.4873243e-17	3.845992e-17	-1.29496515e-17	0	-1.2059187e-17
2.870009999994641e-09	-6.8295756e-09	4.097745e-08	0.00036767172	0.075901434	-4.1422194e-17	-5.4873286e-17	3.8459954e-17	-1.2949674e-17	0	-1.2059183e-17
2.8800099999945198e-09	-4.719047e-09	4.097745e-08	0.0003684609	0.075898014	-4.1422224e-17	-5.4873312e-17	3.8459974e-17	-1.29497036e-17	0	-1.2059181e-17
2.8900099999943988e-09	-3.7942085e-09	4.2495135e-08	0.00036922735	0.07589463	-4.1422254e-17	-5.4873325e-17	3.8459988e-17	-1.2949736e-17	0	-1.2059179e-17
2.9000099999942778e-09	-3.983919e-09	4.2495135e-08	0.00037009924	0.075891346	-4.1422293e-17	-5.487333e-17	3.8459988e-17	-1.29497755e-17	0	-1.2059177e-17
2.9100099999941568e-09	-4.742761e-09	4.7048186e-08	0.0003711161	0.07588815	-4.142233e-17	-5.4873325e-17	3.845998e-17	-1.2949816e-17	0	-1.20591725e-17
2.9200099999940357e-09	-6.0470198e-09	4.401282e-08	0.00037211474	0.07588498	-4.1422363e-17	-5.4873302e-17	3.845997e-17	-1.2949866e-17	0	-1.2059171e-17
2.9300099999939147e-09	-6.3078716e-09	4.5530502e-08	0.00037303596	0.075881846	-4.142241e-17	-5.4873263e-17	3.8459945e-17	-1.2949918e-17	0	-1.20591675e-17
2.9400099999937937e-09	-8.465828e-09	4.401282e-08	0.00037385704	0.07587873	-4.1422456e-17	-5.4873223e-17	3.845991e-17	-1.2949978e-17	0	-1.2059163e-17
2.9500099999936727e-09	-6.0470198e-09	4.2495135e-08	0.00037474412	0.07587566	-4.142249e-17	-5.4873153e-17	3.845987e-17	-1.295004e-17	0	-1.2059161e-17
2.9600099999935517e-09	-6.402727e-09	5.1601237e-08	0.00037566762	0.07587264	-4.142254e-17	-5.487308e-17	3.845981e-17	-1.2950115e-17	0	-1.20591584e-17
2.9700099999934307e-09	-1.1382626e-09	5.311892e-08	0.00037655546	0.07586968	-4.1422588e-17	-5.4872995e-17	3.845975e-17	-1.295019e-17	0	-1.2059153e-17
2.9800099999933097e-09	-4.6241917e-09	5.1601237e-08	0.00037753742	0.07586679	-4.1422638e-17	-5.4872882e-17	3.8459667e-17	-1.2950273e-17	0	-1.2059151e-17
2.9900099999931887e-09	-6.924431e-09	6.3742704e-08	0.0003785459	0.07586399	-4.142269e-17	-5.4872756e-17	3.845958e-17	-1.2950369e-17	0	-1.2059145e-17
3.0000099999930677e-09	-1.0078367e-08	5.0083553e-08	0.0003796121	0.075861216	-4.142274e-17	-5.4872614e-17	3.845948e-17	-1.2950466e-17	0	-1.20591435e-17
