# t (s)	mx ()	my ()	mz ()	spinAngle (rad)	E_total (J)	E_anis (J)	E_demag (J)	E_exch (J)	E_therm (J)	E_custom (J)
0	0	0	0	0.00309885	-1.2613084e-16	-2.46288e-16	1.5092434e-16	6.1760014e-18	0	-3.69432e-17
1.0000000000000124e-11	-1.5488766e-10	-3.1364752e-10	0.00020758416	0.004999766	-1.3154911e-16	-2.435162e-16	1.4938698e-16	-5.804356e-19	0	-3.6839465e-17
2.0009999999999403e-11	-3.8721915e-10	-5.575956e-10	0.00015639898	0.004585621	-1.3202959e-16	-2.4343303e-16	1.493504e-16	-1.0555552e-18	0	-3.6891402e-17
3.000999999999824e-11	-6.1955066e-11	-3.5478956e-10	-4.2317115e-05	0.00406335	-1.3222301e-16	-2.4431723e-16	1.4988486e-16	-8.906049e-19	0	-3.690002e-17
4.000000000000001e-11	2.3233149e-10	-5.033849e-11	-0.00013873173	0.003598692	-1.3232398e-16	-2.4490915e-16	1.5023825e-16	-7.415233e-19	0	-3.6911535e-17
5.0000000000001785e-11	2.1684272e-10	1.393989e-10	-7.662206e-05	0.0032747025	-1.3238592e-16	-2.4523735e-16	1.5043733e-16	-6.65811e-19	0	-3.6920098e-17
6.00000000000024e-11	9.29326e-11	1.9360957e-10	7.567083e-05	0.003051148	-1.3242878e-16	-2.4539595e-16	1.5053832e-16	-6.4476687e-19	0	-3.6926368e-17
7.000999999999771e-11	4.64663e-11	3.8721915e-11	0.00015777843	0.0027921437	-1.326287e-16	-2.4549942e-16	1.5060758e-16	-8.1012363e-19	0	-3.692674e-17
8.000999999999302e-11	5.8082874e-12	-1.4714328e-10	0.00027078416	0.002585853	-1.3290372e-16	-2.4557195e-16	1.5065242e-16	-1.0431923e-18	0	-3.6940996e-17
9.000999999998834e-11	5.421068e-11	-6.582725e-11	0.00027167518	0.0024408929	-1.3292083e-16	-2.4560409e-16	1.5067127e-16	-1.0463454e-18	0	-3.6941655e-17
1.0000999999998365e-10	3.8721915e-11	-1.5488767e-11	0.00026456502	0.0023639407	-1.3292458e-16	-2.4562854e-16	1.506855e-16	-1.0395235e-18	0	-3.6942012e-17
1.1000999999997896e-10	5.421068e-11	7.744383e-12	0.00026258	0.0023325519	-1.329257e-16	-2.4563585e-16	1.506898e-16	-1.0374814e-18	0	-3.6942154e-17
1.2000999999997891e-10	-2.710534e-11	-3.8721916e-12	0.00026509276	0.0023138644	-1.3292611e-16	-2.456312e-16	1.5068715e-16	-1.0398835e-18	0	-3.6942177e-17
1.3000999999998715e-10	0	-7.357164e-11	0.00026782643	0.002297541	-1.3292624e-16	-2.4562523e-16	1.5068375e-16	-1.0425649e-18	0	-3.694218e-17
1.400099999999954e-10	2.323315e-11	-1.4327109e-10	0.00026847748	0.0022861212	-1.329263e-16	-2.4562367e-16	1.5068285e-16	-1.0432738e-18	0	-3.6942187e-17
1.5000000000000362e-10	-1.7037644e-10	-1.4327109e-10	0.00026762142	0.0022843236	-1.3292635e-16	-2.4562558e-16	1.5068393e-16	-1.0424938e-18	0	-3.6942194e-17
1.6000000000001186e-10	4.259411e-11	-1.04549175e-10	0.00026673856	0.0022833038	-1.3292639e-16	-2.4562764e-16	1.5068508e-16	-1.0416416e-18	0	-3.69422e-17
1.700000000000201e-10	-2.4007588e-10	3.4462505e-10	0.0002665526	0.0022828907	-1.3292638e-16	-2.4562812e-16	1.5068539e-16	-1.0414391e-18	0	-3.69422e-17
1.8000000000002833e-10	2.710534e-11	-3.8721916e-12	0.0002668424	0.0022807939	-1.3292638e-16	-2.456275e-16	1.5068503e-16	-1.0417002e-18	0	-3.69422e-17
1.9000000000003657e-10	1.858652e-10	-1.7812081e-10	0.0002671324	0.0022808623	-1.3292639e-16	-2.4562682e-16	1.5068463e-16	-1.0419828e-18	0	-3.69422e-17
2.000000000000448e-10	9.6804786e-11	-2.1684272e-10	0.0002671954	0.0022807089	-1.3292638e-16	-2.4562666e-16	1.5068455e-16	-1.0420546e-18	0	-3.69422e-17
2.1000000000005304e-10	-1.5488766e-10	-7.357164e-11	0.00026709895	0.0022804434	-1.3292636e-16	-2.4562688e-16	1.5068466e-16	-1.0419637e-18	0	-3.69422e-17
2.2000000000006128e-10	-1.316545e-10	-6.969945e-11	0.00026699915	0.002280442	-1.3292638e-16	-2.456271e-16	1.5068479e-16	-1.0418707e-18	0	-3.69422e-17
2.3000000000006952e-10	1.5875985e-10	1.6650424e-10	0.00026698015	0.002280636	-1.3292636e-16	-2.4562714e-16	1.5068483e-16	-1.04185e-18	0	-3.69422e-17
2.4000000000005925e-10	2.63309e-10	5.6146776e-10	0.0002670137	0.0022806476	-1.3292639e-16	-2.456271e-16	1.5068479e-16	-1.0418734e-18	0	-3.69422e-17
2.5000000000004163e-10	1.7812081e-10	6.969945e-11	0.0002670354	0.0022806597	-1.3292636e-16	-2.4562703e-16	1.5068477e-16	-1.0419001e-18	0	-3.69422e-17
2.60000000000024e-10	-2.4782026e-10	-2.6718122e-10	0.0002670412	0.0022806416	-1.3292636e-16	-2.45627e-16	1.5068477e-16	-1.0419069e-18	0	-3.69422e-17
2.700000000000064e-10	-4.6466297e-10	-3.7560258e-10	0.00026704028	0.0022807377	-1.3292634e-16	-2.4562698e-16	1.5068477e-16	-1.0419066e-18	0	-3.69422e-17
2.800099999999888e-10	-6.1955066e-11	-3.0203096e-10	0.00026703693	0.0022806562	-1.3292635e-16	-2.45627e-16	1.5068477e-16	-1.0419049e-18	0	-3.69422e-17
2.9000999999997117e-10	2.9815875e-10	-1.0842136e-10	0.00026703638	0.0022805855	-1.3292635e-16	-2.45627e-16	1.5068477e-16	-1.0419044e-18	0	-3.69422e-17
3.0000999999995355e-10	2.6718122e-10	-1.7037644e-10	0.00026703638	0.0022806264	-1.3292635e-16	-2.45627e-16	1.5068477e-16	-1.0419044e-18	0	-3.69422e-17
3.1000999999993594e-10	-8.518822e-11	-1.0842136e-10	0.00026703632	0.0022805864	-1.3292635e-16	-2.45627e-16	1.5068477e-16	-1.0419044e-18	0	-3.69422e-17
3.2000999999991833e-10	-1.5488766e-10	-1.7037644e-10	0.00026703632	0.002280594	-1.3292635e-16	-2.45627e-16	1.5068477e-16	-1.0419044e-18	0	-3.69422e-17
3.300099999999007e-10	0	-7.357164e-11	0.00026703623	0.0022805813	-1.3292635e-16	-2.45627e-16	1.5068477e-16	-1.0419044e-18	0	-3.69422e-17
3.400099999998831e-10	7.357164e-11	-8.518822e-11	0.00026703623	0.0022805792	-1.3292635e-16	-2.45627e-16	1.5068477e-16	-1.0419044e-18	0	-3.69422e-17
3.500099999998655e-10	9.29326e-11	-1.9360957e-11	0.0002670362	0.0022806015	-1.3292635e-16	-2.45627e-16	1.5068477e-16	-1.0419044e-18	0	-3.69422e-17
3.600099999998479e-10	6.582725e-11	-6.969945e-11	0.00026703623	0.002280615	-1.3292635e-16	-2.45627e-16	1.5068477e-16	-1.0419045e-18	0	-3.69422e-17
3.7000999999983027e-10	1.0067698e-10	-6.1955066e-11	0.00026703617	0.0022805952	-1.3292635e-16	-2.45627e-16	1.5068477e-16	-1.0419044e-18	0	-3.69422e-17
3.8000999999981266e-10	1.2003794e-10	-1.0842136e-10	0.00026703617	0.0022806097	-1.3292635e-16	-2.45627e-16	1.5068477e-16	-1.0419044e-18	0	-3.69422e-17
3.9000999999979505e-10	9.6804786e-11	-1.316545e-10	0.00026703617	0.0022806106	-1.3292635e-16	-2.45627e-16	1.5068477e-16	-1.0419044e-18	0	-3.69422e-17
4.0000999999977743e-10	3.0977533e-11	-1.6650424e-10	0.00026703617	0.0022806113	-1.3292635e-16	-2.45627e-16	1.5068477e-16	-1.0419044e-18	0	-3.69422e-17
4.100099999997598e-10	6.969945e-11	-1.4714328e-10	0.00026703617	0.0022806088	-1.3292635e-16	-2.45627e-16	1.5068477e-16	-1.0419044e-18	0	-3.69422e-17
4.200099999997422e-10	8.131602e-11	-1.355267e-10	0.00026703617	0.002280607	-1.3292635e-16	-2.45627e-16	1.5068477e-16	-1.0419044e-18	0	-3.69422e-17
4.300099999997246e-10	1.4327109e-10	-1.0067698e-10	0.0002670361	0.002280608	-1.3292635e-16	-2.45627e-16	1.5068477e-16	-1.0419044e-18	0	-3.69422e-17
4.40009999999707e-10	1.12293556e-10	-3.0977533e-11	0.0002670361	0.002280607	-1.3292635e-16	-2.45627e-16	1.5068477e-16	-1.0419044e-18	0	-3.69422e-17
4.5000999999968937e-10	5.8082872e-11	-1.5488767e-11	0.0002670361	0.0022806071	-1.3292635e-16	-2.45627e-16	1.5068477e-16	-1.0419044e-18	0	-3.69422e-17
4.6000999999967176e-10	5.8082872e-11	-5.033849e-11	0.00026703617	0.002280607	-1.3292635e-16	-2.45627e-16	1.5068477e-16	-1.0419044e-18	0	-3.69422e-17
4.700099999996541e-10	6.582725e-11	-6.969945e-11	0.00026703617	0.0022806067	-1.3292635e-16	-2.45627e-16	1.5068477e-16	-1.0419044e-18	0	-3.69422e-17
4.800099999996365e-10	1.04549175e-10	-7.357164e-11	0.00026703617	0.0022806067	-1.3292635e-16	-2.45627e-16	1.5068477e-16	-1.0419044e-18	0	-3.69422e-17
4.900099999996189e-10	9.29326e-11	-6.582725e-11	0.00026703617	0.0022806067	-1.3292635e-16	-2.45627e-16	1.5068477e-16	-1.0419044e-18	0	-3.69422e-17
5.000099999996013e-10	7.357164e-11	-5.421068e-11	0.00026703617	0.0022806071	-1.3292635e-16	-2.45627e-16	1.5068477e-16	-1.0419045e-18	0	-3.69422e-17
5.100099999995837e-10	7.357164e-11	-6.1955066e-11	0.00026703617	0.0022806071	-1.3292635e-16	-2.45627e-16	1.5068477e-16	-1.0419044e-18	0	-3.69422e-17
5.200099999995661e-10	6.582725e-11	-3.0977533e-11	0.00026703617	0.0022806071	-1.3292635e-16	-2.45627e-16	1.5068477e-16	-1.0419044e-18	0	-3.69422e-17
5.300099999995485e-10	8.131602e-11	-4.64663e-11	0.00026703617	0.0022806071	-1.3292635e-16	-2.45627e-16	1.5068477e-16	-1.0419044e-18	0	-3.69422e-17
5.400099999995309e-10	8.518822e-11	-7.357164e-11	0.00026703617	0.0022806071	-1.3292635e-16	-2.45627e-16	1.5068477e-16	-1.0419044e-18	0	-3.69422e-17
5.500099999995133e-10	8.9060405e-11	-8.518822e-11	0.00026703617	0.0022806074	-1.3292635e-16	-2.45627e-16	1.5068477e-16	-1.0419044e-18	0	-3.69422e-17
5.600099999994956e-10	8.9060405e-11	-8.518822e-11	0.00026703617	0.0022806074	-1.3292635e-16	-2.45627e-16	1.5068477e-16	-1.0419044e-18	0	-3.69422e-17
5.70009999999478e-10	9.6804786e-11	-6.969945e-11	0.00026703617	0.0022806074	-1.3292635e-16	-2.45627e-16	1.5068477e-16	-1.0419044e-18	0	-3.69422e-17
5.800099999994604e-10	8.131602e-11	-6.1955066e-11	0.00026703617	0.0022806074	-1.3292635e-16	-2.45627e-16	1.5068477e-16	-1.0419044e-18	0	-3.69422e-17
5.900099999994428e-10	8.518822e-11	-3.8721915e-11	0.00026703617	0.0022806074	-1.3292635e-16	-2.45627e-16	1.5068477e-16	-1.0419045e-18	0	-3.69422e-17
6.000099999994252e-10	8.131602e-11	-6.582725e-11	0.00026703617	0.0022806074	-1.3292635e-16	-2.45627e-16	1.5068477e-16	-1.0419044e-18	0	-3.69422e-17
6.100099999994076e-10	8.518822e-11	-6.969945e-11	0.00026703617	0.0022806074	-1.3292635e-16	-2.45627e-16	1.5068477e-16	-1.0419045e-18	0	-3.69422e-17
6.2000999999939e-10	8.518822e-11	-6.969945e-11	0.00026703617	0.0022806074	-1.3292635e-16	-2.45627e-16	1.5068477e-16	-1.0419045e-18	0	-3.69422e-17
6.300099999993724e-10	8.131602e-11	-8.131602e-11	0.00026703617	0.0022806074	-1.3292635e-16	-2.45627e-16	1.5068477e-16	-1.0419044e-18	0	-3.69422e-17
6.400099999993547e-10	9.29326e-11	-7.744383e-11	0.00026703617	0.0022806074	-1.3292635e-16	-2.45627e-16	1.5068477e-16	-1.0419045e-18	0	-3.69422e-17
6.500099999993371e-10	9.6804786e-11	-6.1955066e-11	0.00026703617	0.0022806074	-1.3292635e-16	-2.45627e-16	1.5068477e-16	-1.0419044e-18	0	-3.69422e-17
6.600099999993195e-10	9.6804786e-11	-5.033849e-11	0.00026703617	0.0022806074	-1.3292635e-16	-2.45627e-16	1.5068477e-16	-1.0419044e-18	0	-3.69422e-17
6.700099999993019e-10	9.29326e-11	-7.357164e-11	0.00026703617	0.0022806074	-1.3292635e-16	-2.45627e-16	1.5068477e-16	-1.0419044e-18	0	-3.69422e-17
6.800099999992843e-10	8.9060405e-11	-5.033849e-11	0.00026703617	0.0022806074	-1.3292635e-16	-2.45627e-16	1.5068477e-16	-1.0419044e-18	0	-3.69422e-17
6.900099999992667e-10	6.969945e-11	-6.1955066e-11	0.00026703617	0.0022806074	-1.3292635e-16	-2.45627e-16	1.5068477e-16	-1.0419044e-18	0	-3.69422e-17
7.000099999992491e-10	7.744383e-11	-4.64663e-11	0.00026703617	0.0022806074	-1.3292635e-16	-2.45627e-16	1.5068477e-16	-1.0419044e-18	0	-3.69422e-17
7.100099999992315e-10	8.9060405e-11	-6.1955066e-11	0.00026703617	0.0022806074	-1.3292635e-16	-2.45627e-16	1.5068477e-16	-1.0419044e-18	0	-3.69422e-17
7.200099999992138e-10	9.6804786e-11	-7.357164e-11	0.00026703617	0.0022806074	-1.3292635e-16	-2.45627e-16	1.5068477e-16	-1.0419044e-18	0	-3.69422e-17
7.300099999991962e-10	9.6804786e-11	-6.1955066e-11	0.00026703617	0.0022806074	-1.3292635e-16	-2.45627e-16	1.5068477e-16	-1.0419044e-18	0	-3.69422e-17
7.400099999991786e-10	7.744383e-11	-6.582725e-11	0.00026703617	0.0022806074	-1.3292635e-16	-2.45627e-16	1.5068477e-16	-1.0419044e-18	0	-3.69422e-17
7.50009999999161e-10	8.9060405e-11	-6.969945e-11	0.00026703617	0.0022806074	-1.3292635e-16	-2.45627e-16	1.5068477e-16	-1.0419045e-18	0	-3.69422e-17
7.600099999991434e-10	9.29326e-11	-7.744383e-11	0.00026703617	0.0022806074	-1.3292635e-16	-2.45627e-16	1.5068477e-16	-1.0419044e-18	0	-3.69422e-17
7.700099999991258e-10	8.9060405e-11	-7.744383e-11	0.00026703617	0.0022806074	-1.3292635e-16	-2.45627e-16	1.5068477e-16	-1.0419044e-18	0	-3.69422e-17
7.800099999991082e-10	6.582725e-11	-6.969945e-11	0.00026703617	0.0022806074	-1.3292635e-16	-2.45627e-16	1.5068477e-16	-1.0419045e-18	0	-3.69422e-17
7.900099999990906e-10	6.969945e-11	-7.744383e-11	0.00026703617	0.0022806074	-1.3292635e-16	-2.45627e-16	1.5068477e-16	-1.0419045e-18	0	-3.69422e-17
8.00009999999073e-10	7.357164e-11	-4.64663e-11	0.00026703617	0.0022806074	-1.3292635e-16	-2.45627e-16	1.5068477e-16	-1.0419044e-18	0	-3.69422e-17
8.100099999990553e-10	9.29326e-11	-5.8082872e-11	0.00026703617	0.0022806074	-1.3292635e-16	-2.45627e-16	1.5068477e-16	-1.0419044e-18	0	-3.69422e-17
8.200099999990377e-10	7.744383e-11	-5.421068e-11	0.00026703617	0.0022806074	-1.3292635e-16	-2.45627e-16	1.5068477e-16	-1.0419044e-18	0	-3.69422e-17
8.300099999990201e-10	9.6804786e-11	-6.582725e-11	0.00026703617	0.0022806074	-1.3292635e-16	-2.45627e-16	1.5068477e-16	-1.0419044e-18	0	-3.69422e-17
8.400099999990025e-10	8.9060405e-11	-6.582725e-11	0.00026703617	0.0022806074	-1.3292635e-16	-2.45627e-16	1.5068477e-16	-1.0419044e-18	0	-3.69422e-17
8.500099999989849e-10	9.29326e-11	-3.8721915e-11	0.00026703617	0.0022806074	-1.3292635e-16	-2.45627e-16	1.5068477e-16	-1.0419044e-18	0	-3.69422e-17
8.600099999989673e-10	8.131602e-11	-5.421068e-11	0.00026703617	0.0022806074	-1.3292635e-16	-2.45627e-16	1.5068477e-16	-1.0419045e-18	0	-3.69422e-17
8.700099999989497e-10	7.357164e-11	-3.8721915e-11	0.00026703617	0.0022806074	-1.3292635e-16	-2.45627e-16	1.5068477e-16	-1.0419044e-18	0	-3.69422e-17
8.800099999989321e-10	8.9060405e-11	-6.1955066e-11	0.00026703617	0.0022806074	-1.3292635e-16	-2.45627e-16	1.5068477e-16	-1.0419044e-18	0	-3.69422e-17
8.900099999989144e-10	9.6804786e-11	-6.582725e-11	0.00026703617	0.0022806074	-1.3292635e-16	-2.45627e-16	1.5068477e-16	-1.0419044e-18	0	-3.69422e-17
9.000099999988968e-10	8.9060405e-11	-5.421068e-11	0.00026703617	0.0022806074	-1.3292635e-16	-2.45627e-16	1.5068477e-16	-1.0419044e-18	0	-3.69422e-17
9.100099999988792e-10	8.518822e-11	-6.582725e-11	0.00026703617	0.0022806074	-1.3292635e-16	-2.45627e-16	1.5068477e-16	-1.0419044e-18	0	-3.69422e-17
9.200099999988616e-10	8.131602e-11	-6.969945e-11	0.00026703617	0.0022806074	-1.3292635e-16	-2.45627e-16	1.5068477e-16	-1.0419044e-18	0	-3.69422e-17
9.30009999998844e-10	9.6804786e-11	-5.421068e-11	0.00026703617	0.0022806074	-1.3292635e-16	-2.45627e-16	1.5068477e-16	-1.0419044e-18	0	-3.69422e-17
9.400099999989161e-10	7.744383e-11	-3.8721915e-11	0.00026703617	0.0022806074	-1.3292635e-16	-2.45627e-16	1.5068477e-16	-1.0419044e-18	0	-3.69422e-17
9.50009999999002e-10	7.357164e-11	-3.8721915e-11	0.00026703617	0.0022806074	-1.3292635e-16	-2.45627e-16	1.5068477e-16	-1.0419044e-18	0	-3.69422e-17
9.600099999990877e-10	8.518822e-11	-4.64663e-11	0.00026703617	0.0022806076	-1.3292635e-16	-2.45627e-16	1.5068477e-16	-1.0419044e-18	0	-3.69422e-17
9.700099999991735e-10	8.9060405e-11	-6.969945e-11	0.00026703617	0.0022806074	-1.3292635e-16	-2.45627e-16	1.5068477e-16	-1.0419044e-18	0	-3.69422e-17
9.800099999992593e-10	8.518822e-11	-4.64663e-11	0.00026703617	0.0022806076	-1.3292635e-16	-2.45627e-16	1.5068477e-16	-1.0419044e-18	0	-3.69422e-17
9.90009999999345e-10	8.9060405e-11	-3.4849724e-11	0.00026703617	0.0022806076	-1.3292635e-16	-2.45627e-16	1.5068477e-16	-1.0419044e-18	0	-3.69422e-17
1.0000099999994308e-09	8.518822e-11	-4.64663e-11	0.00026703617	0.0022806076	-1.3292635e-16	-2.45627e-16	1.5068477e-16	-1.0419044e-18	0	-3.69422e-17
1.0100099999995166e-09	9.6804786e-11	-4.64663e-11	0.00026703617	0.0022806076	-1.3292635e-16	-2.45627e-16	1.5068477e-16	-1.0419044e-18	0	-3.69422e-17
1.0200099999996024e-09	9.29326e-11	-5.421068e-11	0.00026703617	0.0022806076	-1.3292635e-16	-2.45627e-16	1.5068477e-16	-1.0419045e-18	0	-3.69422e-17
1.0300099999996882e-09	9.29326e-11	-6.969945e-11	0.00026703617	0.0022806074	-1.3292635e-16	-2.45627e-16	1.5068477e-16	-1.0419044e-18	0	-3.69422e-17
1.040009999999774e-09	8.9060405e-11	-8.518822e-11	0.00026703617	0.0022806076	-1.3292635e-16	-2.45627e-16	1.5068477e-16	-1.0419045e-18	0	-3.69422e-17
1.0500099999998598e-09	8.9060405e-11	-8.131602e-11	0.00026703617	0.0022806076	-1.3292635e-16	-2.45627e-16	1.5068477e-16	-1.0419044e-18	0	-3.69422e-17
1.0600099999999456e-09	1.04549175e-10	-6.969945e-11	0.00026703617	0.0022806076	-1.3292635e-16	-2.45627e-16	1.5068477e-16	-1.0419044e-18	0	-3.69422e-17
1.0700000000000313e-09	8.131602e-11	-6.582725e-11	0.00026703617	0.002280668	-1.3292635e-16	-2.45627e-16	1.5068477e-16	-1.0419044e-18	0	-3.69422e-17
1.080000000000117e-09	6.969945e-11	-6.582725e-11	0.00026703617	0.002280668	-1.3292635e-16	-2.45627e-16	1.5068477e-16	-1.0419044e-18	0	-3.69422e-17
1.0900000000002028e-09	6.969945e-11	-5.8082872e-11	0.00026703623	0.002280668	-1.3292635e-16	-2.45627e-16	1.5068477e-16	-1.0419044e-18	0	-3.69422e-17
1.1000000000002886e-09	6.969945e-11	-5.8082872e-11	0.00026703617	0.002280668	-1.3292635e-16	-2.45627e-16	1.5068477e-16	-1.0419044e-18	0	-3.69422e-17
1.1100000000003744e-09	6.969945e-11	-6.1955066e-11	0.00026703617	0.002280668	-1.3292635e-16	-2.45627e-16	1.5068477e-16	-1.0419044e-18	0	-3.69422e-17
1.1200000000004602e-09	7.357164e-11	-6.582725e-11	0.00026703617	0.002280668	-1.3292635e-16	-2.45627e-16	1.5068477e-16	-1.0419044e-18	0	-3.69422e-17
1.130000000000546e-09	7.357164e-11	-6.1955066e-11	0.00026703617	0.002280668	-1.3292635e-16	-2.45627e-16	1.5068477e-16	-1.0419044e-18	0	-3.69422e-17
1.1400000000006318e-09	7.744383e-11	-8.131602e-11	0.00026703617	0.002280668	-1.3292635e-16	-2.45627e-16	1.5068477e-16	-1.0419044e-18	0	-3.69422e-17
1.1500000000007175e-09	6.582725e-11	-6.1955066e-11	0.00026703617	0.002280668	-1.3292635e-16	-2.45627e-16	1.5068477e-16	-1.0419045e-18	0	-3.69422e-17
1.1600000000008033e-09	8.9060405e-11	-6.582725e-11	0.00026703617	0.002280668	-1.3292635e-16	-2.45627e-16	1.5068477e-16	-1.0419045e-18	0	-3.69422e-17
1.1700000000008891e-09	7.357164e-11	-6.1955066e-11	0.00026703617	0.002280668	-1.3292635e-16	-2.45627e-16	1.5068477e-16	-1.0419044e-18	0	-3.69422e-17
1.1800000000009749e-09	8.131602e-11	-3.0977533e-11	0.00026703617	0.002280668	-1.3292635e-16	-2.45627e-16	1.5068477e-16	-1.0419044e-18	0	-3.69422e-17
1.1900000000010607e-09	7.357164e-11	-5.421068e-11	0.00026703623	0.002280668	-1.3292635e-16	-2.45627e-16	1.5068477e-16	-1.0419044e-18	0	-3.69422e-17
1.2000000000011465e-09	6.969945e-11	-4.64663e-11	0.00026703617	0.002280668	-1.3292635e-16	-2.45627e-16	1.5068477e-16	-1.0419044e-18	0	-3.69422e-17
1.2100000000012322e-09	8.131602e-11	-6.1955066e-11	0.00026703617	0.002280668	-1.3292635e-16	-2.45627e-16	1.5068477e-16	-1.0419044e-18	0	-3.69422e-17
1.220000000001318e-09	7.357164e-11	-6.1955066e-11	0.00026703623	0.002280668	-1.3292635e-16	-2.45627e-16	1.5068477e-16	-1.0419044e-18	0	-3.69422e-17
1.2300000000014038e-09	7.357164e-11	-4.64663e-11	0.00026703617	0.002280668	-1.3292635e-16	-2.45627e-16	1.5068477e-16	-1.0419044e-18	0	-3.69422e-17
1.2400000000014896e-09	6.582725e-11	-5.033849e-11	0.00026703617	0.002280668	-1.3292635e-16	-2.45627e-16	1.5068477e-16	-1.0419045e-18	0	-3.69422e-17
1.2500000000015754e-09	8.131602e-11	-6.1955066e-11	0.00026703617	0.002280668	-1.3292635e-16	-2.45627e-16	1.5068477e-16	-1.0419045e-18	0	-3.69422e-17
1.2600000000016612e-09	7.357164e-11	-5.033849e-11	0.00026703617	0.002280668	-1.3292635e-16	-2.45627e-16	1.5068477e-16	-1.0419045e-18	0	-3.69422e-17
1.270000000001747e-09	7.744383e-11	-4.64663e-11	0.00026703623	0.002280668	-1.3292635e-16	-2.45627e-16	1.5068477e-16	-1.0419044e-18	0	-3.69422e-17
1.2800000000018327e-09	7.744383e-11	-7.744383e-11	0.00026703617	0.002280668	-1.3292635e-16	-2.45627e-16	1.5068477e-16	-1.0419044e-18	0	-3.69422e-17
1.2900000000019185e-09	7.357164e-11	-6.1955066e-11	0.00026703617	0.002280668	-1.3292635e-16	-2.45627e-16	1.5068477e-16	-1.0419044e-18	0	-3.69422e-17
1.3000000000020043e-09	7.744383e-11	-4.64663e-11	0.00026703617	0.002280668	-1.3292635e-16	-2.45627e-16	1.5068477e-16	-1.0419044e-18	0	-3.69422e-17
1.3100000000020901e-09	8.131602e-11	-6.582725e-11	0.00026703623	0.002280668	-1.3292635e-16	-2.45627e-16	1.5068477e-16	-1.0419045e-18	0	-3.69422e-17
1.3200000000021759e-09	7.744383e-11	-4.64663e-11	0.00026703617	0.002280668	-1.3292635e-16	-2.45627e-16	1.5068477e-16	-1.0419045e-18	0	-3.69422e-17
1.3300000000022617e-09	6.969945e-11	-6.1955066e-11	0.00026703617	0.002280668	-1.3292635e-16	-2.45627e-16	1.5068477e-16	-1.0419045e-18	0	-3.69422e-17
1.3400000000023475e-09	6.969945e-11	-6.1955066e-11	0.00026703617	0.002280668	-1.3292635e-16	-2.45627e-16	1.5068477e-16	-1.0419044e-18	0	-3.69422e-17
1.3500000000024332e-09	6.582725e-11	-4.64663e-11	0.00026703617	0.002280668	-1.3292635e-16	-2.45627e-16	1.5068477e-16	-1.0419044e-18	0	-3.69422e-17
1.360000000002519e-09	7.357164e-11	-4.64663e-11	0.00026703617	0.002280668	-1.3292635e-16	-2.45627e-16	1.5068477e-16	-1.0419044e-18	0	-3.69422e-17
1.3700000000026048e-09	8.131602e-11	-6.1955066e-11	0.00026703617	0.002280668	-1.3292635e-16	-2.45627e-16	1.5068477e-16	-1.0419044e-18	0	-3.69422e-17
1.3800000000026906e-09	6.582725e-11	-6.1955066e-11	0.00026703617	0.002280668	-1.3292635e-16	-2.45627e-16	1.5068477e-16	-1.0419044e-18	0	-3.69422e-17
1.3900000000027764e-09	7.357164e-11	-3.8721915e-11	0.00026703617	0.002280668	-1.3292635e-16	-2.45627e-16	1.5068477e-16	-1.0419044e-18	0	-3.69422e-17
1.4000000000028622e-09	7.744383e-11	-9.29326e-11	0.00026703617	0.002280668	-1.3292635e-16	-2.45627e-16	1.5068477e-16	-1.0419044e-18	0	-3.69422e-17
1.410000000002948e-09	7.744383e-11	-6.969945e-11	0.00026703617	0.002280668	-1.3292635e-16	-2.45627e-16	1.5068477e-16	-1.0419044e-18	0	-3.69422e-17
1.4200000000030337e-09	7.744383e-11	-6.969945e-11	0.00026703617	0.002280668	-1.3292635e-16	-2.45627e-16	1.5068477e-16	-1.0419044e-18	0	-3.69422e-17
1.4300000000031195e-09	6.969945e-11	-6.1955066e-11	0.00026703617	0.002280668	-1.3292635e-16	-2.45627e-16	1.5068477e-16	-1.0419044e-18	0	-3.69422e-17
1.4400000000032053e-09	6.582725e-11	-7.357164e-11	0.00026703617	0.002280668	-1.3292635e-16	-2.45627e-16	1.5068477e-16	-1.0419044e-18	0	-3.69422e-17
1.450000000003291e-09	7.357164e-11	-6.1955066e-11	0.00026703617	0.002280668	-1.3292635e-16	-2.45627e-16	1.5068477e-16	-1.0419044e-18	0	-3.69422e-17
1.4600000000033769e-09	6.969945e-11	-7.744383e-11	0.00026703617	0.002280668	-1.3292635e-16	-2.45627e-16	1.5068477e-16	-1.0419044e-18	0	-3.69422e-17
1.4700000000034627e-09	6.1955066e-11	-6.1955066e-11	0.00026703617	0.002280668	-1.3292635e-16	-2.45627e-16	1.5068477e-16	-1.0419045e-18	0	-3.69422e-17
1.4800000000035485e-09	6.969945e-11	-7.744383e-11	0.00026703617	0.002280668	-1.3292635e-16	-2.45627e-16	1.5068477e-16	-1.0419044e-18	0	-3.69422e-17
1.4900000000036342e-09	8.131602e-11	-9.29326e-11	0.00026703617	0.002280668	-1.3292635e-16	-2.45627e-16	1.5068477e-16	-1.0419044e-18	0	-3.69422e-17
1.50000000000372e-09	7.744383e-11	-6.582725e-11	0.00026703617	0.002280668	-1.3292635e-16	-2.45627e-16	1.5068477e-16	-1.0419044e-18	0	-3.69422e-17
1.5100000000038058e-09	7.357164e-11	-6.1955066e-11	0.00026703617	0.002280668	-1.3292635e-16	-2.45627e-16	1.5068477e-16	-1.0419044e-18	0	-3.69422e-17
1.5200000000038916e-09	6.1955066e-11	-3.0977533e-11	0.00026703617	0.002280668	-1.3292635e-16	-2.45627e-16	1.5068477e-16	-1.0419044e-18	0	-3.69422e-17
1.5300000000039774e-09	8.131602e-11	-6.1955066e-11	0.00026703617	0.002280668	-1.3292634e-16	-2.45627e-16	1.5068477e-16	-1.0419044e-18	0	-3.69422e-17
1.5400000000040632e-09	7.744383e-11	-4.64663e-11	0.00026703617	0.002280668	-1.3292635e-16	-2.45627e-16	1.5068477e-16	-1.0419044e-18	0	-3.69422e-17
1.550000000004149e-09	9.29326e-11	-5.033849e-11	0.00026703617	0.002280668	-1.3292635e-16	-2.45627e-16	1.5068477e-16	-1.0419044e-18	0	-3.69422e-17
1.5600000000042347e-09	8.131602e-11	-4.64663e-11	0.00026703617	0.002280668	-1.3292635e-16	-2.45627e-16	1.5068477e-16	-1.0419044e-18	0	-3.69422e-17
1.5700000000043205e-09	8.9060405e-11	-4.64663e-11	0.00026703617	0.002280668	-1.3292635e-16	-2.45627e-16	1.5068477e-16	-1.0419045e-18	0	-3.69422e-17
1.5800000000044063e-09	8.131602e-11	-6.1955066e-11	0.00026703617	0.002280668	-1.3292635e-16	-2.45627e-16	1.5068477e-16	-1.0419044e-18	0	-3.69422e-17
1.590000000004492e-09	9.6804786e-11	-6.1955066e-11	0.00026703623	0.002280668	-1.3292635e-16	-2.45627e-16	1.5068477e-16	-1.0419045e-18	0	-3.69422e-17
1.6000000000045779e-09	7.357164e-11	-5.421068e-11	0.00026703617	0.002280668	-1.3292635e-16	-2.45627e-16	1.5068477e-16	-1.0419044e-18	0	-3.69422e-17
1.6100000000046637e-09	7.744383e-11	-6.582725e-11	0.00026703617	0.002280668	-1.3292635e-16	-2.45627e-16	1.5068477e-16	-1.0419044e-18	0	-3.69422e-17
1.6200000000047495e-09	8.518822e-11	-6.1955066e-11	0.00026703617	0.002280668	-1.3292635e-16	-2.45627e-16	1.5068477e-16	-1.0419044e-18	0	-3.69422e-17
1.6300000000048352e-09	6.1955066e-11	-5.421068e-11	0.00026703617	0.002280668	-1.3292635e-16	-2.45627e-16	1.5068477e-16	-1.0419044e-18	0	-3.69422e-17
1.640000000004921e-09	6.582725e-11	-5.421068e-11	0.00026703617	0.002280668	-1.3292635e-16	-2.45627e-16	1.5068477e-16	-1.0419044e-18	0	-3.69422e-17
1.6500000000050068e-09	6.969945e-11	-2.323315e-11	0.00026703617	0.002280668	-1.3292635e-16	-2.45627e-16	1.5068477e-16	-1.0419044e-18	0	-3.69422e-17
1.6600000000050926e-09	7.744383e-11	-6.1955066e-11	0.00026703617	0.002280668	-1.3292635e-16	-2.45627e-16	1.5068477e-16	-1.0419045e-18	0	-3.69422e-17
1.6700000000051784e-09	6.969945e-11	-6.1955066e-11	0.00026703617	0.002280668	-1.3292635e-16	-2.45627e-16	1.5068477e-16	-1.0419044e-18	0	-3.69422e-17
1.6800000000052642e-09	8.131602e-11	-4.64663e-11	0.00026703617	0.002280668	-1.3292635e-16	-2.45627e-16	1.5068477e-16	-1.0419044e-18	0	-3.69422e-17
1.69000000000535e-09	8.518822e-11	-6.1955066e-11	0.00026703617	0.002280668	-1.3292635e-16	-2.45627e-16	1.5068477e-16	-1.0419045e-18	0	-3.69422e-17
1.7000000000054357e-09	8.9060405e-11	-5.421068e-11	0.00026703617	0.002280668	-1.3292635e-16	-2.45627e-16	1.5068477e-16	-1.0419044e-18	0	-3.69422e-17
1.7100000000055215e-09	6.969945e-11	-3.4849724e-11	0.00026703617	0.002280668	-1.3292635e-16	-2.45627e-16	1.5068477e-16	-1.0419044e-18	0	-3.69422e-17
1.7200000000056073e-09	6.582725e-11	-6.1955066e-11	0.00026703617	0.002280668	-1.3292635e-16	-2.45627e-16	1.5068477e-16	-1.0419044e-18	0	-3.69422e-17
1.730000000005693e-09	7.357164e-11	-4.64663e-11	0.00026703617	0.002280668	-1.3292635e-16	-2.45627e-16	1.5068477e-16	-1.0419044e-18	0	-3.69422e-17
1.7400000000057789e-09	8.518822e-11	-6.1955066e-11	0.00026703617	0.002280668	-1.3292635e-16	-2.45627e-16	1.5068477e-16	-1.0419044e-18	0	-3.69422e-17
1.7500000000058647e-09	8.518822e-11	-6.1955066e-11	0.00026703617	0.002280668	-1.3292635e-16	-2.45627e-16	1.5068477e-16	-1.0419044e-18	0	-3.69422e-17
1.7600000000059504e-09	8.131602e-11	-6.1955066e-11	0.00026703617	0.002280668	-1.3292635e-16	-2.45627e-16	1.5068477e-16	-1.0419044e-18	0	-3.69422e-17
1.7700000000060362e-09	7.357164e-11	-6.1955066e-11	0.00026703617	0.002280668	-1.3292635e-16	-2.45627e-16	1.5068477e-16	-1.0419044e-18	0	-3.69422e-17
1.780000000006122e-09	8.131602e-11	-3.0977533e-11	0.00026703617	0.002280668	-1.3292635e-16	-2.45627e-16	1.5068477e-16	-1.0419044e-18	0	-3.69422e-17
1.7900000000062078e-09	6.582725e-11	-6.1955066e-11	0.00026703617	0.002280668	-1.3292635e-16	-2.45627e-16	1.5068477e-16	-1.0419044e-18	0	-3.69422e-17
1.8000000000062936e-09	7.744383e-11	-6.1955066e-11	0.00026703617	0.002280668	-1.3292635e-16	-2.45627e-16	1.5068477e-16	-1.0419044e-18	0	-3.69422e-17
1.8100000000063794e-09	8.131602e-11	-6.1955066e-11	0.00026703617	0.002280668	-1.3292635e-16	-2.45627e-16	1.5068477e-16	-1.0419044e-18	0	-3.69422e-17
1.8200000000064652e-09	8.9060405e-11	-4.64663e-11	0.00026703617	0.002280668	-1.3292635e-16	-2.45627e-16	1.5068477e-16	-1.0419044e-18	0	-3.69422e-17
1.830000000006551e-09	7.744383e-11	-5.8082872e-11	0.00026703617	0.002280668	-1.3292635e-16	-2.45627e-16	1.5068477e-16	-1.0419044e-18	0	-3.69422e-17
1.8400000000066367e-09	7.744383e-11	-6.582725e-11	0.00026703617	0.002280668	-1.3292635e-16	-2.45627e-16	1.5068477e-16	-1.0419044e-18	0	-3.69422e-17
1.8500000000067225e-09	7.357164e-11	-6.1955066e-11	0.00026703623	0.002280668	-1.3292635e-16	-2.45627e-16	1.5068477e-16	-1.0419044e-18	0	-3.69422e-17
1.8600000000068083e-09	7.357164e-11	-6.1955066e-11	0.00026703617	0.002280668	-1.3292635e-16	-2.45627e-16	1.5068477e-16	-1.0419044e-18	0	-3.69422e-17
1.870000000006742e-09	8.518822e-11	-6.1955066e-11	0.00026703617	0.002280668	-1.3292635e-16	-2.45627e-16	1.5068477e-16	-1.0419044e-18	0	-3.69422e-17
1.880000000006621e-09	8.9060405e-11	-3.0977533e-11	0.00026703617	0.002280668	-1.3292635e-16	-2.45627e-16	1.5068477e-16	-1.0419045e-18	0	-3.69422e-17
1.8900000000065e-09	8.518822e-11	-4.64663e-11	0.00026703617	0.002280668	-1.3292635e-16	-2.45627e-16	1.5068477e-16	-1.0419045e-18	0	-3.69422e-17
1.900000000006379e-09	7.357164e-11	-5.421068e-11	0.00026703617	0.002280668	-1.3292635e-16	-2.45627e-16	1.5068477e-16	-1.0419044e-18	0	-3.69422e-17
1.910000000006258e-09	8.131602e-11	-5.421068e-11	0.00026703617	0.002280668	-1.3292635e-16	-2.45627e-16	1.5068477e-16	-1.0419045e-18	0	-3.69422e-17
1.920000000006137e-09	8.131602e-11	-6.1955066e-11	0.00026703617	0.002280668	-1.3292635e-16	-2.45627e-16	1.5068477e-16	-1.0419044e-18	0	-3.69422e-17
1.930000000006016e-09	8.131602e-11	-6.582725e-11	0.00026703623	0.002280668	-1.3292635e-16	-2.45627e-16	1.5068477e-16	-1.0419045e-18	0	-3.69422e-17
1.940000000005895e-09	6.582725e-11	-6.969945e-11	0.00026703617	0.002280668	-1.3292635e-16	-2.45627e-16	1.5068477e-16	-1.0419044e-18	0	-3.69422e-17
1.950000000005774e-09	6.969945e-11	-2.710534e-11	0.00026703617	0.002280668	-1.3292635e-16	-2.45627e-16	1.5068477e-16	-1.0419044e-18	0	-3.69422e-17
1.960000000005653e-09	6.1955066e-11	-6.1955066e-11	0.00026703617	0.002280668	-1.3292635e-16	-2.45627e-16	1.5068477e-16	-1.0419044e-18	0	-3.69422e-17
1.9700000000055318e-09	6.969945e-11	-7.357164e-11	0.00026703617	0.002280668	-1.3292635e-16	-2.45627e-16	1.5068477e-16	-1.0419044e-18	0	-3.69422e-17
1.9800000000054108e-09	6.582725e-11	-5.033849e-11	0.00026703617	0.002280668	-1.3292635e-16	-2.45627e-16	1.5068477e-16	-1.0419044e-18	0	-3.69422e-17
1.9900000000052898e-09	7.744383e-11	-6.1955066e-11	0.00026703617	0.002280668	-1.3292635e-16	-2.45627e-16	1.5068477e-16	-1.0419044e-18	0	-3.69422e-17
2.0000000000051688e-09	7.357164e-11	-7.744383e-11	0.00026703617	0.002280668	-1.3292635e-16	-2.45627e-16	1.5068477e-16	-1.0419044e-18	0	-3.69422e-17
2.0100000000050478e-09	6.582725e-11	-6.1955066e-11	0.00026703617	0.002280668	-1.3292635e-16	-2.45627e-16	1.5068477e-16	-1.0419044e-18	0	-3.69422e-17
2.0200000000049267e-09	6.969945e-11	-6.1955066e-11	0.00026703617	0.002280668	-1.3292635e-16	-2.45627e-16	1.5068477e-16	-1.0419044e-18	0	-3.69422e-17
2.0300000000048057e-09	8.131602e-11	-4.64663e-11	0.00026703617	0.002280668	-1.3292635e-16	-2.45627e-16	1.5068477e-16	-1.0419044e-18	0	-3.69422e-17
2.0400000000046847e-09	7.744383e-11	-6.969945e-11	0.00026703617	0.002280668	-1.3292635e-16	-2.45627e-16	1.5068477e-16	-1.0419045e-18	0	-3.69422e-17
2.0500000000045637e-09	8.131602e-11	-6.1955066e-11	0.00026703617	0.002280668	-1.3292635e-16	-2.45627e-16	1.5068477e-16	-1.0419045e-18	0	-3.69422e-17
2.0600000000044427e-09	8.131602e-11	-3.8721915e-11	0.00026703617	0.002280668	-1.3292635e-16	-2.45627e-16	1.5068477e-16	-1.0419044e-18	0	-3.69422e-17
2.0700000000043217e-09	8.131602e-11	-5.421068e-11	0.00026703617	0.002280668	-1.3292635e-16	-2.45627e-16	1.5068477e-16	-1.0419044e-18	0	-3.69422e-17
2.0800000000042007e-09	7.357164e-11	-5.033849e-11	0.00026703617	0.002280668	-1.3292635e-16	-2.45627e-16	1.5068477e-16	-1.0419044e-18	0	-3.69422e-17
2.0900000000040797e-09	7.357164e-11	-5.421068e-11	0.00026703617	0.002280668	-1.3292635e-16	-2.45627e-16	1.5068477e-16	-1.0419044e-18	0	-3.69422e-17
2.1000000000039587e-09	8.518822e-11	-6.1955066e-11	0.00026703617	0.002280668	-1.3292635e-16	-2.45627e-16	1.5068477e-16	-1.0419044e-18	0	-3.69422e-17
2.1100000000038377e-09	7.744383e-11	-4.64663e-11	0.00026703617	0.002280668	-1.3292635e-16	-2.45627e-16	1.5068477e-16	-1.0419045e-18	0	-3.69422e-17
2.1200000000037166e-09	7.357164e-11	-6.1955066e-11	0.00026703617	0.002280668	-1.3292635e-16	-2.45627e-16	1.5068477e-16	-1.0419045e-18	0	-3.69422e-17
2.1300000000035956e-09	6.582725e-11	-4.64663e-11	0.00026703617	0.002280668	-1.3292635e-16	-2.45627e-16	1.5068477e-16	-1.0419044e-18	0	-3.69422e-17
2.1400000000034746e-09	7.357164e-11	-5.033849e-11	0.00026703617	0.002280668	-1.3292635e-16	-2.45627e-16	1.5068477e-16	-1.0419044e-18	0	-3.69422e-17
2.1500000000033536e-09	7.357164e-11	-6.582725e-11	0.00026703617	0.002280668	-1.3292635e-16	-2.45627e-16	1.5068477e-16	-1.0419044e-18	0	-3.69422e-17
2.1600000000032326e-09	7.357164e-11	-6.1955066e-11	0.00026703617	0.002280668	-1.3292635e-16	-2.45627e-16	1.5068477e-16	-1.0419044e-18	0	-3.69422e-17
2.1700000000031116e-09	8.131602e-11	-5.421068e-11	0.00026703617	0.002280668	-1.3292635e-16	-2.45627e-16	1.5068477e-16	-1.0419044e-18	0	-3.69422e-17
2.1800000000029906e-09	8.131602e-11	-6.1955066e-11	0.00026703617	0.002280668	-1.3292635e-16	-2.45627e-16	1.5068477e-16	-1.0419044e-18	0	-3.69422e-17
2.1900000000028696e-09	7.357164e-11	-6.582725e-11	0.00026703617	0.002280668	-1.3292635e-16	-2.45627e-16	1.5068477e-16	-1.0419044e-18	0	-3.69422e-17
2.2000000000027486e-09	8.518822e-11	-4.64663e-11	0.00026703617	0.002280668	-1.3292635e-16	-2.45627e-16	1.5068477e-16	-1.0419044e-18	0	-3.69422e-17
2.2100000000026276e-09	7.357164e-11	-7.744383e-11	0.00026703617	0.002280668	-1.3292635e-16	-2.45627e-16	1.5068477e-16	-1.0419045e-18	0	-3.69422e-17
2.2200000000025065e-09	9.6804786e-11	-3.8721915e-11	0.00026703617	0.002280668	-1.3292635e-16	-2.45627e-16	1.5068477e-16	-1.0419044e-18	0	-3.69422e-17
2.2300000000023855e-09	6.582725e-11	-6.1955066e-11	0.00026703617	0.002280668	-1.3292635e-16	-2.45627e-16	1.5068477e-16	-1.0419044e-18	0	-3.69422e-17
2.2400000000022645e-09	7.744383e-11	-6.1955066e-11	0.00026703617	0.002280668	-1.3292635e-16	-2.45627e-16	1.5068477e-16	-1.0419044e-18	0	-3.69422e-17
2.2500000000021435e-09	8.131602e-11	-4.259411e-11	0.00026703623	0.002280668	-1.3292635e-16	-2.45627e-16	1.5068477e-16	-1.0419044e-18	0	-3.69422e-17
2.2600000000020225e-09	8.518822e-11	-4.64663e-11	0.00026703617	0.002280668	-1.3292635e-16	-2.45627e-16	1.5068477e-16	-1.0419045e-18	0	-3.69422e-17
2.2700000000019015e-09	8.131602e-11	-6.1955066e-11	0.00026703617	0.002280668	-1.3292635e-16	-2.45627e-16	1.5068477e-16	-1.0419044e-18	0	-3.69422e-17
2.2800000000017805e-09	8.518822e-11	-7.357164e-11	0.00026703617	0.002280668	-1.3292635e-16	-2.45627e-16	1.5068477e-16	-1.0419044e-18	0	-3.69422e-17
2.2900000000016595e-09	6.969945e-11	-6.1955066e-11	0.00026703617	0.002280668	-1.3292635e-16	-2.45627e-16	1.5068477e-16	-1.0419044e-18	0	-3.69422e-17
2.3000000000015385e-09	8.518822e-11	-5.8082872e-11	0.00026703617	0.002280668	-1.3292635e-16	-2.45627e-16	1.5068477e-16	-1.0419044e-18	0	-3.69422e-17
2.3100000000014175e-09	7.357164e-11	-6.1955066e-11	0.00026703617	0.002280668	-1.3292635e-16	-2.45627e-16	1.5068477e-16	-1.0419044e-18	0	-3.69422e-17
2.3200000000012965e-09	7.744383e-11	-6.582725e-11	0.00026703617	0.002280668	-1.3292635e-16	-2.45627e-16	1.5068477e-16	-1.0419044e-18	0	-3.69422e-17
2.3300000000011754e-09	6.969945e-11	-6.1955066e-11	0.00026703617	0.002280668	-1.3292635e-16	-2.45627e-16	1.5068477e-16	-1.0419044e-18	0	-3.69422e-17
2.3400000000010544e-09	6.969945e-11	-6.582725e-11	0.00026703617	0.002280668	-1.3292635e-16	-2.45627e-16	1.5068477e-16	-1.0419045e-18	0	-3.69422e-17
2.3500000000009334e-09	8.131602e-11	-6.1955066e-11	0.00026703623	0.002280668	-1.3292635e-16	-2.45627e-16	1.5068477e-16	-1.0419044e-18	0	-3.69422e-17
2.3600000000008124e-09	8.9060405e-11	-6.1955066e-11	0.00026703617	0.002280668	-1.3292635e-16	-2.45627e-16	1.5068477e-16	-1.0419044e-18	0	-3.69422e-17
2.3700000000006914e-09	9.29326e-11	-6.1955066e-11	0.00026703617	0.002280668	-1.3292635e-16	-2.45627e-16	1.5068477e-16	-1.0419044e-18	0	-3.69422e-17
2.3800000000005704e-09	8.518822e-11	-7.744383e-11	0.00026703617	0.002280668	-1.3292635e-16	-2.45627e-16	1.5068477e-16	-1.0419045e-18	0	-3.69422e-17
2.3900000000004494e-09	7.744383e-11	-6.1955066e-11	0.00026703617	0.002280668	-1.3292635e-16	-2.45627e-16	1.5068477e-16	-1.0419045e-18	0	-3.69422e-17
2.4000000000003284e-09	7.744383e-11	-7.744383e-11	0.00026703617	0.002280668	-1.3292635e-16	-2.45627e-16	1.5068477e-16	-1.0419044e-18	0	-3.69422e-17
2.4100000000002074e-09	7.357164e-11	-6.1955066e-11	0.00026703617	0.002280668	-1.3292635e-16	-2.45627e-16	1.5068477e-16	-1.0419044e-18	0	-3.69422e-17
2.4200000000000864e-09	8.518822e-11	-5.8082872e-11	0.00026703617	0.002280668	-1.3292635e-16	-2.45627e-16	1.5068477e-16	-1.0419045e-18	0	-3.69422e-17
2.4300099999999652e-09	8.9060405e-11	-4.64663e-11	0.00026703617	0.0022806076	-1.3292635e-16	-2.45627e-16	1.5068477e-16	-1.0419044e-18	0	-3.69422e-17
2.4400099999998442e-09	1.0067698e-10	-3.0977533e-11	0.00026703617	0.0022806076	-1.3292635e-16	-2.45627e-16	1.5068477e-16	-1.0419044e-18	0	-3.69422e-17
2.450009999999723e-09	9.6804786e-11	-6.969945e-11	0.00026703617	0.0022806076	-1.3292635e-16	-2.45627e-16	1.5068477e-16	-1.0419044e-18	0	-3.69422e-17
2.460009999999602e-09	8.9060405e-11	-5.033849e-11	0.00026703617	0.0022806076	-1.3292635e-16	-2.45627e-16	1.5068477e-16	-1.0419044e-18	0	-3.69422e-17
2.470009999999481e-09	8.9060405e-11	-5.033849e-11	0.00026703617	0.0022806076	-1.3292635e-16	-2.45627e-16	1.5068477e-16	-1.0419044e-18	0	-3.69422e-17
2.48000999999936e-09	9.6804786e-11	-6.582725e-11	0.00026703617	0.0022806074	-1.3292635e-16	-2.45627e-16	1.5068477e-16	-1.0419044e-18	0	-3.69422e-17
2.490009999999239e-09	9.6804786e-11	-5.421068e-11	0.00026703617	0.0022806076	-1.3292635e-16	-2.45627e-16	1.5068477e-16	-1.0419044e-18	0	-3.69422e-17
2.500009999999118e-09	8.9060405e-11	-4.64663e-11	0.00026703617	0.0022806074	-1.3292635e-16	-2.45627e-16	1.5068477e-16	-1.0419045e-18	0	-3.69422e-17
2.510009999998997e-09	8.9060405e-11	-5.8082872e-11	0.00026703617	0.0022806076	-1.3292635e-16	-2.45627e-16	1.5068477e-16	-1.0419044e-18	0	-3.69422e-17
2.520009999998876e-09	8.9060405e-11	-6.969945e-11	0.00026703617	0.0022806076	-1.3292635e-16	-2.45627e-16	1.5068477e-16	-1.0419044e-18	0	-3.69422e-17
2.530009999998755e-09	1.04549175e-10	-7.744383e-11	0.00026703617	0.0022806076	-1.3292635e-16	-2.45627e-16	1.5068477e-16	-1.0419045e-18	0	-3.69422e-17
2.540009999998634e-09	8.131602e-11	-6.1955066e-11	0.00026703617	0.0022806074	-1.3292635e-16	-2.45627e-16	1.5068477e-16	-1.0419044e-18	0	-3.69422e-17
2.550009999998513e-09	1.0067698e-10	-5.033849e-11	0.00026703617	0.0022806076	-1.3292635e-16	-2.45627e-16	1.5068477e-16	-1.0419044e-18	0	-3.69422e-17
2.560009999998392e-09	1.0067698e-10	-3.8721915e-11	0.00026703617	0.0022806074	-1.3292635e-16	-2.45627e-16	1.5068477e-16	-1.0419045e-18	0	-3.69422e-17
2.570009999998271e-09	1.0067698e-10	-3.8721915e-11	0.00026703617	0.0022806076	-1.3292635e-16	-2.45627e-16	1.5068477e-16	-1.0419044e-18	0	-3.69422e-17
2.58000999999815e-09	8.9060405e-11	-5.421068e-11	0.00026703617	0.0022806074	-1.3292635e-16	-2.45627e-16	1.5068477e-16	-1.0419044e-18	0	-3.69422e-17
2.590009999998029e-09	8.9060405e-11	-3.8721915e-11	0.00026703617	0.0022806076	-1.3292635e-16	-2.45627e-16	1.5068477e-16	-1.0419044e-18	0	-3.69422e-17
2.600009999997908e-09	8.131602e-11	-6.969945e-11	0.00026703617	0.0022806074	-1.3292635e-16	-2.45627e-16	1.5068477e-16	-1.0419044e-18	0	-3.69422e-17
2.610009999997787e-09	9.6804786e-11	-3.4849724e-11	0.00026703617	0.0022806076	-1.3292635e-16	-2.45627e-16	1.5068477e-16	-1.0419044e-18	0	-3.69422e-17
2.620009999997666e-09	8.131602e-11	-5.421068e-11	0.00026703617	0.0022806076	-1.3292635e-16	-2.45627e-16	1.5068477e-16	-1.0419044e-18	0	-3.69422e-17
2.630009999997545e-09	1.0067698e-10	-8.518822e-11	0.00026703617	0.0022806076	-1.3292635e-16	-2.45627e-16	1.5068477e-16	-1.0419044e-18	0	-3.69422e-17
2.640009999997424e-09	1.04549175e-10	-5.421068e-11	0.00026703617	0.0022806076	-1.3292635e-16	-2.45627e-16	1.5068477e-16	-1.0419044e-18	0	-3.69422e-17
2.650009999997303e-09	8.131602e-11	-3.8721915e-11	0.00026703617	0.0022806074	-1.3292635e-16	-2.45627e-16	1.5068477e-16	-1.0419044e-18	0	-3.69422e-17
2.660009999997182e-09	8.131602e-11	-5.421068e-11	0.00026703617	0.0022806076	-1.3292635e-16	-2.45627e-16	1.5068477e-16	-1.0419044e-18	0	-3.69422e-17
2.670009999997061e-09	1.0067698e-10	-5.421068e-11	0.00026703617	0.0022806074	-1.3292635e-16	-2.45627e-16	1.5068477e-16	-1.0419044e-18	0	-3.69422e-17
2.68000999999694e-09	9.29326e-11	-6.1955066e-11	0.00026703617	0.0022806076	-1.3292635e-16	-2.45627e-16	1.5068477e-16	-1.0419044e-18	0	-3.69422e-17
2.690009999996819e-09	9.29326e-11	-5.421068e-11	0.00026703617	0.0022806074	-1.3292635e-16	-2.45627e-16	1.5068477e-16	-1.0419044e-18	0	-3.69422e-17
2.700009999996698e-09	8.518822e-11	-3.0977533e-11	0.00026703617	0.0022806076	-1.3292635e-16	-2.45627e-16	1.5068477e-16	-1.0419044e-18	0	-3.69422e-17
2.710009999996577e-09	9.6804786e-11	-6.969945e-11	0.00026703617	0.0022806076	-1.3292635e-16	-2.45627e-16	1.5068477e-16	-1.0419044e-18	0	-3.69422e-17
2.720009999996456e-09	8.9060405e-11	-6.969945e-11	0.00026703617	0.0022806076	-1.3292635e-16	-2.45627e-16	1.5068477e-16	-1.0419044e-18	0	-3.69422e-17
2.730009999996335e-09	8.9060405e-11	-6.582725e-11	0.00026703617	0.0022806074	-1.3292635e-16	-2.45627e-16	1.5068477e-16	-1.0419044e-18	0	-3.69422e-17
2.740009999996214e-09	8.518822e-11	-6.1955066e-11	0.00026703617	0.0022806076	-1.3292635e-16	-2.45627e-16	1.5068477e-16	-1.0419044e-18	0	-3.69422e-17
2.750009999996093e-09	8.9060405e-11	-6.969945e-11	0.00026703617	0.0022806076	-1.3292635e-16	-2.45627e-16	1.5068477e-16	-1.0419044e-18	0	-3.69422e-17
2.760009999995972e-09	9.29326e-11	-4.64663e-11	0.00026703617	0.0022806076	-1.3292635e-16	-2.45627e-16	1.5068477e-16	-1.0419044e-18	0	-3.69422e-17
2.770009999995851e-09	8.9060405e-11	-3.4849724e-11	0.00026703617	0.0022806076	-1.3292635e-16	-2.45627e-16	1.5068477e-16	-1.0419045e-18	0	-3.69422e-17
2.78000999999573e-09	8.9060405e-11	-5.421068e-11	0.00026703617	0.0022806076	-1.3292635e-16	-2.45627e-16	1.5068477e-16	-1.0419044e-18	0	-3.69422e-17
2.790009999995609e-09	9.6804786e-11	-6.969945e-11	0.00026703617	0.0022806076	-1.3292635e-16	-2.45627e-16	1.5068477e-16	-1.0419044e-18	0	-3.69422e-17
2.800009999995488e-09	8.9060405e-11	-6.969945e-11	0.00026703617	0.0022806076	-1.3292635e-16	-2.45627e-16	1.5068477e-16	-1.0419044e-18	0	-3.69422e-17
2.810009999995367e-09	1.04549175e-10	-5.033849e-11	0.00026703617	0.0022806074	-1.3292635e-16	-2.45627e-16	1.5068477e-16	-1.0419045e-18	0	-3.69422e-17
2.820009999995246e-09	1.0067698e-10	-6.969945e-11	0.00026703617	0.0022806076	-1.3292635e-16	-2.45627e-16	1.5068477e-16	-1.0419044e-18	0	-3.69422e-17
2.830009999995125e-09	9.29326e-11	-6.969945e-11	0.00026703617	0.0022806074	-1.3292635e-16	-2.45627e-16	1.5068477e-16	-1.0419045e-18	0	-3.69422e-17
2.840009999995004e-09	8.9060405e-11	-6.582725e-11	0.00026703617	0.0022806076	-1.3292635e-16	-2.45627e-16	1.5068477e-16	-1.0419044e-18	0	-3.69422e-17
2.850009999994883e-09	8.518822e-11	-6.969945e-11	0.00026703617	0.0022806074	-1.3292635e-16	-2.45627e-16	1.5068477e-16	-1.0419044e-18	0	-3.69422e-17
2.860009999994762e-09	8.518822e-11	-6.969945e-11	0.00026703617	0.0022806076	-1.3292635e-16	-2.45627e-16	1.5068477e-16	-1.0419044e-18	0	-3.69422e-17
2.870009999994641e-09	9.29326e-11	-8.131602e-11	0.00026703617	0.0022806076	-1.3292635e-16	-2.45627e-16	1.5068477e-16	-1.0419044e-18	0	-3.69422e-17
2.8800099999945198e-09	9.6804786e-11	-5.421068e-11	0.00026703617	0.0022806076	-1.3292635e-16	-2.45627e-16	1.5068477e-16	-1.0419044e-18	0	-3.69422e-17
2.8900099999943988e-09	8.518822e-11	-5.421068e-11	0.00026703617	0.0022806076	-1.3292635e-16	-2.45627e-16	1.5068477e-16	-1.0419045e-18	0	-3.69422e-17
2.9000099999942778e-09	9.29326e-11	-6.969945e-11	0.00026703617	0.0022806076	-1.3292635e-16	-2.45627e-16	1.5068477e-16	-1.0419044e-18	0	-3.69422e-17
2.9100099999941568e-09	1.0067698e-10	-4.64663e-11	0.00026703617	0.0022806076	-1.3292635e-16	-2.45627e-16	1.5068477e-16	-1.0419044e-18	0	-3.69422e-17
2.9200099999940357e-09	9.29326e-11	-6.969945e-11	0.00026703617	0.0022806076	-1.3292635e-16	-2.45627e-16	1.5068477e-16	-1.0419045e-18	0	-3.69422e-17
2.9300099999939147e-09	9.29326e-11	-3.8721915e-11	0.00026703617	0.0022806076	-1.3292635e-16	-2.45627e-16	1.5068477e-16	-1.0419045e-18	0	-3.69422e-17
2.9400099999937937e-09	9.6804786e-11	-5.421068e-11	0.00026703617	0.0022806076	-1.3292635e-16	-2.45627e-16	1.5068477e-16	-1.0419044e-18	0	-3.69422e-17
2.9500099999936727e-09	8.9060405e-11	-3.8721915e-11	0.00026703617	0.0022806076	-1.3292635e-16	-2.45627e-16	1.5068477e-16	-1.0419044e-18	0	-3.69422e-17
2.9600099999935517e-09	8.131602e-11	-3.0977533e-11	0.00026703617	0.0022806076	-1.3292635e-16	-2.45627e-16	1.5068477e-16	-1.0419045e-18	0	-3.69422e-17
2.9700099999934307e-09	8.9060405e-11	-3.0977533e-11	0.00026703617	0.0022806076	-1.3292635e-16	-2.45627e-16	1.5068477e-16	-1.0419044e-18	0	-3.69422e-17
2.9800099999933097e-09	9.29326e-11	-5.033849e-11	0.00026703617	0.0022806074	-1.3292635e-16	-2.45627e-16	1.5068477e-16	-1.0419044e-18	0	-3.69422e-17
2.9900099999931887e-09	9.29326e-11	-4.64663e-11	0.00026703617	0.0022806076	-1.3292635e-16	-2.45627e-16	1.5068477e-16	-1.0419044e-18	0	-3.69422e-17
3.0000099999930677e-09	8.9060405e-11	-6.969945e-11	0.00026703617	0.0022806074	-1.3292635e-16	-2.45627e-16	1.5068477e-16	-1.0419044e-18	0	-3.69422e-17
