# t (s)	mx ()	my ()	mz ()	spinAngle (rad)	E_total (J)	E_anis (J)	E_demag (J)	E_exch (J)	E_therm (J)	E_custom (J)
0	0	0	0	0.016871518	1.591617e-17	-4.5216e-17	6.189856e-17	6.0160006e-18	0	-6.7824004e-18
1.0000000000000124e-11	6.749287e-10	-2.9528133e-10	0.0030037414	0.030780481	9.169739e-18	-4.1936234e-17	5.78139e-17	-1.2973357e-19	0	-6.5781964e-18
2.0009999999999403e-11	0	-1.8982371e-10	0.0104534775	0.03861583	7.835843e-18	-3.8744114e-17	5.354637e-17	-6.306382e-19	0	-6.33577e-18
3.000999999999824e-11	6.749287e-10	-1.0334846e-09	0.020804996	0.045948856	6.9001124e-18	-3.4899948e-17	4.8354917e-17	-5.738169e-19	0	-5.9810415e-18
4.000000000000001e-11	-2.699715e-09	-8.225694e-10	0.031547543	0.05334445	6.0899924e-18	-3.0726365e-17	4.265526e-17	-3.0039141e-19	0	-5.538512e-18
5.0000000000001785e-11	-3.3746437e-09	-1.1389423e-09	0.04098785	0.06045478	5.2458082e-18	-2.663879e-17	3.6973845e-17	-1.3048208e-20	0	-5.0762035e-18
6.00000000000024e-11	-2.0247863e-09	-8.436609e-10	0.047089968	0.06845626	4.2712807e-18	-2.274229e-17	3.1497e-17	3.129041e-19	0	-4.796331e-18
7.000999999999771e-11	1.6873218e-09	-1.5185897e-09	0.04894854	0.07620214	3.133924e-18	-1.9453971e-17	2.6879279e-17	6.347138e-19	0	-4.9260984e-18
8.000999999999302e-11	5.39943e-09	-2.8684473e-09	0.05067569	0.08161165	1.860582e-18	-1.7587468e-17	2.418348e-17	5.05789e-19	0	-5.241219e-18
9.000999999998834e-11	1.0123931e-08	-2.699715e-09	0.057046674	0.08347706	4.6758943e-19	-1.6650997e-17	2.268179e-17	-3.833209e-19	0	-5.1798836e-18
1.0000999999998365e-10	1.687322e-08	-2.699715e-09	0.06294717	0.08286535	-1.0443052e-18	-1.5229608e-17	2.0551324e-17	-1.4598203e-18	0	-4.9062018e-18
1.1000999999997896e-10	1.8898005e-08	-5.9267182e-09	0.059794676	0.081714205	-2.5707266e-18	-1.3384988e-17	1.793851e-17	-2.1195984e-18	0	-5.0046503e-18
1.2000999999997891e-10	2.159772e-08	-6.580555e-09	0.044954494	0.0793693	-3.9380808e-18	-1.18865656e-17	1.5916446e-17	-2.487036e-18	0	-5.4809256e-18
1.3000999999998715e-10	1.2148718e-08	-6.7492874e-09	0.02319911	0.07498739	-5.0919497e-18	-1.1010855e-17	1.4828754e-17	-2.9243883e-18	0	-5.985461e-18
1.400099999999954e-10	6.074359e-09	-7.0867516e-09	0.0018822511	0.070057	-6.018983e-18	-1.0539138e-17	1.4289709e-17	-3.5150457e-18	0	-6.254508e-18
1.5000000000000362e-10	1.0123932e-09	-6.7492874e-09	-0.014739281	0.06717662	-6.7048915e-18	-1.0244496e-17	1.391963e-17	-4.110339e-18	0	-6.2696853e-18
1.6000000000001186e-10	-1.9615116e-09	-7.4242164e-09	-0.023815157	0.06577888	-7.192063e-18	-1.0281488e-17	1.3945261e-17	-4.6451353e-18	0	-6.210701e-18
1.700000000000201e-10	-8.436609e-10	-8.267877e-09	-0.024730653	0.06439108	-7.544666e-18	-1.0473647e-17	1.4195083e-17	-5.0491555e-18	0	-6.2169464e-18
1.8000000000002833e-10	2.0247863e-09	-6.580555e-09	-0.020912938	0.062432148	-7.807463e-18	-1.0566697e-17	1.4343277e-17	-5.3116605e-18	0	-6.2723836e-18
1.9000000000003657e-10	3.3746437e-09	-4.640135e-09	-0.01536014	0.06002073	-8.01584e-18	-1.0511943e-17	1.4309958e-17	-5.473807e-18	0	-6.340049e-18
2.000000000000448e-10	1.0123932e-09	-2.9528133e-09	-0.008925085	0.05755397	-8.192149e-18	-1.0334939e-17	1.4107762e-17	-5.5475046e-18	0	-6.4174674e-18
2.1000000000005304e-10	-6.074359e-09	-2.3622506e-09	-0.0024479646	0.05566758	-8.344732e-18	-1.01146545e-17	1.3837166e-17	-5.5646367e-18	0	-6.5026058e-18
2.2000000000006128e-10	-1.771688e-08	-2.0247863e-09	0.0028498538	0.05481355	-8.473668e-18	-9.936631e-18	1.3621529e-17	-5.5739516e-18	0	-6.5846137e-18
2.3000000000006952e-10	-3.1342005e-08	-1.2654914e-09	0.0064903046	0.055206057	-8.574978e-18	-9.873511e-18	1.35586425e-17	-5.6114452e-18	0	-6.6486656e-18
2.4000000000005925e-10	-4.277361e-08	3.0371794e-09	0.008782913	0.05596303	-8.650151e-18	-1.0000511e-17	1.3744266e-17	-5.7111875e-18	0	-6.6827185e-18
2.5000000000004163e-10	-5.163205e-08	1.5017164e-08	0.010293378	0.0564504	-8.71421e-18	-1.0273776e-17	1.4118203e-17	-5.8685933e-18	0	-6.690043e-18
2.60000000000024e-10	-5.188515e-08	3.1806017e-08	0.011161986	0.056724202	-8.778642e-18	-1.0493988e-17	1.4406786e-17	-6.001748e-18	0	-6.6896917e-18
2.700000000000064e-10	-4.4376566e-08	4.4207834e-08	0.011225867	0.05739923	-8.836469e-18	-1.0525159e-17	1.4423394e-17	-6.0384524e-18	0	-6.6962533e-18
2.800099999999888e-10	-3.804911e-08	4.9607262e-08	0.010736249	0.0580458	-8.879622e-18	-1.0445694e-17	1.4285747e-17	-6.0099353e-18	0	-6.7097405e-18
2.9000999999997117e-10	-3.5939955e-08	5.0450925e-08	0.009978801	0.05844324	-8.909699e-18	-1.0366552e-17	1.415622e-17	-5.975674e-18	0	-6.723693e-18
3.0000999999995355e-10	-3.754291e-08	5.1125852e-08	0.009037144	0.05857988	-8.931405e-18	-1.0328068e-17	1.4093412e-17	-5.9637753e-18	0	-6.7329756e-18
3.1000999999993594e-10	-3.973643e-08	4.8932336e-08	0.007968566	0.05849474	-8.948159e-18	-1.0333185e-17	1.4099595e-17	-5.9780806e-18	0	-6.7364874e-18
3.2000999999991833e-10	-4.3849276e-08	4.5895156e-08	0.006809938	0.05828286	-8.961512e-18	-1.037371e-17	1.4159517e-17	-6.010679e-18	0	-6.7366396e-18
3.300099999999007e-10	-4.8004306e-08	4.2857977e-08	0.0054954113	0.058021404	-8.971915e-18	-1.0436217e-17	1.4251586e-17	-6.0505855e-18	0	-6.7366983e-18
3.400099999998831e-10	-4.9227616e-08	3.9145867e-08	0.003916448	0.05778339	-8.9797544e-18	-1.0501559e-17	1.4348895e-17	-6.088597e-18	0	-6.7384933e-18
3.500099999998655e-10	-4.7308287e-08	3.526503e-08	0.002101594	0.057622038	-8.985705e-18	-1.05492205e-17	1.442372e-17	-6.1181777e-18	0	-6.7420282e-18
3.600099999998479e-10	-4.4756213e-08	2.9865596e-08	0.0002840475	0.057560164	-8.990465e-18	-1.0566575e-17	1.4457896e-17	-6.1353988e-18	0	-6.746385e-18
3.7000999999983027e-10	-4.1170654e-08	2.4044336e-08	-0.0012169101	0.057589203	-8.994482e-18	-1.055566e-17	1.4451964e-17	-6.1401824e-18	0	-6.750605e-18
3.8000999999981266e-10	-3.920914e-08	1.9741666e-08	-0.0021663278	0.057687502	-8.99796e-18	-1.0532174e-17	1.4425307e-17	-6.137042e-18	0	-6.7540517e-18
3.9000999999979505e-10	-3.6356514e-08	1.7379415e-08	-0.0025022866	0.057831105	-9.000972e-18	-1.0516205e-17	1.4404573e-17	-6.1328147e-18	0	-6.756523e-18
4.0000999999977743e-10	-3.5613038e-08	1.4932798e-08	-0.0023217823	0.057998616	-9.003552e-18	-1.0521227e-17	1.4408773e-17	-6.1329106e-18	0	-6.758186e-18
4.100099999997598e-10	-3.5665767e-08	1.4342236e-08	-0.0018125128	0.058171272	-9.005739e-18	-1.0548634e-17	1.4441434e-17	-6.1391707e-18	0	-6.7593668e-18
4.200099999997422e-10	-3.4843197e-08	1.6451388e-08	-0.0011771267	0.058328472	-9.007581e-18	-1.0589581e-17	1.4492505e-17	-6.1501367e-18	0	-6.760368e-18
4.300099999997246e-10	-3.3830805e-08	1.813871e-08	-0.0005741983	0.058456246	-9.009139e-18	-1.06315605e-17	1.4546578e-17	-6.162787e-18	0	-6.761369e-18
4.40009999999707e-10	-3.1215453e-08	1.6451388e-08	-9.290158e-05	0.058547895	-9.010452e-18	-1.0664773e-17	1.4591042e-17	-6.1743218e-18	0	-6.7624004e-18
4.5000999999968937e-10	-2.8705562e-08	1.6957586e-08	0.00024094332	0.058604885	-9.011559e-18	-1.06854075e-17	1.4620513e-17	-6.1832582e-18	0	-6.7634067e-18
4.6000999999967176e-10	-3.076726e-08	1.8982371e-08	0.00043896868	0.058634967	-9.0125025e-18	-1.06950996e-17	1.463645e-17	-6.189527e-18	0	-6.7643257e-18
4.700099999996541e-10	-3.061698e-08	1.7801245e-08	0.0005231748	0.058648665	-9.01331e-18	-1.0698268e-17	1.4644012e-17	-6.1939293e-18	0	-6.765124e-18
4.800099999996365e-10	-3.2304303e-08	1.771688e-08	0.00051166315	0.05865604	-9.014013e-18	-1.0699451e-17	1.4648695e-17	-6.1974564e-18	0	-6.7657997e-18
4.900099999996189e-10	-3.0392886e-08	1.8054344e-08	0.00041770624	0.05866496	-9.014636e-18	-1.0701707e-17	1.4654256e-17	-6.200824e-18	0	-6.7663606e-18
5.000099999996013e-10	-3.0031693e-08	1.856054e-08	0.00025242622	0.05868078	-9.015193e-18	-1.0706323e-17	1.4662274e-17	-6.20433e-18	0	-6.766815e-18
5.100099999995837e-10	-2.5723748e-08	1.46797e-08	3.0809402e-05	0.058706213	-9.0156905e-18	-1.0713256e-17	1.4672693e-17	-6.207952e-18	0	-6.7671758e-18
5.200099999995661e-10	-2.0777787e-08	1.7295049e-08	-0.00022694765	0.058741454	-9.016138e-18	-1.0721788e-17	1.4684641e-17	-6.2115304e-18	0	-6.7674607e-18
5.300099999995485e-10	-2.0899064e-08	1.9066738e-08	-0.0004971581	0.058784757	-9.0165425e-18	-1.0731052e-17	1.4697115e-17	-6.21491e-18	0	-6.7676952e-18
5.400099999995309e-10	-1.8307443e-08	1.7548148e-08	-0.0007562823	0.058832984	-9.0169015e-18	-1.0740304e-17	1.4709316e-17	-6.2180143e-18	0	-6.7679e-18
5.500099999995133e-10	-1.676776e-08	1.9572933e-08	-0.000983847	0.05888252	-9.017224e-18	-1.0749047e-17	1.4720766e-17	-6.2208503e-18	0	-6.768093e-18
5.600099999994956e-10	-1.639075e-08	1.7548148e-08	-0.0011653525	0.058929976	-9.017511e-18	-1.0757026e-17	1.4731268e-17	-6.2234733e-18	0	-6.7682805e-18
5.70009999999478e-10	-1.9311926e-08	1.687322e-08	-0.0012932621	0.058972456	-9.0177675e-18	-1.0764168e-17	1.4740809e-17	-6.225946e-18	0	-6.7684624e-18
5.800099999994604e-10	-1.8747727e-08	1.7210683e-08	-0.0013667329	0.05900824	-9.0179925e-18	-1.0770455e-17	1.4749401e-17	-6.228303e-18	0	-6.7686357e-18
5.900099999994428e-10	-1.9224924e-08	1.9319835e-08	-0.0013914064	0.059036944	-9.018193e-18	-1.07758795e-17	1.4757011e-17	-6.2305287e-18	0	-6.7687958e-18
6.000099999994252e-10	-1.7975252e-08	1.8307443e-08	-0.001377191	0.05905925	-9.018372e-18	-1.07804505e-17	1.4763597e-17	-6.2325817e-18	0	-6.768938e-18
6.100099999994076e-10	-1.3872949e-08	1.9826032e-08	-0.0013361439	0.059076402	-9.01853e-18	-1.0784197e-17	1.4769134e-17	-6.2344073e-18	0	-6.7690605e-18
6.2000999999939e-10	-1.5351992e-08	1.7379415e-08	-0.0012807321	0.0590901	-9.018668e-18	-1.0787198e-17	1.4773662e-17	-6.2359715e-18	0	-6.7691626e-18
6.300099999993724e-10	-1.1832345e-08	1.910892e-08	-0.001221984	0.05910197	-9.0187916e-18	-1.0789563e-17	1.4777277e-17	-6.237261e-18	0	-6.7692454e-18
6.400099999993547e-10	-1.1750615e-08	1.10519585e-08	-0.0011687535	0.059113234	-9.018905e-18	-1.0791414e-17	1.4780103e-17	-6.238285e-18	0	-6.7693086e-18
6.500099999993371e-10	-1.1434242e-08	1.0587945e-08	-0.0011271761	0.059124757	-9.019006e-18	-1.0792907e-17	1.4782343e-17	-6.239085e-18	0	-6.7693558e-18
6.600099999993195e-10	-9.694191e-09	1.4089138e-08	-0.0011001214	0.059136882	-9.019096e-18	-1.0794221e-17	1.4784234e-17	-6.2397224e-18	0	-6.769386e-18
6.700099999993019e-10	-1.2654914e-08	1.6156108e-08	-0.0010880579	0.059149634	-9.019172e-18	-1.0795472e-17	1.4785963e-17	-6.2402576e-18	0	-6.769405e-18
6.800099999992843e-10	-1.3300842e-08	1.5185897e-08	-0.0010892042	0.05916265	-9.019246e-18	-1.0796758e-17	1.4787668e-17	-6.2407444e-18	0	-6.769412e-18
6.900099999992667e-10	-1.3651489e-08	1.3203294e-08	-0.0011003163	0.059175484	-9.0193086e-18	-1.0798093e-17	1.4789405e-17	-6.241211e-18	0	-6.76941e-18
7.000099999992491e-10	-1.348012e-08	1.0208297e-08	-0.0011176313	0.05918766	-9.019369e-18	-1.0799445e-17	1.4791147e-17	-6.2416716e-18	0	-6.7693996e-18
7.100099999992315e-10	-1.3474847e-08	6.7914705e-09	-0.0011373382	0.05919889	-9.019422e-18	-1.0800763e-17	1.4792846e-17	-6.2421216e-18	0	-6.7693835e-18
7.200099999992138e-10	-1.0746131e-08	7.297667e-09	-0.0011563594	0.059208974	-9.01947e-18	-1.0801988e-17	1.4794428e-17	-6.242549e-18	0	-6.7693608e-18
7.300099999991962e-10	-1.0527306e-08	9.111538e-09	-0.0011721627	0.05921785	-9.019516e-18	-1.0803069e-17	1.4795828e-17	-6.2429405e-18	0	-6.769333e-18
7.400099999991786e-10	-1.0690766e-08	9.364636e-09	-0.0011832591	0.059225667	-9.019559e-18	-1.0803972e-17	1.4796997e-17	-6.243284e-18	0	-6.7693016e-18
7.50009999999161e-10	-9.029808e-09	6.36964e-09	-0.0011892761	0.05923255	-9.0196006e-18	-1.0804686e-17	1.4797924e-17	-6.24357e-18	0	-6.769266e-18
7.600099999991434e-10	-8.7398e-09	1.10519585e-08	-0.0011902412	0.05923878	-9.019641e-18	-1.0805235e-17	1.4798628e-17	-6.2438025e-18	0	-6.7692305e-18
7.700099999991258e-10	-8.855803e-09	1.13050564e-08	-0.0011867875	0.059244566	-9.019682e-18	-1.08056605e-17	1.4799164e-17	-6.2439927e-18	0	-6.7691937e-18
7.800099999991082e-10	-1.2040624e-08	1.2148718e-08	-0.0011798531	0.05925015	-9.0197205e-18	-1.0806011e-17	1.4799601e-17	-6.244153e-18	0	-6.769156e-18
7.900099999990906e-10	-1.259164e-08	9.786467e-09	-0.0011706686	0.05925564	-9.019759e-18	-1.080634e-17	1.4799997e-17	-6.2442983e-18	0	-6.769119e-18
8.00009999999073e-10	-1.409441e-08	1.2528365e-08	-0.0011601096	0.059261214	-9.019802e-18	-1.0806677e-17	1.4800397e-17	-6.2444394e-18	0	-6.7690824e-18
8.100099999990553e-10	-1.7310867e-08	1.0883226e-08	-0.0011491388	0.059266884	-9.019843e-18	-1.0807046e-17	1.4800837e-17	-6.2445874e-18	0	-6.769047e-18
8.200099999990377e-10	-1.575273e-08	8.816257e-09	-0.0011386141	0.05927267	-9.019886e-18	-1.0807469e-17	1.4801343e-17	-6.2447467e-18	0	-6.769012e-18
8.300099999990201e-10	-1.5581362e-08	7.972596e-09	-0.0011287001	0.05927859	-9.019928e-18	-1.08079435e-17	1.4801917e-17	-6.2449225e-18	0	-6.7689794e-18
8.400099999990025e-10	-1.4745611e-08	9.786467e-09	-0.0011198949	0.059284545	-9.0199744e-18	-1.08084705e-17	1.4802558e-17	-6.2451144e-18	0	-6.768947e-18
8.500099999989849e-10	-2.0392866e-08	8.942806e-09	-0.0011122167	0.0592905	-9.020019e-18	-1.08090354e-17	1.4803254e-17	-6.2453216e-18	0	-6.768917e-18
8.600099999989673e-10	-2.2734026e-08	5.441613e-09	-0.0011057254	0.059296504	-9.020067e-18	-1.0809633e-17	1.4803992e-17	-6.2455408e-18	0	-6.7688868e-18
8.700099999989497e-10	-2.2770935e-08	4.8510502e-09	-0.0011002211	0.059302486	-9.020115e-18	-1.0810249e-17	1.480476e-17	-6.245768e-18	0	-6.7688582e-18
8.800099999989321e-10	-2.3981062e-08	4.5979522e-09	-0.0010954349	0.059308477	-9.020166e-18	-1.08108726e-17	1.480554e-17	-6.2460023e-18	0	-6.768832e-18
8.900099999989144e-10	-2.1985276e-08	2.9528133e-09	-0.0010910966	0.059314433	-9.020219e-18	-1.0811499e-17	1.480633e-17	-6.246242e-18	0	-6.768807e-18
9.000099999988968e-10	-1.9311926e-08	4.3026707e-09	-0.0010869281	0.059320386	-9.0202706e-18	-1.0812133e-17	1.4807132e-17	-6.2464854e-18	0	-6.768784e-18
9.100099999988792e-10	-1.9659936e-08	4.8088675e-09	-0.0010829743	0.059326403	-9.020327e-18	-1.0812791e-17	1.4807964e-17	-6.246738e-18	0	-6.7687623e-18
9.200099999988616e-10	-1.836017e-08	5.0197824e-09	-0.0010791101	0.059332624	-9.02038e-18	-1.0813475e-17	1.480884e-17	-6.2470032e-18	0	-6.768742e-18
9.30009999998844e-10	-1.6986586e-08	3.8386574e-09	-0.0010750887	0.059338994	-9.020437e-18	-1.08141896e-17	1.4809754e-17	-6.2472783e-18	0	-6.768723e-18
9.400099999989161e-10	-1.5897736e-08	3.4168268e-09	-0.0010710836	0.059345573	-9.020497e-18	-1.0814926e-17	1.48107e-17	-6.2475636e-18	0	-6.7687065e-18
9.50009999999002e-10	-1.532299e-08	3.7964742e-10	-0.001066984	0.059352364	-9.020555e-18	-1.0815699e-17	1.4811698e-17	-6.2478627e-18	0	-6.7686916e-18
9.600099999990877e-10	-1.4500422e-08	-7.5929485e-10	-0.0010628058	0.059359364	-9.020611e-18	-1.0816512e-17	1.4812753e-17	-6.2481766e-18	0	-6.7686775e-18
9.700099999991735e-10	-1.48774335e-08	4.6401352e-10	-0.0010584557	0.059366606	-9.020673e-18	-1.0817369e-17	1.481387e-17	-6.2485095e-18	0	-6.768666e-18
9.800099999992593e-10	-1.6156108e-08	2.530983e-10	-0.0010541435	0.059374146	-9.020732e-18	-1.0818262e-17	1.481504e-17	-6.2488557e-18	0	-6.7686543e-18
9.90009999999345e-10	-1.7954159e-08	-1.0123932e-09	-0.001049988	0.059382018	-9.020794e-18	-1.0819195e-17	1.481626e-17	-6.2492155e-18	0	-6.768644e-18
1.0000099999994308e-09	-1.8346988e-08	4.2183046e-10	-0.0010460515	0.059390347	-9.020856e-18	-1.0820177e-17	1.4817551e-17	-6.249595e-18	0	-6.768635e-18
1.0100099999995166e-09	-1.884264e-08	-1.7716879e-09	-0.0010422026	0.059399113	-9.020917e-18	-1.0821202e-17	1.4818904e-17	-6.249991e-18	0	-6.7686266e-18
1.0200099999996024e-09	-2.0540508e-08	-6.749287e-10	-0.0010382441	0.05940827	-9.020976e-18	-1.08222645e-17	1.4820309e-17	-6.2504038e-18	0	-6.7686184e-18
1.0300099999996882e-09	-2.0258408e-08	2.6153488e-09	-0.0010342707	0.05941781	-9.021042e-18	-1.08233705e-17	1.4821773e-17	-6.250833e-18	0	-6.7686117e-18
1.040009999999774e-09	-2.1460625e-08	1.8560541e-09	-0.0010302815	0.059427734	-9.021103e-18	-1.08245144e-17	1.4823297e-17	-6.2512793e-18	0	-6.7686064e-18
1.0500099999998598e-09	-2.3778057e-08	4.7245012e-09	-0.0010261436	0.059438143	-9.021167e-18	-1.0825702e-17	1.4824877e-17	-6.2517434e-18	0	-6.768599e-18
1.0600099999999456e-09	-2.0266317e-08	3.2480947e-09	-0.0010217911	0.059448987	-9.021229e-18	-1.0826938e-17	1.482653e-17	-6.252226e-18	0	-6.7685935e-18
1.0700000000000313e-09	-1.9433202e-08	1.6873218e-09	-0.0010173729	0.059460323	-9.021292e-18	-1.0828216e-17	1.4828238e-17	-6.252726e-18	0	-6.768588e-18
1.080000000000117e-09	-1.8837367e-08	-1.7295049e-09	-0.0010130974	0.05947219	-9.021357e-18	-1.0829545e-17	1.4830018e-17	-6.2532464e-18	0	-6.768582e-18
1.0900000000002028e-09	-2.0485142e-08	-1.1389423e-09	-0.0010090133	0.059484586	-9.021421e-18	-1.0830919e-17	1.4831861e-17	-6.2537853e-18	0	-6.7685766e-18
1.1000000000002886e-09	-2.0951791e-08	-1.0967592e-09	-0.0010049626	0.05949756	-9.021484e-18	-1.0832344e-17	1.4833777e-17	-6.2543457e-18	0	-6.768571e-18
1.1100000000003744e-09	-2.2328013e-08	-2.3622506e-09	-0.0010009329	0.059511133	-9.021546e-18	-1.0833819e-17	1.4835764e-17	-6.2549264e-18	0	-6.7685654e-18
1.1200000000004602e-09	-2.3843967e-08	-3.1215455e-09	-0.0009970606	0.059525304	-9.02161e-18	-1.0835351e-17	1.483783e-17	-6.255529e-18	0	-6.7685596e-18
1.130000000000546e-09	-2.2707662e-08	-2.1513353e-09	-0.0009932776	0.059540067	-9.021673e-18	-1.0836937e-17	1.4839971e-17	-6.256153e-18	0	-6.7685534e-18
1.1400000000006318e-09	-2.602694e-08	-3.0371794e-09	-0.0009893895	0.05955545	-9.0217355e-18	-1.0838567e-17	1.4842176e-17	-6.2567966e-18	0	-6.7685472e-18
1.1500000000007175e-09	-2.1302439e-08	-3.501193e-09	-0.0009853909	0.059571393	-9.021799e-18	-1.0840249e-17	1.4844453e-17	-6.257461e-18	0	-6.768541e-18
1.1600000000008033e-09	-2.2027459e-08	-3.627742e-09	-0.000981291	0.059588127	-9.021863e-18	-1.0841987e-17	1.4846807e-17	-6.2581474e-18	0	-6.7685344e-18
1.1700000000008891e-09	-2.5837116e-08	-4.7666844e-09	-0.0009769944	0.059605498	-9.021927e-18	-1.08437844e-17	1.4849244e-17	-6.258858e-18	0	-6.768529e-18
1.1800000000009749e-09	-2.6090214e-08	-3.585559e-09	-0.00097256264	0.05962349	-9.021991e-18	-1.0845641e-17	1.4851762e-17	-6.2595913e-18	0	-6.768521e-18
1.1900000000010607e-09	-2.5932028e-08	-4.471403e-09	-0.0009680546	0.059642117	-9.022054e-18	-1.0847551e-17	1.4854357e-17	-6.2603473e-18	0	-6.768514e-18
1.2000000000011465e-09	-2.7239702e-08	-5.441613e-09	-0.0009635184	0.05966142	-9.022118e-18	-1.0849523e-17	1.485704e-17	-6.2611273e-18	0	-6.7685063e-18
1.2100000000012322e-09	-2.4126066e-08	-5.1041487e-09	-0.0009589347	0.059681498	-9.022181e-18	-1.085154e-17	1.4859784e-17	-6.261927e-18	0	-6.768499e-18
1.220000000001318e-09	-2.5602473e-08	-4.8088675e-09	-0.00095438317	0.059702173	-9.022245e-18	-1.0853622e-17	1.4862619e-17	-6.262752e-18	0	-6.7684914e-18
1.2300000000014038e-09	-2.2947578e-08	-3.9230232e-09	-0.0009497584	0.05972355	-9.022308e-18	-1.0855748e-17	1.4865518e-17	-6.2635956e-18	0	-6.7684823e-18
1.2400000000014896e-09	-2.2386015e-08	-5.483796e-09	-0.0009450251	0.0597457	-9.022372e-18	-1.08579276e-17	1.4868494e-17	-6.2644613e-18	0	-6.768474e-18
1.2500000000015754e-09	-2.3946788e-08	-6.36964e-09	-0.00094025524	0.059768554	-9.022439e-18	-1.0860168e-17	1.4871548e-17	-6.265352e-18	0	-6.768465e-18
1.2600000000016612e-09	-2.4489895e-08	-5.4627045e-09	-0.00093545497	0.05979198	-9.0225015e-18	-1.08624705e-17	1.4874691e-17	-6.266267e-18	0	-6.7684562e-18
1.270000000001747e-09	-2.2351742e-08	-4.0917554e-09	-0.00093065656	0.059816018	-9.022565e-18	-1.0864822e-17	1.4877905e-17	-6.2672026e-18	0	-6.7684463e-18
1.2800000000018327e-09	-2.5895117e-08	-2.2778845e-09	-0.0009258086	0.059840687	-9.0226305e-18	-1.0867222e-17	1.4881184e-17	-6.268158e-18	0	-6.768437e-18
1.2900000000019185e-09	-2.807018e-08	-2.21461e-09	-0.00092100445	0.059866026	-9.022695e-18	-1.0869675e-17	1.488454e-17	-6.2691344e-18	0	-6.768427e-18
1.3000000000020043e-09	-2.8766202e-08	8.8584395e-10	-0.0009161602	0.059892047	-9.022761e-18	-1.0872182e-17	1.488797e-17	-6.2701316e-18	0	-6.768416e-18
1.3100000000020901e-09	-2.6222036e-08	1.1178507e-09	-0.0009112446	0.059918728	-9.022827e-18	-1.08747425e-17	1.4891471e-17	-6.2711507e-18	0	-6.768406e-18
1.3200000000021759e-09	-3.1323548e-08	-8.436609e-11	-0.000906164	0.059946056	-9.0228894e-18	-1.0877345e-17	1.4895038e-17	-6.2721884e-18	0	-6.7683954e-18
1.3300000000022617e-09	-2.8267914e-08	-3.3957352e-09	-0.00090119394	0.05997409	-9.0229564e-18	-1.08800075e-17	1.4898684e-17	-6.2732505e-18	0	-6.768384e-18
1.3400000000023475e-09	-3.3045144e-08	-1.6662304e-09	-0.0008961078	0.060002748	-9.023023e-18	-1.08827215e-17	1.4902407e-17	-6.2743316e-18	0	-6.768373e-18
1.3500000000024332e-09	-3.6643886e-08	1.6873218e-10	-0.0008909989	0.060032003	-9.023092e-18	-1.0885491e-17	1.4906198e-17	-6.275435e-18	0	-6.7683623e-18
1.360000000002519e-09	-3.6527883e-08	-3.2059115e-09	-0.0008858998	0.060062017	-9.023155e-18	-1.08883025e-17	1.4910055e-17	-6.2765567e-18	0	-6.7683508e-18
1.3700000000026048e-09	-3.5502307e-08	-9.870833e-09	-0.0008806953	0.060092673	-9.023224e-18	-1.0891168e-17	1.4913987e-17	-6.2777e-18	0	-6.7683396e-18
1.3800000000026906e-09	-4.0392905e-08	-1.4785158e-08	-0.0008753672	0.06012387	-9.023289e-18	-1.0894076e-17	1.4917976e-17	-6.2788617e-18	0	-6.7683276e-18
1.3900000000027764e-09	-3.897977e-08	-1.8054344e-08	-0.00086996297	0.06015564	-9.023355e-18	-1.089703e-17	1.4922032e-17	-6.280042e-18	0	-6.768315e-18
1.4000000000028622e-09	-3.9145867e-08	-1.522808e-08	-0.00086457527	0.060187876	-9.023422e-18	-1.09000294e-17	1.4926152e-17	-6.2812406e-18	0	-6.768304e-18
1.410000000002948e-09	-3.9739067e-08	-1.0060656e-08	-0.00085913046	0.06022071	-9.0234875e-18	-1.090308e-17	1.4930342e-17	-6.2824587e-18	0	-6.768292e-18
1.4200000000030337e-09	-3.9562426e-08	-1.0123931e-08	-0.0008536941	0.060254075	-9.023557e-18	-1.0906171e-17	1.4934587e-17	-6.2836924e-18	0	-6.7682805e-18
1.4300000000031195e-09	-3.9578243e-08	-1.0988684e-08	-0.0008482847	0.06028811	-9.023622e-18	-1.09093e-17	1.4938888e-17	-6.2849427e-18	0	-6.7682676e-18
1.4400000000032053e-09	-4.5441688e-08	-6.580555e-09	-0.0008428964	0.06032254	-9.023691e-18	-1.0912481e-17	1.4943261e-17	-6.2862145e-18	0	-6.768255e-18
1.450000000003291e-09	-4.5373138e-08	-8.2467855e-09	-0.00083746255	0.06035748	-9.02376e-18	-1.0915704e-17	1.494769e-17	-6.2875024e-18	0	-6.7682436e-18
1.4600000000033769e-09	-4.421838e-08	-7.255484e-09	-0.0008320103	0.060392946	-9.023826e-18	-1.0918965e-17	1.4952176e-17	-6.2888065e-18	0	-6.768231e-18
1.4700000000034627e-09	-3.788565e-08	-1.1410514e-08	-0.00082644174	0.060428895	-9.0238945e-18	-1.0922263e-17	1.4956714e-17	-6.2901254e-18	0	-6.7682184e-18
1.4800000000035485e-09	-3.3577706e-08	-1.29818325e-08	-0.0008208922	0.06046532	-9.02396e-18	-1.092561e-17	1.4961318e-17	-6.2914634e-18	0	-6.768205e-18
1.4900000000036342e-09	-3.459537e-08	-1.4384419e-08	-0.0008151999	0.06050228	-9.024027e-18	-1.0928984e-17	1.4965962e-17	-6.292813e-18	0	-6.7681936e-18
1.50000000000372e-09	-4.0152987e-08	-8.183511e-09	-0.0008094894	0.060539603	-9.024097e-18	-1.0932398e-17	1.4970659e-17	-6.2941773e-18	0	-6.7681804e-18
1.5100000000038058e-09	-3.9894616e-08	-8.911169e-09	-0.00080370007	0.06057722	-9.024164e-18	-1.0935843e-17	1.4975404e-17	-6.2955546e-18	0	-6.7681688e-18
1.5200000000038916e-09	-4.110738e-08	-5.4627045e-09	-0.0007978546	0.060615286	-9.024232e-18	-1.0939326e-17	1.4980201e-17	-6.296949e-18	0	-6.768156e-18
1.5300000000039774e-09	-3.9082593e-08	-8.004233e-09	-0.0007919148	0.060653754	-9.0243e-18	-1.0942846e-17	1.4985045e-17	-6.298355e-18	0	-6.7681436e-18
1.5400000000040632e-09	-3.4727194e-08	-7.624585e-09	-0.00078602775	0.060692675	-9.024364e-18	-1.0946397e-17	1.4989939e-17	-6.299776e-18	0	-6.768131e-18
1.550000000004149e-09	-3.500138e-08	-6.0321756e-09	-0.0007802451	0.060731936	-9.024433e-18	-1.0949983e-17	1.4994879e-17	-6.3012104e-18	0	-6.7681187e-18
1.5600000000042347e-09	-3.535994e-08	-6.7914705e-09	-0.0007743426	0.060771585	-9.024502e-18	-1.0953599e-17	1.499986e-17	-6.3026564e-18	0	-6.7681063e-18
1.5700000000043205e-09	-3.4147178e-08	-9.870833e-09	-0.0007686118	0.060811535	-9.024568e-18	-1.0957251e-17	1.5004896e-17	-6.304117e-18	0	-6.7680943e-18
1.5800000000044063e-09	-3.486429e-08	-1.6535754e-08	-0.00076273526	0.060851753	-9.024635e-18	-1.0960929e-17	1.5009963e-17	-6.305587e-18	0	-6.768082e-18
1.590000000004492e-09	-3.9546606e-08	-1.8544721e-08	-0.00075679785	0.060892176	-9.024702e-18	-1.09646264e-17	1.501506e-17	-6.307066e-18	0	-6.768069e-18
1.6000000000045779e-09	-4.2604878e-08	-2.0638055e-08	-0.00075094536	0.060932808	-9.024766e-18	-1.0968349e-17	1.5020192e-17	-6.3085533e-18	0	-6.7680563e-18
1.6100000000046637e-09	-4.5568235e-08	-1.9541297e-08	-0.0007451617	0.060973693	-9.024833e-18	-1.0972092e-17	1.502535e-17	-6.3100493e-18	0	-6.768045e-18
1.6200000000047495e-09	-4.6243166e-08	-2.4632262e-08	-0.0007393041	0.061014768	-9.0248995e-18	-1.0975858e-17	1.5030547e-17	-6.311556e-18	0	-6.7680327e-18
1.6300000000048352e-09	-4.9427985e-08	-2.6757233e-08	-0.0007335382	0.061055943	-9.024966e-18	-1.0979653e-17	1.503578e-17	-6.313071e-18	0	-6.7680203e-18
1.640000000004921e-09	-4.773012e-08	-3.1666286e-08	-0.0007276708	0.06109725	-9.025029e-18	-1.09834605e-17	1.5041034e-17	-6.3145946e-18	0	-6.7680087e-18
1.6500000000050068e-09	-4.8278498e-08	-3.546276e-08	-0.00072178186	0.061138604	-9.0250955e-18	-1.09872804e-17	1.5046305e-17	-6.316121e-18	0	-6.7679967e-18
1.6600000000050926e-09	-4.945435e-08	-3.578968e-08	-0.0007160748	0.061180096	-9.025159e-18	-1.0991116e-17	1.5051595e-17	-6.317654e-18	0	-6.7679847e-18
1.6700000000051784e-09	-4.696555e-08	-3.2275302e-08	-0.00071037735	0.061221704	-9.025223e-18	-1.0994976e-17	1.5056922e-17	-6.3191967e-18	0	-6.7679727e-18
1.6800000000052642e-09	-4.9992185e-08	-2.9169577e-08	-0.000704489	0.06126346	-9.025285e-18	-1.0998844e-17	1.5062262e-17	-6.320743e-18	0	-6.7679608e-18
1.69000000000535e-09	-4.8932336e-08	-2.86792e-08	-0.0006985909	0.061305214	-9.025348e-18	-1.1002717e-17	1.5067608e-17	-6.3222895e-18	0	-6.767949e-18
1.7000000000054357e-09	-5.163205e-08	-2.908521e-08	-0.0006926769	0.061346956	-9.02541e-18	-1.1006599e-17	1.507297e-17	-6.323842e-18	0	-6.7679376e-18
1.7100000000055215e-09	-5.902463e-08	-2.8051726e-08	-0.0006867621	0.061388746	-9.0254735e-18	-1.10105e-17	1.5078354e-17	-6.3254005e-18	0	-6.7679264e-18
1.7200000000056073e-09	-6.390204e-08	-2.6817872e-08	-0.00068080146	0.061430518	-9.025535e-18	-1.101441e-17	1.5083754e-17	-6.3269622e-18	0	-6.767915e-18
1.730000000005693e-09	-6.604283e-08	-2.7123699e-08	-0.00067492994	0.06147228	-9.0255935e-18	-1.1018322e-17	1.5089157e-17	-6.3285248e-18	0	-6.7679037e-18
1.7400000000057789e-09	-6.3991685e-08	-2.2135554e-08	-0.0006692147	0.061514046	-9.025654e-18	-1.10222305e-17	1.5094554e-17	-6.330086e-18	0	-6.7678925e-18
1.7500000000058647e-09	-6.198271e-08	-2.1228619e-08	-0.000663452	0.06155573	-9.025715e-18	-1.1026136e-17	1.5099949e-17	-6.3316453e-18	0	-6.7678813e-18
1.7600000000059504e-09	-6.248891e-08	-1.9467477e-08	-0.00065774017	0.06159736	-9.025772e-18	-1.10300465e-17	1.5105352e-17	-6.3332087e-18	0	-6.7678693e-18
1.7700000000060362e-09	-6.679158e-08	-2.4687628e-08	-0.000652085	0.061638948	-9.025829e-18	-1.10339715e-17	1.5110777e-17	-6.334775e-18	0	-6.767859e-18
1.780000000006122e-09	-6.5505e-08	-2.7830264e-08	-0.00064642355	0.06168033	-9.025888e-18	-1.10378865e-17	1.5116183e-17	-6.3363375e-18	0	-6.7678474e-18
1.7900000000062078e-09	-6.579501e-08	-2.388615e-08	-0.00064076256	0.06172157	-9.025946e-18	-1.1041792e-17	1.512158e-17	-6.337896e-18	0	-6.7678375e-18
1.8000000000062936e-09	-6.726614e-08	-2.229374e-08	-0.0006353695	0.0617627	-9.026e-18	-1.1045689e-17	1.5126971e-17	-6.3394522e-18	0	-6.7678267e-18
1.8100000000063794e-09	-6.811507e-08	-2.0648601e-08	-0.00062987226	0.061803747	-9.026056e-18	-1.1049583e-17	1.5132351e-17	-6.3410065e-18	0	-6.767816e-18
1.8200000000064652e-09	-6.598483e-08	-2.0986066e-08	-0.00062434905	0.06184455	-9.026109e-18	-1.1053467e-17	1.5137723e-17	-6.3425567e-18	0	-6.767806e-18
1.830000000006551e-09	-6.92382e-08	-1.8433992e-08	-0.0006188671	0.06188523	-9.026166e-18	-1.10573435e-17	1.5143078e-17	-6.344104e-18	0	-6.767796e-18
1.8400000000066367e-09	-6.8753096e-08	-2.2335923e-08	-0.00061343145	0.061925784	-9.026217e-18	-1.1061204e-17	1.5148417e-17	-6.3456445e-18	0	-6.767786e-18
1.8500000000067225e-09	-7.243884e-08	-2.7039333e-08	-0.00060797523	0.061966073	-9.026269e-18	-1.1065057e-17	1.5153745e-17	-6.3471814e-18	0	-6.767776e-18
1.8600000000068083e-09	-8.2541675e-08	-2.8157183e-08	-0.00060257514	0.062006157	-9.026321e-18	-1.1068904e-17	1.5159067e-17	-6.348717e-18	0	-6.7677664e-18
1.870000000006742e-09	-8.4186816e-08	-3.393626e-08	-0.0005972312	0.062045977	-9.02637e-18	-1.1072729e-17	1.5164358e-17	-6.3502424e-18	0	-6.767757e-18
1.880000000006621e-09	-8.3216605e-08	-3.7057806e-08	-0.0005918506	0.062085703	-9.0264215e-18	-1.1076534e-17	1.5169619e-17	-6.3517595e-18	0	-6.7677478e-18
1.8900000000065e-09	-8.513593e-08	-4.1465935e-08	-0.00058662234	0.062125135	-9.02647e-18	-1.1080319e-17	1.5174855e-17	-6.35327e-18	0	-6.7677374e-18
1.900000000006379e-09	-8.890077e-08	-4.292125e-08	-0.0005814445	0.06216424	-9.0265174e-18	-1.1084076e-17	1.5180056e-17	-6.3547687e-18	0	-6.7677283e-18
1.910000000006258e-09	-9.183249e-08	-4.389146e-08	-0.00057633	0.062203035	-9.026565e-18	-1.10878184e-17	1.5185234e-17	-6.3562614e-18	0	-6.767719e-18
1.920000000006137e-09	-9.041936e-08	-4.538896e-08	-0.0005713607	0.06224164	-9.026611e-18	-1.1091541e-17	1.5190384e-17	-6.3577466e-18	0	-6.7677097e-18
1.930000000006016e-09	-9.1853586e-08	-4.6422443e-08	-0.00056641514	0.062279947	-9.026655e-18	-1.1095237e-17	1.5195503e-17	-6.35922e-18	0	-6.7677006e-18
1.940000000005895e-09	-8.987098e-08	-4.3849276e-08	-0.00056151167	0.06231791	-9.026701e-18	-1.10989085e-17	1.5200585e-17	-6.360685e-18	0	-6.767692e-18
1.950000000005774e-09	-8.989207e-08	-4.222523e-08	-0.000556634	0.06235548	-9.026744e-18	-1.1102552e-17	1.520563e-17	-6.3621385e-18	0	-6.7676824e-18
1.960000000005653e-09	-9.124193e-08	-4.665445e-08	-0.00055185583	0.062392704	-9.026789e-18	-1.1106169e-17	1.5210637e-17	-6.3635815e-18	0	-6.767675e-18
1.9700000000055318e-09	-9.3973284e-08	-5.359356e-08	-0.0005470475	0.062429596	-9.026828e-18	-1.110976e-17	1.5215613e-17	-6.365014e-18	0	-6.7676663e-18
1.9800000000054108e-09	-9.712647e-08	-5.677838e-08	-0.0005422756	0.062466115	-9.0268715e-18	-1.111333e-17	1.5220553e-17	-6.3664365e-18	0	-6.767658e-18
1.9900000000052898e-09	-9.691555e-08	-5.665183e-08	-0.00053759036	0.06250226	-9.0269095e-18	-1.11168665e-17	1.5225452e-17	-6.3678473e-18	0	-6.7676497e-18
2.0000000000051688e-09	-9.562897e-08	-5.3530286e-08	-0.0005330245	0.06253801	-9.02695e-18	-1.1120374e-17	1.5230311e-17	-6.3692452e-18	0	-6.7676415e-18
2.0100000000050478e-09	-9.8845426e-08	-5.8634434e-08	-0.00052850804	0.0625734	-9.026987e-18	-1.1123846e-17	1.523512e-17	-6.3706287e-18	0	-6.767634e-18
2.0200000000049267e-09	-9.94149e-08	-6.1966894e-08	-0.0005240872	0.06260837	-9.027025e-18	-1.1127284e-17	1.5239885e-17	-6.3719997e-18	0	-6.7676257e-18
2.0300000000048057e-09	-1.0014255e-07	-6.099668e-08	-0.00051976147	0.06264291	-9.0270626e-18	-1.1130687e-17	1.52446e-17	-6.373357e-18	0	-6.7676187e-18
2.0400000000046847e-09	-1.067442e-07	-6.259964e-08	-0.00051552255	0.06267709	-9.027097e-18	-1.113406e-17	1.5249276e-17	-6.3747017e-18	0	-6.7676113e-18
2.0500000000045637e-09	-1.1129997e-07	-6.1966894e-08	-0.00051130855	0.06271087	-9.027131e-18	-1.11374005e-17	1.5253907e-17	-6.3760343e-18	0	-6.767603e-18
2.0600000000044427e-09	-1.129662e-07	-5.7031478e-08	-0.00050714135	0.062744245	-9.027168e-18	-1.1140701e-17	1.5258481e-17	-6.37735e-18	0	-6.7675964e-18
2.0700000000043217e-09	-1.1620375e-07	-5.340374e-08	-0.0005030018	0.06277716	-9.0272e-18	-1.1143966e-17	1.5263006e-17	-6.378651e-18	0	-6.7675893e-18
2.0800000000042007e-09	-1.17205595e-07	-4.732938e-08	-0.0004987283	0.06280968	-9.027232e-18	-1.1147197e-17	1.5267486e-17	-6.3799394e-18	0	-6.7675823e-18
2.0900000000040797e-09	-1.2074896e-07	-5.0240008e-08	-0.00049460935	0.06284179	-9.027264e-18	-1.11503856e-17	1.5271908e-17	-6.3812116e-18	0	-6.767575e-18
2.1000000000039587e-09	-1.17500875e-07	-4.6274803e-08	-0.0004906545	0.06287345	-9.027295e-18	-1.1153536e-17	1.5276279e-17	-6.382469e-18	0	-6.767569e-18
2.1100000000038377e-09	-1.1878746e-07	-5.0240008e-08	-0.00048660187	0.062904716	-9.027324e-18	-1.1156653e-17	1.5280602e-17	-6.3837114e-18	0	-6.7675616e-18
2.1200000000037166e-09	-1.17237235e-07	-5.4584863e-08	-0.0004826605	0.0629356	-9.027354e-18	-1.115973e-17	1.528487e-17	-6.3849385e-18	0	-6.767555e-18
2.1300000000035956e-09	-1.2024277e-07	-5.8339154e-08	-0.00047880414	0.06296607	-9.02738e-18	-1.11627734e-17	1.5289094e-17	-6.3861516e-18	0	-6.7675484e-18
2.1400000000034746e-09	-1.209177e-07	-6.108105e-08	-0.00047505196	0.06299611	-9.027412e-18	-1.116578e-17	1.5293261e-17	-6.38735e-18	0	-6.767542e-18
2.1500000000033536e-09	-1.2060133e-07	-5.6272185e-08	-0.00047132594	0.06302567	-9.027436e-18	-1.1168743e-17	1.5297377e-17	-6.3885318e-18	0	-6.767536e-18
2.1600000000032326e-09	-1.2508328e-07	-5.623e-08	-0.00046753258	0.06305483	-9.027463e-18	-1.1171668e-17	1.5301432e-17	-6.3896977e-18	0	-6.7675298e-18
2.1700000000031116e-09	-1.2680223e-07	-5.4880143e-08	-0.0004637368	0.0630836	-9.027489e-18	-1.1174552e-17	1.5305434e-17	-6.3908466e-18	0	-6.7675244e-18
2.1800000000029906e-09	-1.2254175e-07	-5.302409e-08	-0.00046005286	0.06311193	-9.027515e-18	-1.1177402e-17	1.5309388e-17	-6.391982e-18	0	-6.7675186e-18
2.1900000000028696e-09	-1.2670732e-07	-5.3488105e-08	-0.00045658188	0.06313981	-9.027535e-18	-1.11801955e-17	1.531327e-17	-6.3930966e-18	0	-6.7675132e-18
2.2000000000027486e-09	-1.2807827e-07	-6.002647e-08	-0.0004531891	0.063167214	-9.027561e-18	-1.1182956e-17	1.5317097e-17	-6.394196e-18	0	-6.767507e-18
2.2100000000026276e-09	-1.3500684e-07	-5.8929714e-08	-0.00044994935	0.06319416	-9.027583e-18	-1.1185676e-17	1.5320872e-17	-6.3952795e-18	0	-6.7675013e-18
2.2200000000025065e-09	-1.3424754e-07	-5.2813174e-08	-0.00044702084	0.06322067	-9.027605e-18	-1.1188352e-17	1.532459e-17	-6.396347e-18	0	-6.7674963e-18
2.2300000000023855e-09	-1.3374135e-07	-5.3108455e-08	-0.0004440621	0.063246734	-9.027626e-18	-1.119099e-17	1.5328254e-17	-6.397399e-18	0	-6.7674905e-18
2.2400000000022645e-09	-1.3717927e-07	-5.040874e-08	-0.00044107015	0.06327236	-9.0276465e-18	-1.1193584e-17	1.5331857e-17	-6.398433e-18	0	-6.767485e-18
2.2500000000021435e-09	-1.3962588e-07	-6.011084e-08	-0.0004381645	0.063297585	-9.0276656e-18	-1.1196131e-17	1.5335396e-17	-6.39945e-18	0	-6.7674797e-18
2.2600000000020225e-09	-1.4723993e-07	-5.6061268e-08	-0.00043545527	0.06332235	-9.0276854e-18	-1.11986466e-17	1.5338887e-17	-6.4004523e-18	0	-6.7674744e-18
2.2700000000019015e-09	-1.4870578e-07	-6.2641824e-08	-0.00043282929	0.063346654	-9.027705e-18	-1.1201122e-17	1.5342324e-17	-6.4014387e-18	0	-6.767469e-18
2.2800000000017805e-09	-1.5282917e-07	-6.875837e-08	-0.00043019603	0.06337051	-9.027723e-18	-1.1203555e-17	1.5345707e-17	-6.4024106e-18	0	-6.767464e-18
2.2900000000016595e-09	-1.5570816e-07	-7.268139e-08	-0.0004276195	0.06339391	-9.027738e-18	-1.12059415e-17	1.5349024e-17	-6.4033623e-18	0	-6.7674595e-18
2.3000000000015385e-09	-1.570053e-07	-7.2807936e-08	-0.00042496255	0.06341692	-9.0277566e-18	-1.1208289e-17	1.5352287e-17	-6.4042982e-18	0	-6.767454e-18
2.3100000000014175e-09	-1.5436886e-07	-7.567638e-08	-0.0004223758	0.06343953	-9.027771e-18	-1.1210595e-17	1.535549e-17	-6.4052177e-18	0	-6.76745e-18
2.3200000000012965e-09	-1.5203824e-07	-7.196428e-08	-0.00041979723	0.06346174	-9.027789e-18	-1.121287e-17	1.535865e-17	-6.406125e-18	0	-6.7674446e-18
2.3300000000011754e-09	-1.5259717e-07	-7.3862516e-08	-0.00041730903	0.06348354	-9.027806e-18	-1.1215104e-17	1.5361756e-17	-6.4070168e-18	0	-6.7674405e-18
2.3400000000010544e-09	-1.4690247e-07	-7.8587014e-08	-0.00041488613	0.0635049	-9.027819e-18	-1.1217301e-17	1.5364812e-17	-6.407893e-18	0	-6.767435e-18
2.3500000000009334e-09	-1.5885081e-07	-9.0229534e-08	-0.00041261295	0.06352582	-9.027834e-18	-1.1219456e-17	1.5367806e-17	-6.4087518e-18	0	-6.767432e-18
2.3600000000008124e-09	-1.6492517e-07	-8.6981444e-08	-0.0004103748	0.06354637	-9.027847e-18	-1.1221566e-17	1.537074e-17	-6.4095934e-18	0	-6.7674264e-18
2.3700000000006914e-09	-1.638284e-07	-9.10732e-08	-0.00040822383	0.06356651	-9.027861e-18	-1.1223648e-17	1.5373633e-17	-6.4104227e-18	0	-6.7674235e-18
2.3800000000005704e-09	-1.7040897e-07	-9.30558e-08	-0.00040620012	0.06358626	-9.027873e-18	-1.1225692e-17	1.5376474e-17	-6.411238e-18	0	-6.767419e-18
2.3900000000004494e-09	-1.6923838e-07	-8.80782e-08	-0.00040417348	0.0636056	-9.0278864e-18	-1.1227696e-17	1.5379261e-17	-6.412037e-18	0	-6.767415e-18
2.4000000000003284e-09	-1.7619858e-07	-8.238349e-08	-0.0004020964	0.06362454	-9.027898e-18	-1.1229659e-17	1.5381991e-17	-6.412819e-18	0	-6.7674103e-18
2.4100000000002074e-09	-1.7807574e-07	-8.141328e-08	-0.00039998032	0.063643076	-9.027909e-18	-1.1231583e-17	1.5384668e-17	-6.413587e-18	0	-6.767406e-18
2.4200000000000864e-09	-1.7681025e-07	-8.255222e-08	-0.00039796304	0.06366125	-9.027922e-18	-1.1233469e-17	1.538729e-17	-6.4143394e-18	0	-6.767402e-18
2.4300099999999652e-09	-1.7853975e-07	-9.2169955e-08	-0.0003960384	0.063679084	-9.0279294e-18	-1.1235328e-17	1.5389876e-17	-6.41508e-18	0	-6.767398e-18
2.4400099999998442e-09	-1.794045e-07	-9.103101e-08	-0.00039409814	0.06369655	-9.027942e-18	-1.1237151e-17	1.539241e-17	-6.4158064e-18	0	-6.767394e-18
2.450009999999723e-09	-1.8281078e-07	-9.406819e-08	-0.0003921066	0.063713625	-9.027951e-18	-1.1238935e-17	1.5394892e-17	-6.4165178e-18	0	-6.767391e-18
2.460009999999602e-09	-1.828846e-07	-9.904579e-08	-0.00039010847	0.06373035	-9.0279625e-18	-1.12406856e-17	1.5397327e-17	-6.4172163e-18	0	-6.767387e-18
2.470009999999481e-09	-1.868498e-07	-1.0031128e-07	-0.00038824094	0.063746706	-9.0279675e-18	-1.1242403e-17	1.5399719e-17	-6.4179012e-18	0	-6.767383e-18
2.48000999999936e-09	-1.8822075e-07	-1.0891662e-07	-0.00038651272	0.06376272	-9.027981e-18	-1.1244086e-17	1.5402055e-17	-6.418571e-18	0	-6.7673797e-18
2.490009999999239e-09	-1.915954e-07	-1.0756677e-07	-0.00038486006	0.0637784	-9.027987e-18	-1.124573e-17	1.5404345e-17	-6.419227e-18	0	-6.767376e-18
2.500009999999118e-09	-1.9292416e-07	-1.0900099e-07	-0.00038325947	0.06379374	-9.027999e-18	-1.1247344e-17	1.540659e-17	-6.4198707e-18	0	-6.7673726e-18
2.510009999998997e-09	-1.9254452e-07	-1.1068831e-07	-0.0003817645	0.06380879	-9.0280055e-18	-1.1248924e-17	1.540879e-17	-6.4205015e-18	0	-6.7673693e-18
2.520009999998876e-09	-2.031852e-07	-1.09591554e-07	-0.00038024609	0.06382348	-9.028014e-18	-1.1250468e-17	1.5410936e-17	-6.4211165e-18	0	-6.767365e-18
2.530009999998755e-09	-2.0812061e-07	-1.1001339e-07	-0.00037877896	0.063837804	-9.0280204e-18	-1.1251979e-17	1.5413042e-17	-6.4217195e-18	0	-6.7673627e-18
2.540009999998634e-09	-2.1059886e-07	-1.1068831e-07	-0.00037725194	0.063851885	-9.028027e-18	-1.1253461e-17	1.5415103e-17	-6.422311e-18	0	-6.7673586e-18
2.550009999998513e-09	-2.1114724e-07	-1.04782686e-07	-0.00037582166	0.06386565	-9.028034e-18	-1.12549106e-17	1.5417123e-17	-6.4228904e-18	0	-6.7673553e-18
2.560009999998392e-09	-2.081417e-07	-1.0022692e-07	-0.00037443612	0.0638791	-9.028044e-18	-1.1256333e-17	1.54191e-17	-6.423458e-18	0	-6.7673524e-18
2.570009999998271e-09	-2.1230727e-07	-9.718974e-08	-0.00037304705	0.06389222	-9.028049e-18	-1.1257723e-17	1.5421034e-17	-6.4240104e-18	0	-6.76735e-18
2.58000999999815e-09	-2.1956275e-07	-9.575552e-08	-0.0003716912	0.06390503	-9.028054e-18	-1.1259087e-17	1.5422933e-17	-6.4245555e-18	0	-6.767346e-18
2.590009999998029e-09	-2.2928594e-07	-9.170594e-08	-0.00037038713	0.06391754	-9.0280585e-18	-1.1260423e-17	1.5424793e-17	-6.425087e-18	0	-6.7673433e-18
2.600009999997908e-09	-2.3044598e-07	-9.533368e-08	-0.00036912595	0.063929744	-9.028066e-18	-1.12617315e-17	1.5426616e-17	-6.4256093e-18	0	-6.76734e-18
2.610009999997787e-09	-2.28031e-07	-9.0102986e-08	-0.00036791875	0.06394165	-9.02807e-18	-1.1263011e-17	1.5428397e-17	-6.4261197e-18	0	-6.767337e-18
2.620009999997666e-09	-2.2755644e-07	-8.5884686e-08	-0.00036670305	0.063953295	-9.028078e-18	-1.1264257e-17	1.543013e-17	-6.426617e-18	0	-6.7673337e-18
2.630009999997545e-09	-2.2238902e-07	-8.554722e-08	-0.00036554175	0.06396466	-9.0280825e-18	-1.1265478e-17	1.543183e-17	-6.4271044e-18	0	-6.767331e-18
2.640009999997424e-09	-2.3218604e-07	-8.4534825e-08	-0.0003644455	0.063975744	-9.028085e-18	-1.1266669e-17	1.5433488e-17	-6.427578e-18	0	-6.7673284e-18
2.650009999997303e-09	-2.3607743e-07	-8.976552e-08	-0.00036326345	0.06398658	-9.028092e-18	-1.1267833e-17	1.5435109e-17	-6.428043e-18	0	-6.767325e-18
2.660009999997182e-09	-2.3431627e-07	-9.600861e-08	-0.00036208562	0.06399718	-9.028094e-18	-1.1268977e-17	1.5436702e-17	-6.428498e-18	0	-6.7673226e-18
2.670009999997061e-09	-2.3759074e-07	-9.28027e-08	-0.00036101727	0.0640075	-9.0281015e-18	-1.1270101e-17	1.5438266e-17	-6.4289466e-18	0	-6.76732e-18
2.68000999999694e-09	-2.3963133e-07	-9.9298894e-08	-0.00035986246	0.06401756	-9.028105e-18	-1.12711945e-17	1.5439788e-17	-6.4293813e-18	0	-6.7673168e-18
2.690009999996819e-09	-2.4463003e-07	-1.0031128e-07	-0.000358645	0.06402736	-9.028111e-18	-1.1272268e-17	1.544128e-17	-6.4298085e-18	0	-6.767315e-18
2.700009999996698e-09	-2.4806795e-07	-1.11616345e-07	-0.00035744463	0.06403691	-9.028112e-18	-1.1273312e-17	1.5442737e-17	-6.4302254e-18	0	-6.767312e-18
2.710009999996577e-09	-2.4680247e-07	-1.0461395e-07	-0.00035633368	0.06404623	-9.0281156e-18	-1.1274333e-17	1.544416e-17	-6.4306324e-18	0	-6.7673098e-18
2.720009999996456e-09	-2.4406583e-07	-1.03011e-07	-0.0003553277	0.064055316	-9.028119e-18	-1.12753395e-17	1.5445561e-17	-6.4310335e-18	0	-6.7673073e-18
2.730009999996335e-09	-2.585557e-07	-9.9214525e-08	-0.00035433564	0.064064205	-9.0281255e-18	-1.1276319e-17	1.5446923e-17	-6.4314236e-18	0	-6.7673052e-18
2.740009999996214e-09	-2.6782544e-07	-1.037703e-07	-0.00035336788	0.06407284	-9.028126e-18	-1.1277274e-17	1.5448253e-17	-6.431803e-18	0	-6.7673027e-18
2.750009999996093e-09	-2.7194884e-07	-1.06638744e-07	-0.0003523873	0.06408126	-9.028132e-18	-1.1278206e-17	1.544955e-17	-6.4321742e-18	0	-6.7673002e-18
2.760009999995972e-09	-2.7664697e-07	-1.0402339e-07	-0.00035146266	0.06408946	-9.028132e-18	-1.127911e-17	1.5450809e-17	-6.432534e-18	0	-6.7672974e-18
2.770009999995851e-09	-2.7653624e-07	-9.938326e-08	-0.00035066716	0.06409744	-9.028136e-18	-1.1279998e-17	1.5452045e-17	-6.4328885e-18	0	-6.7672953e-18
2.78000999999573e-09	-2.7641497e-07	-1.0452959e-07	-0.00034978468	0.06410519	-9.02814e-18	-1.1280869e-17	1.5453258e-17	-6.4332355e-18	0	-6.7672936e-18
2.790009999995609e-09	-2.7682097e-07	-1.0064875e-07	-0.00034888182	0.06411274	-9.028141e-18	-1.1281717e-17	1.5454439e-17	-6.4335734e-18	0	-6.7672916e-18
2.800009999995488e-09	-2.9658372e-07	-1.0107058e-07	-0.0003479391	0.06412009	-9.028147e-18	-1.1282538e-17	1.545558e-17	-6.4339e-18	0	-6.7672895e-18
2.810009999995367e-09	-3.130773e-07	-1.0005819e-07	-0.0003470141	0.06412722	-9.028148e-18	-1.1283339e-17	1.5456699e-17	-6.434221e-18	0	-6.7672874e-18
2.820009999995246e-09	-3.1866657e-07	-1.12881835e-07	-0.0003461298	0.06413414	-9.028151e-18	-1.1284127e-17	1.5457795e-17	-6.434535e-18	0	-6.7672854e-18
2.830009999995125e-09	-3.150757e-07	-1.2410253e-07	-0.00034528368	0.06414089	-9.028154e-18	-1.1284899e-17	1.545887e-17	-6.4348427e-18	0	-6.767283e-18
2.840009999995004e-09	-3.203908e-07	-1.2393379e-07	-0.00034447605	0.06414746	-9.028156e-18	-1.1285647e-17	1.5459913e-17	-6.435142e-18	0	-6.767281e-18
2.850009999994883e-09	-3.1363095e-07	-1.3903532e-07	-0.0003436608	0.06415384	-9.028158e-18	-1.1286385e-17	1.5460939e-17	-6.4354354e-18	0	-6.7672787e-18
2.860009999994762e-09	-3.120069e-07	-1.510153e-07	-0.00034284135	0.06416006	-9.02816e-18	-1.12871e-17	1.546194e-17	-6.435721e-18	0	-6.7672767e-18
2.870009999994641e-09	-3.2286377e-07	-1.4966545e-07	-0.00034209134	0.06416606	-9.028162e-18	-1.12878e-17	1.546291e-17	-6.4359987e-18	0	-6.7672746e-18
2.8800099999945198e-09	-3.449255e-07	-1.5810205e-07	-0.00034131156	0.06417192	-9.028164e-18	-1.1288476e-17	1.546385e-17	-6.436269e-18	0	-6.767273e-18
2.8900099999943988e-09	-3.6019048e-07	-1.6215164e-07	-0.00034049785	0.064177595	-9.028168e-18	-1.1289137e-17	1.5464775e-17	-6.4365326e-18	0	-6.7672713e-18
2.9000099999942778e-09	-3.6705052e-07	-1.7396289e-07	-0.00033962002	0.064183116	-9.0281685e-18	-1.1289791e-17	1.5465685e-17	-6.4367928e-18	0	-6.76727e-18
2.9100099999941568e-09	-3.6905948e-07	-1.5717403e-07	-0.00033887464	0.06418847	-9.028172e-18	-1.1290426e-17	1.546657e-17	-6.4370467e-18	0	-6.767268e-18
2.9200099999940357e-09	-3.6005866e-07	-1.5666784e-07	-0.00033815356	0.064193666	-9.028172e-18	-1.1291047e-17	1.5467434e-17	-6.4372932e-18	0	-6.767266e-18
2.9300099999939147e-09	-3.6334893e-07	-1.5312446e-07	-0.00033753566	0.06419874	-9.028174e-18	-1.12916515e-17	1.5468277e-17	-6.4375348e-18	0	-6.7672643e-18
2.9400099999937937e-09	-3.7535528e-07	-1.5616163e-07	-0.0003369732	0.064203635	-9.028177e-18	-1.1292242e-17	1.5469098e-17	-6.4377693e-18	0	-6.767263e-18
2.9500099999936727e-09	-3.7759628e-07	-1.6400769e-07	-0.00033644523	0.06420837	-9.028179e-18	-1.1292815e-17	1.5469897e-17	-6.4379996e-18	0	-6.7672614e-18
2.9600099999935517e-09	-3.979865e-07	-1.6417641e-07	-0.00033591373	0.064212985	-9.02818e-18	-1.1293373e-17	1.5470675e-17	-6.4382217e-18	0	-6.7672597e-18
2.9700099999934307e-09	-4.0122933e-07	-1.5422121e-07	-0.0003354444	0.06421743	-9.028182e-18	-1.1293917e-17	1.5471432e-17	-6.4384385e-18	0	-6.767258e-18
2.9800099999933097e-09	-3.9021955e-07	-1.6181417e-07	-0.00033486352	0.06422177	-9.02818e-18	-1.129445e-17	1.5472173e-17	-6.4386502e-18	0	-6.7672564e-18
2.9900099999931887e-09	-3.8342282e-07	-1.6392332e-07	-0.00033428663	0.064225934	-9.028185e-18	-1.1294968e-17	1.5472896e-17	-6.4388583e-18	0	-6.767255e-18
3.0000099999930677e-09	-3.871718e-07	-1.5641474e-07	-0.0003336933	0.06422997	-9.028186e-18	-1.1295475e-17	1.5473603e-17	-6.43906e-18	0	-6.7672535e-18
