# t (s)	mx ()	my ()	mz ()	spinAngle (rad)	E_total (J)	E_anis (J)	E_demag (J)	E_exch (J)	E_therm (J)	E_custom (J)
0	0	0	0	0.0042178794	2.4247691e-17	-1.8097601e-16	2.2616206e-16	6.208001e-18	0	-2.7146402e-17
1.0000000000000124e-11	2.1078471e-10	-2.9509858e-10	0.0006062836	0.007923695	1.891956e-17	-1.7825253e-16	2.230781e-16	1.0649153e-18	0	-2.6970915e-17
2.0009999999999403e-11	4.426479e-10	-7.482857e-10	0.0019564745	0.009918967	1.7972353e-17	-1.7612372e-16	2.2048412e-16	4.2271015e-19	0	-2.6810753e-17
3.000999999999824e-11	4.426479e-10	-8.009819e-10	0.00404325	0.011764926	1.7420162e-17	-1.7376223e-16	2.1761752e-16	2.4140573e-19	0	-2.6676523e-17
4.000000000000001e-11	2.9509858e-10	-8.642173e-10	0.0065459134	0.013733854	1.6950984e-17	-1.7087156e-16	2.1407834e-16	1.6061414e-19	0	-2.64164e-17
5.0000000000001785e-11	7.5882495e-10	-5.480402e-10	0.0094456	0.0159537	1.6600094e-17	-1.6726758e-16	2.0966085e-16	2.6390308e-19	0	-2.6057081e-17
6.00000000000024e-11	1.5387284e-09	-4.215694e-11	0.012744887	0.018444901	1.6265926e-17	-1.6294008e-16	2.0434524e-16	4.935278e-19	0	-2.5632775e-17
7.000999999999771e-11	2.3397102e-09	8.4313884e-10	0.016403524	0.021171572	1.5921177e-17	-1.5792347e-16	1.9817139e-16	8.441743e-19	0	-2.5170916e-17
8.000999999999302e-11	3.1512313e-09	2.192161e-09	0.020296229	0.024149153	1.5550933e-17	-1.5231444e-16	1.9125125e-16	1.3104465e-18	0	-2.469632e-17
9.000999999998834e-11	3.30932e-09	2.6558873e-09	0.024247102	0.027355934	1.5144056e-17	-1.462503e-16	1.8374274e-16	1.8839444e-18	0	-2.4232312e-17
1.0000999999998365e-10	3.9205954e-09	3.5622616e-09	0.028054167	0.030825717	1.469178e-17	-1.399253e-16	1.7587363e-16	2.5515068e-18	0	-2.3808075e-17
1.1000999999997896e-10	2.950986e-09	3.7835854e-09	0.03157373	0.03459781	1.4187628e-17	-1.3355468e-16	1.6790301e-16	3.3003745e-18	0	-2.3461076e-17
1.2000999999997891e-10	1.7705916e-09	3.6834626e-09	0.03481473	0.0385707	1.3627976e-17	-1.2733437e-16	1.6007456e-16	4.1117643e-18	0	-2.3224e-17
1.3000999999998715e-10	3.7941247e-10	2.2237787e-09	0.03800294	0.042515572	1.3009055e-17	-1.2139147e-16	1.5255601e-16	4.9557528e-18	0	-2.3111246e-17
1.400099999999954e-10	-2.3607887e-09	4.3737827e-10	0.041578803	0.04618582	1.23241755e-17	-1.1575037e-16	1.4539403e-16	5.787238e-18	0	-2.3106708e-17
1.5000000000000362e-10	-5.4804024e-09	-1.2225513e-09	0.04611535	0.049328126	1.1560936e-17	-1.10334214e-16	1.3850908e-16	6.5421665e-18	0	-2.3156089e-17
1.6000000000001186e-10	-9.190213e-09	-2.371328e-09	0.052195866	0.051799983	1.06937455e-17	-1.04937866e-16	1.3165515e-16	7.158746e-18	0	-2.3182283e-17
1.700000000000201e-10	-1.2141199e-08	-2.0762294e-09	0.060161594	0.053620283	9.6846165e-18	-9.924502e-17	1.2444372e-16	7.610779e-18	0	-2.3124878e-17
1.8000000000002833e-10	-1.7031404e-08	4.848048e-10	0.06983256	0.05495849	8.478683e-18	-9.282981e-17	1.1635177e-16	7.931392e-18	0	-2.297466e-17
1.9000000000003657e-10	-2.0741215e-08	5.5647162e-09	0.080268025	0.056166206	7.007034e-18	-8.526031e-17	1.068535e-16	8.185152e-18	0	-2.2771305e-17
2.000000000000448e-10	-2.343926e-08	1.1972571e-08	0.0898286	0.057474393	5.201671e-18	-7.630723e-17	9.567621e-17	8.397715e-18	0	-2.256501e-17
2.1000000000005304e-10	-2.2764748e-08	1.7200032e-08	0.09673193	0.058895636	3.038211e-18	-6.627918e-17	8.319984e-17	8.497792e-18	0	-2.2380235e-17
2.2000000000006128e-10	-1.6188265e-08	1.9223565e-08	0.099859335	0.0599595	5.957094e-19	-5.6209675e-17	7.066689e-17	8.387055e-18	0	-2.2248561e-17
2.3000000000006952e-10	-4.384322e-09	1.6188265e-08	0.09902034	0.059902128	-1.933977e-18	-4.7369868e-17	5.956725e-17	8.116812e-18	0	-2.2248169e-17
2.4000000000005925e-10	1.0454921e-08	9.443155e-09	0.09480125	0.058442134	-4.3596194e-18	-4.0355618e-17	5.058528e-17	7.818954e-18	0	-2.2408235e-17
2.5000000000004163e-10	2.950986e-08	-2.5294164e-10	0.088917285	0.05611054	-6.623224e-18	-3.4851174e-17	4.343416e-17	7.465532e-18	0	-2.267174e-17
2.60000000000024e-10	5.058833e-08	-1.2878945e-08	0.08298205	0.05361862	-8.537847e-18	-2.972466e-17	3.6842552e-17	7.261756e-18	0	-2.29175e-17
2.700000000000064e-10	6.9263855e-08	-2.5968676e-08	0.07849213	0.050559595	-1.0324019e-17	-2.518417e-17	3.0990762e-17	6.8912495e-18	0	-2.3021863e-17
2.800099999999888e-10	8.1531525e-08	-3.4695162e-08	0.0758524	0.047214463	-1.21236165e-17	-2.2223282e-17	2.707126e-17	6.0649114e-18	0	-2.3036504e-17
2.9000999999997117e-10	8.376584e-08	-3.777262e-08	0.07466292	0.044010118	-1.3974818e-17	-2.0777674e-17	2.5160609e-17	4.856006e-18	0	-2.321376e-17
3.0000999999995355e-10	7.908642e-08	-3.431575e-08	0.07362209	0.04157055	-1.5774043e-17	-1.9414597e-17	2.3611101e-17	3.742616e-18	0	-2.3713164e-17
3.1000999999993594e-10	7.010699e-08	-2.8708877e-08	0.07117742	0.039725818	-1.734571e-17	-1.7392988e-17	2.1389278e-17	3.0537364e-18	0	-2.4395737e-17
3.2000999999991833e-10	6.272953e-08	-2.5309973e-08	0.0665834	0.037862767	-1.8617334e-17	-1.5461301e-17	1.9173157e-17	2.6388348e-18	0	-2.4968027e-17
3.300099999999007e-10	5.3834412e-08	-2.5568184e-08	0.060201816	0.035683043	-1.9662665e-17	-1.4098126e-17	1.7496142e-17	2.2453973e-18	0	-2.5306079e-17
3.400099999998831e-10	4.148243e-08	-2.6390245e-08	0.052777078	0.03325251	-2.0583231e-17	-1.30181776e-17	1.6109873e-17	1.8327467e-18	0	-2.5507676e-17
3.500099999998655e-10	2.4366711e-08	-2.4767203e-08	0.044835567	0.03075875	-2.1428129e-17	-1.1910903e-17	1.471033e-17	1.4650951e-18	0	-2.5692652e-17
3.600099999998479e-10	2.7402012e-09	-2.0878225e-08	0.036768276	0.028358098	-2.220459e-17	-1.07002645e-17	1.32186556e-17	1.1787037e-18	0	-2.5901685e-17
3.7000999999983027e-10	-1.9223565e-08	-1.4681155e-08	0.028980745	0.026163941	-2.2906113e-17	-9.448979e-18	1.1699338e-17	9.643859e-19	0	-2.6120858e-17
3.8000999999981266e-10	-3.7603993e-08	-8.726487e-09	0.021846252	0.024276318	-2.3525993e-17	-8.2491794e-18	1.0251967e-17	7.9483506e-19	0	-2.6323615e-17
3.9000999999979505e-10	-5.130236e-08	-3.8257424e-09	0.0156222535	0.022841772	-2.4060805e-17	-7.179123e-18	8.96299e-18	6.468351e-19	0	-2.6491506e-17
4.0000999999977743e-10	-5.733344e-08	-4.900744e-10	0.010433568	0.021941014	-2.4511977e-17	-6.293484e-18	7.892902e-18	5.0779687e-19	0	-2.6619192e-17
4.100099999997598e-10	-5.7923636e-08	1.1118894e-09	0.0062958538	0.021386538	-2.4886414e-17	-5.6147783e-18	7.066551e-18	3.7281289e-19	0	-2.6710995e-17
4.200099999997422e-10	-5.3202058e-08	2.7322968e-09	0.003138009	0.02097081	-2.5195415e-17	-5.1367105e-18	6.4769003e-18	2.395127e-19	0	-2.6775118e-17
4.300099999997246e-10	-4.43491e-08	4.9007443e-09	0.0008261655	0.020611508	-2.5451712e-17	-4.84545e-18	6.110435e-18	1.07237775e-19	0	-2.6823934e-17
4.40009999999707e-10	-3.2629472e-08	6.766189e-09	-0.0008159309	0.02025852	-2.5666018e-17	-4.721077e-18	5.9463777e-18	-2.3698056e-20	0	-2.686762e-17
4.5000999999968937e-10	-2.0720137e-08	9.527469e-09	-0.0019951456	0.01992411	-2.584612e-17	-4.7166157e-18	5.930193e-18	-1.5201309e-19	0	-2.6907684e-17
4.6000999999967176e-10	-9.6117825e-09	1.1213746e-08	-0.0029227927	0.019635156	-2.5996947e-17	-4.7846174e-18	6.0059363e-18	-2.733705e-19	0	-2.6944896e-17
4.700099999996541e-10	0	1.3110808e-08	-0.0037877515	0.019366743	-2.6122938e-17	-4.8934744e-18	6.1321165e-18	-3.8411535e-19	0	-2.6977465e-17
4.800099999996365e-10	7.16668e-09	1.4080419e-08	-0.004756319	0.019096753	-2.6229944e-17	-4.967589e-18	6.2098707e-18	-4.7158523e-19	0	-2.700064e-17
4.900099999996189e-10	1.129806e-08	1.2857867e-08	-0.0059023253	0.018859755	-2.6320531e-17	-4.9545774e-18	6.1740343e-18	-5.259418e-19	0	-2.7014043e-17
5.000099999996013e-10	1.3469142e-08	1.0792177e-08	-0.0071603637	0.018658163	-2.6395578e-17	-4.9082036e-18	6.09704e-18	-5.641246e-19	0	-2.702029e-17
5.100099999995837e-10	1.4712772e-08	8.178446e-09	-0.008428236	0.018437915	-2.645842e-17	-4.881969e-18	6.05136e-18	-6.0648795e-19	0	-2.7021324e-17
5.200099999995661e-10	1.37853196e-08	3.8784385e-09	-0.009642874	0.018194467	-2.6513514e-17	-4.879427e-18	6.0434953e-18	-6.5869964e-19	0	-2.7018885e-17
5.300099999995485e-10	1.2014728e-08	-6.7451106e-10	-0.010771145	0.017937906	-2.6564158e-17	-4.8880344e-18	6.0562074e-18	-7.172114e-19	0	-2.7015118e-17
5.400099999995309e-10	1.03706075e-08	-5.4382454e-09	-0.011788595	0.017683635	-2.6612084e-17	-4.8998453e-18	6.0765507e-18	-7.768301e-19	0	-2.7011958e-17
5.500099999995133e-10	7.925505e-09	-1.0412764e-08	-0.012672988	0.017446885	-2.6657981e-17	-4.9123804e-18	6.0985996e-18	-8.3369843e-19	0	-2.7010503e-17
5.600099999994956e-10	6.0705996e-09	-1.433336e-08	-0.0134052895	0.01723729	-2.6701948e-17	-4.9252724e-18	6.1200186e-18	-8.857673e-19	0	-2.7010926e-17
5.70009999999478e-10	5.64903e-09	-1.6778463e-08	-0.013970198	0.017057728	-2.6743821e-17	-4.938127e-18	6.1396583e-18	-9.32514e-19	0	-2.7012837e-17
5.800099999994604e-10	3.7941246e-09	-1.7621602e-08	-0.01435462	0.016904743	-2.6783375e-17	-4.949479e-18	6.1561974e-18	-9.743826e-19	0	-2.701571e-17
5.900099999994428e-10	2.3607887e-09	-1.694709e-08	-0.01454752	0.01676795	-2.6820425e-17	-4.9567723e-18	6.1677225e-18	-1.0121448e-18	0	-2.7019233e-17
6.000099999994252e-10	2.6137303e-09	-1.5345126e-08	-0.014541884	0.0166425	-2.6854859e-17	-4.9572454e-18	6.1722335e-18	-1.0464471e-18	0	-2.7023402e-17
6.100099999994076e-10	2.4451026e-09	-1.3658849e-08	-0.014337892	0.016534396	-2.6886578e-17	-4.9493426e-18	6.1688206e-18	-1.0776684e-18	0	-2.7028388e-17
6.2000999999939e-10	1.8549055e-09	-1.1213746e-08	-0.01394561	0.01644582	-2.6915534e-17	-4.933804e-18	6.158687e-18	-1.1060562e-18	0	-2.7034362e-17
6.300099999993724e-10	2.950986e-09	-7.16668e-09	-0.013385592	0.016369494	-2.694172e-17	-4.9135955e-18	6.145079e-18	-1.1318935e-18	0	-2.7041308e-17
6.400099999993547e-10	4.13138e-09	-3.5411831e-09	-0.012686789	0.016300637	-2.6965193e-17	-4.8927642e-18	6.132136e-18	-1.1555542e-18	0	-2.704901e-17
6.500099999993371e-10	6.7451106e-10	-9.696096e-10	-0.0118829245	0.016237525	-2.6986106e-17	-4.875066e-18	6.1235014e-18	-1.1774422e-18	0	-2.70571e-17
6.600099999993195e-10	1.2647082e-09	1.6019638e-09	-0.011008811	0.016175833	-2.7004646e-17	-4.8629146e-18	6.1212817e-18	-1.1978726e-18	0	-2.7065143e-17
6.700099999993019e-10	2.950986e-09	3.7941246e-09	-0.010097095	0.016113238	-2.7021059e-17	-4.8570445e-18	6.1257534e-18	-1.2169925e-18	0	-2.7072774e-17
6.800099999992843e-10	3.2882415e-09	4.0049093e-09	-0.009175923	0.01604879	-2.7035574e-17	-4.856711e-18	6.135632e-18	-1.2347561e-18	0	-2.707974e-17
6.900099999992667e-10	3.5411831e-09	6.450012e-09	-0.008267848	0.015981948	-2.7048427e-17	-4.8600922e-18	6.1485497e-18	-1.2509627e-18	0	-2.7085922e-17
7.000099999992491e-10	2.3607887e-09	5.3960885e-09	-0.0073897704	0.015912935	-2.7059824e-17	-4.8648035e-18	6.1616188e-18	-1.2653292e-18	0	-2.709131e-17
7.100099999992315e-10	3.4568692e-09	5.9862857e-09	-0.006553328	0.015842281	-2.7069934e-17	-4.868386e-18	6.1719746e-18	-1.2775737e-18	0	-2.7095949e-17
7.200099999992138e-10	3.5411831e-09	4.8058912e-09	-0.0057655545	0.01577088	-2.707891e-17	-4.868715e-18	6.1772e-18	-1.2874843e-18	0	-2.7099911e-17
7.300099999991962e-10	1.2647082e-09	2.2764748e-09	-0.0050299536	0.015700027	-2.7086876e-17	-4.8642654e-18	6.175611e-18	-1.2949577e-18	0	-2.7103264e-17
7.400099999991786e-10	-5.9019717e-10	2.6980442e-09	-0.004347465	0.015631212	-2.7093954e-17	-4.8542213e-18	6.166371e-18	-1.3000205e-18	0	-2.710608e-17
7.50009999999161e-10	-1.6862777e-09	2.7823581e-09	-0.0037173054	0.015566255	-2.7100232e-17	-4.8384685e-18	6.149479e-18	-1.302824e-18	0	-2.7108418e-17
7.600099999991434e-10	-3.2882415e-09	1.6862777e-09	-0.00313761	0.015505925	-2.7105797e-17	-4.8175177e-18	6.125681e-18	-1.3036331e-18	0	-2.711033e-17
7.700099999991258e-10	-3.4568692e-09	-6.323541e-10	-0.002605864	0.015450019	-2.7110737e-17	-4.7923524e-18	6.096293e-18	-1.3027948e-18	0	-2.7111884e-17
7.800099999991082e-10	-2.6137303e-09	1.1382374e-09	-0.0021191207	0.0153984465	-2.7115116e-17	-4.7642613e-18	6.0629874e-18	-1.3007035e-18	0	-2.7113138e-17
7.900099999990906e-10	-3.2882415e-09	7.16668e-10	-0.0016740919	0.0153509155	-2.7119009e-17	-4.7346722e-18	6.027585e-18	-1.2977619e-18	0	-2.711416e-17
8.00009999999073e-10	-7.5882495e-10	-1.5176499e-09	-0.0012672889	0.015307106	-2.7122468e-17	-4.7049657e-18	5.9918275e-18	-1.2943433e-18	0	-2.7114987e-17
8.100099999990553e-10	-4.2156942e-10	-2.107847e-09	-0.00089520955	0.015266691	-2.712556e-17	-4.676334e-18	5.95721e-18	-1.2907634e-18	0	-2.7115674e-17
8.200099999990377e-10	7.5882495e-10	-4.173537e-09	-0.0005544602	0.0152293695	-2.7128333e-17	-4.6496802e-18	5.924855e-18	-1.2872603e-18	0	-2.711625e-17
8.300099999990201e-10	0	-3.1196137e-09	-0.0002417743	0.015195014	-2.7130828e-17	-4.625573e-18	5.8954726e-18	-1.2839923e-18	0	-2.7116734e-17
8.400099999990025e-10	5.9019717e-10	-4.7215774e-09	4.582278e-05	0.015163416	-2.7133074e-17	-4.60424e-18	5.869358e-18	-1.2810398e-18	0	-2.7117153e-17
8.500099999989849e-10	0	-3.625497e-09	0.0003109394	0.015134333	-2.7135117e-17	-4.5856205e-18	5.8464555e-18	-1.27842e-18	0	-2.7117532e-17
8.600099999989673e-10	1.3490221e-09	-3.709811e-09	0.0005559303	0.015107493	-2.7136959e-17	-4.56943e-18	5.8264464e-18	-1.2761041e-18	0	-2.711787e-17
8.700099999989497e-10	1.8549055e-09	-5.143147e-09	0.00078283047	0.015082685	-2.7138633e-17	-4.5552547e-18	5.808851e-18	-1.2740339e-18	0	-2.7118195e-17
8.800099999989321e-10	2.4451026e-09	-3.9627523e-09	0.0009934241	0.01505949	-2.7140155e-17	-4.5426216e-18	5.793121e-18	-1.2721404e-18	0	-2.7118513e-17
8.900099999989144e-10	1.6862777e-09	-3.9205954e-09	0.0011893247	0.015037687	-2.7141535e-17	-4.531059e-18	5.7787053e-18	-1.2703515e-18	0	-2.711883e-17
9.000099999988968e-10	2.107847e-09	-3.5411831e-09	0.0013718904	0.015016998	-2.7142785e-17	-4.5201504e-18	5.7651205e-18	-1.2686064e-18	0	-2.711915e-17
9.100099999988792e-10	6.7451106e-10	-2.2764748e-09	0.0015423498	0.014997231	-2.7143924e-17	-4.509558e-18	5.7519604e-18	-1.2668532e-18	0	-2.7119472e-17
9.200099999988616e-10	-8.431388e-11	-1.3911791e-09	0.0017016949	0.014978212	-2.7144954e-17	-4.4990304e-18	5.738927e-18	-1.2650546e-18	0	-2.7119796e-17
9.30009999998844e-10	-3.3725553e-10	-7.5882495e-10	0.0018508204	0.014959802	-2.7145887e-17	-4.488404e-18	5.725819e-18	-1.2631862e-18	0	-2.7120117e-17
9.400099999989161e-10	-1.6862777e-09	5.9019717e-10	0.0019905046	0.014941987	-2.7146734e-17	-4.4775915e-18	5.712521e-18	-1.261235e-18	0	-2.7120427e-17
9.50009999999002e-10	-1.0117666e-09	1.2647082e-09	0.0021214348	0.014924719	-2.7147497e-17	-4.4665627e-18	5.698991e-18	-1.2591988e-18	0	-2.7120726e-17
9.600099999990877e-10	0	1.7705916e-09	0.0022441617	0.014907919	-2.714819e-17	-4.455356e-18	5.685264e-18	-1.2570861e-18	0	-2.7121012e-17
9.700099999991735e-10	6.7451106e-10	1.9392192e-09	0.0023592091	0.014891649	-2.7148817e-17	-4.444054e-18	5.671429e-18	-1.2549129e-18	0	-2.7121279e-17
9.800099999992593e-10	1.7705916e-09	1.1803943e-09	0.0024669876	0.014875972	-2.7149381e-17	-4.4327645e-18	5.657612e-18	-1.252702e-18	0	-2.7121527e-17
9.90009999999345e-10	2.192161e-09	-8.431388e-11	0.0025678861	0.014860874	-2.714989e-17	-4.4216137e-18	5.643958e-18	-1.2504805e-18	0	-2.7121757e-17
1.0000099999994308e-09	1.6019638e-09	-8.852958e-10	0.0026622433	0.014846447	-2.715035e-17	-4.4107363e-18	5.630628e-18	-1.2482789e-18	0	-2.7121964e-17
1.0100099999995166e-09	1.2647082e-09	-2.3607887e-09	0.0027503683	0.014832636	-2.7150771e-17	-4.4002555e-18	5.6177707e-18	-1.2461254e-18	0	-2.712216e-17
1.0200099999996024e-09	1.6019638e-09	-8.4313884e-10	0.0028325568	0.014819509	-2.715114e-17	-4.3902747e-18	5.605511e-18	-1.2440466e-18	0	-2.7122329e-17
1.0300099999996882e-09	1.2647082e-09	-1.0117666e-09	0.002909147	0.014807051	-2.715148e-17	-4.380866e-18	5.5939417e-18	-1.2420631e-18	0	-2.7122493e-17
1.040009999999774e-09	1.3490221e-09	1.1382374e-09	0.0029804255	0.014795238	-2.7151782e-17	-4.372088e-18	5.5831354e-18	-1.2401905e-18	0	-2.7122639e-17
1.0500099999998598e-09	1.2647082e-09	9.274527e-10	0.0030467662	0.014784086	-2.7152055e-17	-4.3639563e-18	5.5731137e-18	-1.2384389e-18	0	-2.7122774e-17
1.0600099999999456e-09	-1.6862776e-10	1.0960804e-09	0.003108499	0.014773571	-2.7152301e-17	-4.3564563e-18	5.563865e-18	-1.2368092e-18	0	-2.7122902e-17
1.0700000000000313e-09	1.6862776e-10	6.7451106e-10	0.0031659086	0.014763644	-2.7152521e-17	-4.3495655e-18	5.5553624e-18	-1.2353009e-18	0	-2.7123017e-17
1.080000000000117e-09	6.7451106e-10	-2.1078471e-10	0.003219497	0.014754325	-2.715272e-17	-4.343232e-18	5.547543e-18	-1.2339039e-18	0	-2.7123125e-17
1.0900000000002028e-09	1.5176499e-09	2.1078471e-10	0.0032695646	0.014745606	-2.7152897e-17	-4.337414e-18	5.54036e-18	-1.2326138e-18	0	-2.7123229e-17
1.1000000000002886e-09	3.3725553e-10	-4.2156942e-10	0.0033164744	0.014737422	-2.7153054e-17	-4.3320578e-18	5.5337473e-18	-1.2314201e-18	0	-2.7123323e-17
1.1100000000003744e-09	1.3490221e-09	3.3725553e-10	0.0033605355	0.014729791	-2.7153193e-17	-4.3271096e-18	5.5276406e-18	-1.2303131e-18	0	-2.712341e-17
1.1200000000004602e-09	1.6862776e-10	0	0.0034021204	0.01472268	-2.7153317e-17	-4.3225307e-18	5.521992e-18	-1.2292857e-18	0	-2.7123492e-17
1.130000000000546e-09	0	9.274527e-10	0.0034414849	0.0147161	-2.7153431e-17	-4.3182935e-18	5.516768e-18	-1.2283329e-18	0	-2.7123573e-17
1.1400000000006318e-09	-1.6862776e-10	7.16668e-10	0.00347883	0.014710013	-2.7153527e-17	-4.3143743e-18	5.5119375e-18	-1.2274487e-18	0	-2.7123646e-17
1.1500000000007175e-09	-3.3725553e-10	2.1078471e-10	0.0035144782	0.014704381	-2.7153621e-17	-4.3107488e-18	5.507475e-18	-1.2266308e-18	0	-2.7123719e-17
1.1600000000008033e-09	-7.5882495e-10	5.480402e-10	0.0035486002	0.01469925	-2.71537e-17	-4.3074037e-18	5.503362e-18	-1.225877e-18	0	-2.7123777e-17
1.1700000000008891e-09	8.431388e-11	-1.2647082e-10	0.0035813968	0.014694496	-2.715377e-17	-4.3043216e-18	5.499579e-18	-1.2251848e-18	0	-2.7123843e-17
1.1800000000009749e-09	8.431388e-11	6.7451106e-10	0.0036129442	0.014690175	-2.7153835e-17	-4.301506e-18	5.496127e-18	-1.2245527e-18	0	-2.7123902e-17
1.1900000000010607e-09	1.0960804e-09	-9.274527e-10	0.003643334	0.01468624	-2.7153893e-17	-4.2989466e-18	5.492992e-18	-1.2239783e-18	0	-2.7123955e-17
1.2000000000011465e-09	1.6019638e-09	-1.433336e-09	0.0036727483	0.0146826925	-2.715394e-17	-4.2966164e-18	5.4901474e-18	-1.2234605e-18	0	-2.7124012e-17
1.2100000000012322e-09	1.1803943e-09	-1.3490221e-09	0.0037012226	0.014679447	-2.7153987e-17	-4.2945067e-18	5.487577e-18	-1.2229949e-18	0	-2.7124063e-17
1.220000000001318e-09	1.6862777e-09	-8.009819e-10	0.0037287208	0.014676515	-2.7154027e-17	-4.292604e-18	5.4852625e-18	-1.2225751e-18	0	-2.712411e-17
1.2300000000014038e-09	8.4313884e-10	2.9509858e-10	0.003755368	0.014673858	-2.7154065e-17	-4.2908886e-18	5.4831797e-18	-1.2221993e-18	0	-2.7124157e-17
1.2400000000014896e-09	-3.3725553e-10	2.5294164e-10	0.0037812006	0.014671456	-2.71541e-17	-4.2893327e-18	5.481295e-18	-1.2218608e-18	0	-2.7124202e-17
1.2500000000015754e-09	-7.5882495e-10	-2.5294164e-10	0.0038062017	0.014669266	-2.715413e-17	-4.2879095e-18	5.4795777e-18	-1.2215548e-18	0	-2.7124243e-17
1.2600000000016612e-09	-1.1803943e-09	0	0.0038303342	0.014667276	-2.7154159e-17	-4.2866116e-18	5.4780123e-18	-1.2212759e-18	0	-2.7124283e-17
1.270000000001747e-09	-1.0117666e-09	-1.0117666e-09	0.0038535518	0.0146655	-2.7154182e-17	-4.285422e-18	5.4765784e-18	-1.2210189e-18	0	-2.7124318e-17
1.2800000000018327e-09	-1.2647082e-09	-4.6372636e-10	0.0038759466	0.014663876	-2.7154205e-17	-4.284314e-18	5.475243e-18	-1.2207794e-18	0	-2.7124356e-17
1.2900000000019185e-09	-1.433336e-09	-5.058833e-10	0.0038975822	0.014662382	-2.7154227e-17	-4.2832607e-18	5.473977e-18	-1.2205537e-18	0	-2.7124387e-17
1.3000000000020043e-09	-9.274527e-10	-8.4313884e-10	0.003918441	0.014661019	-2.7154247e-17	-4.2822545e-18	5.4727676e-18	-1.2203389e-18	0	-2.712442e-17
1.3100000000020901e-09	-1.0960804e-09	-7.5882495e-10	0.003938422	0.014659802	-2.7154263e-17	-4.2813045e-18	5.4716244e-18	-1.2201335e-18	0	-2.712445e-17
1.3200000000021759e-09	-1.7705916e-09	-1.6019638e-09	0.0039575403	0.014658706	-2.7154277e-17	-4.280406e-18	5.470539e-18	-1.2199355e-18	0	-2.7124473e-17
1.3300000000022617e-09	-1.6019638e-09	-1.0117666e-09	0.0039758277	0.01465771	-2.7154293e-17	-4.2795517e-18	5.4695043e-18	-1.2197454e-18	0	-2.7124498e-17
1.3400000000023475e-09	-1.433336e-09	-6.7451106e-10	0.003993224	0.014656807	-2.7154303e-17	-4.2787133e-18	5.4684906e-18	-1.2195593e-18	0	-2.7124523e-17
1.3500000000024332e-09	-1.0960804e-09	-8.4313884e-10	0.0040097833	0.01465596	-2.7154321e-17	-4.277898e-18	5.467502e-18	-1.2193771e-18	0	-2.7124548e-17
1.360000000002519e-09	-5.058833e-10	-3.7941247e-10	0.004025584	0.014655225	-2.715433e-17	-4.2771073e-18	5.4665426e-18	-1.2191995e-18	0	-2.7124566e-17
1.3700000000026048e-09	-7.5882495e-10	-5.058833e-10	0.0040406617	0.014654532	-2.715434e-17	-4.2763418e-18	5.4656133e-18	-1.2190274e-18	0	-2.7124584e-17
1.3800000000026906e-09	3.3725553e-10	-1.5176499e-09	0.0040551014	0.014653928	-2.7154351e-17	-4.2756023e-18	5.4647174e-18	-1.2188617e-18	0	-2.7124602e-17
1.3900000000027764e-09	-3.3725553e-10	-1.5598068e-09	0.004068766	0.014653343	-2.7154358e-17	-4.2748843e-18	5.463846e-18	-1.2187007e-18	0	-2.7124619e-17
1.4000000000028622e-09	4.2156942e-10	-2.06569e-09	0.0040816804	0.014652872	-2.7154368e-17	-4.274202e-18	5.4630155e-18	-1.2185459e-18	0	-2.7124635e-17
1.410000000002948e-09	7.5882495e-10	-1.433336e-09	0.0040939655	0.014652438	-2.7154376e-17	-4.2735633e-18	5.4622363e-18	-1.2183981e-18	0	-2.712465e-17
1.4200000000030337e-09	5.9019717e-10	-1.1803943e-09	0.004105668	0.014652119	-2.7154386e-17	-4.2729644e-18	5.461503e-18	-1.2182582e-18	0	-2.7124667e-17
1.4300000000031195e-09	-4.2156942e-10	-1.6019638e-09	0.0041168197	0.014651824	-2.7154392e-17	-4.272399e-18	5.4608107e-18	-1.2181258e-18	0	-2.7124678e-17
1.4400000000032053e-09	-3.3725553e-10	1.6862776e-10	0.004127459	0.014651577	-2.7154397e-17	-4.2718614e-18	5.4601526e-18	-1.2180005e-18	0	-2.7124688e-17
1.450000000003291e-09	-5.058833e-10	5.058833e-10	0.0041376124	0.014651391	-2.7154404e-17	-4.2713543e-18	5.4595322e-18	-1.2178824e-18	0	-2.71247e-17
1.4600000000033769e-09	-1.5176499e-09	1.0117666e-09	0.004147277	0.014651263	-2.7154414e-17	-4.270866e-18	5.458934e-18	-1.2177682e-18	0	-2.7124713e-17
1.4700000000034627e-09	-1.0117666e-09	-2.5294164e-10	0.004156443	0.01465113	-2.7154419e-17	-4.270388e-18	5.4583494e-18	-1.2176578e-18	0	-2.7124721e-17
1.4800000000035485e-09	-6.7451106e-10	8.4313884e-10	0.00416514	0.014651053	-2.7154425e-17	-4.2699295e-18	5.4577886e-18	-1.2175529e-18	0	-2.7124731e-17
1.4900000000036342e-09	-8.4313884e-10	-2.5294164e-10	0.004173382	0.014651028	-2.7154427e-17	-4.2694944e-18	5.457256e-18	-1.2174533e-18	0	-2.7124736e-17
1.50000000000372e-09	-1.433336e-09	-2.9509858e-10	0.0041812393	0.0146510415	-2.7154435e-17	-4.269089e-18	5.45676e-18	-1.2173598e-18	0	-2.7124746e-17
1.5100000000038058e-09	-5.058833e-10	-1.475493e-09	0.004188702	0.014651093	-2.715444e-17	-4.268721e-18	5.456308e-18	-1.217274e-18	0	-2.7124754e-17
1.5200000000038916e-09	-4.2156942e-10	-7.5882495e-10	0.004195833	0.014651195	-2.7154445e-17	-4.2683827e-18	5.455893e-18	-1.2171953e-18	0	-2.7124761e-17
1.5300000000039774e-09	5.058833e-10	-6.7451106e-10	0.0042026327	0.014651345	-2.715445e-17	-4.2680745e-18	5.455513e-18	-1.2171234e-18	0	-2.7124764e-17
1.5400000000040632e-09	1.6862776e-10	-5.9019717e-10	0.0042091403	0.014651537	-2.7154455e-17	-4.267791e-18	5.4551643e-18	-1.2170567e-18	0	-2.7124771e-17
1.550000000004149e-09	-1.6862776e-10	-5.480402e-10	0.004215368	0.014651745	-2.7154462e-17	-4.2675385e-18	5.4548533e-18	-1.2169966e-18	0	-2.712478e-17
1.5600000000042347e-09	8.4313884e-10	-1.2647082e-10	0.00422136	0.014651984	-2.7154462e-17	-4.2673073e-18	5.4545683e-18	-1.2169424e-18	0	-2.7124781e-17
1.5700000000043205e-09	-8.4313884e-10	3.3725553e-10	0.0042271777	0.014652238	-2.7154467e-17	-4.2671026e-18	5.4543156e-18	-1.216894e-18	0	-2.7124788e-17
1.5800000000044063e-09	3.3725553e-10	1.1803943e-09	0.0042328094	0.014652552	-2.7154472e-17	-4.266916e-18	5.454086e-18	-1.2168504e-18	0	-2.7124791e-17
1.590000000004492e-09	-8.431388e-11	6.7451106e-10	0.0042382474	0.014652854	-2.7154477e-17	-4.2667403e-18	5.453869e-18	-1.2168103e-18	0	-2.7124797e-17
1.6000000000045779e-09	5.9019717e-10	1.475493e-09	0.00424345	0.014653162	-2.715448e-17	-4.266584e-18	5.4536775e-18	-1.2167746e-18	0	-2.7124799e-17
1.6100000000046637e-09	-3.3725553e-10	1.1382374e-09	0.004248495	0.014653528	-2.7154483e-17	-4.266442e-18	5.4535033e-18	-1.2167431e-18	0	-2.71248e-17
1.6200000000047495e-09	1.2647082e-09	1.7705916e-09	0.004253387	0.014653897	-2.7154487e-17	-4.2663085e-18	5.453341e-18	-1.2167141e-18	0	-2.7124806e-17
1.6300000000048352e-09	1.6019638e-09	9.696096e-10	0.0042580967	0.0146543365	-2.7154493e-17	-4.266184e-18	5.453188e-18	-1.2166871e-18	0	-2.7124807e-17
1.640000000004921e-09	7.5882495e-10	-8.431388e-11	0.0042626215	0.014654777	-2.7154495e-17	-4.266072e-18	5.45305e-18	-1.2166626e-18	0	-2.7124809e-17
1.6500000000050068e-09	4.2156942e-10	-9.274527e-10	0.004266914	0.014655242	-2.71545e-17	-4.265971e-18	5.4529247e-18	-1.2166403e-18	0	-2.7124814e-17
1.6600000000050926e-09	1.3490221e-09	-1.6862776e-10	0.0042710244	0.0146557	-2.7154503e-17	-4.2658854e-18	5.452818e-18	-1.2166211e-18	0	-2.7124816e-17
1.6700000000051784e-09	3.3725553e-10	-2.1078471e-10	0.0042749974	0.01465619	-2.7154506e-17	-4.2658105e-18	5.452724e-18	-1.2166044e-18	0	-2.7124816e-17
1.6800000000052642e-09	-6.7451106e-10	-8.431388e-11	0.0042788545	0.014656706	-2.7154511e-17	-4.265748e-18	5.452646e-18	-1.2165907e-18	0	-2.712482e-17
1.69000000000535e-09	-2.5294164e-10	4.215694e-11	0.004282545	0.014657262	-2.7154513e-17	-4.2656985e-18	5.4525823e-18	-1.2165798e-18	0	-2.712482e-17
1.7000000000054357e-09	-1.433336e-09	-1.2647082e-10	0.004286107	0.0146577805	-2.715452e-17	-4.2656554e-18	5.4525273e-18	-1.216571e-18	0	-2.7124817e-17
1.7100000000055215e-09	-8.431388e-11	2.5294164e-10	0.0042895437	0.01465833	-2.715452e-17	-4.26562e-18	5.4524826e-18	-1.2165642e-18	0	-2.712482e-17
1.7200000000056073e-09	-1.6019638e-09	5.058833e-10	0.0042928457	0.0146588925	-2.7154525e-17	-4.2655946e-18	5.45245e-18	-1.2165599e-18	0	-2.7124817e-17
1.730000000005693e-09	-2.107847e-09	2.5294164e-10	0.004296034	0.014659469	-2.7154528e-17	-4.265578e-18	5.4524284e-18	-1.2165576e-18	0	-2.712482e-17
1.7400000000057789e-09	-1.3490221e-09	-4.215694e-11	0.004299129	0.014660037	-2.7154528e-17	-4.265564e-18	5.452411e-18	-1.216557e-18	0	-2.7124817e-17
1.7500000000058647e-09	5.058833e-10	-5.058833e-10	0.0043021687	0.014660629	-2.7154533e-17	-4.265549e-18	5.4523933e-18	-1.216557e-18	0	-2.712482e-17
1.7600000000059504e-09	-1.1803943e-09	-7.16668e-10	0.0043051452	0.01466121	-2.7154538e-17	-4.26554e-18	5.4523825e-18	-1.2165583e-18	0	-2.7124822e-17
1.7700000000060362e-09	1.0960804e-09	-1.1803943e-09	0.0043080333	0.014661835	-2.715454e-17	-4.2655396e-18	5.4523833e-18	-1.2165615e-18	0	-2.7124822e-17
1.780000000006122e-09	-5.9019717e-10	-1.2647082e-09	0.0043108333	0.014662433	-2.7154543e-17	-4.2655463e-18	5.4523908e-18	-1.2165659e-18	0	-2.7124822e-17
1.7900000000062078e-09	-9.274527e-10	-1.5598068e-09	0.004313544	0.01466301	-2.7154545e-17	-4.265559e-18	5.452407e-18	-1.2165719e-18	0	-2.712482e-17
1.8000000000062936e-09	-1.433336e-09	-3.7941247e-10	0.004316182	0.014663637	-2.7154546e-17	-4.2655773e-18	5.4524293e-18	-1.2165788e-18	0	-2.712482e-17
1.8100000000063794e-09	-5.058833e-10	5.9019717e-10	0.004318732	0.014664239	-2.715455e-17	-4.2656013e-18	5.4524586e-18	-1.2165872e-18	0	-2.712482e-17
1.8200000000064652e-09	-3.3725553e-10	-3.3725553e-10	0.0043212282	0.014664869	-2.7154553e-17	-4.265632e-18	5.4524954e-18	-1.2165968e-18	0	-2.712482e-17
1.830000000006551e-09	-5.058833e-10	4.215694e-11	0.0043236683	0.014665491	-2.7154556e-17	-4.2656683e-18	5.45254e-18	-1.2166073e-18	0	-2.712482e-17
1.8400000000066367e-09	-1.6862776e-10	2.1078471e-10	0.0043260483	0.014666114	-2.715456e-17	-4.265709e-18	5.4525885e-18	-1.2166194e-18	0	-2.712482e-17
1.8500000000067225e-09	-1.6862776e-10	-1.6862776e-10	0.004328359	0.01466674	-2.7154563e-17	-4.2657535e-18	5.4526435e-18	-1.216632e-18	0	-2.712482e-17
1.8600000000068083e-09	-5.9019717e-10	-1.6862776e-10	0.0043305876	0.014667344	-2.7154564e-17	-4.2658027e-18	5.4527026e-18	-1.2166458e-18	0	-2.712482e-17
1.870000000006742e-09	-9.274527e-10	-5.058833e-10	0.004332762	0.014667969	-2.7154566e-17	-4.2658556e-18	5.4527676e-18	-1.21666e-18	0	-2.712482e-17
1.880000000006621e-09	-5.058833e-10	8.4313884e-10	0.0043349033	0.014668574	-2.7154571e-17	-4.2659143e-18	5.452839e-18	-1.216676e-18	0	-2.7124817e-17
1.8900000000065e-09	-8.4313884e-10	3.3725553e-10	0.00433701	0.014669208	-2.7154573e-17	-4.2659793e-18	5.4529177e-18	-1.216693e-18	0	-2.7124817e-17
1.900000000006379e-09	-6.7451106e-10	1.6862776e-10	0.0043391003	0.014669818	-2.7154576e-17	-4.266049e-18	5.453003e-18	-1.2167111e-18	0	-2.712482e-17
1.910000000006258e-09	-9.274527e-10	-2.9509858e-10	0.0043411665	0.01467046	-2.715458e-17	-4.266125e-18	5.4530935e-18	-1.2167305e-18	0	-2.7124817e-17
1.920000000006137e-09	-7.5882495e-10	3.3725553e-10	0.004343231	0.01467107	-2.7154581e-17	-4.2662076e-18	5.4531952e-18	-1.2167508e-18	0	-2.7124817e-17
1.930000000006016e-09	-1.7705916e-09	6.7451106e-10	0.0043452843	0.014671693	-2.7154584e-17	-4.2662986e-18	5.453305e-18	-1.2167729e-18	0	-2.7124817e-17
1.940000000005895e-09	5.9019717e-10	-4.2156942e-10	0.0043473328	0.01467234	-2.7154584e-17	-4.2663916e-18	5.4534173e-18	-1.2167955e-18	0	-2.7124814e-17
1.950000000005774e-09	-8.4313884e-10	-4.6372636e-10	0.0043493854	0.014672976	-2.7154588e-17	-4.2664847e-18	5.4535302e-18	-1.2168188e-18	0	-2.7124814e-17
1.960000000005653e-09	-4.2156942e-10	-5.058833e-10	0.004351439	0.014673632	-2.7154594e-17	-4.2665757e-18	5.4536423e-18	-1.2168421e-18	0	-2.7124814e-17
1.9700000000055318e-09	-5.9019717e-10	1.6862776e-10	0.004353495	0.014674261	-2.7154591e-17	-4.2666634e-18	5.4537507e-18	-1.216865e-18	0	-2.7124814e-17
1.9800000000054108e-09	-7.5882495e-10	-1.2647082e-10	0.004355558	0.014674873	-2.7154594e-17	-4.2667465e-18	5.4538537e-18	-1.2168878e-18	0	-2.7124812e-17
1.9900000000052898e-09	1.6862776e-10	-9.696096e-10	0.004357562	0.014675522	-2.7154597e-17	-4.2668242e-18	5.45395e-18	-1.2169094e-18	0	-2.7124814e-17
2.0000000000051688e-09	-7.5882495e-10	-1.2225513e-09	0.0043595014	0.014676137	-2.7154602e-17	-4.266902e-18	5.4540456e-18	-1.2169308e-18	0	-2.7124812e-17
2.0100000000050478e-09	-5.9019717e-10	-4.2156942e-10	0.0043613855	0.014676797	-2.7154602e-17	-4.2669798e-18	5.45414e-18	-1.2169515e-18	0	-2.7124812e-17
2.0200000000049267e-09	-5.058833e-10	-1.2647082e-10	0.0043632053	0.0146774165	-2.7154604e-17	-4.2670575e-18	5.4542366e-18	-1.2169728e-18	0	-2.7124809e-17
2.0300000000048057e-09	1.0960804e-09	-8.431388e-11	0.00436496	0.014678051	-2.7154607e-17	-4.2671373e-18	5.4543334e-18	-1.2169939e-18	0	-2.7124809e-17
2.0400000000046847e-09	2.5294164e-10	8.431388e-11	0.00436665	0.014678717	-2.7154609e-17	-4.2672176e-18	5.454431e-18	-1.2170153e-18	0	-2.7124807e-17
2.0500000000045637e-09	-8.431388e-11	2.5294164e-10	0.0043682717	0.014679338	-2.715461e-17	-4.2673e-18	5.4545307e-18	-1.2170366e-18	0	-2.7124806e-17
2.0600000000044427e-09	0	4.2156942e-10	0.0043698447	0.014679983	-2.7154614e-17	-4.267384e-18	5.4546333e-18	-1.2170585e-18	0	-2.7124806e-17
2.0700000000043217e-09	-4.2156942e-10	1.0960804e-09	0.0043713697	0.0146806305	-2.7154617e-17	-4.2674694e-18	5.4547375e-18	-1.2170809e-18	0	-2.7124804e-17
2.0800000000042007e-09	0	1.7284346e-09	0.0043728687	0.014681275	-2.7154617e-17	-4.2675563e-18	5.454843e-18	-1.2171031e-18	0	-2.71248e-17
2.0900000000040797e-09	1.6862776e-10	1.6862777e-09	0.004374337	0.014681911	-2.7154622e-17	-4.2676452e-18	5.4549513e-18	-1.2171261e-18	0	-2.71248e-17
2.1000000000039587e-09	8.4313884e-10	6.323541e-10	0.0043757726	0.014682562	-2.7154619e-17	-4.2677362e-18	5.455062e-18	-1.2171494e-18	0	-2.7124796e-17
2.1100000000038377e-09	1.0960804e-09	2.1078471e-10	0.0043772	0.014683204	-2.7154624e-17	-4.267829e-18	5.455174e-18	-1.2171729e-18	0	-2.7124796e-17
2.1200000000037166e-09	8.4313884e-10	2.5294164e-10	0.0043786005	0.01468383	-2.7154624e-17	-4.2679227e-18	5.4552884e-18	-1.2171967e-18	0	-2.7124796e-17
2.1300000000035956e-09	1.8549055e-09	2.5294164e-10	0.00437998	0.014684462	-2.7154629e-17	-4.2680175e-18	5.455403e-18	-1.2172206e-18	0	-2.7124794e-17
2.1400000000034746e-09	-1.433336e-09	-1.6862776e-10	0.0043813544	0.014685084	-2.7154629e-17	-4.268114e-18	5.4555196e-18	-1.2172446e-18	0	-2.7124791e-17
2.1500000000033536e-09	2.5294164e-10	-8.431388e-11	0.0043827053	0.014685699	-2.7154634e-17	-4.2682106e-18	5.4556375e-18	-1.217269e-18	0	-2.7124791e-17
2.1600000000032326e-09	-1.3490221e-09	-3.3725553e-10	0.004384042	0.014686333	-2.7154636e-17	-4.268308e-18	5.455756e-18	-1.2172934e-18	0	-2.7124791e-17
2.1700000000031116e-09	4.2156942e-10	-2.5294164e-10	0.004385353	0.01468697	-2.7154637e-17	-4.2684054e-18	5.455875e-18	-1.217318e-18	0	-2.712479e-17
2.1800000000029906e-09	5.9019717e-10	3.3725553e-10	0.004386647	0.014687585	-2.7154637e-17	-4.268504e-18	5.455994e-18	-1.2173427e-18	0	-2.7124786e-17
2.1900000000028696e-09	-6.7451106e-10	2.5294164e-10	0.0043879314	0.014688199	-2.715464e-17	-4.268602e-18	5.4561135e-18	-1.2173674e-18	0	-2.7124786e-17
2.2000000000027486e-09	1.6862776e-10	2.5294164e-10	0.00438921	0.014688834	-2.7154639e-17	-4.2686982e-18	5.4562314e-18	-1.2173919e-18	0	-2.7124786e-17
2.2100000000026276e-09	-9.274527e-10	-5.480402e-10	0.004390491	0.014689464	-2.7154644e-17	-4.268795e-18	5.456348e-18	-1.2174161e-18	0	-2.7124781e-17
2.2200000000025065e-09	5.9019717e-10	-6.7451106e-10	0.0043917433	0.014690073	-2.7154647e-17	-4.26889e-18	5.456465e-18	-1.2174399e-18	0	-2.712478e-17
2.2300000000023855e-09	1.7705916e-09	-8.009819e-10	0.004392991	0.014690691	-2.7154649e-17	-4.2689865e-18	5.4565813e-18	-1.2174641e-18	0	-2.712478e-17
2.2400000000022645e-09	-5.058833e-10	-8.852958e-10	0.0043942323	0.0146913035	-2.715465e-17	-4.2690812e-18	5.4566975e-18	-1.217488e-18	0	-2.712478e-17
2.2500000000021435e-09	-1.6862776e-10	-1.6862777e-09	0.004395451	0.014691908	-2.715465e-17	-4.2691734e-18	5.4568096e-18	-1.2175113e-18	0	-2.7124778e-17
2.2600000000020225e-09	-8.4313884e-10	-1.5598068e-09	0.004396656	0.014692523	-2.7154654e-17	-4.269266e-18	5.4569225e-18	-1.2175346e-18	0	-2.7124774e-17
2.2700000000019015e-09	-2.2764748e-09	-5.058833e-10	0.004397843	0.014693136	-2.7154657e-17	-4.2693596e-18	5.457036e-18	-1.2175582e-18	0	-2.7124773e-17
2.2800000000017805e-09	-1.433336e-09	5.058833e-10	0.004399011	0.0146937305	-2.7154657e-17	-4.269453e-18	5.45715e-18	-1.2175815e-18	0	-2.7124773e-17
2.2900000000016595e-09	-1.0960804e-09	4.6372636e-10	0.0044001555	0.014694348	-2.7154657e-17	-4.2695473e-18	5.457265e-18	-1.2176055e-18	0	-2.712477e-17
2.3000000000015385e-09	-1.5176499e-09	6.323541e-10	0.004401286	0.01469495	-2.715466e-17	-4.2696433e-18	5.4573816e-18	-1.2176296e-18	0	-2.712477e-17
2.3100000000014175e-09	-2.5294164e-10	8.431388e-11	0.0044023986	0.014695547	-2.715466e-17	-4.269737e-18	5.4574966e-18	-1.2176535e-18	0	-2.7124766e-17
2.3200000000012965e-09	2.5294164e-10	5.058833e-10	0.004403504	0.01469613	-2.7154664e-17	-4.2698323e-18	5.457612e-18	-1.2176771e-18	0	-2.7124766e-17
2.3300000000011754e-09	4.2156942e-10	6.323541e-10	0.0044046086	0.014696726	-2.7154664e-17	-4.2699266e-18	5.457727e-18	-1.2177009e-18	0	-2.7124763e-17
2.3400000000010544e-09	1.6862776e-10	2.5294164e-10	0.00440571	0.014697319	-2.7154667e-17	-4.2700196e-18	5.4578403e-18	-1.2177244e-18	0	-2.7124763e-17
2.3500000000009334e-09	-5.058833e-10	5.058833e-10	0.004406795	0.014697922	-2.715467e-17	-4.270111e-18	5.457952e-18	-1.2177477e-18	0	-2.7124763e-17
2.3600000000008124e-09	-1.6862776e-10	1.1803943e-09	0.0044078743	0.014698507	-2.715467e-17	-4.270202e-18	5.4580624e-18	-1.2177706e-18	0	-2.7124761e-17
2.3700000000006914e-09	-1.433336e-09	-2.9509858e-10	0.004408949	0.01469908	-2.7154672e-17	-4.270293e-18	5.4581736e-18	-1.2177937e-18	0	-2.7124758e-17
2.3800000000005704e-09	-2.107847e-09	2.5294164e-10	0.0044100094	0.014699673	-2.7154674e-17	-4.270385e-18	5.458286e-18	-1.217817e-18	0	-2.7124756e-17
2.3900000000004494e-09	-1.5176499e-09	-6.7451106e-10	0.0044110613	0.014700256	-2.7154675e-17	-4.2704762e-18	5.4583974e-18	-1.21784e-18	0	-2.7124756e-17
2.4000000000003284e-09	-2.5294164e-10	-1.3490221e-09	0.0044120923	0.014700819	-2.7154679e-17	-4.270568e-18	5.4585094e-18	-1.2178632e-18	0	-2.7124756e-17
2.4100000000002074e-09	-2.5294164e-10	-1.5176499e-09	0.004413121	0.014701411	-2.7154677e-17	-4.2706595e-18	5.4586203e-18	-1.2178863e-18	0	-2.7124753e-17
2.4200000000000864e-09	-1.7705916e-09	-2.06569e-09	0.0044141435	0.014701971	-2.715468e-17	-4.270751e-18	5.458732e-18	-1.2179092e-18	0	-2.7124753e-17
2.4300099999999652e-09	-8.431388e-11	-8.009819e-10	0.0044151647	0.014702546	-2.7154679e-17	-4.2708427e-18	5.458845e-18	-1.2179327e-18	0	-2.7124748e-17
2.4400099999998442e-09	-2.5294164e-10	-1.6862776e-10	0.0044161854	0.014703103	-2.715468e-17	-4.2709357e-18	5.4589574e-18	-1.2179561e-18	0	-2.7124746e-17
2.450009999999723e-09	2.5294164e-10	1.6862776e-10	0.0044172015	0.014703666	-2.7154683e-17	-4.2710284e-18	5.459071e-18	-1.2179796e-18	0	-2.7124746e-17
2.460009999999602e-09	2.5294164e-10	1.0539235e-09	0.0044182003	0.014704234	-2.7154687e-17	-4.2711215e-18	5.4591836e-18	-1.2180028e-18	0	-2.7124746e-17
2.470009999999481e-09	8.431388e-11	8.4313884e-10	0.004419191	0.0147047965	-2.7154688e-17	-4.271213e-18	5.459296e-18	-1.2180259e-18	0	-2.7124745e-17
2.48000999999936e-09	1.5176499e-09	-4.215694e-11	0.0044201803	0.014705332	-2.715469e-17	-4.271303e-18	5.4594057e-18	-1.2180484e-18	0	-2.7124745e-17
2.490009999999239e-09	7.5882495e-10	1.0539235e-09	0.004421154	0.014705888	-2.7154692e-17	-4.271392e-18	5.4595132e-18	-1.2180708e-18	0	-2.712474e-17
2.500009999999118e-09	-1.6862776e-10	-1.2647082e-10	0.0044221133	0.014706415	-2.7154692e-17	-4.2714788e-18	5.45962e-18	-1.2180925e-18	0	-2.712474e-17
2.510009999998997e-09	-2.5294164e-10	-6.7451106e-10	0.0044230702	0.014706981	-2.7154695e-17	-4.2715656e-18	5.4597262e-18	-1.2181146e-18	0	-2.712474e-17
2.520009999998876e-09	2.5294164e-10	-1.2225513e-09	0.0044240206	0.014707549	-2.7154697e-17	-4.271653e-18	5.459833e-18	-1.2181367e-18	0	-2.7124736e-17
2.530009999998755e-09	7.5882495e-10	-2.1078471e-10	0.0044249566	0.014708085	-2.7154693e-17	-4.2717406e-18	5.4599392e-18	-1.2181587e-18	0	-2.7124735e-17
2.540009999998634e-09	-3.3725553e-10	-1.3490221e-09	0.0044258907	0.014708611	-2.7154697e-17	-4.2718266e-18	5.4600447e-18	-1.2181806e-18	0	-2.7124735e-17
2.550009999998513e-09	4.2156942e-10	0	0.004426822	0.014709139	-2.7154695e-17	-4.271913e-18	5.460151e-18	-1.2182023e-18	0	-2.7124731e-17
2.560009999998392e-09	6.7451106e-10	-1.0539235e-09	0.004427746	0.014709672	-2.7154697e-17	-4.2719983e-18	5.460255e-18	-1.218224e-18	0	-2.712473e-17
2.570009999998271e-09	5.9019717e-10	-2.9509858e-10	0.0044286572	0.014710189	-2.71547e-17	-4.272083e-18	5.4603586e-18	-1.2182453e-18	0	-2.712473e-17
2.58000999999815e-09	-3.3725553e-10	-3.7941247e-10	0.0044295625	0.014710738	-2.7154702e-17	-4.272169e-18	5.4604632e-18	-1.2182668e-18	0	-2.7124728e-17
2.590009999998029e-09	-5.058833e-10	6.323541e-10	0.0044304584	0.014711252	-2.7154703e-17	-4.2722543e-18	5.4605675e-18	-1.2182884e-18	0	-2.7124728e-17
2.600009999997908e-09	7.5882495e-10	3.3725553e-10	0.004431346	0.014711773	-2.7154705e-17	-4.2723403e-18	5.4606725e-18	-1.2183102e-18	0	-2.7124728e-17
2.610009999997787e-09	2.5294164e-10	2.1078471e-10	0.004432232	0.014712301	-2.7154707e-17	-4.272426e-18	5.460777e-18	-1.2183315e-18	0	-2.7124726e-17
2.620009999997666e-09	8.431388e-11	8.4313884e-10	0.004433115	0.014712814	-2.7154707e-17	-4.2725103e-18	5.4608806e-18	-1.2183528e-18	0	-2.7124723e-17
2.630009999997545e-09	0	1.2647082e-09	0.004433985	0.014713333	-2.7154708e-17	-4.2725934e-18	5.460982e-18	-1.2183737e-18	0	-2.7124723e-17
2.640009999997424e-09	-1.6862776e-10	8.4313884e-10	0.004434854	0.01471384	-2.7154708e-17	-4.2726757e-18	5.4610816e-18	-1.2183943e-18	0	-2.712472e-17
2.650009999997303e-09	-5.9019717e-10	7.5882495e-10	0.0044356985	0.01471435	-2.715471e-17	-4.2727568e-18	5.4611812e-18	-1.2184148e-18	0	-2.712472e-17
2.660009999997182e-09	-5.058833e-10	5.058833e-10	0.00443654	0.014714836	-2.7154708e-17	-4.272839e-18	5.4612813e-18	-1.2184356e-18	0	-2.7124715e-17
2.670009999997061e-09	4.2156942e-10	-6.323541e-10	0.0044373786	0.014715374	-2.7154712e-17	-4.2729197e-18	5.4613806e-18	-1.2184562e-18	0	-2.7124715e-17
2.68000999999694e-09	-5.9019717e-10	-2.5294164e-10	0.004438205	0.014715848	-2.7154712e-17	-4.273001e-18	5.4614794e-18	-1.2184766e-18	0	-2.7124713e-17
2.690009999996819e-09	8.431388e-11	-6.323541e-10	0.0044390154	0.014716359	-2.7154713e-17	-4.2730802e-18	5.461578e-18	-1.2184969e-18	0	-2.7124713e-17
2.700009999996698e-09	8.4313884e-10	-1.6019638e-09	0.0044398154	0.014716821	-2.7154717e-17	-4.2731592e-18	5.4616734e-18	-1.2185168e-18	0	-2.7124713e-17
2.710009999996577e-09	1.6862776e-10	-1.0117666e-09	0.0044406094	0.014717338	-2.7154717e-17	-4.2732366e-18	5.4617673e-18	-1.2185363e-18	0	-2.7124711e-17
2.720009999996456e-09	-6.7451106e-10	-1.2647082e-09	0.0044413987	0.014717845	-2.715472e-17	-4.2733143e-18	5.4618624e-18	-1.218556e-18	0	-2.7124711e-17
2.730009999996335e-09	3.3725553e-10	-2.107847e-09	0.0044421745	0.014718329	-2.7154722e-17	-4.273393e-18	5.4619588e-18	-1.2185757e-18	0	-2.7124711e-17
2.740009999996214e-09	-4.2156942e-10	-2.150004e-09	0.0044429465	0.014718813	-2.7154722e-17	-4.273471e-18	5.4620547e-18	-1.2185954e-18	0	-2.712471e-17
2.750009999996093e-09	1.5176499e-09	-8.009819e-10	0.004443718	0.014719285	-2.7154722e-17	-4.27355e-18	5.462151e-18	-1.2186153e-18	0	-2.7124708e-17
2.760009999995972e-09	7.5882495e-10	-8.431388e-11	0.004444486	0.014719769	-2.7154723e-17	-4.2736295e-18	5.462248e-18	-1.218635e-18	0	-2.7124708e-17
2.770009999995851e-09	-1.0960804e-09	2.9509858e-10	0.004445256	0.014720255	-2.715472e-17	-4.2737085e-18	5.4623443e-18	-1.2186548e-18	0	-2.7124703e-17
2.78000999999573e-09	-8.4313884e-10	3.3725553e-10	0.004446033	0.014720742	-2.7154722e-17	-4.2737866e-18	5.4624406e-18	-1.2186745e-18	0	-2.7124702e-17
2.790009999995609e-09	-5.9019717e-10	1.7705916e-09	0.004446805	0.014721191	-2.7154722e-17	-4.2738636e-18	5.462534e-18	-1.2186935e-18	0	-2.7124702e-17
2.800009999995488e-09	-3.3725553e-10	-7.5882495e-10	0.0044475715	0.01472167	-2.7154727e-17	-4.273939e-18	5.4626263e-18	-1.2187125e-18	0	-2.71247e-17
2.810009999995367e-09	-4.2156942e-10	3.3725553e-10	0.0044483314	0.014722157	-2.7154725e-17	-4.2740145e-18	5.4627194e-18	-1.2187316e-18	0	-2.7124697e-17
2.820009999995246e-09	-8.4313884e-10	2.1078471e-10	0.0044490886	0.014722589	-2.7154727e-17	-4.2740906e-18	5.462813e-18	-1.2187508e-18	0	-2.7124697e-17
2.830009999995125e-09	9.274527e-10	9.696096e-10	0.0044498346	0.014723065	-2.7154728e-17	-4.2741667e-18	5.4629047e-18	-1.2187698e-18	0	-2.7124697e-17
2.840009999995004e-09	3.3725553e-10	7.16668e-10	0.004450567	0.014723524	-2.7154728e-17	-4.274242e-18	5.462997e-18	-1.2187887e-18	0	-2.7124695e-17
2.850009999994883e-09	-2.5294164e-10	1.1382374e-09	0.004451301	0.01472399	-2.7154731e-17	-4.2743164e-18	5.4630887e-18	-1.2188078e-18	0	-2.7124695e-17
2.860009999994762e-09	-2.5294164e-10	9.274527e-10	0.004452019	0.014724446	-2.7154733e-17	-4.2743905e-18	5.4631793e-18	-1.2188265e-18	0	-2.7124695e-17
2.870009999994641e-09	-2.2764748e-09	6.7451106e-10	0.0044527412	0.014724881	-2.7154735e-17	-4.274464e-18	5.4632695e-18	-1.2188452e-18	0	-2.7124695e-17
2.8800099999945198e-09	-1.9392192e-09	5.9019717e-10	0.004453466	0.014725347	-2.7154733e-17	-4.2745373e-18	5.4633584e-18	-1.2188635e-18	0	-2.7124692e-17
2.8900099999943988e-09	-2.107847e-09	8.431388e-11	0.0044541876	0.014725791	-2.7154735e-17	-4.2746105e-18	5.4634485e-18	-1.218882e-18	0	-2.7124692e-17
2.9000099999942778e-09	-1.9392192e-09	8.009819e-10	0.004454908	0.01472624	-2.7154736e-17	-4.274684e-18	5.4635387e-18	-1.2189004e-18	0	-2.7124692e-17
2.9100099999941568e-09	-2.0235331e-09	2.1078471e-10	0.0044556195	0.01472669	-2.7154738e-17	-4.2747573e-18	5.4636284e-18	-1.2189189e-18	0	-2.7124692e-17
2.9200099999940357e-09	-1.6862776e-10	-9.696096e-10	0.0044563217	0.014727128	-2.7154733e-17	-4.2748297e-18	5.4637178e-18	-1.2189372e-18	0	-2.7124687e-17
2.9300099999939147e-09	-1.7705916e-09	1.6862776e-10	0.004457008	0.014727565	-2.7154735e-17	-4.274902e-18	5.4638055e-18	-1.2189554e-18	0	-2.7124683e-17
2.9400099999937937e-09	1.0960804e-09	6.7451106e-10	0.0044576884	0.014728021	-2.7154736e-17	-4.2749716e-18	5.463891e-18	-1.218973e-18	0	-2.7124683e-17
2.9500099999936727e-09	-4.2156942e-10	-3.3725553e-10	0.004458361	0.014728446	-2.715474e-17	-4.2750394e-18	5.463973e-18	-1.2189898e-18	0	-2.7124683e-17
2.9600099999935517e-09	5.058833e-10	-6.7451106e-10	0.0044590356	0.014728881	-2.715474e-17	-4.2751064e-18	5.4640553e-18	-1.2190066e-18	0	-2.7124683e-17
2.9700099999934307e-09	-4.2156942e-10	-1.6862777e-09	0.004459701	0.014729328	-2.715474e-17	-4.275173e-18	5.464137e-18	-1.2190235e-18	0	-2.712468e-17
2.9800099999933097e-09	8.4313884e-10	-3.3725553e-10	0.004460371	0.014729727	-2.7154743e-17	-4.275241e-18	5.4642195e-18	-1.2190405e-18	0	-2.712468e-17
2.9900099999931887e-09	1.8549055e-09	4.215694e-11	0.0044610365	0.014730161	-2.7154741e-17	-4.2753086e-18	5.4643034e-18	-1.2190579e-18	0	-2.7124678e-17
3.0000099999930677e-09	1.6019638e-09	-1.5176499e-09	0.0044616982	0.01473059	-2.7154745e-17	-4.2753765e-18	5.4643866e-18	-1.2190751e-18	0	-2.7124678e-17
