# t (s)	mx ()	my ()	mz ()	spinAngle (rad)	E_total (J)	E_anis (J)	E_demag (J)	E_exch (J)	E_therm (J)	E_custom (J)
0	0	0	0	0.016871518	-2.5770622e-17	-4.5216e-17	2.0211778e-17	6.0160006e-18	0	-6.7824004e-18
1.0000000000000124e-11	5.061966e-10	-4.6401352e-10	0.0008250246	0.021657879	-3.2317996e-17	-4.2219537e-17	1.9009337e-17	-2.3485045e-18	0	-6.759292e-18
2.0009999999999403e-11	-4.2183046e-10	-5.061966e-10	0.0004608125	0.019673826	-3.2583127e-17	-4.2955072e-17	1.9331936e-17	-2.1838168e-18	0	-6.7761742e-18
3.000999999999824e-11	-1.0756677e-09	3.3746436e-10	8.01866e-06	0.018040294	-3.264054e-17	-4.3343123e-17	1.9493168e-17	-2.010383e-18	0	-6.7802026e-18
4.000000000000001e-11	-9.965745e-10	-4.2183045e-11	0.00018973758	0.017930742	-3.265412e-17	-4.327623e-17	1.9465729e-17	-2.0619406e-18	0	-6.7816688e-18
5.0000000000001785e-11	-1.00184736e-10	-2.1091523e-10	0.0004738048	0.017701227	-3.2658315e-17	-4.3193992e-17	1.9431753e-17	-2.1140972e-18	0	-6.7819827e-18
6.00000000000024e-11	-4.4292198e-10	4.2183046e-10	0.00053936156	0.01768288	-3.2659632e-17	-4.321116e-17	1.9438241e-17	-2.104709e-18	0	-6.7819997e-18
7.000999999999771e-11	-1.9140558e-09	5.483796e-10	0.0005058127	0.017668776	-3.2660277e-17	-4.322111e-17	1.9441848e-17	-2.0989429e-18	0	-6.7820745e-18
8.000999999999302e-11	-1.1283965e-09	4.2183045e-11	0.00046235067	0.017750725	-3.2660694e-17	-4.3194068e-17	1.9429892e-17	-2.1144562e-18	0	-6.782061e-18
9.000999999998834e-11	-6.64383e-10	6.327457e-10	0.00040944316	0.017852409	-3.266103e-17	-4.3169845e-17	1.9419195e-17	-2.1283266e-18	0	-6.782057e-18
1.0000999999998365e-10	-4.692864e-10	1.2654914e-09	0.00035967442	0.017910032	-3.2661332e-17	-4.3162992e-17	1.9415729e-17	-2.132008e-18	0	-6.78206e-18
1.1000999999997896e-10	-9.596643e-10	1.4342236e-09	0.0003482753	0.017981702	-3.266159e-17	-4.314949e-17	1.9409518e-17	-2.1395583e-18	0	-6.7820638e-18
1.2000999999997891e-10	-1.6662304e-09	8.8584395e-10	0.0003632954	0.018055677	-3.2661822e-17	-4.3133876e-17	1.9402474e-17	-2.148352e-18	0	-6.782068e-18
1.3000999999998715e-10	6.538372e-10	7.5929485e-10	0.00038140579	0.018117651	-3.2662017e-17	-4.3122282e-17	1.939715e-17	-2.1548109e-18	0	-6.7820745e-18
1.400099999999954e-10	-4.798322e-10	-6.327457e-10	0.0003934077	0.01817675	-3.2662193e-17	-4.311154e-17	1.9392209e-17	-2.160781e-18	0	-6.7820803e-18
1.5000000000000362e-10	-6.0110844e-10	2.3200675e-09	0.0003966639	0.018232325	-3.2662335e-17	-4.3100858e-17	1.9387327e-17	-2.166725e-18	0	-6.7820836e-18
1.6000000000001186e-10	3.9019318e-10	1.3920405e-09	0.0003923565	0.018284135	-3.2662464e-17	-4.3091038e-17	1.9382839e-17	-2.1721777e-18	0	-6.782086e-18
1.700000000000201e-10	-1.05457615e-10	6.749287e-10	0.0003848955	0.018332332	-3.2662573e-17	-4.308208e-17	1.9378736e-17	-2.1771402e-18	0	-6.7820878e-18
1.8000000000002833e-10	-1.0756677e-09	5.9056265e-10	0.0003786168	0.018376919	-3.2662676e-17	-4.3073713e-17	1.93749e-17	-2.1817728e-18	0	-6.7820894e-18
1.9000000000003657e-10	-4.85105e-10	8.436609e-11	0.00037546337	0.018418016	-3.266276e-17	-4.3065898e-17	1.9371321e-17	-2.186094e-18	0	-6.7820902e-18
2.000000000000448e-10	-2.1566082e-09	2.530983e-10	0.0003751043	0.018457167	-3.2662828e-17	-4.305861e-17	1.9367987e-17	-2.1901143e-18	0	-6.782091e-18
2.1000000000005304e-10	-3.0213607e-09	5.483796e-10	0.00037615036	0.01849387	-3.266289e-17	-4.3051806e-17	1.9364874e-17	-2.1938662e-18	0	-6.7820923e-18
2.2000000000006128e-10	-3.8702943e-09	7.171118e-10	0.00037718326	0.01852756	-3.2662947e-17	-4.304544e-17	1.936196e-17	-2.1973722e-18	0	-6.782093e-18
2.3000000000006952e-10	-2.0564235e-09	-7.5929485e-10	0.00037742243	0.018559096	-3.2663003e-17	-4.303949e-17	1.9359232e-17	-2.20065e-18	0	-6.7820948e-18
2.4000000000005925e-10	-1.9562387e-09	5.061966e-10	0.00037678267	0.018588405	-3.2663043e-17	-4.3033906e-17	1.935668e-17	-2.2037194e-18	0	-6.782095e-18
2.5000000000004163e-10	-2.765626e-09	2.3200675e-09	0.00037564812	0.01861557	-3.266309e-17	-4.3028668e-17	1.935428e-17	-2.206598e-18	0	-6.782095e-18
2.60000000000024e-10	-3.4220997e-09	8.436609e-10	0.00037448245	0.018640561	-3.266312e-17	-4.3023755e-17	1.9352028e-17	-2.2093e-18	0	-6.782095e-18
2.700000000000064e-10	-2.2884303e-09	7.5929485e-10	0.00037356312	0.01866452	-3.2663152e-17	-4.3019126e-17	1.9349907e-17	-2.2118392e-18	0	-6.782096e-18
2.800099999999888e-10	-1.6108651e-09	1.0123932e-09	0.00037297237	0.018687561	-3.2663182e-17	-4.3014765e-17	1.934791e-17	-2.2142297e-18	0	-6.782096e-18
2.9000999999997117e-10	-2.393888e-09	1.2654914e-09	0.00037262074	0.018709054	-3.26632e-17	-4.301066e-17	1.9346034e-17	-2.2164782e-18	0	-6.7820964e-18
3.0000999999995355e-10	-1.7136863e-09	2.3622506e-09	0.00037237286	0.018729346	-3.2663218e-17	-4.3006788e-17	1.9344264e-17	-2.2185966e-18	0	-6.7820964e-18
3.1000999999993594e-10	-2.3965243e-09	1.6873218e-09	0.00037210138	0.018747892	-3.266324e-17	-4.300314e-17	1.934259e-17	-2.2205943e-18	0	-6.7820964e-18
3.2000999999991833e-10	-7.2765755e-10	8.436609e-10	0.00037174948	0.018766059	-3.2663255e-17	-4.2999697e-17	1.9341013e-17	-2.2224786e-18	0	-6.7820964e-18
3.300099999999007e-10	-1.017666e-09	-4.2183045e-11	0.00037134986	0.018784057	-3.266327e-17	-4.299644e-17	1.9339524e-17	-2.224258e-18	0	-6.782097e-18
3.400099999998831e-10	-1.1943075e-09	4.2183046e-10	0.00037094337	0.01879976	-3.2663288e-17	-4.2993367e-17	1.9338118e-17	-2.2259395e-18	0	-6.782097e-18
3.500099999998655e-10	-2.0616964e-09	9.2802704e-10	0.00037055108	0.018816132	-3.2663298e-17	-4.2990456e-17	1.9336786e-17	-2.2275285e-18	0	-6.782097e-18
3.600099999998479e-10	-2.591621e-09	8.8584395e-10	0.00037021056	0.018830692	-3.2663308e-17	-4.2987703e-17	1.9335524e-17	-2.229032e-18	0	-6.782097e-18
3.7000999999983027e-10	-1.6003193e-09	1.8560541e-09	0.00036991815	0.018845035	-3.266332e-17	-4.29851e-17	1.9334333e-17	-2.2304543e-18	0	-6.782097e-18
3.8000999999981266e-10	-1.1758524e-09	1.4342236e-09	0.00036965686	0.018858222	-3.266333e-17	-4.2982634e-17	1.9333201e-17	-2.2318011e-18	0	-6.782097e-18
3.9000999999979505e-10	-2.3991609e-09	1.4764067e-09	0.00036939947	0.018870385	-3.2663337e-17	-4.2980295e-17	1.933213e-17	-2.233077e-18	0	-6.782097e-18
4.0000999999977743e-10	-2.3807056e-09	1.6029558e-09	0.00036915514	0.018882504	-3.2663344e-17	-4.2978075e-17	1.9331117e-17	-2.2342862e-18	0	-6.782097e-18
4.100099999997598e-10	-1.3393118e-09	2.4466167e-09	0.00036893343	0.018894479	-3.266335e-17	-4.2975977e-17	1.9330157e-17	-2.2354322e-18	0	-6.782097e-18
4.200099999997422e-10	-1.4922252e-09	2.1935185e-09	0.0003687289	0.018904964	-3.2663357e-17	-4.2973982e-17	1.932924e-17	-2.2365194e-18	0	-6.782097e-18
4.300099999997246e-10	-1.1890346e-09	5.9056265e-10	0.00036852155	0.018914811	-3.2663364e-17	-4.297209e-17	1.9328375e-17	-2.23755e-18	0	-6.782097e-18
4.40009999999707e-10	-1.9364654e-09	-1.2654915e-10	0.00036829975	0.01892374	-3.2663364e-17	-4.2970292e-17	1.9327551e-17	-2.2385286e-18	0	-6.782097e-18
4.5000999999968937e-10	-2.275248e-09	9.7021e-10	0.0003681117	0.01893323	-3.2663374e-17	-4.296859e-17	1.9326774e-17	-2.239457e-18	0	-6.7820964e-18
4.6000999999967176e-10	-2.3134765e-09	1.6029558e-09	0.0003679401	0.018941633	-3.2663374e-17	-4.296697e-17	1.9326031e-17	-2.2403385e-18	0	-6.7820964e-18
4.700099999996541e-10	-9.2934527e-10	1.5185897e-09	0.00036776141	0.018949341	-3.2663377e-17	-4.2965432e-17	1.9325325e-17	-2.241176e-18	0	-6.782095e-18
4.800099999996365e-10	-2.2528384e-09	1.8560541e-09	0.00036757902	0.018957352	-3.266338e-17	-4.2963973e-17	1.932466e-17	-2.2419717e-18	0	-6.782095e-18
4.900099999996189e-10	-1.8718727e-09	2.3200675e-09	0.00036744488	0.018965002	-3.2663387e-17	-4.2962583e-17	1.9324021e-17	-2.2427278e-18	0	-6.782096e-18
5.000099999996013e-10	-8.6607066e-10	1.2654914e-09	0.0003673119	0.018972259	-3.2663387e-17	-4.2961266e-17	1.9323419e-17	-2.2434458e-18	0	-6.782095e-18
5.100099999995837e-10	-1.7637787e-09	6.749287e-10	0.00036716697	0.01897932	-3.2663394e-17	-4.2960012e-17	1.9322843e-17	-2.244129e-18	0	-6.782095e-18
5.200099999995661e-10	-2.5230735e-09	1.5185897e-09	0.00036700728	0.018985262	-3.2663394e-17	-4.2958814e-17	1.9322296e-17	-2.244779e-18	0	-6.782095e-18
5.300099999995485e-10	-1.370949e-09	1.5185897e-09	0.00036688874	0.01899151	-3.2663394e-17	-4.2957676e-17	1.9321776e-17	-2.245397e-18	0	-6.782095e-18
5.400099999995309e-10	-2.077515e-09	1.7295049e-09	0.00036681347	0.01899688	-3.2663397e-17	-4.29566e-17	1.932128e-17	-2.2459842e-18	0	-6.7820948e-18
5.500099999995133e-10	-1.2074897e-09	1.0967592e-09	0.00036669098	0.019002495	-3.2663394e-17	-4.295557e-17	1.932081e-17	-2.2465435e-18	0	-6.782095e-18
5.600099999994956e-10	-1.5251808e-09	1.94042e-09	0.00036659066	0.019007282	-3.2663397e-17	-4.295459e-17	1.9320362e-17	-2.2470756e-18	0	-6.7820948e-18
5.70009999999478e-10	-2.1355167e-09	2.3622506e-09	0.00036647162	0.019012647	-3.26634e-17	-4.2953663e-17	1.9319935e-17	-2.2475817e-18	0	-6.782095e-18
5.800099999994604e-10	-2.2014277e-09	1.8560541e-09	0.00036636888	0.01901682	-3.2663404e-17	-4.2952773e-17	1.931953e-17	-2.248063e-18	0	-6.7820948e-18
5.900099999994428e-10	-1.9654662e-09	1.1389423e-09	0.0003662699	0.019021377	-3.26634e-17	-4.2951926e-17	1.9319144e-17	-2.2485222e-18	0	-6.782095e-18
6.000099999994252e-10	-1.5106804e-09	1.6451388e-09	0.0003661987	0.019025914	-3.2663404e-17	-4.2951122e-17	1.9318775e-17	-2.248959e-18	0	-6.782095e-18
6.100099999994076e-10	-2.041923e-09	1.0967592e-09	0.00036613047	0.019030012	-3.26634e-17	-4.2950357e-17	1.9318428e-17	-2.2493748e-18	0	-6.782095e-18
6.2000999999939e-10	-2.5850297e-09	5.061966e-10	0.00036604473	0.01903415	-3.2663404e-17	-4.2949633e-17	1.9318093e-17	-2.2497706e-18	0	-6.782095e-18
6.300099999993724e-10	-2.3147946e-09	5.061966e-10	0.00036594822	0.019037513	-3.2663407e-17	-4.2948935e-17	1.9317774e-17	-2.2501478e-18	0	-6.7820948e-18
6.400099999993547e-10	-2.3174311e-09	1.4764067e-09	0.00036588326	0.019041426	-3.2663404e-17	-4.2948273e-17	1.9317473e-17	-2.2505072e-18	0	-6.7820948e-18
6.500099999993371e-10	-2.3292952e-09	5.9056265e-10	0.00036584437	0.019045029	-3.2663407e-17	-4.2947644e-17	1.9317182e-17	-2.2508492e-18	0	-6.7820948e-18
6.600099999993195e-10	-1.5647273e-09	-8.436609e-11	0.00036577738	0.019048419	-3.2663407e-17	-4.2947042e-17	1.9316907e-17	-2.2511764e-18	0	-6.7820948e-18
6.700099999993019e-10	-2.9356764e-09	-2.530983e-10	0.00036571015	0.01905134	-3.2663404e-17	-4.294647e-17	1.9316646e-17	-2.2514862e-18	0	-6.7820948e-18
6.800099999992843e-10	-2.795945e-09	7.171118e-10	0.00036561769	0.019054275	-3.2663404e-17	-4.294592e-17	1.9316394e-17	-2.2517837e-18	0	-6.7820948e-18
6.900099999992667e-10	-2.8724019e-09	1.1811253e-09	0.0003655921	0.01905716	-3.2663407e-17	-4.2945404e-17	1.9316158e-17	-2.2520658e-18	0	-6.7820948e-18
7.000099999992491e-10	-2.0050128e-09	1.3498574e-09	0.00036558064	0.019059395	-3.2663404e-17	-4.2944905e-17	1.9315931e-17	-2.2523353e-18	0	-6.7820948e-18
7.100099999992315e-10	-2.5955755e-09	3.7964742e-10	0.0003654945	0.01906191	-3.2663407e-17	-4.294443e-17	1.9315711e-17	-2.2525931e-18	0	-6.7820948e-18
7.200099999992138e-10	-2.9541314e-09	1.6873218e-09	0.00036535395	0.019064637	-3.2663407e-17	-4.2943985e-17	1.9315508e-17	-2.2528363e-18	0	-6.7820948e-18
7.300099999991962e-10	-2.2304285e-09	8.8584395e-10	0.0003653364	0.019067066	-3.2663407e-17	-4.2943555e-17	1.9315311e-17	-2.25307e-18	0	-6.7820948e-18
7.400099999991786e-10	-1.12576e-09	5.9056265e-10	0.0003652977	0.01906923	-3.2663407e-17	-4.2943148e-17	1.9315124e-17	-2.2532925e-18	0	-6.7820948e-18
7.50009999999161e-10	-2.15529e-09	7.171118e-10	0.0003652781	0.019071316	-3.266341e-17	-4.294276e-17	1.9314945e-17	-2.2535032e-18	0	-6.7820948e-18
7.600099999991434e-10	-1.9681028e-09	1.6873218e-09	0.00036531143	0.019073365	-3.2663407e-17	-4.2942383e-17	1.9314775e-17	-2.253706e-18	0	-6.7820948e-18
7.700099999991258e-10	-1.8560541e-09	1.7716879e-09	0.00036530214	0.01907517	-3.2663414e-17	-4.294203e-17	1.931461e-17	-2.2538993e-18	0	-6.7820948e-18
7.800099999991082e-10	-1.7308232e-09	1.7716879e-09	0.00036523896	0.019077046	-3.266341e-17	-4.2941685e-17	1.9314457e-17	-2.254083e-18	0	-6.7820948e-18
7.900099999990906e-10	-1.6662304e-09	1.7716879e-09	0.0003652035	0.019078847	-3.266341e-17	-4.2941368e-17	1.9314307e-17	-2.2542587e-18	0	-6.7820948e-18
8.00009999999073e-10	-1.9984219e-09	1.8560541e-09	0.0003651465	0.019080363	-3.2663407e-17	-4.2941057e-17	1.931417e-17	-2.2544253e-18	0	-6.7820948e-18
8.100099999990553e-10	-2.1065159e-09	1.6873218e-09	0.00036510802	0.019081984	-3.2663414e-17	-4.2940765e-17	1.9314035e-17	-2.2545846e-18	0	-6.7820944e-18
8.200099999990377e-10	-1.6886401e-09	1.5185897e-09	0.0003651027	0.019083187	-3.266341e-17	-4.2940484e-17	1.9313906e-17	-2.254736e-18	0	-6.7820948e-18
8.300099999990201e-10	-7.922503e-10	1.3076744e-09	0.00036504373	0.019084573	-3.2663414e-17	-4.294022e-17	1.9313782e-17	-2.2548811e-18	0	-6.7820944e-18
8.400099999990025e-10	-1.1218054e-09	1.7716879e-09	0.0003649689	0.019086199	-3.266341e-17	-4.2939965e-17	1.9313668e-17	-2.2550195e-18	0	-6.7820948e-18
8.500099999989849e-10	-8.3047874e-10	1.0123932e-09	0.00036488604	0.01908766	-3.266341e-17	-4.293972e-17	1.9313557e-17	-2.2551506e-18	0	-6.7820944e-18
8.600099999989673e-10	-2.3978426e-09	8.436609e-10	0.00036488427	0.019089105	-3.2663414e-17	-4.293949e-17	1.931345e-17	-2.2552765e-18	0	-6.7820944e-18
8.700099999989497e-10	-2.915903e-09	6.749287e-10	0.00036490266	0.019090297	-3.2663417e-17	-4.2939267e-17	1.9313349e-17	-2.2553964e-18	0	-6.7820944e-18
8.800099999989321e-10	-2.2185647e-09	2.1091524e-09	0.00036488133	0.019091768	-3.266341e-17	-4.2939055e-17	1.9313253e-17	-2.2555112e-18	0	-6.7820944e-18
8.900099999989144e-10	-2.3543414e-09	1.5185897e-09	0.0003648599	0.019093025	-3.2663414e-17	-4.2938856e-17	1.931316e-17	-2.2556214e-18	0	-6.7820944e-18
9.000099999988968e-10	-2.2370197e-09	1.4764067e-09	0.00036486445	0.019093998	-3.266341e-17	-4.2938664e-17	1.9313072e-17	-2.2557253e-18	0	-6.7820944e-18
9.100099999988792e-10	-1.8890096e-09	1.6029558e-09	0.00036488572	0.019094886	-3.2663417e-17	-4.293848e-17	1.9312986e-17	-2.2558253e-18	0	-6.7820944e-18
9.200099999988616e-10	-2.5362556e-09	2.1935185e-09	0.0003648868	0.019095734	-3.2663414e-17	-4.2938304e-17	1.9312904e-17	-2.255922e-18	0	-6.7820944e-18
9.30009999998844e-10	-2.1289257e-09	1.4342236e-09	0.00036488977	0.0190965	-3.266341e-17	-4.293813e-17	1.9312826e-17	-2.2560133e-18	0	-6.7820944e-18
9.400099999989161e-10	-2.221201e-09	2.9528133e-10	0.00036483325	0.019097336	-3.2663414e-17	-4.293797e-17	1.9312753e-17	-2.2561008e-18	0	-6.7820944e-18
9.50009999999002e-10	-1.6886401e-09	7.5929485e-10	0.00036474937	0.01909821	-3.266341e-17	-4.293782e-17	1.9312685e-17	-2.2561835e-18	0	-6.7820944e-18
9.600099999990877e-10	-2.6786235e-09	1.1811253e-09	0.00036468424	0.019098729	-3.2663414e-17	-4.2937672e-17	1.9312616e-17	-2.2562623e-18	0	-6.7820944e-18
9.700099999991735e-10	-2.3002942e-09	3.3746436e-10	0.0003646828	0.019099316	-3.266341e-17	-4.2937533e-17	1.9312555e-17	-2.2563376e-18	0	-6.7820944e-18
9.800099999992593e-10	-1.8217803e-09	5.061966e-10	0.00036473342	0.019100074	-3.2663414e-17	-4.29374e-17	1.9312492e-17	-2.25641e-18	0	-6.7820944e-18
9.90009999999345e-10	-2.035332e-09	0	0.0003647628	0.019100847	-3.2663414e-17	-4.2937275e-17	1.9312436e-17	-2.2564788e-18	0	-6.7820944e-18
1.0000099999994308e-09	-2.197473e-09	-2.530983e-10	0.00036475377	0.019101625	-3.266341e-17	-4.2937152e-17	1.9312378e-17	-2.2565442e-18	0	-6.7820944e-18
1.0100099999995166e-09	-2.7036697e-09	-1.2654915e-10	0.00036473933	0.019102385	-3.2663414e-17	-4.2937036e-17	1.9312326e-17	-2.2566076e-18	0	-6.7820944e-18
1.0200099999996024e-09	-2.3147946e-09	-7.171118e-10	0.0003647626	0.019102931	-3.2663414e-17	-4.2936927e-17	1.9312275e-17	-2.2566687e-18	0	-6.7820944e-18
1.0300099999996882e-09	-2.5626201e-09	-4.6401352e-10	0.00036469742	0.019103546	-3.266341e-17	-4.2936815e-17	1.9312224e-17	-2.256727e-18	0	-6.7820944e-18
1.040009999999774e-09	-2.2409743e-09	-7.5929485e-10	0.0003646252	0.019104224	-3.266341e-17	-4.2936712e-17	1.9312177e-17	-2.256783e-18	0	-6.7820944e-18
1.0500099999998598e-09	-2.5164824e-09	-1.6873218e-10	0.00036461136	0.01910477	-3.266341e-17	-4.2936616e-17	1.9312134e-17	-2.2568362e-18	0	-6.7820944e-18
1.0600099999999456e-09	-1.7954159e-09	2.530983e-10	0.00036460022	0.01910548	-3.2663407e-17	-4.2936517e-17	1.9312091e-17	-2.2568872e-18	0	-6.7820944e-18
1.0700000000000313e-09	-2.400479e-09	7.5929485e-10	0.00036460275	0.019105978	-3.266341e-17	-4.293643e-17	1.931205e-17	-2.2569356e-18	0	-6.7820944e-18
1.080000000000117e-09	-2.238338e-09	2.1091523e-10	0.00036462088	0.019106295	-3.2663414e-17	-4.2936348e-17	1.9312012e-17	-2.256981e-18	0	-6.7820944e-18
1.0900000000002028e-09	-1.7295049e-09	3.3746436e-10	0.00036462198	0.019106671	-3.266341e-17	-4.2936266e-17	1.9311974e-17	-2.2570245e-18	0	-6.7820944e-18
1.1000000000002886e-09	-1.9351472e-09	8.014779e-10	0.00036461084	0.019107206	-3.2663414e-17	-4.293619e-17	1.931194e-17	-2.2570665e-18	0	-6.7820944e-18
1.1100000000003744e-09	-2.7181701e-09	8.436609e-10	0.00036459844	0.019107657	-3.2663414e-17	-4.2936117e-17	1.9311903e-17	-2.2571064e-18	0	-6.7820944e-18
1.1200000000004602e-09	-1.4777248e-09	1.1811253e-09	0.00036459338	0.019108063	-3.2663407e-17	-4.293604e-17	1.9311875e-17	-2.2571445e-18	0	-6.7820944e-18
1.130000000000546e-09	-1.556818e-09	1.3498574e-09	0.0003645739	0.019108366	-3.2663414e-17	-4.2935974e-17	1.9311842e-17	-2.2571815e-18	0	-6.7820944e-18
1.1400000000006318e-09	-1.2799918e-09	6.749287e-10	0.00036456782	0.019108694	-3.266342e-17	-4.2935918e-17	1.931181e-17	-2.2572165e-18	0	-6.7820944e-18
1.1500000000007175e-09	-1.7097316e-09	6.327457e-10	0.00036456707	0.019109046	-3.2663414e-17	-4.2935852e-17	1.9311784e-17	-2.25725e-18	0	-6.7820944e-18
1.1600000000008033e-09	-2.5362556e-09	1.2654915e-10	0.0003645589	0.019109445	-3.2663414e-17	-4.293579e-17	1.9311757e-17	-2.2572822e-18	0	-6.7820944e-18
1.1700000000008891e-09	-1.6846854e-09	-8.436609e-11	0.00036458066	0.019109756	-3.2663414e-17	-4.293573e-17	1.931173e-17	-2.2573128e-18	0	-6.7820944e-18
1.1800000000009749e-09	-1.8244167e-09	2.1091523e-10	0.00036459795	0.01910993	-3.2663414e-17	-4.293568e-17	1.9311706e-17	-2.2573428e-18	0	-6.7820944e-18
1.1900000000010607e-09	-2.8895386e-09	1.0123932e-09	0.00036456733	0.019110145	-3.2663417e-17	-4.293563e-17	1.9311681e-17	-2.257371e-18	0	-6.7820944e-18
1.2000000000011465e-09	-2.7379434e-09	4.6401352e-10	0.00036454032	0.019110458	-3.266341e-17	-4.2935574e-17	1.9311656e-17	-2.2573988e-18	0	-6.7820944e-18
1.2100000000012322e-09	-2.6140308e-09	2.530983e-10	0.00036452935	0.019110871	-3.2663414e-17	-4.293553e-17	1.9311635e-17	-2.2574253e-18	0	-6.7820944e-18
1.220000000001318e-09	-2.327977e-09	7.5929485e-10	0.00036449308	0.019111045	-3.2663417e-17	-4.2935485e-17	1.9311613e-17	-2.2574508e-18	0	-6.7820944e-18
1.2300000000014038e-09	-1.9997402e-09	1.0967592e-09	0.0003644874	0.019111337	-3.2663414e-17	-4.293544e-17	1.9311593e-17	-2.2574747e-18	0	-6.7820944e-18
1.2400000000014896e-09	-2.3925697e-09	4.2183046e-10	0.00036451223	0.019111525	-3.2663414e-17	-4.2935395e-17	1.9311574e-17	-2.2574977e-18	0	-6.7820944e-18
1.2500000000015754e-09	-1.9509658e-09	8.436609e-11	0.00036453188	0.019111805	-3.266341e-17	-4.2935352e-17	1.9311557e-17	-2.2575198e-18	0	-6.7820944e-18
1.2600000000016612e-09	-1.9905124e-09	2.1091523e-10	0.00036449055	0.019111982	-3.2663414e-17	-4.2935316e-17	1.9311539e-17	-2.2575411e-18	0	-6.7820944e-18
1.270000000001747e-09	-2.0972883e-09	4.6401352e-10	0.00036447408	0.019112095	-3.2663414e-17	-4.293528e-17	1.9311522e-17	-2.2575606e-18	0	-6.7820944e-18
1.2800000000018327e-09	-2.0801514e-09	2.530983e-10	0.00036447984	0.019112317	-3.2663414e-17	-4.2935246e-17	1.9311506e-17	-2.2575788e-18	0	-6.7820944e-18
1.2900000000019185e-09	-1.5133168e-09	2.530983e-10	0.00036448758	0.019112403	-3.266341e-17	-4.2935213e-17	1.9311493e-17	-2.257595e-18	0	-6.7820944e-18
1.3000000000020043e-09	-9.2802704e-10	3.3746436e-10	0.000364499	0.019112524	-3.2663414e-17	-4.2935187e-17	1.931148e-17	-2.2576112e-18	0	-6.7820944e-18
1.3100000000020901e-09	-1.2312177e-09	9.2802704e-10	0.00036452748	0.019112634	-3.2663414e-17	-4.2935157e-17	1.9311464e-17	-2.257627e-18	0	-6.7820944e-18
1.3200000000021759e-09	-1.8837367e-09	4.6401352e-10	0.00036455534	0.019112796	-3.266341e-17	-4.2935127e-17	1.9311455e-17	-2.2576422e-18	0	-6.7820944e-18
1.3300000000022617e-09	-1.8745092e-09	3.3746436e-10	0.0003645744	0.019112933	-3.266341e-17	-4.29351e-17	1.931144e-17	-2.257657e-18	0	-6.7820944e-18
1.3400000000023475e-09	-2.5903026e-09	5.061966e-10	0.00036457897	0.019113049	-3.2663414e-17	-4.2935074e-17	1.9311428e-17	-2.2576716e-18	0	-6.7820944e-18
1.3500000000024332e-09	-2.0616964e-09	9.7021e-10	0.00036454404	0.01911308	-3.2663417e-17	-4.293505e-17	1.9311415e-17	-2.2576863e-18	0	-6.7820944e-18
1.360000000002519e-09	-1.2958105e-09	1.1811253e-09	0.00036448904	0.019113244	-3.2663414e-17	-4.2935018e-17	1.9311403e-17	-2.2577001e-18	0	-6.7820944e-18
1.3700000000026048e-09	-2.520437e-09	2.1513353e-09	0.00036442	0.019113304	-3.2663414e-17	-4.2934998e-17	1.9311393e-17	-2.2577136e-18	0	-6.7820944e-18
1.3800000000026906e-09	-2.1341986e-09	6.327457e-10	0.00036435464	0.019113405	-3.266341e-17	-4.2934975e-17	1.9311382e-17	-2.2577258e-18	0	-6.7820944e-18
1.3900000000027764e-09	-1.2008986e-09	2.530983e-10	0.00036436415	0.019113496	-3.266341e-17	-4.2934952e-17	1.9311372e-17	-2.2577365e-18	0	-6.7820944e-18
1.4000000000028622e-09	-1.5976829e-09	5.9056265e-10	0.00036435766	0.019113591	-3.266341e-17	-4.2934935e-17	1.9311367e-17	-2.2577463e-18	0	-6.7820944e-18
1.410000000002948e-09	-1.7690515e-09	1.2654914e-09	0.0003643797	0.019113654	-3.2663414e-17	-4.2934922e-17	1.9311359e-17	-2.2577545e-18	0	-6.7820944e-18
1.4200000000030337e-09	-2.0274227e-09	4.6401352e-10	0.00036441427	0.0191137	-3.266341e-17	-4.2934912e-17	1.9311352e-17	-2.2577624e-18	0	-6.7820944e-18
1.4300000000031195e-09	-1.8296896e-09	1.2654914e-09	0.00036444154	0.019113796	-3.2663417e-17	-4.293489e-17	1.9311344e-17	-2.25777e-18	0	-6.7820944e-18
1.4400000000032053e-09	-1.7031405e-09	1.3920405e-09	0.00036445848	0.019113861	-3.266341e-17	-4.293488e-17	1.9311339e-17	-2.2577777e-18	0	-6.7820944e-18
1.450000000003291e-09	-1.8745092e-09	8.436609e-10	0.00036447562	0.019113911	-3.2663414e-17	-4.2934866e-17	1.9311334e-17	-2.2577851e-18	0	-6.7820944e-18
1.4600000000033769e-09	-1.7505964e-09	8.8584395e-10	0.00036449122	0.019113926	-3.266341e-17	-4.2934853e-17	1.9311325e-17	-2.2577926e-18	0	-6.7820944e-18
1.4700000000034627e-09	-1.0493033e-09	8.436609e-10	0.0003645037	0.019113952	-3.266341e-17	-4.2934843e-17	1.931132e-17	-2.2577996e-18	0	-6.7820944e-18
1.4800000000035485e-09	-1.6609575e-09	8.8584395e-10	0.00036450513	0.019114062	-3.2663407e-17	-4.293483e-17	1.9311316e-17	-2.2578069e-18	0	-6.7820944e-18
1.4900000000036342e-09	-1.4619062e-09	7.5929485e-10	0.00036448962	0.019114187	-3.2663407e-17	-4.293481e-17	1.9311309e-17	-2.257814e-18	0	-6.7820944e-18
1.50000000000372e-09	-8.38388e-10	1.6873218e-09	0.00036445173	0.019114353	-3.2663414e-17	-4.29348e-17	1.9311302e-17	-2.2578205e-18	0	-6.7820944e-18
1.5100000000038058e-09	-1.6715033e-09	8.8584395e-10	0.00036442	0.019114504	-3.266341e-17	-4.2934787e-17	1.9311299e-17	-2.2578255e-18	0	-6.7820944e-18
1.5200000000038916e-09	-1.9114194e-10	7.5929485e-10	0.00036441564	0.01911453	-3.2663414e-17	-4.2934783e-17	1.9311294e-17	-2.2578304e-18	0	-6.7820944e-18
1.5300000000039774e-09	-6.459279e-10	1.0123932e-09	0.00036442582	0.019114565	-3.2663414e-17	-4.2934777e-17	1.931129e-17	-2.2578337e-18	0	-6.7820944e-18
1.5400000000040632e-09	-1.3867677e-09	8.014779e-10	0.00036443563	0.019114597	-3.2663414e-17	-4.2934767e-17	1.9311289e-17	-2.2578377e-18	0	-6.7820944e-18
1.550000000004149e-09	-1.4276325e-09	1.0123932e-09	0.0003644411	0.019114615	-3.2663414e-17	-4.293476e-17	1.9311284e-17	-2.2578414e-18	0	-6.7820944e-18
1.5600000000042347e-09	-9.807558e-10	2.0669693e-09	0.00036443234	0.019114638	-3.2663414e-17	-4.2934757e-17	1.931128e-17	-2.2578445e-18	0	-6.7820944e-18
1.5700000000043205e-09	-1.0980774e-09	9.7021e-10	0.00036442972	0.019114664	-3.2663414e-17	-4.293475e-17	1.931128e-17	-2.2578476e-18	0	-6.7820944e-18
1.5800000000044063e-09	-5.286063e-10	1.0967592e-09	0.00036443572	0.019114705	-3.266341e-17	-4.2934747e-17	1.9311278e-17	-2.2578492e-18	0	-6.7820944e-18
1.590000000004492e-09	-9.39891e-10	1.0545762e-09	0.0003644406	0.01911473	-3.2663414e-17	-4.2934744e-17	1.9311276e-17	-2.257851e-18	0	-6.7820944e-18
1.6000000000045779e-09	-5.86608e-10	1.4342236e-09	0.00036444422	0.019114755	-3.266341e-17	-4.293474e-17	1.9311274e-17	-2.2578523e-18	0	-6.7820944e-18
1.6100000000046637e-09	-2.2277921e-10	7.171118e-10	0.000364444	0.01911476	-3.266341e-17	-4.293474e-17	1.9311276e-17	-2.2578538e-18	0	-6.7820944e-18
1.6200000000047495e-09	-1.969421e-09	1.5607727e-09	0.00036444355	0.01911476	-3.2663417e-17	-4.293474e-17	1.9311273e-17	-2.2578546e-18	0	-6.7820944e-18
1.6300000000048352e-09	-7.263393e-10	6.749287e-10	0.0003644423	0.019114772	-3.2663417e-17	-4.293474e-17	1.9311273e-17	-2.257855e-18	0	-6.7820944e-18
1.640000000004921e-09	3.3087327e-10	1.1389423e-09	0.0003644504	0.019114766	-3.2663407e-17	-4.293474e-17	1.9311274e-17	-2.2578552e-18	0	-6.7820944e-18
1.6500000000050068e-09	-1.5357265e-09	1.3920405e-09	0.00036445342	0.019114776	-3.2663414e-17	-4.293473e-17	1.9311274e-17	-2.2578552e-18	0	-6.7820944e-18
1.6600000000050926e-09	-8.7134355e-10	4.6401352e-10	0.0003644491	0.019114776	-3.2663407e-17	-4.2934734e-17	1.9311273e-17	-2.2578552e-18	0	-6.7820944e-18
1.6700000000051784e-09	-8.133419e-10	8.8584395e-10	0.00036444812	0.019114777	-3.266341e-17	-4.293473e-17	1.9311273e-17	-2.2578552e-18	0	-6.7820944e-18
1.6800000000052642e-09	-1.1086232e-09	1.1389423e-09	0.00036444812	0.019114777	-3.2663407e-17	-4.293473e-17	1.9311273e-17	-2.2578554e-18	0	-6.7820944e-18
1.69000000000535e-09	-9.807558e-10	1.1811253e-09	0.00036444844	0.019114777	-3.266341e-17	-4.293473e-17	1.9311273e-17	-2.2578552e-18	0	-6.7820944e-18
1.7000000000054357e-09	-9.2275415e-10	1.3498574e-09	0.00036444844	0.019114777	-3.2663407e-17	-4.293473e-17	1.9311273e-17	-2.2578552e-18	0	-6.7820944e-18
1.7100000000055215e-09	-9.7021e-10	1.3498574e-09	0.00036444826	0.019114777	-3.2663407e-17	-4.293473e-17	1.9311273e-17	-2.2578552e-18	0	-6.7820944e-18
1.7200000000056073e-09	-9.201177e-10	1.2654914e-09	0.00036444844	0.019114777	-3.2663407e-17	-4.293473e-17	1.9311274e-17	-2.2578552e-18	0	-6.7820944e-18
1.730000000005693e-09	-9.0298086e-10	1.2654914e-09	0.00036444826	0.019114777	-3.2663407e-17	-4.293473e-17	1.9311273e-17	-2.2578552e-18	0	-6.7820944e-18
1.7400000000057789e-09	-8.6607066e-10	1.2233083e-09	0.00036444844	0.019114776	-3.266341e-17	-4.293473e-17	1.9311273e-17	-2.2578554e-18	0	-6.7820944e-18
1.7500000000058647e-09	-8.62116e-10	1.2654914e-09	0.00036444844	0.019114776	-3.266341e-17	-4.293473e-17	1.9311273e-17	-2.2578554e-18	0	-6.7820944e-18
1.7600000000059504e-09	-8.634342e-10	1.2654914e-09	0.00036444844	0.019114776	-3.266341e-17	-4.293473e-17	1.9311274e-17	-2.2578552e-18	0	-6.7820944e-18
1.7700000000060362e-09	-9.319817e-10	1.2654914e-09	0.00036444844	0.019114776	-3.266341e-17	-4.293473e-17	1.9311273e-17	-2.2578554e-18	0	-6.7820944e-18
1.780000000006122e-09	-9.187995e-10	1.2654914e-09	0.00036444844	0.019114776	-3.2663407e-17	-4.293473e-17	1.9311274e-17	-2.2578554e-18	0	-6.7820944e-18
1.7900000000062078e-09	-9.1220836e-10	1.2654914e-09	0.00036444844	0.019114776	-3.266341e-17	-4.293473e-17	1.9311273e-17	-2.2578554e-18	0	-6.7820944e-18
1.8000000000062936e-09	-9.042991e-10	1.2654914e-09	0.00036444844	0.019114776	-3.266341e-17	-4.293473e-17	1.9311273e-17	-2.2578554e-18	0	-6.7820944e-18
1.8100000000063794e-09	-9.0298086e-10	1.2654914e-09	0.00036444844	0.019114777	-3.2663407e-17	-4.293473e-17	1.9311273e-17	-2.2578554e-18	0	-6.7820944e-18
1.8200000000064652e-09	-9.056173e-10	1.3498574e-09	0.00036444844	0.019114776	-3.266341e-17	-4.293473e-17	1.9311273e-17	-2.2578552e-18	0	-6.7820944e-18
1.830000000006551e-09	-8.897986e-10	1.2654914e-09	0.00036444844	0.019114777	-3.266341e-17	-4.293473e-17	1.9311273e-17	-2.2578554e-18	0	-6.7820944e-18
1.8400000000066367e-09	-8.9243507e-10	1.2654914e-09	0.00036444844	0.019114777	-3.2663407e-17	-4.293473e-17	1.9311273e-17	-2.2578554e-18	0	-6.7820944e-18
1.8500000000067225e-09	-8.62116e-10	1.2233083e-09	0.00036444844	0.019114776	-3.266341e-17	-4.293473e-17	1.9311273e-17	-2.2578554e-18	0	-6.7820944e-18
1.8600000000068083e-09	-8.9638974e-10	1.3498574e-09	0.00036444844	0.019114777	-3.266341e-17	-4.293473e-17	1.9311273e-17	-2.2578554e-18	0	-6.7820944e-18
1.870000000006742e-09	-8.9770796e-10	1.2654914e-09	0.00036444826	0.019114776	-3.266341e-17	-4.293473e-17	1.9311273e-17	-2.2578552e-18	0	-6.7820944e-18
1.880000000006621e-09	-8.9111685e-10	1.3076744e-09	0.00036444844	0.019114777	-3.266341e-17	-4.293473e-17	1.9311273e-17	-2.2578554e-18	0	-6.7820944e-18
1.8900000000065e-09	-9.359363e-10	1.3920405e-09	0.00036444844	0.019114776	-3.266341e-17	-4.293473e-17	1.9311273e-17	-2.2578554e-18	0	-6.7820944e-18
1.900000000006379e-09	-9.557096e-10	1.3920405e-09	0.00036444826	0.019114777	-3.2663407e-17	-4.293473e-17	1.9311273e-17	-2.2578552e-18	0	-6.7820944e-18
1.910000000006258e-09	-9.543915e-10	1.3498574e-09	0.00036444844	0.019114776	-3.2663407e-17	-4.293473e-17	1.9311273e-17	-2.2578552e-18	0	-6.7820944e-18
1.920000000006137e-09	-9.596643e-10	1.3498574e-09	0.00036444844	0.019114777	-3.2663407e-17	-4.293473e-17	1.9311273e-17	-2.2578554e-18	0	-6.7820944e-18
1.930000000006016e-09	-9.069355e-10	1.3498574e-09	0.00036444844	0.019114776	-3.266341e-17	-4.293473e-17	1.9311273e-17	-2.2578552e-18	0	-6.7820944e-18
1.940000000005895e-09	-8.634342e-10	1.4342236e-09	0.00036444826	0.019114777	-3.266341e-17	-4.293473e-17	1.9311273e-17	-2.2578554e-18	0	-6.7820944e-18
1.950000000005774e-09	-8.8584395e-10	1.3076744e-09	0.00036444844	0.019114776	-3.2663407e-17	-4.293473e-17	1.9311273e-17	-2.2578552e-18	0	-6.7820944e-18
1.960000000005653e-09	-9.0166263e-10	1.3498574e-09	0.00036444844	0.019114777	-3.2663407e-17	-4.293473e-17	1.9311273e-17	-2.2578554e-18	0	-6.7820944e-18
1.9700000000055318e-09	-9.082537e-10	1.4342236e-09	0.00036444826	0.019114776	-3.2663407e-17	-4.293473e-17	1.9311273e-17	-2.2578552e-18	0	-6.7820944e-18
1.9800000000054108e-09	-9.0298086e-10	1.5185897e-09	0.00036444844	0.019114777	-3.2663407e-17	-4.293473e-17	1.9311273e-17	-2.2578552e-18	0	-6.7820944e-18
1.9900000000052898e-09	-8.726618e-10	1.3498574e-09	0.00036444844	0.019114776	-3.266341e-17	-4.293473e-17	1.9311273e-17	-2.2578552e-18	0	-6.7820944e-18
2.0000000000051688e-09	-8.62116e-10	1.4342236e-09	0.00036444844	0.019114777	-3.2663407e-17	-4.293473e-17	1.9311273e-17	-2.2578552e-18	0	-6.7820944e-18
2.0100000000050478e-09	-8.9243507e-10	1.3498574e-09	0.00036444844	0.019114776	-3.266341e-17	-4.293473e-17	1.9311273e-17	-2.2578552e-18	0	-6.7820944e-18
2.0200000000049267e-09	-9.1089014e-10	1.2233083e-09	0.00036444826	0.019114777	-3.2663407e-17	-4.293473e-17	1.9311273e-17	-2.2578554e-18	0	-6.7820944e-18
2.0300000000048057e-09	-8.9638974e-10	1.4342236e-09	0.00036444844	0.019114776	-3.266341e-17	-4.293473e-17	1.9311273e-17	-2.2578554e-18	0	-6.7820944e-18
2.0400000000046847e-09	-9.201177e-10	1.3498574e-09	0.00036444826	0.019114777	-3.2663407e-17	-4.293473e-17	1.9311273e-17	-2.2578552e-18	0	-6.7820944e-18
2.0500000000045637e-09	-9.135266e-10	1.2233083e-09	0.00036444844	0.019114776	-3.266341e-17	-4.293473e-17	1.9311273e-17	-2.2578552e-18	0	-6.7820944e-18
2.0600000000044427e-09	-8.7398e-10	1.3076744e-09	0.00036444844	0.019114777	-3.266341e-17	-4.293473e-17	1.9311273e-17	-2.2578552e-18	0	-6.7820944e-18
2.0700000000043217e-09	-8.7134355e-10	1.3498574e-09	0.00036444826	0.019114776	-3.2663407e-17	-4.293473e-17	1.9311273e-17	-2.2578552e-18	0	-6.7820944e-18
2.0800000000042007e-09	-8.2652407e-10	1.5185897e-09	0.00036444844	0.019114777	-3.266341e-17	-4.293473e-17	1.9311273e-17	-2.2578554e-18	0	-6.7820944e-18
2.0900000000040797e-09	-8.4629737e-10	1.3498574e-09	0.00036444844	0.019114776	-3.266341e-17	-4.293473e-17	1.9311273e-17	-2.2578554e-18	0	-6.7820944e-18
2.1000000000039587e-09	-8.7661645e-10	1.2654914e-09	0.00036444844	0.019114777	-3.266341e-17	-4.293473e-17	1.9311273e-17	-2.2578554e-18	0	-6.7820944e-18
2.1100000000038377e-09	-8.067508e-10	1.3498574e-09	0.00036444844	0.019114777	-3.2663407e-17	-4.293473e-17	1.9311273e-17	-2.2578552e-18	0	-6.7820944e-18
2.1200000000037166e-09	-8.3179696e-10	1.3498574e-09	0.00036444844	0.019114777	-3.266341e-17	-4.293473e-17	1.9311273e-17	-2.2578554e-18	0	-6.7820944e-18
2.1300000000035956e-09	-8.238876e-10	1.3498574e-09	0.00036444844	0.019114777	-3.266341e-17	-4.293473e-17	1.9311273e-17	-2.2578554e-18	0	-6.7820944e-18
2.1400000000034746e-09	-7.8565926e-10	1.3498574e-09	0.00036444826	0.019114777	-3.266341e-17	-4.293473e-17	1.9311273e-17	-2.2578554e-18	0	-6.7820944e-18
2.1500000000033536e-09	-8.7661645e-10	1.2654914e-09	0.00036444826	0.019114777	-3.266341e-17	-4.293473e-17	1.9311273e-17	-2.2578552e-18	0	-6.7820944e-18
2.1600000000032326e-09	-8.7398e-10	1.3498574e-09	0.00036444844	0.019114777	-3.2663407e-17	-4.293473e-17	1.9311273e-17	-2.2578554e-18	0	-6.7820944e-18
2.1700000000031116e-09	-8.5025204e-10	1.4342236e-09	0.00036444844	0.019114777	-3.266341e-17	-4.293473e-17	1.9311273e-17	-2.2578554e-18	0	-6.7820944e-18
2.1800000000029906e-09	-8.950715e-10	1.3498574e-09	0.00036444826	0.019114777	-3.266341e-17	-4.293473e-17	1.9311273e-17	-2.2578554e-18	0	-6.7820944e-18
2.1900000000028696e-09	-9.1220836e-10	1.3498574e-09	0.00036444826	0.019114777	-3.266341e-17	-4.293473e-17	1.9311273e-17	-2.2578554e-18	0	-6.7820944e-18
2.2000000000027486e-09	-9.056173e-10	1.2654914e-09	0.00036444844	0.019114777	-3.266341e-17	-4.293473e-17	1.9311273e-17	-2.2578554e-18	0	-6.7820944e-18
2.2100000000026276e-09	-9.2802704e-10	1.4342236e-09	0.00036444844	0.019114777	-3.266341e-17	-4.293473e-17	1.9311273e-17	-2.2578554e-18	0	-6.7820944e-18
2.2200000000025065e-09	-9.332999e-10	1.4342236e-09	0.00036444844	0.019114777	-3.266341e-17	-4.293473e-17	1.9311273e-17	-2.2578554e-18	0	-6.7820944e-18
2.2300000000023855e-09	-8.7661645e-10	1.3498574e-09	0.00036444844	0.019114777	-3.266341e-17	-4.293473e-17	1.9311273e-17	-2.2578554e-18	0	-6.7820944e-18
2.2400000000022645e-09	-9.1616303e-10	1.3498574e-09	0.00036444844	0.019114777	-3.266341e-17	-4.293473e-17	1.9311273e-17	-2.2578554e-18	0	-6.7820944e-18
2.2500000000021435e-09	-9.2934527e-10	1.3498574e-09	0.00036444826	0.019114777	-3.266341e-17	-4.293473e-17	1.9311273e-17	-2.2578554e-18	0	-6.7820944e-18
2.2600000000020225e-09	-9.148448e-10	1.3498574e-09	0.00036444844	0.019114777	-3.266341e-17	-4.293473e-17	1.9311273e-17	-2.2578554e-18	0	-6.7820944e-18
2.2700000000019015e-09	-8.4497914e-10	1.3498574e-09	0.00036444844	0.019114777	-3.266341e-17	-4.293473e-17	1.9311273e-17	-2.2578554e-18	0	-6.7820944e-18
2.2800000000017805e-09	-8.594796e-10	1.3920405e-09	0.00036444826	0.019114777	-3.266341e-17	-4.293473e-17	1.9311273e-17	-2.2578554e-18	0	-6.7820944e-18
2.2900000000016595e-09	-9.306635e-10	1.3498574e-09	0.00036444844	0.019114777	-3.266341e-17	-4.293473e-17	1.9311273e-17	-2.2578554e-18	0	-6.7820944e-18
2.3000000000015385e-09	-9.069355e-10	1.3498574e-09	0.00036444844	0.019114777	-3.266341e-17	-4.293473e-17	1.9311273e-17	-2.2578554e-18	0	-6.7820944e-18
2.3100000000014175e-09	-9.148448e-10	1.3498574e-09	0.00036444844	0.019114777	-3.266341e-17	-4.293473e-17	1.9311273e-17	-2.2578554e-18	0	-6.7820944e-18
2.3200000000012965e-09	-9.135266e-10	1.3920405e-09	0.00036444844	0.019114777	-3.266341e-17	-4.293473e-17	1.9311273e-17	-2.2578554e-18	0	-6.7820944e-18
2.3300000000011754e-09	-9.1089014e-10	1.3498574e-09	0.00036444844	0.019114777	-3.266341e-17	-4.293473e-17	1.9311273e-17	-2.2578554e-18	0	-6.7820944e-18
2.3400000000010544e-09	-8.7398e-10	1.3498574e-09	0.00036444844	0.019114777	-3.266341e-17	-4.293473e-17	1.9311273e-17	-2.2578554e-18	0	-6.7820944e-18
2.3500000000009334e-09	-9.1616303e-10	1.3920405e-09	0.00036444844	0.019114777	-3.266341e-17	-4.293473e-17	1.9311273e-17	-2.2578554e-18	0	-6.7820944e-18
2.3600000000008124e-09	-8.528885e-10	1.4764067e-09	0.00036444844	0.019114777	-3.2663407e-17	-4.293473e-17	1.9311274e-17	-2.2578552e-18	0	-6.7820944e-18
2.3700000000006914e-09	-8.9770796e-10	1.3498574e-09	0.00036444844	0.019114777	-3.266341e-17	-4.293473e-17	1.9311273e-17	-2.2578554e-18	0	-6.7820944e-18
2.3800000000005704e-09	-9.214359e-10	1.4342236e-09	0.00036444844	0.019114777	-3.266341e-17	-4.293473e-17	1.9311273e-17	-2.2578554e-18	0	-6.7820944e-18
2.3900000000004494e-09	-8.9638974e-10	1.3076744e-09	0.00036444826	0.019114777	-3.266341e-17	-4.293473e-17	1.9311274e-17	-2.2578554e-18	0	-6.7820944e-18
2.4000000000003284e-09	-9.0298086e-10	1.3920405e-09	0.00036444844	0.019114777	-3.266341e-17	-4.293473e-17	1.9311273e-17	-2.2578554e-18	0	-6.7820944e-18
2.4100000000002074e-09	-8.7398e-10	1.3920405e-09	0.00036444844	0.019114777	-3.266341e-17	-4.293473e-17	1.9311273e-17	-2.2578554e-18	0	-6.7820944e-18
2.4200000000000864e-09	-8.7793467e-10	1.5607727e-09	0.00036444844	0.019114777	-3.266341e-17	-4.293473e-17	1.9311273e-17	-2.2578554e-18	0	-6.7820944e-18
2.4300099999999652e-09	-8.687071e-10	1.3920405e-09	0.00036444786	0.019114349	-3.266341e-17	-4.293473e-17	1.9311273e-17	-2.2578554e-18	0	-6.7820944e-18
2.4400099999998442e-09	-8.990262e-10	1.4342236e-09	0.00036444786	0.019114349	-3.266341e-17	-4.293473e-17	1.9311273e-17	-2.2578554e-18	0	-6.7820944e-18
2.450009999999723e-09	-8.673889e-10	1.3920405e-09	0.00036444786	0.019114349	-3.2663407e-17	-4.293473e-17	1.9311273e-17	-2.2578552e-18	0	-6.7820944e-18
2.460009999999602e-09	-8.436609e-10	1.3498574e-09	0.00036444786	0.019114349	-3.266341e-17	-4.293473e-17	1.9311273e-17	-2.2578554e-18	0	-6.7820944e-18
2.470009999999481e-09	-8.159783e-10	1.3498574e-09	0.00036444786	0.019114349	-3.266341e-17	-4.293473e-17	1.9311273e-17	-2.2578552e-18	0	-6.7820944e-18
2.48000999999936e-09	-8.489338e-10	1.3498574e-09	0.00036444786	0.019114349	-3.266341e-17	-4.293473e-17	1.9311273e-17	-2.2578554e-18	0	-6.7820944e-18
2.490009999999239e-09	-8.278423e-10	1.4342236e-09	0.00036444786	0.019114349	-3.266341e-17	-4.293473e-17	1.9311273e-17	-2.2578554e-18	0	-6.7820944e-18
2.500009999999118e-09	-9.253906e-10	1.4764067e-09	0.00036444786	0.019114349	-3.2663407e-17	-4.293473e-17	1.9311273e-17	-2.2578552e-18	0	-6.7820944e-18
2.510009999998997e-09	-8.1466006e-10	1.3498574e-09	0.00036444786	0.019114349	-3.266341e-17	-4.293473e-17	1.9311273e-17	-2.2578554e-18	0	-6.7820944e-18
2.520009999998876e-09	-8.1070545e-10	1.4342236e-09	0.00036444786	0.019114349	-3.266341e-17	-4.293473e-17	1.9311273e-17	-2.2578554e-18	0	-6.7820944e-18
2.530009999998755e-09	-8.331152e-10	1.4342236e-09	0.00036444786	0.019114349	-3.266341e-17	-4.293473e-17	1.9311273e-17	-2.2578554e-18	0	-6.7820944e-18
2.540009999998634e-09	-8.1861473e-10	1.3920405e-09	0.00036444786	0.019114349	-3.2663407e-17	-4.293473e-17	1.9311273e-17	-2.2578552e-18	0	-6.7820944e-18
2.550009999998513e-09	-7.72477e-10	1.4764067e-09	0.00036444786	0.019114349	-3.266341e-17	-4.293473e-17	1.9311273e-17	-2.2578552e-18	0	-6.7820944e-18
2.560009999998392e-09	-8.2520585e-10	1.3498574e-09	0.00036444786	0.019114349	-3.2663407e-17	-4.293473e-17	1.9311273e-17	-2.2578552e-18	0	-6.7820944e-18
2.570009999998271e-09	-8.792529e-10	1.4342236e-09	0.00036444786	0.019114349	-3.266341e-17	-4.293473e-17	1.9311273e-17	-2.2578554e-18	0	-6.7820944e-18
2.58000999999815e-09	-8.38388e-10	1.5185897e-09	0.00036444786	0.019114349	-3.266341e-17	-4.293473e-17	1.9311273e-17	-2.2578554e-18	0	-6.7820944e-18
2.590009999998029e-09	-8.950715e-10	1.4764067e-09	0.00036444786	0.019114349	-3.266341e-17	-4.293473e-17	1.9311273e-17	-2.2578554e-18	0	-6.7820944e-18
2.600009999997908e-09	-8.1466006e-10	1.5185897e-09	0.00036444786	0.019114349	-3.2663407e-17	-4.293473e-17	1.9311273e-17	-2.2578552e-18	0	-6.7820944e-18
2.610009999997787e-09	-8.489338e-10	1.3498574e-09	0.00036444786	0.019114349	-3.2663407e-17	-4.293473e-17	1.9311273e-17	-2.2578552e-18	0	-6.7820944e-18
2.620009999997666e-09	-8.159783e-10	1.4764067e-09	0.00036444786	0.019114349	-3.266341e-17	-4.293473e-17	1.9311273e-17	-2.2578554e-18	0	-6.7820944e-18
2.630009999997545e-09	-8.410245e-10	1.3920405e-09	0.00036444786	0.019114349	-3.2663407e-17	-4.293473e-17	1.9311273e-17	-2.2578552e-18	0	-6.7820944e-18
2.640009999997424e-09	-8.726618e-10	1.4764067e-09	0.00036444786	0.019114349	-3.2663407e-17	-4.293473e-17	1.9311273e-17	-2.2578552e-18	0	-6.7820944e-18
2.650009999997303e-09	-8.594796e-10	1.4342236e-09	0.00036444786	0.019114349	-3.2663407e-17	-4.293473e-17	1.9311273e-17	-2.2578552e-18	0	-6.7820944e-18
2.660009999997182e-09	-8.5025204e-10	1.4342236e-09	0.00036444786	0.019114349	-3.2663407e-17	-4.293473e-17	1.9311273e-17	-2.2578552e-18	0	-6.7820944e-18
2.670009999997061e-09	-8.5684315e-10	1.5185897e-09	0.00036444786	0.019114349	-3.266341e-17	-4.293473e-17	1.9311273e-17	-2.2578554e-18	0	-6.7820944e-18
2.68000999999694e-09	-8.673889e-10	1.4764067e-09	0.00036444786	0.019114349	-3.266341e-17	-4.293473e-17	1.9311273e-17	-2.2578554e-18	0	-6.7820944e-18
2.690009999996819e-09	-8.62116e-10	1.4764067e-09	0.00036444786	0.019114349	-3.266341e-17	-4.293473e-17	1.9311273e-17	-2.2578554e-18	0	-6.7820944e-18
2.700009999996698e-09	-8.8584395e-10	1.4764067e-09	0.00036444786	0.019114349	-3.266341e-17	-4.293473e-17	1.9311273e-17	-2.2578554e-18	0	-6.7820944e-18
2.710009999996577e-09	-8.634342e-10	1.3920405e-09	0.00036444786	0.019114349	-3.266341e-17	-4.293473e-17	1.9311273e-17	-2.2578554e-18	0	-6.7820944e-18
2.720009999996456e-09	-8.4497914e-10	1.4342236e-09	0.00036444786	0.019114349	-3.266341e-17	-4.293473e-17	1.9311273e-17	-2.2578554e-18	0	-6.7820944e-18
2.730009999996335e-09	-8.159783e-10	1.5185897e-09	0.00036444786	0.019114349	-3.266341e-17	-4.293473e-17	1.9311273e-17	-2.2578554e-18	0	-6.7820944e-18
2.740009999996214e-09	-8.805711e-10	1.4342236e-09	0.00036444786	0.019114349	-3.266341e-17	-4.293473e-17	1.9311273e-17	-2.2578554e-18	0	-6.7820944e-18
2.750009999996093e-09	-8.344334e-10	1.3498574e-09	0.00036444786	0.019114349	-3.266341e-17	-4.293473e-17	1.9311273e-17	-2.2578554e-18	0	-6.7820944e-18
2.760009999995972e-09	-8.62116e-10	1.4764067e-09	0.00036444786	0.019114349	-3.266341e-17	-4.293473e-17	1.9311273e-17	-2.2578554e-18	0	-6.7820944e-18
2.770009999995851e-09	-8.950715e-10	1.4342236e-09	0.00036444786	0.019114349	-3.266341e-17	-4.293473e-17	1.9311273e-17	-2.2578554e-18	0	-6.7820944e-18
2.78000999999573e-09	-8.542067e-10	1.3920405e-09	0.00036444786	0.019114349	-3.266341e-17	-4.293473e-17	1.9311273e-17	-2.2578554e-18	0	-6.7820944e-18
2.790009999995609e-09	-8.5684315e-10	1.3920405e-09	0.00036444786	0.019114349	-3.266341e-17	-4.293473e-17	1.9311273e-17	-2.2578554e-18	0	-6.7820944e-18
2.800009999995488e-09	-8.3970625e-10	1.4764067e-09	0.00036444786	0.019114349	-3.266341e-17	-4.293473e-17	1.9311273e-17	-2.2578554e-18	0	-6.7820944e-18
2.810009999995367e-09	-8.634342e-10	1.4764067e-09	0.00036444786	0.019114349	-3.266341e-17	-4.293473e-17	1.9311273e-17	-2.2578554e-18	0	-6.7820944e-18
2.820009999995246e-09	-8.594796e-10	1.3920405e-09	0.00036444786	0.019114349	-3.266341e-17	-4.293473e-17	1.9311273e-17	-2.2578554e-18	0	-6.7820944e-18
2.830009999995125e-09	-8.7398e-10	1.4342236e-09	0.00036444786	0.019114349	-3.266341e-17	-4.293473e-17	1.9311273e-17	-2.2578554e-18	0	-6.7820944e-18
2.840009999995004e-09	-8.6475244e-10	1.4342236e-09	0.00036444786	0.019114349	-3.266341e-17	-4.293473e-17	1.9311273e-17	-2.2578554e-18	0	-6.7820944e-18
2.850009999994883e-09	-8.3970625e-10	1.4764067e-09	0.00036444786	0.019114349	-3.266341e-17	-4.293473e-17	1.9311273e-17	-2.2578554e-18	0	-6.7820944e-18
2.860009999994762e-09	-8.9638974e-10	1.5185897e-09	0.00036444786	0.019114349	-3.266341e-17	-4.293473e-17	1.9311273e-17	-2.2578554e-18	0	-6.7820944e-18
2.870009999994641e-09	-9.069355e-10	1.3498574e-09	0.00036444786	0.019114349	-3.266341e-17	-4.293473e-17	1.9311273e-17	-2.2578554e-18	0	-6.7820944e-18
2.8800099999945198e-09	-8.5684315e-10	1.4342236e-09	0.00036444786	0.019114349	-3.266341e-17	-4.293473e-17	1.9311273e-17	-2.2578554e-18	0	-6.7820944e-18
2.8900099999943988e-09	-7.9356854e-10	1.4764067e-09	0.00036444786	0.019114349	-3.266341e-17	-4.293473e-17	1.9311273e-17	-2.2578554e-18	0	-6.7820944e-18
2.9000099999942778e-09	-8.542067e-10	1.4342236e-09	0.00036444786	0.019114349	-3.266341e-17	-4.293473e-17	1.9311273e-17	-2.2578554e-18	0	-6.7820944e-18
2.9100099999941568e-09	-8.542067e-10	1.4342236e-09	0.00036444786	0.019114349	-3.266341e-17	-4.293473e-17	1.9311273e-17	-2.2578554e-18	0	-6.7820944e-18
2.9200099999940357e-09	-8.7398e-10	1.4342236e-09	0.00036444786	0.019114349	-3.266341e-17	-4.293473e-17	1.9311273e-17	-2.2578554e-18	0	-6.7820944e-18
2.9300099999939147e-09	-8.5157026e-10	1.3498574e-09	0.00036444786	0.019114349	-3.266341e-17	-4.293473e-17	1.9311273e-17	-2.2578554e-18	0	-6.7820944e-18
2.9400099999937937e-09	-8.4629737e-10	1.4342236e-09	0.00036444786	0.019114349	-3.266341e-17	-4.293473e-17	1.9311273e-17	-2.2578554e-18	0	-6.7820944e-18
2.9500099999936727e-09	-8.423427e-10	1.3920405e-09	0.00036444786	0.019114349	-3.266341e-17	-4.293473e-17	1.9311273e-17	-2.2578554e-18	0	-6.7820944e-18
2.9600099999935517e-09	-8.687071e-10	1.4342236e-09	0.00036444786	0.019114349	-3.266341e-17	-4.293473e-17	1.9311273e-17	-2.2578554e-18	0	-6.7820944e-18
2.9700099999934307e-09	-8.5157026e-10	1.2654914e-09	0.00036444786	0.019114349	-3.266341e-17	-4.293473e-17	1.9311273e-17	-2.2578554e-18	0	-6.7820944e-18
2.9800099999933097e-09	-8.344334e-10	1.5185897e-09	0.00036444786	0.019114349	-3.266341e-17	-4.293473e-17	1.9311273e-17	-2.2578554e-18	0	-6.7820944e-18
2.9900099999931887e-09	-8.1466006e-10	1.4342236e-09	0.00036444786	0.019114349	-3.266341e-17	-4.293473e-17	1.9311273e-17	-2.2578554e-18	0	-6.7820944e-18
3.0000099999930677e-09	-8.7134355e-10	1.3498574e-09	0.00036444786	0.019114349	-3.266341e-17	-4.293473e-17	1.9311273e-17	-2.2578554e-18	0	-6.7820944e-18
