# t (s)	mx ()	my ()	mz ()	spinAngle (rad)	E_total (J)	E_anis (J)	E_demag (J)	E_exch (J)	E_therm (J)	E_custom (J)
0	0	0	0	0.016871518	-2.625062e-17	-4.5216e-17	2.0211776e-17	5.5360005e-18	0	-6.7824004e-18
1.0000000000000124e-11	6.749287e-10	-5.483796e-10	0.0018980103	0.028602261	-3.443739e-17	-4.08894e-17	1.8478882e-17	-5.2855737e-18	0	-6.7412958e-18
2.0009999999999403e-11	1.1811253e-09	-1.6029558e-09	0.0029073611	0.029034488	-3.4788805e-17	-4.0809664e-17	1.8451534e-17	-5.6601517e-18	0	-6.770518e-18
3.000999999999824e-11	-2.1091524e-09	1.0123932e-09	0.0018774304	0.02695765	-3.4970788e-17	-4.1586363e-17	1.8761035e-17	-5.3797834e-18	0	-6.7656744e-18
4.000000000000001e-11	-3.1215455e-09	1.5396812e-09	0.0011548703	0.027422536	-3.5102316e-17	-4.1622266e-17	1.8766923e-17	-5.476607e-18	0	-6.770359e-18
5.0000000000001785e-11	-1.0967592e-09	1.4974981e-09	0.0014897537	0.029208442	-3.5217545e-17	-4.11057e-17	1.854384e-17	-5.8852304e-18	0	-6.7704526e-18
6.00000000000024e-11	-5.9056265e-10	1.6873218e-09	0.00165072	0.030510522	-3.532091e-17	-4.0832507e-17	1.8421625e-17	-6.138467e-18	0	-6.7715623e-18
7.000999999999771e-11	-2.1935185e-09	2.4466167e-09	0.0014622544	0.03131845	-3.5415443e-17	-4.0753802e-17	1.8381072e-17	-6.270476e-18	0	-6.7722393e-18
8.000999999999302e-11	-2.7366251e-09	2.2778845e-09	0.0013826501	0.03227086	-3.5502347e-17	-4.0587152e-17	1.8304104e-17	-6.446441e-18	0	-6.7728577e-18
9.000999999998834e-11	-2.1407895e-09	2.3622506e-09	0.0014490507	0.033292636	-3.558369e-17	-4.0384493e-17	1.8212944e-17	-6.6388077e-18	0	-6.7733345e-18
1.0000999999998365e-10	-2.9949963e-09	3.2902776e-09	0.0014759706	0.03418296	-3.5660034e-17	-4.022497e-17	1.8140134e-17	-6.8014843e-18	0	-6.773714e-18
1.1000999999997896e-10	-2.2357014e-09	2.5309828e-09	0.0014536737	0.034981143	-3.5732115e-17	-4.008336e-17	1.807491e-17	-6.9496654e-18	0	-6.7740033e-18
1.2000999999997891e-10	-2.4466167e-09	3.100454e-09	0.0014454208	0.035754908	-3.5800718e-17	-3.9940396e-17	1.800948e-17	-7.095582e-18	0	-6.7742217e-18
1.3000999999998715e-10	-3.5433758e-09	2.9528133e-10	0.0014492688	0.03649746	-3.5866313e-17	-3.979958e-17	1.7945219e-17	-7.237591e-18	0	-6.7743606e-18
1.400099999999954e-10	-8.014779e-10	2.3147946e-09	0.0014451183	0.03719304	-3.5929258e-17	-3.9666315e-17	1.7884283e-17	-7.372804e-18	0	-6.774421e-18
1.5000000000000362e-10	-2.1513353e-09	3.1531828e-09	0.0014383886	0.03784702	-3.598987e-17	-3.95391e-17	1.7826038e-17	-7.502403e-18	0	-6.7744053e-18
1.6000000000001186e-10	-3.501193e-09	2.9106302e-09	0.0014361242	0.038466662	-3.604855e-17	-3.941491e-17	1.7769214e-17	-7.628554e-18	0	-6.7743027e-18
1.700000000000201e-10	-2.3200675e-09	1.2971286e-09	0.0014352564	0.039051685	-3.61055e-17	-3.9293564e-17	1.7713707e-17	-7.7515434e-18	0	-6.774102e-18
1.8000000000002833e-10	-1.5185897e-09	2.9422675e-09	0.0014327777	0.039602	-3.6160932e-17	-3.9175396e-17	1.7659636e-17	-7.87138e-18	0	-6.7737887e-18
1.9000000000003657e-10	-2.699715e-09	2.9633591e-09	0.0014294599	0.04011925	-3.6215072e-17	-3.9059866e-17	1.7606753e-17	-7.988612e-18	0	-6.773346e-18
2.000000000000448e-10	-3.4590097e-09	4.471403e-09	0.0014260114	0.0406004	-3.6268124e-17	-3.8946158e-17	1.7554698e-17	-8.103917e-18	0	-6.7727497e-18
2.1000000000005304e-10	-3.0477252e-09	4.619044e-09	0.0014220587	0.041050203	-3.63203e-17	-3.8833837e-17	1.7503276e-17	-8.217764e-18	0	-6.7719746e-18
2.2000000000006128e-10	-2.7893539e-09	5.1226037e-09	0.0014176706	0.041468866	-3.637181e-17	-3.872245e-17	1.7452265e-17	-8.330638e-18	0	-6.770989e-18
2.3000000000006952e-10	-3.1268184e-09	5.1516045e-09	0.0014127899	0.041865114	-3.6422896e-17	-3.86114e-17	1.7401397e-17	-8.443131e-18	0	-6.7697603e-18
2.4000000000005925e-10	-3.2480947e-09	6.051949e-09	0.0014071844	0.042252652	-3.6473795e-17	-3.850005e-17	1.7350378e-17	-8.555872e-18	0	-6.7682515e-18
2.5000000000004163e-10	-3.9019317e-09	4.81414e-09	0.0014005473	0.042644482	-3.6524765e-17	-3.8387715e-17	1.7298898e-17	-8.669524e-18	0	-6.7664247e-18
2.60000000000024e-10	-2.573166e-09	4.872142e-09	0.0013924912	0.04304943	-3.657611e-17	-3.8273697e-17	1.724663e-17	-8.784803e-18	0	-6.7642417e-18
2.700000000000064e-10	-3.501193e-09	4.956508e-09	0.0013824921	0.04351201	-3.662813e-17	-3.8157243e-17	1.719323e-17	-8.902446e-18	0	-6.7616717e-18
2.800099999999888e-10	-3.585559e-09	5.779077e-09	0.0013698022	0.044163354	-3.6681195e-17	-3.8037503e-17	1.7138314e-17	-9.023319e-18	0	-6.7586856e-18
2.9000999999997117e-10	-3.5433758e-09	7.8460465e-09	0.0013534884	0.044976063	-3.6735544e-17	-3.791406e-17	1.7081673e-17	-9.147876e-18	0	-6.7552784e-18
3.0000999999995355e-10	-2.8684473e-09	7.508582e-09	0.0013322313	0.045936164	-3.6791528e-17	-3.778627e-17	1.7023013e-17	-9.276814e-18	0	-6.7514577e-18
3.1000999999993594e-10	-2.1091524e-09	8.31006e-09	0.0013042357	0.047034625	-3.6849414e-17	-3.765383e-17	1.6962185e-17	-9.410504e-18	0	-6.7472635e-18
3.2000999999991833e-10	-2.0247863e-09	9.575552e-09	0.0012671722	0.048262864	-3.69094e-17	-3.7516813e-17	1.6899189e-17	-9.5490086e-18	0	-6.742769e-18
3.300099999999007e-10	-1.1811253e-09	1.1726887e-08	0.0012182153	0.049612775	-3.6971536e-17	-3.7375653e-17	1.6834191e-17	-9.691993e-18	0	-6.7380834e-18
3.400099999998831e-10	-1.6873218e-09	1.4004772e-08	0.0011543117	0.05106684	-3.7035692e-17	-3.7231174e-17	1.6767523e-17	-9.838701e-18	0	-6.7333362e-18
3.500099999998655e-10	-2.1935185e-09	1.5818642e-08	0.0010728427	0.05260871	-3.7101535e-17	-3.7084323e-17	1.669954e-17	-9.98811e-18	0	-6.728641e-18
3.600099999998479e-10	8.436609e-10	2.0163496e-08	0.0009725499	0.054220356	-3.716859e-17	-3.693564e-17	1.663041e-17	-1.0139338e-17	0	-6.724026e-18
3.7000999999983027e-10	-1.8560541e-09	2.3274495e-08	0.000854669	0.055885423	-3.7236343e-17	-3.6784408e-17	1.6559746e-17	-1.029236e-17	0	-6.7193196e-18
3.8000999999981266e-10	0	2.6058578e-08	0.00072363025	0.057589184	-3.730455e-17	-3.6627842e-17	1.648623e-17	-1.0448901e-17	0	-6.714038e-18
3.9000999999979505e-10	7.5929485e-10	3.087799e-08	0.00058637373	0.059333112	-3.737363e-17	-3.6460576e-17	1.640744e-17	-1.0613172e-17	0	-6.7073222e-18
4.0000999999977743e-10	-8.436609e-10	3.269186e-08	0.00045057366	0.061125275	-3.7445034e-17	-3.6274937e-17	1.6319941e-17	-1.079204e-17	0	-6.6979957e-18
4.100099999997598e-10	-2.6153488e-09	3.5897774e-08	0.00032231526	0.06297755	-3.7521465e-17	-3.6061726e-17	1.6219632e-17	-1.0994574e-17	0	-6.6847985e-18
4.200099999997422e-10	-1.6451388e-09	3.3704254e-08	0.00020476495	0.06491724	-3.7606824e-17	-3.5811183e-17	1.6102136e-17	-1.12310745e-17	0	-6.6667e-18
4.300099999997246e-10	-3.854476e-09	3.543376e-08	9.794667e-05	0.066979855	-3.7705827e-17	-3.5513752e-17	1.5963132e-17	-1.1511994e-17	0	-6.643211e-18
4.40009999999707e-10	-2.8262641e-09	3.501193e-08	6.8505265e-08	0.0691715	-3.782356e-17	-3.5160814e-17	1.5798673e-17	-1.184684e-17	0	-6.6145804e-18
4.5000999999968937e-10	-4.3026707e-09	3.501193e-08	-9.0569025e-05	0.07150569	-3.7964887e-17	-3.4745626e-17	1.5605689e-17	-1.22430605e-17	0	-6.581888e-18
4.6000999999967176e-10	-4.0495727e-09	4.0073893e-08	-0.00017285398	0.07427697	-3.813396e-17	-3.4265107e-17	1.5382798e-17	-1.2704561e-17	0	-6.5470882e-18
4.700099999996541e-10	-3.3746437e-09	4.7835574e-08	-0.00023923963	0.078189135	-3.8333283e-17	-3.3722962e-17	1.5131784e-17	-1.32290185e-17	0	-6.5130874e-18
4.800099999996365e-10	-5.2306977e-09	5.6103453e-08	-0.00027000287	0.08286747	-3.8561797e-17	-3.3134926e-17	1.4860022e-17	-1.3802832e-17	0	-6.4840575e-18
4.900099999996189e-10	-4.218305e-09	6.5552456e-08	-0.0002296246	0.08795326	-3.8811106e-17	-3.253467e-17	1.4583183e-17	-1.4393503e-17	0	-6.4661134e-18
5.000099999996013e-10	-4.218305e-09	7.469563e-08	-9.0443995e-05	0.093144774	-3.9061818e-17	-3.197011e-17	1.4323529e-17	-1.4947748e-17	0	-6.467488e-18
5.100099999995837e-10	-4.218305e-09	8.043252e-08	8.286202e-05	0.09813288	-3.929064e-17	-3.1476677e-17	1.4097614e-17	-1.541729e-17	0	-6.4942847e-18
5.200099999995661e-10	1.6873218e-10	7.7869906e-08	0.00010060876	0.10259992	-3.9489768e-17	-3.1061257e-17	1.3908589e-17	-1.5795694e-17	0	-6.541405e-18
5.300099999995485e-10	2.3200675e-09	6.281583e-08	-0.00014675043	0.106372185	-3.9659552e-17	-3.0728486e-17	1.3757837e-17	-1.6094117e-17	0	-6.594783e-18
5.400099999995309e-10	7.076206e-09	4.0558998e-08	-0.0004983404	0.10931576	-3.978896e-17	-3.047652e-17	1.3644055e-17	-1.6310863e-17	0	-6.645631e-18
5.500099999995133e-10	8.70289e-09	1.4721883e-08	-0.000651147	0.11152881	-3.987764e-17	-3.0285226e-17	1.35585515e-17	-1.6462036e-17	0	-6.6889303e-18
5.600099999994956e-10	1.2164536e-08	-1.4342236e-08	-0.0004942706	0.11324793	-3.9941465e-17	-3.0139755e-17	1.3494693e-17	-1.657822e-17	0	-6.7181814e-18
5.70009999999478e-10	1.336148e-08	-4.4924946e-08	-0.00017878154	0.114534914	-3.9988382e-17	-3.0036824e-17	1.34502545e-17	-1.666745e-17	0	-6.7343615e-18
5.800099999994604e-10	1.4278961e-08	-6.272619e-08	9.387888e-05	0.115479216	-4.0020007e-17	-2.997192e-17	1.3422528e-17	-1.6725685e-17	0	-6.7449304e-18
5.900099999994428e-10	1.4637517e-08	-5.817042e-08	0.00022799059	0.1161189	-4.0040846e-17	-2.993135e-17	1.3405008e-17	-1.6760395e-17	0	-6.754112e-18
6.000099999994252e-10	1.5270263e-08	-3.8006924e-08	0.00024704688	0.11654641	-4.0056314e-17	-2.990096e-17	1.339124e-17	-1.6785045e-17	0	-6.7615476e-18
6.100099999994076e-10	1.5312446e-08	-1.46797e-08	0.00021814911	0.11684533	-4.00695e-17	-2.987375e-17	1.3378283e-17	-1.6807642e-17	0	-6.766391e-18
6.2000999999939e-10	1.5143714e-08	1.2654914e-09	0.00018512554	0.117060944	-4.0081447e-17	-2.984847e-17	1.3365931e-17	-1.6829722e-17	0	-6.7691846e-18
6.300099999993724e-10	1.5270263e-08	8.6475245e-09	0.00015815876	0.11724491	-4.009239e-17	-2.982576e-17	1.3354748e-17	-1.6850382e-17	0	-6.7709936e-18
6.400099999993547e-10	1.3414208e-08	8.056962e-09	0.0001344097	0.11741396	-4.0102275e-17	-2.980574e-17	1.33449445e-17	-1.6869012e-17	0	-6.772469e-18
6.500099999993371e-10	1.1389423e-08	7.635132e-09	0.00011283661	0.11758605	-4.0111133e-17	-2.9787502e-17	1.3336142e-17	-1.6886032e-17	0	-6.7737427e-18
6.600099999993195e-10	1.4215686e-08	2.8895386e-09	9.5878015e-05	0.117763095	-4.0119094e-17	-2.9769453e-17	1.3327591e-17	-1.6902493e-17	0	-6.77474e-18
6.700099999993019e-10	1.4637517e-08	2.4017972e-09	8.552292e-05	0.11796016	-4.0126376e-17	-2.974993e-17	1.3318475e-17	-1.6919498e-17	0	-6.775421e-18
6.800099999992843e-10	1.8349626e-08	-3.669925e-09	8.089359e-05	0.11818708	-4.0133175e-17	-2.9727578e-17	1.3308114e-17	-1.6937883e-17	0	-6.775831e-18
6.900099999992667e-10	1.6493571e-08	-6.812562e-09	7.896059e-05	0.118453234	-4.0139654e-17	-2.9701558e-17	1.3296079e-17	-1.695812e-17	0	-6.776053e-18
7.000099999992491e-10	1.7780154e-08	-7.930413e-09	7.629563e-05	0.118751235	-4.014591e-17	-2.967163e-17	1.328222e-17	-1.6980334e-17	0	-6.7761647e-18
7.100099999992315e-10	2.119698e-08	-7.382033e-09	7.0102484e-05	0.11908035	-4.015201e-17	-2.9638096e-17	1.3266655e-17	-1.7004355e-17	0	-6.7762156e-18
7.200099999992138e-10	2.2188283e-08	-8.689708e-09	5.871914e-05	0.11945246	-4.0157988e-17	-2.9601664e-17	1.3249709e-17	-1.7029796e-17	0	-6.7762355e-18
7.300099999991962e-10	2.6638594e-08	-1.2359632e-08	4.1574935e-05	0.119857095	-4.0163854e-17	-2.956326e-17	1.3231817e-17	-1.7056166e-17	0	-6.7762437e-18
7.400099999991786e-10	2.923285e-08	-1.079886e-08	1.8964824e-05	0.12029072	-4.0169628e-17	-2.9523823e-17	1.3213419e-17	-1.7082969e-17	0	-6.7762553e-18
7.50009999999161e-10	3.3830805e-08	-1.4468785e-08	-8.034352e-06	0.120730445	-4.017532e-17	-2.9484122e-17	1.3194883e-17	-1.7109796e-17	0	-6.7762863e-18
7.600099999991434e-10	3.8576395e-08	-1.4510968e-08	-3.8538095e-05	0.12117721	-4.0180934e-17	-2.944471e-17	1.3176477e-17	-1.7136358e-17	0	-6.7763413e-18
7.700099999991258e-10	4.6570083e-08	-1.2654914e-08	-7.202435e-05	0.12162593	-4.0186512e-17	-2.940592e-17	1.3158354e-17	-1.716252e-17	0	-6.7764224e-18
7.800099999991082e-10	5.355138e-08	-1.0714494e-08	-0.00010808157	0.12208044	-4.019209e-17	-2.9367896e-17	1.3140585e-17	-1.7188266e-17	0	-6.776513e-18
7.900099999990906e-10	6.044831e-08	-6.116542e-09	-0.00014631392	0.12254805	-4.019774e-17	-2.933064e-17	1.3123172e-17	-1.7213681e-17	0	-6.7765895e-18
8.00009999999073e-10	7.002386e-08	-1.0967592e-09	-0.00018634158	0.123023294	-4.0203565e-17	-2.929405e-17	1.3106069e-17	-1.7238963e-17	0	-6.776621e-18
8.100099999990553e-10	8.31006e-08	6.243091e-09	-0.00022783705	0.123507924	-4.02097e-17	-2.9257937e-17	1.3089193e-17	-1.7264384e-17	0	-6.77657e-18
8.200099999990377e-10	9.90247e-08	1.2992379e-08	-0.00027028535	0.12400938	-4.021632e-17	-2.9222028e-17	1.3072421e-17	-1.7290316e-17	0	-6.7763984e-18
8.300099999990201e-10	1.209177e-07	2.5394193e-08	-0.00031299077	0.12452528	-4.0223652e-17	-2.9185933e-17	1.3055576e-17	-1.7317231e-17	0	-6.776066e-18
8.400099999990025e-10	1.465439e-07	3.93146e-08	-0.0003549484	0.12506475	-4.023197e-17	-2.9149157e-17	1.3038436e-17	-1.7345721e-17	0	-6.7755286e-18
8.500099999989849e-10	1.7235993e-07	5.87188e-08	-0.00039492088	0.12563546	-4.0241615e-17	-2.911106e-17	1.30207054e-17	-1.7376522e-17	0	-6.7747395e-18
8.600099999989673e-10	2.007913e-07	8.006342e-08	-0.0004312675	0.12623824	-4.0252994e-17	-2.907086e-17	1.3002025e-17	-1.7410516e-17	0	-6.7736443e-18
8.700099999989497e-10	2.3274497e-07	1.0010037e-07	-0.00046201624	0.12688564	-4.0266573e-17	-2.9027667e-17	1.29819835e-17	-1.7448702e-17	0	-6.7721876e-18
8.800099999989321e-10	2.6117633e-07	1.2773026e-07	-0.000484966	0.12758298	-4.0282865e-17	-2.8980528e-17	1.2960138e-17	-1.7492155e-17	0	-6.770318e-18
8.900099999989144e-10	2.8355444e-07	1.575115e-07	-0.000498149	0.1283372	-4.03024e-17	-2.8928557e-17	1.293607e-17	-1.7541915e-17	0	-6.7679984e-18
9.000099999988968e-10	3.0810497e-07	1.7961541e-07	-0.00050025905	0.12914895	-4.0325667e-17	-2.88711e-17	1.2909472e-17	-1.7598805e-17	0	-6.7652294e-18
9.100099999988792e-10	3.2430327e-07	2.0163496e-07	-0.0004917419	0.13000569	-4.035297e-17	-2.8808004e-17	1.2880259e-17	-1.7663138e-17	0	-6.7620886e-18
9.200099999988616e-10	3.266655e-07	2.1361495e-07	-0.00047630008	0.13089977	-4.038433e-17	-2.8739914e-17	1.2848709e-17	-1.7734355e-17	0	-6.758769e-18
9.30009999998844e-10	3.2506256e-07	2.1159016e-07	-0.00046168012	0.13181399	-4.041921e-17	-2.8668502e-17	1.2815576e-17	-1.7810651e-17	0	-6.7556353e-18
9.400099999989161e-10	3.165416e-07	1.8881131e-07	-0.0004587926	0.13271901	-4.045642e-17	-2.8596514e-17	1.27821085e-17	-1.788878e-17	0	-6.7532353e-18
9.50009999999002e-10	3.02579e-07	1.4510968e-07	-0.00047598977	0.13359576	-4.0494008e-17	-2.852735e-17	1.2749869e-17	-1.7964295e-17	0	-6.752239e-18
9.600099999990877e-10	2.794416e-07	8.183511e-08	-0.0005087913	0.13440935	-4.0529577e-17	-2.8464324e-17	1.2720385e-17	-1.8032397e-17	0	-6.7532394e-18
9.700099999991735e-10	2.4575843e-07	8.436609e-10	-0.00053146266	0.13510692	-4.0560715e-17	-2.8409823e-17	1.2694759e-17	-1.8089214e-17	0	-6.756439e-18
9.800099999992593e-10	2.0171933e-07	-5.87188e-08	-0.00050365814	0.13565803	-4.0585723e-17	-2.8364913e-17	1.2673496e-17	-1.8132904e-17	0	-6.7614033e-18
9.90009999999345e-10	1.6648593e-07	-8.166638e-08	-0.00039808714	0.13607457	-4.0603987e-17	-2.832946e-17	1.2656563e-17	-1.8163975e-17	0	-6.7671137e-18
1.0000099999994308e-09	1.607174e-07	-6.39495e-08	-0.00022775184	0.13636632	-4.0616067e-17	-2.8302537e-17	1.2643574e-17	-1.8184704e-17	0	-6.7724e-18
1.0100099999995166e-09	1.9319835e-07	-1.9910399e-08	-4.2326807e-05	0.136568	-4.062334e-17	-2.8282774e-17	1.2633947e-17	-1.8198056e-17	0	-6.7764555e-18
1.0200099999996024e-09	2.4576897e-07	2.5394193e-08	0.00010486874	0.13669384	-4.0627403e-17	-2.826871e-17	1.2627062e-17	-1.8206685e-17	0	-6.7790694e-18
1.0300099999996882e-09	2.843981e-07	5.882426e-08	0.00018568808	0.13676651	-4.0629636e-17	-2.8259074e-17	1.2622362e-17	-1.8212446e-17	0	-6.7804764e-18
1.040009999999774e-09	2.8730872e-07	7.873466e-08	0.00020101335	0.13680942	-4.0630956e-17	-2.8252906e-17	1.26194095e-17	-1.8216385e-17	0	-6.7810753e-18
1.0500099999998598e-09	2.4301653e-07	9.10732e-08	0.00016779994	0.13683099	-4.0631873e-17	-2.8249565e-17	1.2617887e-17	-1.821896e-17	0	-6.781236e-18
1.0600099999999456e-09	1.6160325e-07	9.9488716e-08	0.000106380416	0.1368332	-4.063261e-17	-2.824858e-17	1.2617542e-17	-1.8220349e-17	0	-6.781223e-18
1.0700000000000313e-09	6.251528e-08	1.0902208e-07	3.3828102e-05	0.13681722	-4.063325e-17	-2.8249555e-17	1.2618139e-17	-1.8220638e-17	0	-6.7811944e-18
1.080000000000117e-09	-2.507782e-08	1.1496989e-07	-3.696146e-05	0.13678393	-4.063379e-17	-2.825207e-17	1.2619449e-17	-1.8219955e-17	0	-6.781216e-18
1.0900000000002028e-09	-8.655961e-08	1.1880855e-07	-9.709238e-05	0.13673669	-4.0634242e-17	-2.8255696e-17	1.2621245e-17	-1.8218496e-17	0	-6.7812945e-18
1.1000000000002886e-09	-1.2346977e-07	1.1283965e-07	-0.0001417973	0.13667874	-4.0634592e-17	-2.8259987e-17	1.2623308e-17	-1.8216509e-17	0	-6.781406e-18
1.1100000000003744e-09	-1.2840519e-07	1.0700784e-07	-0.00017013992	0.13661271	-4.0634864e-17	-2.8264533e-17	1.26254405e-17	-1.8214254e-17	0	-6.781518e-18
1.1200000000004602e-09	-1.1507535e-07	9.55446e-08	-0.0001844884	0.1365433	-4.0635062e-17	-2.8268977e-17	1.26274894e-17	-1.8211968e-17	0	-6.7816096e-18
1.130000000000546e-09	-9.6472625e-08	8.153983e-08	-0.00018862942	0.13647382	-4.063521e-17	-2.8273063e-17	1.2629343e-17	-1.8209822e-17	0	-6.7816704e-18
1.1400000000006318e-09	-7.725825e-08	7.841828e-08	-0.0001863215	0.1364073	-4.0635334e-17	-2.8276623e-17	1.2630934e-17	-1.8207943e-17	0	-6.7817023e-18
1.1500000000007175e-09	-5.1758597e-08	6.71765e-08	-0.00018095666	0.13634622	-4.0635443e-17	-2.8279578e-17	1.2632238e-17	-1.8206388e-17	0	-6.781715e-18
1.1600000000008033e-09	-3.6403968e-08	6.5657915e-08	-0.0001748845	0.13629204	-4.0635535e-17	-2.8281917e-17	1.2633264e-17	-1.8205165e-17	0	-6.7817164e-18
1.1700000000008891e-09	-3.2354396e-08	6.44346e-08	-0.0001693349	0.13624495	-4.0635635e-17	-2.8283694e-17	1.2634034e-17	-1.8204262e-17	0	-6.781712e-18
1.1800000000009749e-09	-2.8811021e-08	6.943329e-08	-0.00016496878	0.13620462	-4.063574e-17	-2.8284984e-17	1.2634592e-17	-1.820364e-17	0	-6.781705e-18
1.1900000000010607e-09	-2.9296126e-08	5.8929714e-08	-0.00016197952	0.13617016	-4.063585e-17	-2.828589e-17	1.26349795e-17	-1.8203241e-17	0	-6.7816965e-18
1.2000000000011465e-09	-2.908521e-08	5.7622042e-08	-0.00016027904	0.13614054	-4.063597e-17	-2.8286493e-17	1.2635236e-17	-1.8203023e-17	0	-6.781688e-18
1.2100000000012322e-09	-3.7205446e-08	5.551289e-08	-0.0001599539	0.13611464	-4.06361e-17	-2.828689e-17	1.2635404e-17	-1.8202937e-17	0	-6.7816795e-18
1.220000000001318e-09	-3.602432e-08	5.066184e-08	-0.00016082067	0.13609134	-4.0636257e-17	-2.828715e-17	1.2635515e-17	-1.8202951e-17	0	-6.7816704e-18
1.2300000000014038e-09	-3.847094e-08	5.1168037e-08	-0.00016262627	0.13606985	-4.063643e-17	-2.828733e-17	1.26355925e-17	-1.8203031e-17	0	-6.78166e-18
1.2400000000014896e-09	-3.560249e-08	4.9079976e-08	-0.00016512706	0.13604914	-4.063663e-17	-2.8287466e-17	1.2635652e-17	-1.8203165e-17	0	-6.7816494e-18
1.2500000000015754e-09	-3.6614885e-08	4.859487e-08	-0.00016805557	0.13602844	-4.063686e-17	-2.8287575e-17	1.2635698e-17	-1.8203348e-17	0	-6.7816378e-18
1.2600000000016612e-09	-3.4695557e-08	4.610607e-08	-0.00017098342	0.13600768	-4.0637134e-17	-2.828765e-17	1.2635731e-17	-1.8203593e-17	0	-6.7816233e-18
1.270000000001747e-09	-3.003433e-08	4.806758e-08	-0.00017388088	0.13598703	-4.0637455e-17	-2.8287678e-17	1.2635741e-17	-1.8203914e-17	0	-6.7816047e-18
1.2800000000018327e-09	-3.216457e-08	4.4123468e-08	-0.00017657047	0.13596722	-4.0637845e-17	-2.8287625e-17	1.2635709e-17	-1.8204348e-17	0	-6.781584e-18
1.2900000000019185e-09	-2.657532e-08	4.722392e-08	-0.00017888294	0.13594837	-4.0638298e-17	-2.8287433e-17	1.2635618e-17	-1.8204928e-17	0	-6.7815567e-18
1.3000000000020043e-09	-2.6195671e-08	4.1149562e-08	-0.00018080582	0.13593034	-4.0638838e-17	-2.8287056e-17	1.2635441e-17	-1.8205698e-17	0	-6.7815244e-18
1.3100000000020901e-09	-2.1660995e-08	4.4714028e-08	-0.00018225978	0.13591404	-4.063948e-17	-2.8286444e-17	1.2635154e-17	-1.8206704e-17	0	-6.781486e-18
1.3200000000021759e-09	-2.4149793e-08	4.2815792e-08	-0.00018329259	0.1358992	-4.064024e-17	-2.828554e-17	1.2634732e-17	-1.8207994e-17	0	-6.78144e-18
1.3300000000022617e-09	-2.1133706e-08	3.6467245e-08	-0.00018393429	0.13588525	-4.064114e-17	-2.8284303e-17	1.2634156e-17	-1.8209605e-17	0	-6.7813867e-18
1.3400000000023475e-09	-1.9003462e-08	4.1023014e-08	-0.00018421319	0.13587223	-4.0642186e-17	-2.8282688e-17	1.2633408e-17	-1.8211582e-17	0	-6.781326e-18
1.3500000000024332e-09	-1.9826032e-08	4.2879066e-08	-0.00018414283	0.13585965	-4.0643414e-17	-2.828069e-17	1.263248e-17	-1.8213948e-17	0	-6.781256e-18
1.360000000002519e-09	-1.273928e-08	3.6488334e-08	-0.000183584	0.13584737	-4.0644816e-17	-2.8278304e-17	1.2631375e-17	-1.8216706e-17	0	-6.7811816e-18
1.3700000000026048e-09	-1.1979985e-08	4.087537e-08	-0.0001826779	0.13583557	-4.0646424e-17	-2.8275584e-17	1.2630112e-17	-1.8219847e-17	0	-6.7811026e-18
1.3800000000026906e-09	-1.2085443e-08	3.920914e-08	-0.00018121634	0.13582425	-4.0648208e-17	-2.82726e-17	1.26287285e-17	-1.8223313e-17	0	-6.7810265e-18
1.3900000000027764e-09	-1.6367022e-08	3.9188052e-08	-0.00017919696	0.13581021	-4.0650167e-17	-2.8269503e-17	1.26272884e-17	-1.8226996e-17	0	-6.7809582e-18
1.4000000000028622e-09	-1.246509e-08	3.9694246e-08	-0.00017645152	0.13579111	-4.065225e-17	-2.826648e-17	1.2625879e-17	-1.8230743e-17	0	-6.7809086e-18
1.410000000002948e-09	-9.153721e-09	4.2436145e-08	-0.00017286562	0.1357643	-4.06544e-17	-2.826376e-17	1.26246075e-17	-1.8234361e-17	0	-6.780886e-18
1.4200000000030337e-09	-8.162419e-09	4.184558e-08	-0.000168499	0.13572855	-4.0656552e-17	-2.8261605e-17	1.2623585e-17	-1.8237632e-17	0	-6.7809003e-18
1.4300000000031195e-09	-5.968901e-09	4.389146e-08	-0.00016349507	0.135682	-4.0658614e-17	-2.8260232e-17	1.26229184e-17	-1.8240352e-17	0	-6.7809483e-18
1.4400000000032053e-09	-3.2902776e-09	3.9820797e-08	-0.00015813884	0.1356244	-4.066053e-17	-2.8259792e-17	1.2622678e-17	-1.8242391e-17	0	-6.7810236e-18
1.450000000003291e-09	-5.568162e-09	4.0917556e-08	-0.00015259262	0.13555601	-4.066226e-17	-2.8260344e-17	1.2622893e-17	-1.8243703e-17	0	-6.781107e-18
1.4600000000033769e-09	-1.7084134e-09	3.783819e-08	-0.00014715707	0.1354777	-4.066381e-17	-2.826183e-17	1.2623532e-17	-1.8244334e-17	0	-6.7811787e-18
1.4700000000034627e-09	2.9528133e-10	3.8808402e-08	-0.00014202576	0.13539232	-4.06652e-17	-2.8264093e-17	1.26245314e-17	-1.8244413e-17	0	-6.781225e-18
1.4800000000035485e-09	4.2393964e-09	3.9989526e-08	-0.00013747522	0.13530253	-4.0666472e-17	-2.8266925e-17	1.2625797e-17	-1.8244099e-17	0	-6.781241e-18
1.4900000000036342e-09	4.387037e-09	3.7880376e-08	-0.00013355946	0.1352104	-4.0667666e-17	-2.8270095e-17	1.26272165e-17	-1.8243553e-17	0	-6.7812353e-18
1.50000000000372e-09	5.272881e-09	4.2014314e-08	-0.000130377	0.13511997	-4.0668825e-17	-2.8273364e-17	1.2628689e-17	-1.824293e-17	0	-6.7812163e-18
1.5100000000038058e-09	8.531521e-09	4.2183046e-08	-0.00012801778	0.1350338	-4.0669966e-17	-2.8276537e-17	1.26301215e-17	-1.8242355e-17	0	-6.7811952e-18
1.5200000000038916e-09	1.06512195e-08	4.319544e-08	-0.00012647828	0.13495171	-4.067112e-17	-2.827946e-17	1.263144e-17	-1.8241923e-17	0	-6.7811787e-18
1.5300000000039774e-09	9.723192e-09	4.2014314e-08	-0.00012572674	0.13487616	-4.067229e-17	-2.8282026e-17	1.26326e-17	-1.8241698e-17	0	-6.7811655e-18
1.5400000000040632e-09	1.3509121e-08	4.5220226e-08	-0.000125681	0.1348059	-4.0673483e-17	-2.82842e-17	1.2633579e-17	-1.8241707e-17	0	-6.7811564e-18
1.550000000004149e-09	1.5955738e-08	4.5979522e-08	-0.00012607231	0.13474035	-4.0674694e-17	-2.828597e-17	1.2634377e-17	-1.824195e-17	0	-6.7811493e-18
1.5600000000042347e-09	1.6704487e-08	4.4081283e-08	-0.00012682013	0.13467874	-4.0675935e-17	-2.8287397e-17	1.2635011e-17	-1.8242411e-17	0	-6.781141e-18
1.5700000000043205e-09	2.0068585e-08	4.6991914e-08	-0.00012785259	0.13461956	-4.06772e-17	-2.8288525e-17	1.2635509e-17	-1.8243052e-17	0	-6.781133e-18
1.5800000000044063e-09	1.9836577e-08	4.2815792e-08	-0.00012884322	0.1345636	-4.067849e-17	-2.828944e-17	1.26359085e-17	-1.8243834e-17	0	-6.7811245e-18
1.590000000004492e-09	2.1513353e-08	4.4503114e-08	-0.00012970359	0.13450764	-4.0679803e-17	-2.8290225e-17	1.2636244e-17	-1.8244706e-17	0	-6.7811154e-18
1.6000000000045779e-09	2.5246553e-08	4.581079e-08	-0.00013032639	0.13444969	-4.068115e-17	-2.829095e-17	1.26365495e-17	-1.824564e-17	0	-6.7811055e-18
1.6100000000046637e-09	2.5309827e-08	4.834177e-08	-0.00013052684	0.1343874	-4.0682513e-17	-2.8291675e-17	1.2636854e-17	-1.8246597e-17	0	-6.7810947e-18
1.6200000000047495e-09	2.7366251e-08	5.011346e-08	-0.00013028673	0.13431968	-4.0683906e-17	-2.8292446e-17	1.2637178e-17	-1.8247555e-17	0	-6.781084e-18
1.6300000000048352e-09	2.923285e-08	5.2306977e-08	-0.00012958767	0.13424867	-4.0685332e-17	-2.829329e-17	1.26375355e-17	-1.8248506e-17	0	-6.7810724e-18
1.640000000004921e-09	2.8621198e-08	5.3319372e-08	-0.00012841549	0.13417386	-4.0686788e-17	-2.8294222e-17	1.2637933e-17	-1.8249436e-17	0	-6.7810612e-18
1.6500000000050068e-09	3.1310368e-08	5.3825566e-08	-0.00012677726	0.13409586	-4.068827e-17	-2.829525e-17	1.2638376e-17	-1.8250347e-17	0	-6.781049e-18
1.6600000000050926e-09	3.5465398e-08	5.3656834e-08	-0.00012475197	0.13401437	-4.068979e-17	-2.829637e-17	1.26388565e-17	-1.8251239e-17	0	-6.781036e-18
1.6700000000051784e-09	3.823893e-08	5.3572467e-08	-0.00012247375	0.1339287	-4.0691344e-17	-2.8297574e-17	1.2639378e-17	-1.8252124e-17	0	-6.7810223e-18
1.6800000000052642e-09	3.955715e-08	5.7368943e-08	-0.00011987106	0.13383965	-4.0692932e-17	-2.8298858e-17	1.26399335e-17	-1.8253001e-17	0	-6.781008e-18
1.69000000000535e-09	3.7363634e-08	5.3235006e-08	-0.00011722129	0.13374656	-4.0694563e-17	-2.8300208e-17	1.2640518e-17	-1.8253881e-17	0	-6.7809926e-18
1.7000000000054357e-09	3.7912013e-08	5.8381335e-08	-0.00011455768	0.13364984	-4.0696227e-17	-2.830162e-17	1.2641134e-17	-1.8254764e-17	0	-6.780976e-18
1.7100000000055215e-09	4.351181e-08	6.108105e-08	-0.00011169767	0.1335487	-4.069793e-17	-2.8303093e-17	1.2641776e-17	-1.8255654e-17	0	-6.780958e-18
1.7200000000056073e-09	4.6717723e-08	5.8212603e-08	-0.00010881471	0.13344279	-4.0699678e-17	-2.8304622e-17	1.26424415e-17	-1.8256558e-17	0	-6.7809392e-18
1.730000000005693e-09	4.5019856e-08	6.006866e-08	-0.000105995874	0.13333037	-4.0701462e-17	-2.83062e-17	1.26431306e-17	-1.8257474e-17	0	-6.780919e-18
1.7400000000057789e-09	4.6037524e-08	5.8803167e-08	-0.000103240476	0.13321483	-4.070329e-17	-2.8307828e-17	1.2643842e-17	-1.8258406e-17	0	-6.780898e-18
1.7500000000058647e-09	4.9670536e-08	6.040612e-08	-0.00010043058	0.1330957	-4.0705158e-17	-2.8309505e-17	1.2644574e-17	-1.8259354e-17	0	-6.780875e-18
1.7600000000059504e-09	4.954926e-08	6.2346544e-08	-9.76713e-05	0.1329723	-4.0707073e-17	-2.8311226e-17	1.2645327e-17	-1.8260325e-17	0	-6.7808524e-18
1.7700000000060362e-09	5.3878296e-08	6.411823e-08	-9.497226e-05	0.13284495	-4.0709032e-17	-2.8312986e-17	1.2646098e-17	-1.8261319e-17	0	-6.7808275e-18
1.780000000006122e-09	5.333519e-08	6.496189e-08	-9.222631e-05	0.13271731	-4.0711034e-17	-2.8314776e-17	1.26468835e-17	-1.8262338e-17	0	-6.7808015e-18
1.7900000000062078e-09	5.232807e-08	6.529935e-08	-8.969837e-05	0.13258861	-4.0713085e-17	-2.831661e-17	1.2647682e-17	-1.8263384e-17	0	-6.780776e-18
1.8000000000062936e-09	5.3319372e-08	6.707104e-08	-8.715692e-05	0.13245428	-4.0715176e-17	-2.8318452e-17	1.2648491e-17	-1.8264466e-17	0	-6.7807494e-18
1.8100000000063794e-09	5.4753595e-08	7.179555e-08	-8.4760926e-05	0.13231473	-4.0717317e-17	-2.832032e-17	1.2649308e-17	-1.8265584e-17	0	-6.7807225e-18
1.8200000000064652e-09	5.5702714e-08	7.137371e-08	-8.241032e-05	0.132171	-4.07195e-17	-2.83222e-17	1.2650132e-17	-1.8266735e-17	0	-6.7806944e-18
1.830000000006551e-09	5.829697e-08	7.39047e-08	-8.021292e-05	0.13202545	-4.0721728e-17	-2.832408e-17	1.2650954e-17	-1.8267933e-17	0	-6.7806662e-18
1.8400000000066367e-09	5.9984295e-08	6.766161e-08	-7.8183744e-05	0.13187699	-4.0723997e-17	-2.8325963e-17	1.2651776e-17	-1.8269174e-17	0	-6.7806385e-18
1.8500000000067225e-09	5.670456e-08	7.500146e-08	-7.62607e-05	0.13172518	-4.0726307e-17	-2.832783e-17	1.2652591e-17	-1.827046e-17	0	-6.7806104e-18
1.8600000000068083e-09	5.6944476e-08	7.39047e-08	-7.4511794e-05	0.1315714	-4.0728663e-17	-2.832968e-17	1.2653399e-17	-1.82718e-17	0	-6.780583e-18
1.870000000006742e-09	5.6440918e-08	7.137371e-08	-7.29544e-05	0.13141425	-4.0731055e-17	-2.83315e-17	1.26541925e-17	-1.8273192e-17	0	-6.7805546e-18
1.880000000006621e-09	5.3509194e-08	7.086752e-08	-7.162749e-05	0.13125655	-4.073348e-17	-2.8333282e-17	1.265497e-17	-1.827464e-17	0	-6.780528e-18
1.8900000000065e-09	5.5033055e-08	7.196428e-08	-7.0531234e-05	0.13110016	-4.0735935e-17	-2.833502e-17	1.26557285e-17	-1.8276144e-17	0	-6.7805004e-18
1.900000000006379e-09	5.4279035e-08	6.934893e-08	-6.9538924e-05	0.13094428	-4.073843e-17	-2.8336706e-17	1.265646e-17	-1.827771e-17	0	-6.7804756e-18
1.910000000006258e-09	5.3630473e-08	7.196428e-08	-6.875651e-05	0.13078801	-4.0740958e-17	-2.8338338e-17	1.2657166e-17	-1.8279337e-17	0	-6.7804508e-18
1.920000000006137e-09	5.0983484e-08	6.9855126e-08	-6.82245e-05	0.1306304	-4.0743502e-17	-2.8339893e-17	1.265784e-17	-1.8281024e-17	0	-6.7804264e-18
1.930000000006016e-09	4.5444324e-08	7.2301745e-08	-6.791909e-05	0.1304724	-4.0746077e-17	-2.8341375e-17	1.2658478e-17	-1.8282776e-17	0	-6.7804036e-18
1.940000000005895e-09	4.261806e-08	6.44557e-08	-6.7749344e-05	0.13031463	-4.074867e-17	-2.8342768e-17	1.2659077e-17	-1.8284597e-17	0	-6.780382e-18
1.950000000005774e-09	3.9659973e-08	5.9984295e-08	-6.769417e-05	0.13015987	-4.075128e-17	-2.834407e-17	1.2659633e-17	-1.8286483e-17	0	-6.7803623e-18
1.960000000005653e-09	3.5460122e-08	6.0574855e-08	-6.778478e-05	0.13000992	-4.0753905e-17	-2.8345276e-17	1.2660148e-17	-1.8288434e-17	0	-6.7803432e-18
1.9700000000055318e-09	3.0880628e-08	5.3319372e-08	-6.795014e-05	0.12986192	-4.075654e-17	-2.8346374e-17	1.2660613e-17	-1.829045e-17	0	-6.780327e-18
1.9800000000054108e-09	2.6216764e-08	5.3656834e-08	-6.8154644e-05	0.1297175	-4.0759186e-17	-2.8347364e-17	1.2661029e-17	-1.8292537e-17	0	-6.780311e-18
1.9900000000052898e-09	1.8689725e-08	5.247571e-08	-6.8319154e-05	0.12957942	-4.0761836e-17	-2.8348244e-17	1.2661395e-17	-1.8294689e-17	0	-6.780296e-18
2.0000000000051688e-09	1.5831825e-08	4.4376566e-08	-6.844739e-05	0.12945175	-4.0764486e-17	-2.8349e-17	1.2661706e-17	-1.8296906e-17	0	-6.780284e-18
2.0100000000050478e-09	7.2923942e-09	4.3406356e-08	-6.837467e-05	0.12933128	-4.076714e-17	-2.8349643e-17	1.2661963e-17	-1.8299187e-17	0	-6.7802725e-18
2.0200000000049267e-09	4.0864827e-09	3.724763e-08	-6.810925e-05	0.1292159	-4.076979e-17	-2.835016e-17	1.2662165e-17	-1.8301535e-17	0	-6.7802626e-18
2.0300000000048057e-09	-4.0258445e-09	3.1806017e-08	-6.7580106e-05	0.12910448	-4.0772437e-17	-2.8350553e-17	1.2662312e-17	-1.830394e-17	0	-6.7802543e-18
2.0400000000046847e-09	-1.0746131e-08	2.6533137e-08	-6.6828405e-05	0.12900203	-4.077508e-17	-2.8350828e-17	1.2662401e-17	-1.8306409e-17	0	-6.7802465e-18
2.0500000000045637e-09	-1.7442689e-08	2.117589e-08	-6.56434e-05	0.12890677	-4.0777718e-17	-2.835097e-17	1.26624345e-17	-1.830894e-17	0	-6.78024e-18
2.0600000000044427e-09	-2.4410802e-08	1.4046955e-08	-6.3980544e-05	0.12881881	-4.0780342e-17	-2.8350993e-17	1.2662411e-17	-1.831153e-17	0	-6.7802336e-18
2.0700000000043217e-09	-3.2370217e-08	1.2233084e-08	-6.1911385e-05	0.1287338	-4.0782956e-17	-2.8350884e-17	1.2662331e-17	-1.8314174e-17	0	-6.7802283e-18
2.0800000000042007e-09	-3.8231022e-08	2.699715e-09	-5.934682e-05	0.12865637	-4.0785566e-17	-2.8350656e-17	1.2662194e-17	-1.8316882e-17	0	-6.7802233e-18
2.0900000000040797e-09	-4.5515506e-08	-2.573166e-09	-5.622359e-05	0.12859075	-4.0788167e-17	-2.83503e-17	1.2662002e-17	-1.8319647e-17	0	-6.7802187e-18
2.1000000000039587e-09	-5.0005365e-08	-5.610345e-09	-5.2472165e-05	0.12853603	-4.0790754e-17	-2.834982e-17	1.2661749e-17	-1.8322469e-17	0	-6.7802146e-18
2.1100000000038377e-09	-5.5966357e-08	-1.4721883e-08	-4.812006e-05	0.12848666	-4.079333e-17	-2.834921e-17	1.2661443e-17	-1.8325351e-17	0	-6.7802113e-18
2.1200000000037166e-09	-6.531781e-08	-1.9910399e-08	-4.312491e-05	0.12844533	-4.0795893e-17	-2.8348472e-17	1.2661077e-17	-1.8328289e-17	0	-6.7802076e-18
2.1300000000035956e-09	-6.634075e-08	-2.159772e-08	-3.761901e-05	0.12841576	-4.079845e-17	-2.8347615e-17	1.2660653e-17	-1.8331285e-17	0	-6.780204e-18
2.1400000000034746e-09	-7.4447804e-08	-3.3619887e-08	-3.1528114e-05	0.12839442	-4.0800998e-17	-2.8346623e-17	1.26601705e-17	-1.8334346e-17	0	-6.780201e-18
2.1500000000033536e-09	-8.60455e-08	-3.7310905e-08	-2.4780345e-05	0.12838088	-4.0803536e-17	-2.83455e-17	1.2659629e-17	-1.8337464e-17	0	-6.7801993e-18
2.1600000000032326e-09	-8.7073715e-08	-4.4650754e-08	-1.7449102e-05	0.12837927	-4.080606e-17	-2.8344247e-17	1.2659027e-17	-1.8340642e-17	0	-6.780197e-18
2.1700000000031116e-09	-9.9116974e-08	-5.1800782e-08	-9.675104e-06	0.12838845	-4.0808578e-17	-2.8342857e-17	1.2658361e-17	-1.8343886e-17	0	-6.7801964e-18
2.1800000000029906e-09	-1.0121558e-07	-5.6546373e-08	-1.414482e-06	0.12840521	-4.081109e-17	-2.834133e-17	1.2657632e-17	-1.8347197e-17	0	-6.780196e-18
2.1900000000028696e-09	-1.1223063e-07	-6.513062e-08	7.2553153e-06	0.12842338	-4.081359e-17	-2.8339664e-17	1.26568394e-17	-1.835057e-17	0	-6.7801964e-18
2.2000000000027486e-09	-1.1866354e-07	-7.0276954e-08	1.6163025e-05	0.12844416	-4.081608e-17	-2.8337855e-17	1.2655978e-17	-1.8354006e-17	0	-6.780199e-18
2.2100000000026276e-09	-1.2271049e-07	-8.1497646e-08	2.543722e-05	0.1284724	-4.0818554e-17	-2.8335896e-17	1.2655053e-17	-1.8357508e-17	0	-6.7802018e-18
2.2200000000025065e-09	-1.2938068e-07	-8.731891e-08	3.4842353e-05	0.12850325	-4.082102e-17	-2.833379e-17	1.2654055e-17	-1.8361075e-17	0	-6.780207e-18
2.2300000000023855e-09	-1.3650434e-07	-9.609298e-08	4.43877e-05	0.12853773	-4.0823468e-17	-2.8331538e-17	1.2652988e-17	-1.8364705e-17	0	-6.780214e-18
2.2400000000022645e-09	-1.3797548e-07	-1.0267353e-07	5.3869102e-05	0.1285752	-4.08259e-17	-2.8329133e-17	1.26518515e-17	-1.8368397e-17	0	-6.780223e-18
2.2500000000021435e-09	-1.4505959e-07	-1.0706057e-07	6.327103e-05	0.12861659	-4.082832e-17	-2.8326575e-17	1.2650642e-17	-1.8372151e-17	0	-6.7802357e-18
2.2600000000020225e-09	-1.4861878e-07	-1.17775066e-07	7.250996e-05	0.12866458	-4.0830717e-17	-2.8323865e-17	1.2649362e-17	-1.8375963e-17	0	-6.78025e-18
2.2700000000019015e-09	-1.5574771e-07	-1.2275267e-07	8.13873e-05	0.12871698	-4.0833093e-17	-2.8321007e-17	1.2648006e-17	-1.8379827e-17	0	-6.780268e-18
2.2800000000017805e-09	-1.6315347e-07	-1.3549194e-07	8.979944e-05	0.1287746	-4.0835442e-17	-2.8317996e-17	1.26465816e-17	-1.8383742e-17	0	-6.780289e-18
2.2900000000016595e-09	-1.6585582e-07	-1.4443475e-07	9.767805e-05	0.1288317	-4.0837765e-17	-2.8314836e-17	1.2645083e-17	-1.8387702e-17	0	-6.7803135e-18
2.3000000000015385e-09	-1.7014531e-07	-1.5059348e-07	0.00010497825	0.12889025	-4.0840054e-17	-2.831153e-17	1.2643519e-17	-1.83917e-17	0	-6.780341e-18
2.3100000000014175e-09	-1.7194074e-07	-1.5422121e-07	0.00011158698	0.12894742	-4.08423e-17	-2.830809e-17	1.2641888e-17	-1.8395728e-17	0	-6.7803718e-18
2.3200000000012965e-09	-1.778279e-07	-1.5903008e-07	0.000117371965	0.1290023	-4.0844514e-17	-2.8304516e-17	1.26401924e-17	-1.8399786e-17	0	-6.7804057e-18
2.3300000000011754e-09	-1.7864521e-07	-1.672136e-07	0.00012226132	0.12905659	-4.0846685e-17	-2.830082e-17	1.26384355e-17	-1.8403859e-17	0	-6.7804425e-18
2.3400000000010544e-09	-1.8050389e-07	-1.7311922e-07	0.00012619665	0.12911256	-4.0848806e-17	-2.8297002e-17	1.2636623e-17	-1.8407947e-17	0	-6.7804814e-18
2.3500000000009334e-09	-1.8633834e-07	-1.7969978e-07	0.00012921832	0.12916577	-4.085088e-17	-2.8293078e-17	1.2634756e-17	-1.8412035e-17	0	-6.780524e-18
2.3600000000008124e-09	-1.8626979e-07	-1.8712399e-07	0.0001312588	0.12921551	-4.0852902e-17	-2.8289057e-17	1.2632843e-17	-1.8416118e-17	0	-6.780567e-18
2.3700000000006914e-09	-1.8974461e-07	-1.9151103e-07	0.00013236601	0.12926573	-4.085487e-17	-2.828495e-17	1.2630885e-17	-1.842019e-17	0	-6.780612e-18
2.3800000000005704e-09	-1.9199614e-07	-1.9505441e-07	0.00013251332	0.12931739	-4.085678e-17	-2.828077e-17	1.2628891e-17	-1.8424244e-17	0	-6.780657e-18
2.3900000000004494e-09	-1.905619e-07	-1.9640426e-07	0.00013168805	0.12936781	-4.0858633e-17	-2.8276524e-17	1.26268666e-17	-1.8428272e-17	0	-6.7807026e-18
2.4000000000003284e-09	-1.8976571e-07	-2.0349101e-07	0.00013000797	0.12941435	-4.086043e-17	-2.827223e-17	1.2624815e-17	-1.8432264e-17	0	-6.7807494e-18
2.4100000000002074e-09	-1.8816803e-07	-2.0526271e-07	0.00012745337	0.12945986	-4.086216e-17	-2.8267888e-17	1.2622744e-17	-1.8436221e-17	0	-6.7807945e-18
2.4200000000000864e-09	-1.8972352e-07	-2.0703439e-07	0.00012428746	0.12950535	-4.086384e-17	-2.8263527e-17	1.2620658e-17	-1.8440132e-17	0	-6.7808387e-18
2.4300099999999652e-09	-1.8396027e-07	-2.0939665e-07	0.00012044306	0.12955143	-4.0865455e-17	-2.825914e-17	1.26185625e-17	-1.8443994e-17	0	-6.780883e-18
2.4400099999998442e-09	-1.8654397e-07	-2.0973411e-07	0.00011603105	0.1295948	-4.0867017e-17	-2.8254756e-17	1.2616463e-17	-1.8447799e-17	0	-6.780924e-18
2.450009999999723e-09	-1.8159801e-07	-2.0568453e-07	0.0001111989	0.12963556	-4.086852e-17	-2.8250375e-17	1.26143695e-17	-1.8451546e-17	0	-6.780965e-18
2.460009999999602e-09	-1.7942558e-07	-2.0669692e-07	0.00010600768	0.129675	-4.086996e-17	-2.824601e-17	1.26122825e-17	-1.8455227e-17	0	-6.7810037e-18
2.470009999999481e-09	-1.7571348e-07	-2.0247862e-07	0.00010053351	0.12971321	-4.087135e-17	-2.8241673e-17	1.26102055e-17	-1.8458841e-17	0	-6.7810418e-18
2.48000999999936e-09	-1.7076752e-07	-2.0349101e-07	9.48771e-05	0.1297505	-4.087268e-17	-2.823737e-17	1.2608146e-17	-1.8462382e-17	0	-6.781077e-18
2.490009999999239e-09	-1.6658085e-07	-2.0045384e-07	8.9138346e-05	0.1297861	-4.087397e-17	-2.823311e-17	1.2606107e-17	-1.8465854e-17	0	-6.781111e-18
2.500009999999118e-09	-1.6350148e-07	-1.9876651e-07	8.332704e-05	0.12981856	-4.0875196e-17	-2.8228895e-17	1.260409e-17	-1.8469249e-17	0	-6.781143e-18
2.510009999998997e-09	-1.6004248e-07	-1.9741665e-07	7.740184e-05	0.12984976	-4.087638e-17	-2.8224743e-17	1.26021e-17	-1.8472564e-17	0	-6.781174e-18
2.520009999998876e-09	-1.5622491e-07	-1.9539188e-07	7.148609e-05	0.12987867	-4.0877512e-17	-2.822064e-17	1.26001395e-17	-1.8475807e-17	0	-6.7812035e-18
2.530009999998755e-09	-1.5055129e-07	-1.9151103e-07	6.555853e-05	0.12990412	-4.0878594e-17	-2.821661e-17	1.2598211e-17	-1.8478965e-17	0	-6.781232e-18
2.540009999998634e-09	-1.5040365e-07	-1.8526794e-07	5.9753467e-05	0.1299283	-4.0879636e-17	-2.821265e-17	1.2596316e-17	-1.848204e-17	0	-6.7812593e-18
2.550009999998513e-09	-1.4787267e-07	-1.8509921e-07	5.4026357e-05	0.12995295	-4.0880632e-17	-2.820876e-17	1.2594457e-17	-1.8485042e-17	0	-6.781285e-18
2.560009999998392e-09	-1.460588e-07	-1.8374935e-07	4.8362694e-05	0.12997542	-4.088159e-17	-2.8204953e-17	1.2592632e-17	-1.848796e-17	0	-6.7813077e-18
2.570009999998271e-09	-1.3587159e-07	-1.7851865e-07	4.2733787e-05	0.12999605	-4.0882502e-17	-2.8201218e-17	1.2590846e-17	-1.84908e-17	0	-6.7813313e-18
2.58000999999815e-09	-1.3498575e-07	-1.761564e-07	3.713728e-05	0.13001543	-4.088338e-17	-2.819756e-17	1.2589096e-17	-1.8493562e-17	0	-6.781353e-18
2.590009999998029e-09	-1.2279484e-07	-1.68226e-07	3.16113e-05	0.13003354	-4.0884222e-17	-2.8193988e-17	1.2587386e-17	-1.8496243e-17	0	-6.7813735e-18
2.600009999997908e-09	-1.2009514e-07	-1.6788853e-07	2.6053936e-05	0.13004984	-4.088502e-17	-2.819049e-17	1.2585714e-17	-1.849885e-17	0	-6.7813938e-18
2.610009999997787e-09	-1.1638303e-07	-1.6113924e-07	2.062076e-05	0.13006414	-4.0885787e-17	-2.818708e-17	1.2584081e-17	-1.8501378e-17	0	-6.781411e-18
2.620009999997666e-09	-1.12481096e-07	-1.5793333e-07	1.5205807e-05	0.13007613	-4.0886522e-17	-2.8183747e-17	1.2582488e-17	-1.8503832e-17	0	-6.7814293e-18
2.630009999997545e-09	-1.09275184e-07	-1.5447432e-07	9.834387e-06	0.13008687	-4.0887233e-17	-2.81805e-17	1.2580931e-17	-1.8506214e-17	0	-6.7814467e-18
2.640009999997424e-09	-1.03812475e-07	-1.510153e-07	4.487939e-06	0.13009758	-4.0887905e-17	-2.817733e-17	1.2579414e-17	-1.8508525e-17	0	-6.781462e-18
2.650009999997303e-09	-1.0090185e-07	-1.4401292e-07	-8.0856466e-07	0.13010764	-4.0888544e-17	-2.8174235e-17	1.2577935e-17	-1.8510767e-17	0	-6.781477e-18
2.660009999997182e-09	-9.632499e-08	-1.4308489e-07	-6.0618727e-06	0.13011654	-4.0889162e-17	-2.8171217e-17	1.257649e-17	-1.8512942e-17	0	-6.7814914e-18
2.670009999997061e-09	-9.495404e-08	-1.3903532e-07	-1.13769365e-05	0.13012333	-4.0889758e-17	-2.8168286e-17	1.2575084e-17	-1.851505e-17	0	-6.7815046e-18
2.68000999999694e-09	-9.0187356e-08	-1.3296096e-07	-1.6667704e-05	0.13012865	-4.0890317e-17	-2.816542e-17	1.2573714e-17	-1.8517095e-17	0	-6.781517e-18
2.690009999996819e-09	-8.107582e-08	-1.3110491e-07	-2.1872078e-05	0.13013308	-4.0890866e-17	-2.8162635e-17	1.2572379e-17	-1.8519082e-17	0	-6.781529e-18
2.700009999996698e-09	-7.930413e-08	-1.2545237e-07	-2.699715e-05	0.13013665	-4.089138e-17	-2.8159918e-17	1.2571077e-17	-1.8521e-17	0	-6.78154e-18
2.710009999996577e-09	-7.6245854e-08	-1.2536802e-07	-3.2040556e-05	0.13014002	-4.0891882e-17	-2.8157274e-17	1.2569811e-17	-1.8522864e-17	0	-6.781551e-18
2.720009999996456e-09	-7.61404e-08	-1.216559e-07	-3.7034017e-05	0.13014273	-4.0892352e-17	-2.8154697e-17	1.25685784e-17	-1.8524672e-17	0	-6.781561e-18
2.730009999996335e-09	-7.177445e-08	-1.1735324e-07	-4.2063417e-05	0.13014437	-4.0892812e-17	-2.8152192e-17	1.25673766e-17	-1.8526425e-17	0	-6.7815704e-18
2.740009999996214e-09	-6.532045e-08	-1.10182114e-07	-4.690704e-05	0.13014518	-4.089325e-17	-2.814975e-17	1.2566205e-17	-1.8528124e-17	0	-6.7815786e-18
2.750009999996093e-09	-5.977338e-08	-1.0630128e-07	-5.162378e-05	0.13014495	-4.089367e-17	-2.814737e-17	1.2565068e-17	-1.8529774e-17	0	-6.781587e-18
2.760009999995972e-09	-5.7832956e-08	-1.02336074e-07	-5.6391476e-05	0.13014443	-4.0894066e-17	-2.8145055e-17	1.2563958e-17	-1.8531375e-17	0	-6.781595e-18
2.770009999995851e-09	-4.889015e-08	-1.0208297e-07	-6.105642e-05	0.13014275	-4.0894453e-17	-2.8142805e-17	1.2562878e-17	-1.8532924e-17	0	-6.7816026e-18
2.78000999999573e-09	-5.369902e-08	-9.786467e-08	-6.554976e-05	0.13014011	-4.089482e-17	-2.8140608e-17	1.2561827e-17	-1.8534426e-17	0	-6.78161e-18
2.790009999995609e-09	-5.188515e-08	-1.0005819e-07	-6.996598e-05	0.13013618	-4.0895174e-17	-2.8138474e-17	1.2560804e-17	-1.8535887e-17	0	-6.7816163e-18
2.800009999995488e-09	-4.6738815e-08	-9.575552e-08	-7.4328214e-05	0.13013124	-4.0895515e-17	-2.8136396e-17	1.2559809e-17	-1.8537303e-17	0	-6.7816225e-18
2.810009999995367e-09	-4.2562693e-08	-9.0187356e-08	-7.863983e-05	0.1301265	-4.0895843e-17	-2.8134378e-17	1.2558838e-17	-1.8538674e-17	0	-6.7816283e-18
2.820009999995246e-09	-3.7627277e-08	-8.875313e-08	-8.2826075e-05	0.1301213	-4.0896154e-17	-2.813241e-17	1.2557895e-17	-1.8540008e-17	0	-6.781634e-18
2.830009999995125e-09	-3.9546606e-08	-8.765637e-08	-8.6913446e-05	0.13011575	-4.0896455e-17	-2.8130497e-17	1.2556977e-17	-1.8541295e-17	0	-6.781639e-18
2.840009999995004e-09	-3.30926e-08	-8.3859895e-08	-9.073894e-05	0.13010952	-4.0896743e-17	-2.8128634e-17	1.2556083e-17	-1.8542549e-17	0	-6.781644e-18
2.850009999994883e-09	-3.2291123e-08	-8.2678774e-08	-9.460527e-05	0.1301025	-4.0897024e-17	-2.812682e-17	1.2555214e-17	-1.8543765e-17	0	-6.781649e-18
2.860009999994762e-09	-2.796736e-08	-7.879793e-08	-9.837238e-05	0.13009444	-4.0897282e-17	-2.8125057e-17	1.2554369e-17	-1.8544941e-17	0	-6.7816527e-18
2.870009999994641e-09	-2.5794932e-08	-7.550765e-08	-0.00010211841	0.13008563	-4.0897543e-17	-2.8123343e-17	1.2553546e-17	-1.8546087e-17	0	-6.7816572e-18
2.8800099999945198e-09	-2.242029e-08	-7.196428e-08	-0.00010574244	0.13007654	-4.0897785e-17	-2.8121673e-17	1.2552746e-17	-1.8547198e-17	0	-6.7816605e-18
2.8900099999943988e-09	-2.4845814e-08	-7.204864e-08	-0.00010913463	0.13006762	-4.0898026e-17	-2.8120055e-17	1.2551967e-17	-1.8548278e-17	0	-6.7816642e-18
2.9000099999942778e-09	-2.0290045e-08	-7.0361324e-08	-0.00011248413	0.13005874	-4.0898255e-17	-2.8118473e-17	1.2551208e-17	-1.8549322e-17	0	-6.7816684e-18
2.9100099999941568e-09	-2.2673387e-08	-6.799907e-08	-0.00011579044	0.13004968	-4.0898473e-17	-2.8116938e-17	1.2550471e-17	-1.8550338e-17	0	-6.7816704e-18
2.9200099999940357e-09	-1.868709e-08	-6.749288e-08	-0.00011909421	0.13003983	-4.0898688e-17	-2.8115442e-17	1.25497535e-17	-1.8551322e-17	0	-6.7816746e-18
2.9300099999939147e-09	-1.6493571e-08	-6.39495e-08	-0.00012223027	0.1300298	-4.0898887e-17	-2.811399e-17	1.2549056e-17	-1.8552276e-17	0	-6.7816775e-18
2.9400099999937937e-09	-1.4068046e-08	-6.335894e-08	-0.00012528263	0.13001971	-4.0899085e-17	-2.8112577e-17	1.2548376e-17	-1.8553206e-17	0	-6.7816795e-18
2.9500099999936727e-09	-1.5017164e-08	-6.192471e-08	-0.0001282697	0.13000958	-4.0899274e-17	-2.8111204e-17	1.2547717e-17	-1.8554106e-17	0	-6.7816816e-18
2.9600099999935517e-09	-1.273928e-08	-6.1249786e-08	-0.00013107386	0.12999943	-4.0899456e-17	-2.810987e-17	1.2547076e-17	-1.8554978e-17	0	-6.781685e-18
2.9700099999934307e-09	-1.1558154e-08	-5.7537676e-08	-0.0001338306	0.1299899	-4.089963e-17	-2.810857e-17	1.2546451e-17	-1.8555828e-17	0	-6.781687e-18
2.9800099999933097e-09	-8.731891e-09	-5.9478097e-08	-0.0001366459	0.1299807	-4.0899803e-17	-2.8107306e-17	1.2545844e-17	-1.8556652e-17	0	-6.7816882e-18
2.9900099999931887e-09	-8.9006225e-09	-5.8381335e-08	-0.00013934393	0.12997137	-4.089997e-17	-2.810608e-17	1.2545254e-17	-1.8557453e-17	0	-6.7816903e-18
3.0000099999930677e-09	-1.0292664e-08	-5.4331764e-08	-0.00014189129	0.12996148	-4.0900127e-17	-2.8104887e-17	1.2544679e-17	-1.8558229e-17	0	-6.7816924e-18
