# t (s)	mx ()	my ()	mz ()	spinAngle (rad)	E_total (J)	E_anis (J)	E_demag (J)	E_exch (J)	E_therm (J)	E_custom (J)
0	0	0	0	0.016871518	-5.4184975e-18	-4.5216005e-17	4.0563908e-17	6.0160006e-18	0	-6.7824004e-18
1.0000000000000124e-11	-6.749287e-10	-4.2183045e-11	0.0020880671	0.02683469	-1.21259615e-17	-4.184962e-17	3.7815716e-17	-1.453951e-18	0	-6.638106e-18
2.0009999999999403e-11	1.8560541e-09	-8.436609e-10	0.005825112	0.029005641	-1.2952637e-17	-3.9466554e-17	3.5764348e-17	-2.6281366e-18	0	-6.622306e-18
3.000999999999824e-11	5.9056267e-09	-1.6873218e-09	0.010079238	0.031515904	-1.3359185e-17	-3.7315137e-17	3.3895056e-17	-3.3532208e-18	0	-6.5858784e-18
4.000000000000001e-11	1.0461395e-08	-3.0371794e-09	0.01478718	0.03433357	-1.3677392e-17	-3.507289e-17	3.1918187e-17	-3.9559814e-18	0	-6.566705e-18
5.0000000000001785e-11	1.7379415e-08	-5.9056267e-09	0.019676138	0.037320245	-1.3975268e-17	-3.2768475e-17	2.984492e-17	-4.5022295e-18	0	-6.5494833e-18
6.00000000000024e-11	2.3622507e-08	-6.7492874e-09	0.024184862	0.041989125	-1.4279204e-17	-3.060927e-17	2.7846208e-17	-4.9863763e-18	0	-6.529764e-18
7.000999999999771e-11	2.8895387e-08	-7.8460465e-09	0.027731594	0.047051355	-1.4624866e-17	-2.8718533e-17	2.6032153e-17	-5.4458205e-18	0	-6.4926655e-18
8.000999999999302e-11	3.1088906e-08	-8.352243e-09	0.029310308	0.052250184	-1.5035449e-17	-2.764347e-17	2.491955e-17	-5.856765e-18	0	-6.4547645e-18
9.000999999998834e-11	2.6828417e-08	-7.0867516e-09	0.028144574	0.05745242	-1.549759e-17	-2.746477e-17	2.4633813e-17	-6.231758e-18	0	-6.434875e-18
1.0000999999998365e-10	2.1260256e-08	-4.218305e-09	0.024453608	0.061734755	-1.5971756e-17	-2.749087e-17	2.459536e-17	-6.6363716e-18	0	-6.4398745e-18
1.1000999999997896e-10	1.4173503e-08	-4.2183046e-10	0.018986456	0.0648358	-1.6423077e-17	-2.7354042e-17	2.4462091e-17	-7.063924e-18	0	-6.4672033e-18
1.2000999999997891e-10	8.099145e-09	4.555769e-09	0.012393417	0.06713442	-1.682454e-17	-2.7152212e-17	2.4299152e-17	-7.457722e-18	0	-6.5137524e-18
1.3000999999998715e-10	1.3498574e-09	8.963897e-09	0.005316139	0.069025554	-1.715561e-17	-2.706521e-17	2.4253788e-17	-7.772424e-18	0	-6.571763e-18
1.400099999999954e-10	-6.074359e-09	1.564991e-08	-0.0014034593	0.07068835	-1.7405516e-17	-2.7199939e-17	2.4412573e-17	-7.9865934e-18	0	-6.6315587e-18
1.5000000000000362e-10	-1.5185897e-08	2.1766452e-08	-0.0068472484	0.07208382	-1.7574448e-17	-2.750476e-17	2.4722903e-17	-8.107473e-18	0	-6.6851153e-18
1.6000000000001186e-10	-2.2610113e-08	2.7587712e-08	-0.010342202	0.073153056	-1.76744e-17	-2.7835137e-17	2.505051e-17	-8.1629475e-18	0	-6.7268213e-18
1.700000000000201e-10	-2.9696865e-08	3.349334e-08	-0.011623545	0.07388609	-1.772482e-17	-2.8081366e-17	2.5294076e-17	-8.1832655e-18	0	-6.754265e-18
1.8000000000002833e-10	-3.6108688e-08	3.847094e-08	-0.010928685	0.07429299	-1.7746803e-17	-2.820537e-17	2.5419176e-17	-8.191867e-18	0	-6.7687404e-18
1.9000000000003657e-10	-4.0116078e-08	3.8892768e-08	-0.008898191	0.0743801	-1.775707e-17	-2.8220302e-17	2.543876e-17	-8.201885e-18	0	-6.7736427e-18
2.000000000000448e-10	-4.1729578e-08	4.184558e-08	-0.0063221455	0.074188665	-1.7765686e-17	-2.816457e-17	2.5388315e-17	-8.216534e-18	0	-6.7728916e-18
2.1000000000005304e-10	-4.169794e-08	4.1170654e-08	-0.0038715221	0.073776	-1.777671e-17	-2.8076594e-17	2.5303278e-17	-8.233406e-18	0	-6.7699902e-18
2.2000000000006128e-10	-3.9778612e-08	3.93146e-08	-0.0019496528	0.07321195	-1.7790298e-17	-2.7979646e-17	2.5206165e-17	-8.249365e-18	0	-6.767451e-18
2.3000000000006952e-10	-3.8850587e-08	3.8133475e-08	-0.0006950602	0.07259234	-1.78048e-17	-2.788415e-17	2.5108527e-17	-8.262687e-18	0	-6.766488e-18
2.4000000000005925e-10	-3.6762525e-08	3.450573e-08	-7.004107e-05	0.07200387	-1.7818308e-17	-2.7798113e-17	2.5019631e-17	-8.272681e-18	0	-6.7671497e-18
2.5000000000004163e-10	-3.4801012e-08	3.349334e-08	4.939905e-05	0.07150491	-1.782946e-17	-2.7731126e-17	2.4949494e-17	-8.279001e-18	0	-6.7688272e-18
2.60000000000024e-10	-3.1563463e-08	3.087799e-08	-0.00018143974	0.0711184	-1.7837702e-17	-2.7689275e-17	2.4904145e-17	-8.281761e-18	0	-6.7708087e-18
2.700000000000064e-10	-2.8526285e-08	2.9781232e-08	-0.0005992217	0.07083962	-1.7843133e-17	-2.7669852e-17	2.4881168e-17	-8.281855e-18	0	-6.7725946e-18
2.800099999999888e-10	-2.5742205e-08	3.003433e-08	-0.0010505357	0.07064834	-1.7846284e-17	-2.7663391e-17	2.4871768e-17	-8.2807074e-18	0	-6.7739557e-18
2.9000999999997117e-10	-2.5246553e-08	2.9106301e-08	-0.0014107705	0.07052321	-1.7847848e-17	-2.7660612e-17	2.4867202e-17	-8.279589e-18	0	-6.7748445e-18
3.0000999999995355e-10	-2.2652296e-08	2.7503347e-08	-0.0016065241	0.07044768	-1.7848491e-17	-2.7657173e-17	2.4863173e-17	-8.279157e-18	0	-6.7753318e-18
3.1000999999993594e-10	-2.1344622e-08	2.3875604e-08	-0.001622116	0.07041253	-1.784874e-17	-2.765355e-17	2.4859825e-17	-8.279488e-18	0	-6.775528e-18
3.2000999999991833e-10	-2.007913e-08	2.159772e-08	-0.0014930811	0.07041252	-1.7848918e-17	-2.7652163e-17	2.4859161e-17	-8.280366e-18	0	-6.7755493e-18
3.300099999999007e-10	-1.9066738e-08	1.856054e-08	-0.0012864732	0.07044249	-1.7849168e-17	-2.7654928e-17	2.4862768e-17	-8.281513e-18	0	-6.775493e-18
3.400099999998831e-10	-1.9488567e-08	1.8391809e-08	-0.001076398	0.07049509	-1.7849519e-17	-2.7662227e-17	2.4870838e-17	-8.282703e-18	0	-6.775426e-18
3.500099999998655e-10	-1.7590331e-08	1.3667307e-08	-0.000923424	0.07056091	-1.7849937e-17	-2.7672985e-17	2.4882221e-17	-8.28379e-18	0	-6.775383e-18
3.600099999998479e-10	-1.4721883e-08	1.535463e-08	-0.0008613508	0.07063018	-1.7850369e-17	-2.7685275e-17	2.4895e-17	-8.2847184e-18	0	-6.7753744e-18
3.7000999999983027e-10	-1.18534365e-08	1.6113924e-08	-0.00089446857	0.070694916	-1.7850766e-17	-2.7697183e-17	2.4907302e-17	-8.2854885e-18	0	-6.775396e-18
3.8000999999981266e-10	-1.42578696e-08	1.3920405e-08	-0.0010060114	0.070749745	-1.785109e-17	-2.7707318e-17	2.4917782e-17	-8.286121e-18	0	-6.7754327e-18
3.9000999999979505e-10	-1.4764066e-08	1.122069e-08	-0.0011659157	0.07079172	-1.7851335e-17	-2.7715034e-17	2.4925807e-17	-8.286638e-18	0	-6.7754707e-18
4.0000999999977743e-10	-1.480625e-08	1.2148718e-08	-0.0013402634	0.070820145	-1.7851504e-17	-2.7720315e-17	2.4931353e-17	-8.287039e-18	0	-6.7755013e-18
4.100099999997598e-10	-1.4848433e-08	1.5438996e-08	-0.0014990316	0.07083548	-1.7851613e-17	-2.7723534e-17	2.493477e-17	-8.287322e-18	0	-6.7755245e-18
4.200099999997422e-10	-1.5059348e-08	1.3836039e-08	-0.0016208292	0.07083894	-1.7851683e-17	-2.7725182e-17	2.493653e-17	-8.287488e-18	0	-6.77554e-18
4.300099999997246e-10	-1.9404201e-08	1.3414208e-08	-0.0016944734	0.07083207	-1.7851722e-17	-2.7725695e-17	2.4937062e-17	-8.2875374e-18	0	-6.7755514e-18
4.40009999999707e-10	-2.0205679e-08	1.1811253e-08	-0.0017186169	0.07081648	-1.7851755e-17	-2.7725382e-17	2.4936678e-17	-8.28749e-18	0	-6.77556e-18
4.5000999999968937e-10	-1.5544453e-08	1.4342236e-08	-0.0016998047	0.070793815	-1.7851787e-17	-2.7724447e-17	2.49356e-17	-8.2873695e-18	0	-6.77557e-18
4.6000999999967176e-10	-1.702086e-08	1.0461395e-08	-0.0016497908	0.07076571	-1.7851823e-17	-2.7723034e-17	2.4933986e-17	-8.2872e-18	0	-6.7755787e-18
4.700099999996541e-10	-1.5966283e-08	6.411823e-09	-0.0015827386	0.07073379	-1.7851865e-17	-2.7721258e-17	2.4931983e-17	-8.287005e-18	0	-6.7755857e-18
4.800099999996365e-10	-1.3814947e-08	4.387037e-09	-0.0015126196	0.07069961	-1.7851908e-17	-2.7719264e-17	2.4929753e-17	-8.286804e-18	0	-6.775591e-18
4.900099999996189e-10	-1.4173503e-08	5.9056267e-09	-0.0014506662	0.07066454	-1.7851954e-17	-2.7717194e-17	2.4927448e-17	-8.286617e-18	0	-6.7755923e-18
5.000099999996013e-10	-1.4827341e-08	5.7368945e-09	-0.0014035754	0.070629515	-1.7851997e-17	-2.7715184e-17	2.4925223e-17	-8.286443e-18	0	-6.7755915e-18
5.100099999995837e-10	-1.6430297e-08	6.6649215e-09	-0.0013738603	0.07059526	-1.785204e-17	-2.771335e-17	2.4923188e-17	-8.286293e-18	0	-6.7755857e-18
5.200099999995661e-10	-1.5460087e-08	5.568162e-09	-0.0013606752	0.07056216	-1.7852081e-17	-2.7711766e-17	2.492143e-17	-8.286166e-18	0	-6.775577e-18
5.300099999995485e-10	-1.3224385e-08	9.617735e-09	-0.0013605396	0.07053043	-1.7852121e-17	-2.7710461e-17	2.4919972e-17	-8.286064e-18	0	-6.7755667e-18
5.400099999995309e-10	-1.1410514e-08	1.0292664e-08	-0.0013687048	0.07049993	-1.7852159e-17	-2.7709449e-17	2.491883e-17	-8.285986e-18	0	-6.775555e-18
5.500099999995133e-10	-1.0377029e-08	8.099145e-09	-0.0013804786	0.070470475	-1.7852204e-17	-2.7708693e-17	2.4917962e-17	-8.28593e-18	0	-6.775543e-18
5.600099999994956e-10	-9.723192e-09	8.352243e-09	-0.0013920524	0.07044176	-1.7852243e-17	-2.7708145e-17	2.491733e-17	-8.285898e-18	0	-6.7755315e-18
5.70009999999478e-10	-5.842352e-09	5.39943e-09	-0.001400903	0.07041348	-1.785229e-17	-2.7707758e-17	2.4916879e-17	-8.285888e-18	0	-6.775521e-18
5.800099999994604e-10	-1.5607727e-09	3.0371794e-09	-0.0014059431	0.070385225	-1.7852331e-17	-2.7707483e-17	2.4916558e-17	-8.285896e-18	0	-6.775512e-18
5.900099999994428e-10	1.1811253e-09	6.074359e-09	-0.0014073713	0.0703568	-1.7852382e-17	-2.770727e-17	2.4916311e-17	-8.285925e-18	0	-6.775503e-18
6.000099999994252e-10	-9.7021e-10	4.7245012e-09	-0.001405972	0.070327975	-1.7852439e-17	-2.770707e-17	2.4916095e-17	-8.285967e-18	0	-6.7754955e-18
6.100099999994076e-10	-5.7368945e-09	4.387037e-09	-0.0014029447	0.07029835	-1.785249e-17	-2.770685e-17	2.4915868e-17	-8.286023e-18	0	-6.775488e-18
6.2000999999939e-10	-7.677315e-09	4.9775997e-09	-0.0013994323	0.070267715	-1.7852543e-17	-2.7706577e-17	2.4915597e-17	-8.286088e-18	0	-6.7754794e-18
6.300099999993724e-10	-4.787776e-09	5.9056267e-09	-0.0013966128	0.07023585	-1.7852609e-17	-2.7706246e-17	2.4915269e-17	-8.286162e-18	0	-6.7754716e-18
6.400099999993547e-10	-3.1215455e-09	6.074359e-09	-0.0013947679	0.07020291	-1.7852672e-17	-2.770581e-17	2.4914845e-17	-8.2862446e-18	0	-6.7754612e-18
6.500099999993371e-10	-3.058271e-09	7.76168e-09	-0.001394203	0.07016884	-1.7852738e-17	-2.7705291e-17	2.4914338e-17	-8.286335e-18	0	-6.7754513e-18
6.600099999993195e-10	-5.9056265e-10	9.111538e-09	-0.0013948466	0.070133515	-1.7852814e-17	-2.7704666e-17	2.4913724e-17	-8.286434e-18	0	-6.775439e-18
6.700099999993019e-10	-8.014779e-10	6.411823e-09	-0.0013961447	0.07009691	-1.7852889e-17	-2.7703933e-17	2.4913006e-17	-8.286539e-18	0	-6.7754252e-18
6.800099999992843e-10	1.4553151e-09	3.2059115e-09	-0.0013975118	0.07005929	-1.7852968e-17	-2.770309e-17	2.4912185e-17	-8.286653e-18	0	-6.7754108e-18
6.900099999992667e-10	9.069355e-10	1.94042e-09	-0.0013984523	0.070020586	-1.785305e-17	-2.7702158e-17	2.4911274e-17	-8.286776e-18	0	-6.7753946e-18
7.000099999992491e-10	-2.3200676e-10	2.1091524e-09	-0.0013987196	0.06998092	-1.7853142e-17	-2.7701117e-17	2.4910266e-17	-8.28691e-18	0	-6.775378e-18
7.100099999992315e-10	-2.741898e-09	3.7121082e-09	-0.0013980784	0.06994067	-1.7853234e-17	-2.7699999e-17	2.4909178e-17	-8.287053e-18	0	-6.7753607e-18
7.200099999992138e-10	-3.269186e-09	5.2306977e-09	-0.0013965514	0.06989972	-1.7853332e-17	-2.769878e-17	2.4908e-17	-8.28721e-18	0	-6.7753417e-18
7.300099999991962e-10	-6.3485484e-09	3.627742e-09	-0.0013943778	0.06985847	-1.7853443e-17	-2.7697471e-17	2.4906731e-17	-8.287381e-18	0	-6.775321e-18
7.400099999991786e-10	-7.571857e-09	3.2480947e-09	-0.0013916525	0.06981709	-1.7853555e-17	-2.7696073e-17	2.4905386e-17	-8.287567e-18	0	-6.7753e-18
7.50009999999161e-10	-4.9354165e-09	1.5185897e-09	-0.0013887222	0.06977551	-1.785367e-17	-2.7694588e-17	2.4903963e-17	-8.287766e-18	0	-6.7752784e-18
7.600099999991434e-10	-1.8349625e-09	1.0123932e-09	-0.0013856378	0.06973411	-1.7853795e-17	-2.769301e-17	2.4902451e-17	-8.2879825e-18	0	-6.7752557e-18
7.700099999991258e-10	-1.4764067e-09	-1.94042e-09	-0.0013827201	0.06969287	-1.7853928e-17	-2.7691325e-17	2.4900846e-17	-8.288215e-18	0	-6.775232e-18
7.800099999991082e-10	-8.436609e-10	-7.171118e-10	-0.0013800117	0.06965206	-1.785407e-17	-2.7689548e-17	2.4899152e-17	-8.288467e-18	0	-6.7752064e-18
7.900099999990906e-10	-2.530983e-10	-1.6451388e-09	-0.0013776723	0.069611795	-1.785422e-17	-2.7687654e-17	2.4897352e-17	-8.288739e-18	0	-6.7751787e-18
8.00009999999073e-10	-2.1513353e-09	-1.6451388e-09	-0.0013756222	0.06957227	-1.7854378e-17	-2.7685636e-17	2.4895438e-17	-8.2890305e-18	0	-6.77515e-18
8.100099999990553e-10	-2.8684473e-09	-3.627742e-09	-0.0013737712	0.06953356	-1.7854545e-17	-2.7683493e-17	2.4893412e-17	-8.289344e-18	0	-6.775119e-18
8.200099999990377e-10	6.327457e-10	-4.555769e-09	-0.0013720053	0.06949602	-1.7854718e-17	-2.7681205e-17	2.4891254e-17	-8.289681e-18	0	-6.7750865e-18
8.300099999990201e-10	8.436609e-11	-5.357247e-09	-0.0013701192	0.069459856	-1.7854907e-17	-2.7678775e-17	2.4888961e-17	-8.29004e-18	0	-6.775052e-18
8.400099999990025e-10	1.6029558e-09	-5.0197824e-09	-0.0013679985	0.06942542	-1.7855102e-17	-2.7676184e-17	2.4886521e-17	-8.290426e-18	0	-6.7750154e-18
8.500099999989849e-10	1.7295049e-09	-5.0197824e-09	-0.0013657521	0.069394104	-1.785531e-17	-2.7673427e-17	2.4883925e-17	-8.290838e-18	0	-6.7749765e-18
8.600099999989673e-10	1.05457615e-10	-3.5433758e-09	-0.0013631982	0.069365665	-1.7855537e-17	-2.7670484e-17	2.488116e-17	-8.29128e-18	0	-6.7749347e-18
8.700099999989497e-10	-1.6240473e-09	-4.513586e-09	-0.0013604569	0.06934027	-1.7855775e-17	-2.7667342e-17	2.487821e-17	-8.291751e-18	0	-6.7748917e-18
8.800099999989321e-10	-3.9019317e-09	-4.640135e-09	-0.0013574127	0.0693183	-1.7856029e-17	-2.7663995e-17	2.4875065e-17	-8.292255e-18	0	-6.7748445e-18
8.900099999989144e-10	-2.0036948e-09	-2.3622506e-09	-0.0013541625	0.06929989	-1.785629e-17	-2.7660427e-17	2.4871723e-17	-8.292792e-18	0	-6.774794e-18
9.000099999988968e-10	-1.94042e-09	-3.7121082e-09	-0.0013506502	0.06928556	-1.7856575e-17	-2.7656627e-17	2.486816e-17	-8.293367e-18	0	-6.774741e-18
9.100099999988792e-10	-1.370949e-09	-4.555769e-09	-0.0013470225	0.06927563	-1.785687e-17	-2.7652559e-17	2.4864353e-17	-8.293981e-18	0	-6.7746845e-18
9.200099999988616e-10	-1.370949e-09	-5.7368945e-09	-0.0013431417	0.06927147	-1.7857192e-17	-2.7648236e-17	2.4860303e-17	-8.294636e-18	0	-6.7746237e-18
9.30009999998844e-10	-5.842352e-09	-6.327457e-09	-0.0013390894	0.06927339	-1.7857524e-17	-2.7643628e-17	2.4855998e-17	-8.295336e-18	0	-6.7745596e-18
9.400099999989161e-10	-4.1761217e-09	-5.6525282e-09	-0.0013347907	0.06928231	-1.7857885e-17	-2.7638717e-17	2.4851404e-17	-8.296082e-18	0	-6.774491e-18
9.50009999999002e-10	-2.741898e-09	-3.2059115e-09	-0.0013303206	0.0692975	-1.7858265e-17	-2.763349e-17	2.484652e-17	-8.296879e-18	0	-6.7744177e-18
9.600099999990877e-10	-5.9056265e-10	-3.2902776e-09	-0.001325667	0.069320224	-1.785867e-17	-2.7627917e-17	2.4841319e-17	-8.2977324e-18	0	-6.7743396e-18
9.700099999991735e-10	6.327457e-10	-4.9775997e-09	-0.0013205627	0.06935013	-1.7859104e-17	-2.7621988e-17	2.483578e-17	-8.2986415e-18	0	-6.774257e-18
9.800099999992593e-10	-3.944115e-09	-6.6227384e-09	-0.0013151275	0.06938797	-1.7859564e-17	-2.7615675e-17	2.4829894e-17	-8.299612e-18	0	-6.7741667e-18
9.90009999999345e-10	-1.0187206e-08	-6.0321756e-09	-0.0013093434	0.06943295	-1.7860049e-17	-2.7608955e-17	2.4823627e-17	-8.30065e-18	0	-6.774071e-18
1.0000099999994308e-09	-1.2908012e-08	-7.171118e-09	-0.0013032797	0.06948581	-1.7860575e-17	-2.76018e-17	2.4816954e-17	-8.301759e-18	0	-6.7739673e-18
1.0100099999995166e-09	-1.2633823e-08	-1.1558154e-08	-0.0012968351	0.069546714	-1.7861124e-17	-2.7594181e-17	2.480986e-17	-8.3029445e-18	0	-6.7738577e-18
1.0200099999996024e-09	-1.3540758e-08	-1.2401816e-08	-0.0012899277	0.0696156	-1.786172e-17	-2.7586075e-17	2.4802311e-17	-8.304211e-18	0	-6.7737394e-18
1.0300099999996882e-09	-8.3944265e-09	-1.0123931e-08	-0.0012825512	0.06969321	-1.7862352e-17	-2.7577446e-17	2.4794274e-17	-8.305566e-18	0	-6.7736125e-18
1.040009999999774e-09	-5.6525282e-09	-1.0123931e-08	-0.0012746574	0.06978	-1.7863023e-17	-2.7568257e-17	2.4785723e-17	-8.307015e-18	0	-6.7734747e-18
1.0500099999998598e-09	-1.0229389e-08	-7.255484e-09	-0.0012662746	0.06987529	-1.7863741e-17	-2.7558483e-17	2.4776637e-17	-8.308565e-18	0	-6.7733267e-18
1.0600099999999456e-09	-1.0672311e-08	-6.7914705e-09	-0.0012573979	0.069980145	-1.7864514e-17	-2.7548086e-17	2.4766964e-17	-8.3102245e-18	0	-6.7731683e-18
1.0700000000000313e-09	-1.564991e-08	-1.0334847e-08	-0.0012480296	0.07009544	-1.7865336e-17	-2.753702e-17	2.4756679e-17	-8.311999e-18	0	-6.7729962e-18
1.080000000000117e-09	-1.7695788e-08	-8.014779e-09	-0.0012379253	0.07022005	-1.786622e-17	-2.7525232e-17	2.4745727e-17	-8.313903e-18	0	-6.772811e-18
1.0900000000002028e-09	-1.856054e-08	-9.069355e-09	-0.001227173	0.0703549	-1.7867166e-17	-2.7512687e-17	2.4734075e-17	-8.315941e-18	0	-6.77261e-18
1.1000000000002886e-09	-1.3372026e-08	-1.1979985e-08	-0.0012157046	0.07050023	-1.7868183e-17	-2.7499338e-17	2.4721676e-17	-8.318127e-18	0	-6.7723924e-18
1.1100000000003744e-09	-1.42578696e-08	-1.1832345e-08	-0.001203445	0.07065745	-1.7869272e-17	-2.7485136e-17	2.4708494e-17	-8.320471e-18	0	-6.772157e-18
1.1200000000004602e-09	-1.1979985e-08	-8.225694e-09	-0.0011903313	0.07082595	-1.7870445e-17	-2.7470021e-17	2.4694463e-17	-8.322985e-18	0	-6.7719014e-18
1.130000000000546e-09	-1.6261565e-08	-6.686013e-09	-0.0011763525	0.07100572	-1.7871709e-17	-2.7453946e-17	2.4679542e-17	-8.325683e-18	0	-6.7716243e-18
1.1400000000006318e-09	-1.4447694e-08	-2.1935185e-09	-0.001161356	0.07119787	-1.7873065e-17	-2.7436845e-17	2.466368e-17	-8.32858e-18	0	-6.7713232e-18
1.1500000000007175e-09	-1.9425293e-08	-7.1289348e-09	-0.0011452043	0.07140344	-1.787453e-17	-2.7418658e-17	2.4646814e-17	-8.33169e-18	0	-6.7709957e-18
1.1600000000008033e-09	-2.7904086e-08	-1.0419212e-08	-0.0011278288	0.07162406	-1.7876113e-17	-2.7399325e-17	2.4628886e-17	-8.3350325e-18	0	-6.770639e-18
1.1700000000008891e-09	-2.8684472e-08	-1.2127626e-08	-0.0011091329	0.07185792	-1.787782e-17	-2.7378787e-17	2.4609841e-17	-8.3386225e-18	0	-6.7702525e-18
1.1800000000009749e-09	-3.1637285e-08	-1.398368e-08	-0.001089003	0.07210652	-1.7879663e-17	-2.7356969e-17	2.4589615e-17	-8.34248e-18	0	-6.7698314e-18
1.1900000000010607e-09	-2.9422676e-08	-1.1642521e-08	-0.001067231	0.07237107	-1.7881666e-17	-2.7333821e-17	2.4568154e-17	-8.3466254e-18	0	-6.7693736e-18
1.2000000000011465e-09	-3.115218e-08	-1.316111e-08	-0.0010437635	0.07265188	-1.7883827e-17	-2.7309265e-17	2.4545397e-17	-8.351081e-18	0	-6.768875e-18
1.2100000000012322e-09	-3.1510737e-08	-1.508044e-08	-0.0010183943	0.0729494	-1.788617e-17	-2.7283259e-17	2.452129e-17	-8.355864e-18	0	-6.7683355e-18
1.220000000001318e-09	-3.6783618e-08	-1.4278961e-08	-0.0009908706	0.07326364	-1.7888707e-17	-2.725574e-17	2.4495786e-17	-8.361e-18	0	-6.7677502e-18
1.2300000000014038e-09	-3.8724036e-08	-1.3372026e-08	-0.00096094445	0.07359459	-1.7891457e-17	-2.7226673e-17	2.446884e-17	-8.366508e-18	0	-6.7671166e-18
1.2400000000014896e-09	-4.361727e-08	-1.328766e-08	-0.000928377	0.07394547	-1.7894446e-17	-2.7196024e-17	2.4440423e-17	-8.3724095e-18	0	-6.7664363e-18
1.2500000000015754e-09	-4.7835574e-08	-8.93226e-09	-0.00089291437	0.07431597	-1.7897687e-17	-2.716377e-17	2.4410509e-17	-8.378722e-18	0	-6.765706e-18
1.2600000000016612e-09	-4.8932336e-08	-8.706844e-09	-0.000854286	0.0747065	-1.790119e-17	-2.7129926e-17	2.4379117e-17	-8.385457e-18	0	-6.764927e-18
1.270000000001747e-09	-4.9311982e-08	-7.002386e-09	-0.0008121811	0.0751165	-1.7904983e-17	-2.7094518e-17	2.4346266e-17	-8.392624e-18	0	-6.764103e-18
1.2800000000018327e-09	-4.720283e-08	-8.689708e-09	-0.0007663597	0.07554593	-1.790908e-17	-2.705761e-17	2.4311995e-17	-8.400226e-18	0	-6.763241e-18
1.2900000000019185e-09	-4.791994e-08	-9.580824e-09	-0.0007165774	0.07599369	-1.7913491e-17	-2.7019289e-17	2.4276396e-17	-8.408251e-18	0	-6.7623504e-18
1.3000000000020043e-09	-4.791994e-08	-7.645677e-09	-0.00066248374	0.07646022	-1.7918228e-17	-2.6979695e-17	2.4239591e-17	-8.416678e-18	0	-6.7614463e-18
1.3100000000020901e-09	-4.6232618e-08	-1.0218843e-08	-0.00060391845	0.07694463	-1.7923293e-17	-2.693901e-17	2.420173e-17	-8.425464e-18	0	-6.76055e-18
1.3200000000021759e-09	-4.9227616e-08	-1.5881916e-08	-0.0005409179	0.07744599	-1.7928673e-17	-2.6897449e-17	2.4163013e-17	-8.434553e-18	0	-6.7596877e-18
1.3300000000022617e-09	-4.9522896e-08	-1.662012e-08	-0.00047370145	0.0779629	-1.7934353e-17	-2.6855264e-17	2.4123667e-17	-8.443864e-18	0	-6.758894e-18
1.3400000000023475e-09	-4.9501804e-08	-1.8539449e-08	-0.0004028587	0.07849112	-1.7940305e-17	-2.6812744e-17	2.4083944e-17	-8.453294e-18	0	-6.7582104e-18
1.3500000000024332e-09	-4.8130858e-08	-1.5755369e-08	-0.0003293291	0.07902664	-1.7946473e-17	-2.677018e-17	2.4044107e-17	-8.462718e-18	0	-6.7576826e-18
1.360000000002519e-09	-4.694973e-08	-8.942806e-09	-0.00025449006	0.079568624	-1.7952809e-17	-2.6727873e-17	2.4004422e-17	-8.471996e-18	0	-6.7573617e-18
1.3700000000026048e-09	-4.1866674e-08	-8.352243e-09	-0.0001802339	0.08011359	-1.7959226e-17	-2.6686079e-17	2.3965126e-17	-8.48098e-18	0	-6.7572947e-18
1.3800000000026906e-09	-3.598214e-08	-8.731891e-09	-0.000108919325	0.08065585	-1.796565e-17	-2.6645016e-17	2.392641e-17	-8.489521e-18	0	-6.7575213e-18
1.3900000000027764e-09	-3.0561615e-08	-5.610345e-09	-4.31962e-05	0.08118892	-1.7971984e-17	-2.6604827e-17	2.3888404e-17	-8.497491e-18	0	-6.758071e-18
1.4000000000028622e-09	-1.9467477e-08	-8.8584395e-10	1.4344598e-05	0.081709914	-1.7978163e-17	-2.656559e-17	2.3851167e-17	-8.50479e-18	0	-6.75895e-18
1.410000000002948e-09	-1.5143714e-08	1.6029558e-09	6.14202e-05	0.08221118	-1.798409e-17	-2.65273e-17	2.3814707e-17	-8.5113585e-18	0	-6.760139e-18
1.4200000000030337e-09	-8.19933e-09	6.7914705e-09	9.666026e-05	0.08268745	-1.7989714e-17	-2.6489912e-17	2.3778974e-17	-8.517185e-18	0	-6.7615906e-18
1.4300000000031195e-09	-6.8916552e-09	1.0377029e-08	0.000119862365	0.08313334	-1.7994995e-17	-2.6453352e-17	2.3743897e-17	-8.522305e-18	0	-6.7632342e-18
1.4400000000032053e-09	-5.5892535e-10	1.0208297e-08	0.00013227177	0.08354591	-1.7999895e-17	-2.6417537e-17	2.3709413e-17	-8.5267895e-18	0	-6.7649812e-18
1.450000000003291e-09	4.81414e-09	1.2401816e-08	0.00013651219	0.083921425	-1.8004403e-17	-2.6382423e-17	2.3675484e-17	-8.53073e-18	0	-6.766735e-18
1.4600000000033769e-09	7.3082127e-09	1.3414208e-08	0.00013606765	0.08425816	-1.8008528e-17	-2.6348014e-17	2.3642116e-17	-8.534224e-18	0	-6.7684054e-18
1.4700000000034627e-09	4.6137707e-09	1.8054344e-08	0.00013489953	0.08455462	-1.8012265e-17	-2.631435e-17	2.3609364e-17	-8.537356e-18	0	-6.7699224e-18
1.4800000000035485e-09	-9.491186e-10	1.6029558e-08	0.00013669071	0.08481051	-1.8015633e-17	-2.6281531e-17	2.357733e-17	-8.540193e-18	0	-6.771239e-18
1.4900000000036342e-09	-9.8497415e-09	1.2317449e-08	0.0001442797	0.085028075	-1.8018659e-17	-2.6249687e-17	2.3546144e-17	-8.542781e-18	0	-6.7723357e-18
1.50000000000372e-09	-1.7558692e-08	7.5929485e-09	0.00015925137	0.085209444	-1.8021354e-17	-2.6218987e-17	2.3515992e-17	-8.545142e-18	0	-6.7732162e-18
1.5100000000038058e-09	-2.7661534e-08	2.699715e-09	0.00018196205	0.085357286	-1.8023728e-17	-2.618961e-17	2.3487066e-17	-8.54728e-18	0	-6.7739032e-18
1.5200000000038916e-09	-3.8945497e-08	-1.0123932e-09	0.00021159084	0.08547513	-1.802582e-17	-2.616175e-17	2.3459557e-17	-8.549198e-18	0	-6.7744297e-18
1.5300000000039774e-09	-5.293445e-08	3.7121082e-09	0.00024653654	0.08556707	-1.8027647e-17	-2.6135585e-17	2.3433658e-17	-8.550893e-18	0	-6.774827e-18
1.5400000000040632e-09	-6.585828e-08	3.7121082e-09	0.0002848347	0.08563754	-1.8029224e-17	-2.6111263e-17	2.3409532e-17	-8.552367e-18	0	-6.7751274e-18
1.550000000004149e-09	-7.772226e-08	1.3498574e-09	0.00032447954	0.08569058	-1.8030587e-17	-2.6088914e-17	2.3387308e-17	-8.553623e-18	0	-6.775357e-18
1.5600000000042347e-09	-8.887441e-08	-9.364636e-09	0.00036377605	0.08573071	-1.8031738e-17	-2.6068622e-17	2.336709e-17	-8.5546754e-18	0	-6.7755324e-18
1.5700000000043205e-09	-9.3061075e-08	-1.4510968e-08	0.00040146415	0.08576125	-1.8032716e-17	-2.6050419e-17	2.3348907e-17	-8.5555365e-18	0	-6.7756697e-18
1.5800000000044063e-09	-9.8887604e-08	-1.6788853e-08	0.0004367258	0.08578543	-1.8033532e-17	-2.6034264e-17	2.3332738e-17	-8.556229e-18	0	-6.775779e-18
1.590000000004492e-09	-1.059849e-07	-1.9572933e-08	0.00046913032	0.08580558	-1.8034218e-17	-2.6020088e-17	2.3318511e-17	-8.556773e-18	0	-6.7758665e-18
1.6000000000045779e-09	-1.115267e-07	-1.2148718e-08	0.00049858465	0.085823566	-1.8034776e-17	-2.600776e-17	2.3306112e-17	-8.557192e-18	0	-6.775936e-18
1.6100000000046637e-09	-1.1276055e-07	-1.1642521e-08	0.00052513543	0.08584088	-1.8035239e-17	-2.5997124e-17	2.3295386e-17	-8.557508e-18	0	-6.7759935e-18
1.6200000000047495e-09	-1.096601e-07	-7.255484e-09	0.0005488919	0.08585842	-1.8035618e-17	-2.5987993e-17	2.3286153e-17	-8.557739e-18	0	-6.7760415e-18
1.6300000000048352e-09	-1.09433365e-07	-1.1726887e-08	0.00056999194	0.0858767	-1.8035934e-17	-2.598016e-17	2.3278219e-17	-8.557907e-18	0	-6.7760833e-18
1.640000000004921e-09	-1.15513004e-07	-1.4510968e-08	0.00058868167	0.08589588	-1.8036187e-17	-2.5973418e-17	2.3271377e-17	-8.5580255e-18	0	-6.7761213e-18
1.6500000000050068e-09	-1.1104687e-07	-1.552336e-08	0.0006050419	0.08591593	-1.8036397e-17	-2.5967565e-17	2.3265434e-17	-8.558113e-18	0	-6.776155e-18
1.6600000000050926e-09	-1.0205661e-07	-1.8476175e-08	0.0006192593	0.08593664	-1.8036572e-17	-2.5962422e-17	2.3260215e-17	-8.5581785e-18	0	-6.776186e-18
1.6700000000051784e-09	-1.04408315e-07	-2.0247862e-08	0.00063143746	0.08595782	-1.8036718e-17	-2.5957826e-17	2.3255564e-17	-8.5582364e-18	0	-6.776216e-18
1.6800000000052642e-09	-1.12064534e-07	-1.6029558e-08	0.00064177177	0.08597905	-1.8036832e-17	-2.5953642e-17	2.325134e-17	-8.558289e-18	0	-6.776242e-18
1.69000000000535e-09	-1.0925936e-07	-9.1959045e-09	0.0006503913	0.08600002	-1.8036933e-17	-2.5949756e-17	2.324744e-17	-8.558349e-18	0	-6.7762677e-18
1.7000000000054357e-09	-1.11774526e-07	-4.471403e-09	0.00065756176	0.08602043	-1.803702e-17	-2.5946083e-17	2.324377e-17	-8.558417e-18	0	-6.7762905e-18
1.7100000000055215e-09	-1.0687075e-07	-5.6525282e-09	0.0006634243	0.08604011	-1.8037089e-17	-2.5942553e-17	2.324027e-17	-8.558495e-18	0	-6.77631e-18
1.7200000000056073e-09	-1.0469832e-07	-1.0123932e-09	0.0006681652	0.08605892	-1.8037145e-17	-2.5939128e-17	2.3236896e-17	-8.558587e-18	0	-6.776327e-18
1.730000000005693e-09	-1.0411831e-07	1.0123932e-09	0.00067201944	0.08607667	-1.8037203e-17	-2.5935796e-17	2.3233626e-17	-8.558688e-18	0	-6.776342e-18
1.7400000000057789e-09	-1.0546289e-07	-3.88084e-09	0.0006750779	0.08609337	-1.8037247e-17	-2.5932534e-17	2.3230441e-17	-8.558798e-18	0	-6.776354e-18
1.7500000000058647e-09	-1.0940173e-07	-7.171118e-09	0.000677562	0.086109035	-1.8037282e-17	-2.5929351e-17	2.322735e-17	-8.558919e-18	0	-6.7763657e-18
1.7600000000059504e-09	-1.1063558e-07	-8.85844e-09	0.0006795571	0.08612368	-1.8037318e-17	-2.592626e-17	2.3224356e-17	-8.559039e-18	0	-6.7763752e-18
1.7700000000060362e-09	-1.12154176e-07	-6.9180195e-09	0.0006812004	0.08613744	-1.8037345e-17	-2.5923281e-17	2.322148e-17	-8.5591596e-18	0	-6.7763843e-18
1.780000000006122e-09	-1.1459024e-07	-7.002386e-09	0.0006824897	0.08615042	-1.8037373e-17	-2.5920434e-17	2.3218733e-17	-8.5592795e-18	0	-6.776393e-18
1.7900000000062078e-09	-1.18207446e-07	-5.146332e-09	0.00068349205	0.08616277	-1.8037395e-17	-2.5917732e-17	2.3216132e-17	-8.559393e-18	0	-6.776401e-18
1.8000000000062936e-09	-1.18228535e-07	-4.8932334e-09	0.00068431394	0.086174466	-1.8037418e-17	-2.59152e-17	2.321369e-17	-8.5594995e-18	0	-6.776409e-18
1.8100000000063794e-09	-1.170105e-07	-3.5433758e-09	0.00068500574	0.08618561	-1.803743e-17	-2.591284e-17	2.3211421e-17	-8.559595e-18	0	-6.776416e-18
1.8200000000064652e-09	-1.2341705e-07	-3.9652064e-09	0.00068557024	0.086196326	-1.8037446e-17	-2.5910675e-17	2.3209333e-17	-8.559681e-18	0	-6.7764224e-18
1.830000000006551e-09	-1.2961269e-07	-7.677315e-09	0.00068607385	0.08620658	-1.8037456e-17	-2.5908711e-17	2.3207439e-17	-8.559755e-18	0	-6.7764286e-18
1.8400000000066367e-09	-1.3751674e-07	-2.9528133e-09	0.00068659085	0.08621645	-1.8037464e-17	-2.5906946e-17	2.3205733e-17	-8.5598155e-18	0	-6.776434e-18
1.8500000000067225e-09	-1.4384946e-07	-5.9056267e-09	0.00068714505	0.08622597	-1.8037476e-17	-2.5905373e-17	2.3204203e-17	-8.559867e-18	0	-6.7764398e-18
1.8600000000068083e-09	-1.507833e-07	-3.88084e-09	0.0006876917	0.0862351	-1.8037484e-17	-2.5903995e-17	2.320286e-17	-8.559905e-18	0	-6.776444e-18
1.870000000006742e-09	-1.5865571e-07	2.5309828e-09	0.00068826164	0.086243875	-1.8037489e-17	-2.5902795e-17	2.3201685e-17	-8.559932e-18	0	-6.776448e-18
1.880000000006621e-09	-1.6045904e-07	-2.0247863e-09	0.0006889123	0.08625221	-1.8037495e-17	-2.5901755e-17	2.3200661e-17	-8.559953e-18	0	-6.776451e-18
1.8900000000065e-09	-1.5788586e-07	-1.2148718e-08	0.0006896718	0.08626008	-1.8037497e-17	-2.590086e-17	2.3199779e-17	-8.5599644e-18	0	-6.776453e-18
1.900000000006379e-09	-1.5923573e-07	-7.0867516e-09	0.00069041434	0.08626745	-1.8037507e-17	-2.5900114e-17	2.319903e-17	-8.559966e-18	0	-6.7764555e-18
1.910000000006258e-09	-1.6305857e-07	-1.0208297e-08	0.0006912355	0.0862743	-1.803751e-17	-2.5899472e-17	2.3198385e-17	-8.559965e-18	0	-6.776457e-18
1.920000000006137e-09	-1.5726894e-07	-1.4173503e-08	0.0006920677	0.08628058	-1.8037509e-17	-2.589892e-17	2.3197827e-17	-8.559959e-18	0	-6.7764588e-18
1.930000000006016e-09	-1.6143451e-07	-1.704195e-08	0.0006929932	0.08628624	-1.8037512e-17	-2.5898461e-17	2.3197355e-17	-8.559949e-18	0	-6.776459e-18
1.940000000005895e-09	-1.7218065e-07	-2.9781232e-08	0.0006939501	0.0862913	-1.8037517e-17	-2.589806e-17	2.3196942e-17	-8.5599355e-18	0	-6.7764604e-18
1.950000000005774e-09	-1.7511238e-07	-3.020306e-08	0.00069480087	0.086295746	-1.8037517e-17	-2.5897718e-17	2.3196581e-17	-8.559921e-18	0	-6.7764596e-18
1.960000000005653e-09	-1.8386008e-07	-2.117589e-08	0.0006956162	0.08629963	-1.803752e-17	-2.5897407e-17	2.3196254e-17	-8.559909e-18	0	-6.7764596e-18
1.9700000000055318e-09	-1.9652026e-07	-2.3116309e-08	0.0006963415	0.08630291	-1.8037524e-17	-2.5897126e-17	2.319596e-17	-8.5598974e-18	0	-6.7764604e-18
1.9800000000054108e-09	-2.0045384e-07	-1.6535754e-08	0.00069720164	0.08630564	-1.8037522e-17	-2.589687e-17	2.319569e-17	-8.559883e-18	0	-6.7764596e-18
1.9900000000052898e-09	-2.0850553e-07	-5.483796e-09	0.00069804	0.08630787	-1.8037532e-17	-2.5896633e-17	2.3195435e-17	-8.559874e-18	0	-6.7764604e-18
2.0000000000051688e-09	-2.1751688e-07	7.76168e-09	0.00069881795	0.086309664	-1.8037532e-17	-2.58964e-17	2.3195193e-17	-8.559867e-18	0	-6.7764596e-18
2.0100000000050478e-09	-2.307149e-07	-1.4342236e-09	0.0006994503	0.08631105	-1.8037534e-17	-2.5896173e-17	2.319496e-17	-8.559862e-18	0	-6.7764584e-18
2.0200000000049267e-09	-2.3569777e-07	-9.617735e-09	0.00069998234	0.08631213	-1.803754e-17	-2.5895961e-17	2.3194737e-17	-8.559859e-18	0	-6.776457e-18
2.0300000000048057e-09	-2.352443e-07	-1.8054344e-08	0.00070037396	0.086312935	-1.8037542e-17	-2.5895748e-17	2.3194522e-17	-8.5598585e-18	0	-6.7764563e-18
2.0400000000046847e-09	-2.2631204e-07	-3.129982e-08	0.0007007435	0.0863135	-1.8037545e-17	-2.589554e-17	2.3194311e-17	-8.559861e-18	0	-6.7764555e-18
2.0500000000045637e-09	-2.198844e-07	-3.1637285e-08	0.00070127146	0.0863139	-1.8037553e-17	-2.5895336e-17	2.3194103e-17	-8.559868e-18	0	-6.7764542e-18
2.0600000000044427e-09	-2.3747474e-07	-3.5771222e-08	0.0007017734	0.086314194	-1.8037557e-17	-2.5895136e-17	2.3193908e-17	-8.559877e-18	0	-6.7764526e-18
2.0700000000043217e-09	-2.4223615e-07	-3.9398966e-08	0.0007020477	0.086314395	-1.8037565e-17	-2.5894939e-17	2.3193713e-17	-8.559888e-18	0	-6.77645e-18
2.0800000000042007e-09	-2.4451404e-07	-4.2857977e-08	0.0007023505	0.08631457	-1.8037572e-17	-2.5894752e-17	2.3193532e-17	-8.559904e-18	0	-6.7764476e-18
2.0900000000040797e-09	-2.5257626e-07	-3.6614885e-08	0.00070274895	0.086314745	-1.803758e-17	-2.5894576e-17	2.3193362e-17	-8.559921e-18	0	-6.7764456e-18
2.1000000000039587e-09	-2.6694485e-07	-3.7711644e-08	0.00070294784	0.086314954	-1.8037596e-17	-2.5894403e-17	2.319319e-17	-8.559944e-18	0	-6.776442e-18
2.1100000000038377e-09	-2.812818e-07	-4.2689244e-08	0.00070299575	0.08631521	-1.8037611e-17	-2.5894236e-17	2.3193033e-17	-8.559971e-18	0	-6.7764377e-18
2.1200000000037166e-09	-2.9987928e-07	-4.640135e-08	0.0007029576	0.08631552	-1.803763e-17	-2.5894072e-17	2.3192877e-17	-8.560001e-18	0	-6.7764327e-18
2.1300000000035956e-09	-3.078255e-07	-2.8853204e-08	0.00070305465	0.086315915	-1.8037653e-17	-2.5893918e-17	2.3192728e-17	-8.560038e-18	0	-6.776427e-18
2.1400000000034746e-09	-2.938893e-07	-3.172165e-08	0.0007031417	0.08631637	-1.803768e-17	-2.5893769e-17	2.3192588e-17	-8.56008e-18	0	-6.77642e-18
2.1500000000033536e-09	-2.979494e-07	-2.5394193e-08	0.00070309977	0.08631691	-1.8037716e-17	-2.5893623e-17	2.319245e-17	-8.56013e-18	0	-6.7764112e-18
2.1600000000032326e-09	-3.0931247e-07	-1.6535754e-08	0.0007030356	0.086317524	-1.8037755e-17	-2.5893473e-17	2.3192308e-17	-8.56019e-18	0	-6.7764005e-18
2.1700000000031116e-09	-3.2366523e-07	-4.640135e-09	0.0007030229	0.0863182	-1.8037802e-17	-2.5893314e-17	2.3192162e-17	-8.560261e-18	0	-6.7763877e-18
2.1800000000029906e-09	-3.347172e-07	-1.0630128e-08	0.00070303545	0.08631893	-1.803786e-17	-2.5893159e-17	2.3192017e-17	-8.560345e-18	0	-6.7763728e-18
2.1900000000028696e-09	-3.4689756e-07	-1.3329843e-08	0.000703109	0.086319774	-1.8037926e-17	-2.5893003e-17	2.3191871e-17	-8.5604425e-18	0	-6.7763537e-18
2.2000000000027486e-09	-3.508364e-07	-1.3414208e-08	0.00070315384	0.086320646	-1.8038012e-17	-2.589283e-17	2.3191712e-17	-8.5605625e-18	0	-6.7763314e-18
2.2100000000026276e-09	-3.5745387e-07	2.1935185e-09	0.0007030959	0.08632152	-1.8038114e-17	-2.5892631e-17	2.3191526e-17	-8.560706e-18	0	-6.7763045e-18
2.2200000000025065e-09	-3.676358e-07	1.0461395e-08	0.0007030231	0.08632242	-1.8038238e-17	-2.5892419e-17	2.3191329e-17	-8.560875e-18	0	-6.776272e-18
2.2300000000023855e-09	-3.8712963e-07	1.856054e-08	0.00070304866	0.08632338	-1.8038386e-17	-2.5892174e-17	2.3191104e-17	-8.56108e-18	0	-6.7762326e-18
2.2400000000022645e-09	-3.913743e-07	2.9949963e-08	0.0007030424	0.086324245	-1.8038561e-17	-2.5891893e-17	2.3190839e-17	-8.561327e-18	0	-6.776185e-18
2.2500000000021435e-09	-3.9205452e-07	3.1890384e-08	0.0007030041	0.086325	-1.8038776e-17	-2.5891572e-17	2.3190544e-17	-8.56162e-18	0	-6.7761283e-18
2.2600000000020225e-09	-4.0156678e-07	3.4590098e-08	0.0007029659	0.08632577	-1.8039034e-17	-2.5891197e-17	2.3190195e-17	-8.561974e-18	0	-6.7760593e-18
2.2700000000019015e-09	-4.1594066e-07	3.9989526e-08	0.0007028325	0.08632669	-1.8039345e-17	-2.5890753e-17	2.3189785e-17	-8.562399e-18	0	-6.7759778e-18
2.2800000000017805e-09	-4.2552148e-07	6.1249786e-08	0.00070275203	0.08632754	-1.8039717e-17	-2.5890237e-17	2.3189307e-17	-8.5629075e-18	0	-6.7758798e-18
2.2900000000016595e-09	-4.4746193e-07	6.9602024e-08	0.0007027466	0.0863282	-1.804016e-17	-2.5889635e-17	2.3188751e-17	-8.563516e-18	0	-6.775762e-18
2.3000000000015385e-09	-4.6544247e-07	8.099145e-08	0.00070268626	0.08632853	-1.8040698e-17	-2.5888925e-17	2.3188093e-17	-8.564244e-18	0	-6.7756217e-18
2.3100000000014175e-09	-4.8120313e-07	1.02251704e-07	0.00070266594	0.08632893	-1.8041335e-17	-2.5888085e-17	2.3187318e-17	-8.565114e-18	0	-6.7754546e-18
2.3200000000012965e-09	-5.0443543e-07	1.1802816e-07	0.00070257107	0.08632918	-1.8042101e-17	-2.5887112e-17	2.3186414e-17	-8.566149e-18	0	-6.775257e-18
2.3300000000011754e-09	-5.1459625e-07	1.4122884e-07	0.0007025052	0.08632911	-1.8043013e-17	-2.5885974e-17	2.3185363e-17	-8.567379e-18	0	-6.7750224e-18
2.3400000000010544e-09	-5.2407165e-07	1.6118142e-07	0.0007024954	0.086329065	-1.8044095e-17	-2.5884662e-17	2.3184147e-17	-8.568833e-18	0	-6.774746e-18
2.3500000000009334e-09	-5.413087e-07	1.8366498e-07	0.0007025886	0.086328566	-1.8045375e-17	-2.5883146e-17	2.3182744e-17	-8.570549e-18	0	-6.774424e-18
2.3600000000008124e-09	-5.5939466e-07	2.1251819e-07	0.00070282933	0.08632769	-1.8046884e-17	-2.5881428e-17	2.3181148e-17	-8.572559e-18	0	-6.7740476e-18
2.3700000000006914e-09	-5.837501e-07	2.4124483e-07	0.00070325384	0.08632663	-1.8048662e-17	-2.587949e-17	2.3179346e-17	-8.574904e-18	0	-6.7736145e-18
2.3800000000005704e-09	-6.05158e-07	2.7697388e-07	0.000703913	0.08632517	-1.8050732e-17	-2.5877331e-17	2.317734e-17	-8.577622e-18	0	-6.7731186e-18
2.3900000000004494e-09	-6.257855e-07	3.0641766e-07	0.00070494297	0.086323686	-1.8053136e-17	-2.587497e-17	2.3175137e-17	-8.580745e-18	0	-6.772557e-18
2.4000000000003284e-09	-6.5873047e-07	3.4488858e-07	0.00070643955	0.08632085	-1.8055902e-17	-2.5872428e-17	2.3172762e-17	-8.5843026e-18	0	-6.7719312e-18
2.4100000000002074e-09	-6.959675e-07	3.7762263e-07	0.00070853066	0.086316146	-1.8059057e-17	-2.5869753e-17	2.317025e-17	-8.588313e-18	0	-6.7712426e-18
2.4200000000000864e-09	-7.29482e-07	4.1465935e-07	0.00071124826	0.0863078	-1.8062629e-17	-2.5867006e-17	2.316766e-17	-8.592781e-18	0	-6.7705006e-18
2.4300099999999652e-09	-7.6684563e-07	4.4705592e-07	0.00071460335	0.086295776	-1.8066617e-17	-2.5864255e-17	2.3165052e-17	-8.597699e-18	0	-6.769717e-18
2.4400099999998442e-09	-8.136266e-07	4.7455927e-07	0.00071845955	0.08627825	-1.8071024e-17	-2.5861585e-17	2.31625e-17	-8.603024e-18	0	-6.768911e-18
2.450009999999723e-09	-8.571173e-07	5.0666057e-07	0.0007225846	0.0862539	-1.8075814e-17	-2.585908e-17	2.3160078e-17	-8.608707e-18	0	-6.7681092e-18
2.460009999999602e-09	-9.0860175e-07	5.3977425e-07	0.00072654895	0.08622318	-1.8080967e-17	-2.5856789e-17	2.3157836e-17	-8.614677e-18	0	-6.767337e-18
2.470009999999481e-09	-9.65359e-07	5.524292e-07	0.00072970445	0.086183675	-1.8086418e-17	-2.585475e-17	2.3155806e-17	-8.620849e-18	0	-6.7666253e-18
2.48000999999936e-09	-1.0320082e-06	5.595581e-07	0.0007312806	0.086133935	-1.8092098e-17	-2.5852953e-17	2.3153983e-17	-8.627127e-18	0	-6.766001e-18
2.490009999999239e-09	-1.1063347e-06	5.508262e-07	0.0007303959	0.0860791	-1.8097941e-17	-2.5851376e-17	2.3152345e-17	-8.633422e-18	0	-6.765489e-18
2.500009999999118e-09	-1.164463e-06	5.401117e-07	0.00072630413	0.08601888	-1.8103859e-17	-2.5849942e-17	2.3150838e-17	-8.639648e-18	0	-6.765106e-18
2.510009999998997e-09	-1.2214734e-06	5.1172253e-07	0.0007186128	0.08594823	-1.810979e-17	-2.584859e-17	2.3149396e-17	-8.6457364e-18	0	-6.764861e-18
2.520009999998876e-09	-1.2763957e-06	4.6013267e-07	0.0007072754	0.085868865	-1.811565e-17	-2.5847248e-17	2.3147974e-17	-8.651623e-18	0	-6.7647546e-18
2.530009999998755e-09	-1.3342919e-06	4.0968175e-07	0.000692691	0.08578121	-1.8121388e-17	-2.5845889e-17	2.3146545e-17	-8.65726e-18	0	-6.764784e-18
2.540009999998634e-09	-1.3929897e-06	3.507942e-07	0.00067560334	0.085687295	-1.8126943e-17	-2.5844489e-17	2.3145093e-17	-8.662606e-18	0	-6.7649424e-18
2.550009999998513e-09	-1.44169e-06	2.7984234e-07	0.0006570809	0.08558872	-1.8132282e-17	-2.5843063e-17	2.3143633e-17	-8.66763e-18	0	-6.7652203e-18
2.560009999998392e-09	-1.4887979e-06	2.0829988e-07	0.0006382469	0.08548677	-1.8137363e-17	-2.5841635e-17	2.314219e-17	-8.672307e-18	0	-6.765611e-18
2.570009999998271e-09	-1.5154154e-06	1.3886658e-07	0.00062012405	0.085384056	-1.8142157e-17	-2.584024e-17	2.3140801e-17	-8.676616e-18	0	-6.7661025e-18
2.58000999999815e-09	-1.5336595e-06	6.310584e-08	0.00060363545	0.085285276	-1.8146654e-17	-2.5838909e-17	2.3139481e-17	-8.6805425e-18	0	-6.766684e-18
2.590009999998029e-09	-1.5504431e-06	-6.7492874e-09	0.00058947114	0.085193634	-1.8150837e-17	-2.5837661e-17	2.3138253e-17	-8.684087e-18	0	-6.76734e-18
2.600009999997908e-09	-1.5521357e-06	-8.6222144e-08	0.00057794404	0.08511235	-1.8154692e-17	-2.5836507e-17	2.313712e-17	-8.6872535e-18	0	-6.7680542e-18
2.610009999997787e-09	-1.5350463e-06	-1.5236516e-07	0.00056909927	0.08504599	-1.8158234e-17	-2.5835438e-17	2.3136068e-17	-8.690059e-18	0	-6.768805e-18
2.620009999997666e-09	-1.5078541e-06	-2.1766452e-07	0.0005628162	0.084998876	-1.8161453e-17	-2.5834432e-17	2.3135077e-17	-8.692524e-18	0	-6.769571e-18
2.630009999997545e-09	-1.4659083e-06	-2.8009543e-07	0.0005587735	0.08497385	-1.8164368e-17	-2.5833458e-17	2.3134101e-17	-8.694684e-18	0	-6.770329e-18
2.640009999997424e-09	-1.4062193e-06	-3.4252633e-07	0.0005564808	0.08497217	-1.8166996e-17	-2.5832468e-17	2.3133102e-17	-8.696569e-18	0	-6.7710585e-18
2.650009999997303e-09	-1.324147e-06	-4.097661e-07	0.00055540603	0.08499368	-1.816935e-17	-2.5831415e-17	2.3132026e-17	-8.698218e-18	0	-6.7717447e-18
2.660009999997182e-09	-1.2229287e-06	-4.899983e-07	0.00055509177	0.08503551	-1.8171456e-17	-2.583024e-17	2.3130825e-17	-8.6996645e-18	0	-6.7723713e-18
2.670009999997061e-09	-1.0864876e-06	-5.914907e-07	0.0005551616	0.08509638	-1.8173332e-17	-2.5828905e-17	2.3129442e-17	-8.700936e-18	0	-6.7729325e-18
2.68000999999694e-09	-9.569909e-07	-6.879633e-07	0.000555369	0.08517484	-1.8175006e-17	-2.5827348e-17	2.3127831e-17	-8.7020625e-18	0	-6.773425e-18
2.690009999996819e-09	-8.0474706e-07	-7.793318e-07	0.00055566226	0.08526706	-1.81765e-17	-2.5825528e-17	2.3125945e-17	-8.703065e-18	0	-6.7738507e-18
2.700009999996698e-09	-6.602596e-07	-8.7719644e-07	0.00055609486	0.08537087	-1.8177832e-17	-2.5823412e-17	2.3123753e-17	-8.703958e-18	0	-6.7742163e-18
2.710009999996577e-09	-4.985245e-07	-9.639248e-07	0.00055696553	0.08548254	-1.8179023e-17	-2.582098e-17	2.3121238e-17	-8.7047525e-18	0	-6.7745273e-18
2.720009999996456e-09	-3.3972117e-07	-1.057993e-06	0.00055855163	0.085599355	-1.8180082e-17	-2.5818218e-17	2.311839e-17	-8.705456e-18	0	-6.774794e-18
2.730009999996335e-09	-1.8332224e-07	-1.151555e-06	0.00056119286	0.08571798	-1.8181021e-17	-2.5815139e-17	2.3115216e-17	-8.706074e-18	0	-6.7750257e-18
2.740009999996214e-09	-3.653052e-08	-1.2443155e-06	0.00056528405	0.08583604	-1.8181857e-17	-2.5811749e-17	2.3111736e-17	-8.7066144e-18	0	-6.7752288e-18
2.750009999996093e-09	1.1304529e-07	-1.3422646e-06	0.00057110295	0.085951164	-1.8182593e-17	-2.5808085e-17	2.3107982e-17	-8.7070785e-18	0	-6.7754108e-18
2.760009999995972e-09	2.5073075e-07	-1.4278961e-06	0.00057882513	0.08606195	-1.8183238e-17	-2.5804184e-17	2.3103992e-17	-8.707473e-18	0	-6.7755745e-18
2.770009999995851e-09	3.671296e-07	-1.5014211e-06	0.0005884264	0.086166754	-1.8183806e-17	-2.5800097e-17	2.309982e-17	-8.707803e-18	0	-6.775724e-18
2.78000999999573e-09	4.874462e-07	-1.576507e-06	0.0005997102	0.086264774	-1.8184299e-17	-2.5795884e-17	2.3095523e-17	-8.708077e-18	0	-6.7758603e-18
2.790009999995609e-09	5.836815e-07	-1.6462777e-06	0.00061237044	0.08635521	-1.8184714e-17	-2.5791596e-17	2.3091164e-17	-8.7082986e-18	0	-6.7759836e-18
2.800009999995488e-09	6.8377136e-07	-1.7010314e-06	0.0006259808	0.08643753	-1.8185076e-17	-2.5787294e-17	2.3086795e-17	-8.708483e-18	0	-6.776094e-18
2.810009999995367e-09	7.493291e-07	-1.7418223e-06	0.0006401261	0.08651162	-1.818538e-17	-2.5783031e-17	2.3082472e-17	-8.708629e-18	0	-6.7761908e-18
2.820009999995246e-09	8.016044e-07	-1.7866207e-06	0.00065433193	0.08657775	-1.8185634e-17	-2.5778852e-17	2.3078241e-17	-8.708749e-18	0	-6.7762747e-18
2.830009999995125e-09	8.413145e-07	-1.8105175e-06	0.0006681797	0.08663625	-1.8185845e-17	-2.5774797e-17	2.3074149e-17	-8.7088495e-18	0	-6.7763467e-18
2.840009999995004e-09	8.877158e-07	-1.8163387e-06	0.00068134477	0.08668769	-1.8186024e-17	-2.5770901e-17	2.3070218e-17	-8.708936e-18	0	-6.776405e-18
2.850009999994883e-09	9.1344225e-07	-1.8174144e-06	0.00069357274	0.0867328	-1.818617e-17	-2.5767179e-17	2.3066474e-17	-8.709012e-18	0	-6.776454e-18
2.860009999994762e-09	9.2366633e-07	-1.7962385e-06	0.00070463255	0.08677215	-1.8186284e-17	-2.5763642e-17	2.3062929e-17	-8.70908e-18	0	-6.776492e-18
2.870009999994641e-09	9.285965e-07	-1.7865153e-06	0.00071452506	0.08680629	-1.8186383e-17	-2.5760303e-17	2.3059589e-17	-8.709146e-18	0	-6.776523e-18
2.8800099999945198e-09	9.1057376e-07	-1.7550467e-06	0.0007231956	0.08683591	-1.8186464e-17	-2.5757155e-17	2.3056447e-17	-8.70921e-18	0	-6.7765465e-18
2.8900099999943988e-09	8.9399583e-07	-1.7335967e-06	0.00073069084	0.086861685	-1.8186535e-17	-2.5754192e-17	2.3053499e-17	-8.709275e-18	0	-6.776566e-18
2.9000099999942778e-09	8.509428e-07	-1.6975723e-06	0.00073707267	0.08688424	-1.8186588e-17	-2.5751408e-17	2.3050741e-17	-8.70934e-18	0	-6.7765816e-18
2.9100099999941568e-09	8.0410905e-07	-1.6528161e-06	0.0007425053	0.08690412	-1.8186638e-17	-2.5748787e-17	2.304815e-17	-8.709407e-18	0	-6.7765945e-18
2.9200099999940357e-09	7.7422237e-07	-1.6239629e-06	0.000747109	0.08692176	-1.8186679e-17	-2.5746318e-17	2.3045722e-17	-8.709476e-18	0	-6.776605e-18
2.9300099999939147e-09	7.337319e-07	-1.5844374e-06	0.00075098546	0.08693756	-1.818671e-17	-2.5743988e-17	2.3043439e-17	-8.709544e-18	0	-6.7766143e-18
2.9400099999937937e-09	6.664658e-07	-1.5432878e-06	0.00075435714	0.08695187	-1.818674e-17	-2.574179e-17	2.304129e-17	-8.7096155e-18	0	-6.776623e-18
2.9500099999936727e-09	6.1811875e-07	-1.5170289e-06	0.0007571128	0.086964965	-1.8186759e-17	-2.5739707e-17	2.3039265e-17	-8.709687e-18	0	-6.776631e-18
2.9600099999935517e-09	6.008606e-07	-1.4702268e-06	0.00075945817	0.0869771	-1.8186787e-17	-2.5737735e-17	2.3037346e-17	-8.70976e-18	0	-6.7766383e-18
2.9700099999934307e-09	5.517648e-07	-1.438463e-06	0.0007614842	0.08698838	-1.8186802e-17	-2.573586e-17	2.3035532e-17	-8.7098305e-18	0	-6.776644e-18
2.9800099999933097e-09	5.0364974e-07	-1.4025019e-06	0.0007632695	0.08699894	-1.818682e-17	-2.5734085e-17	2.3033817e-17	-8.709902e-18	0	-6.77665e-18
2.9900099999931887e-09	4.465339e-07	-1.359665e-06	0.0007649837	0.08700891	-1.8186835e-17	-2.5732398e-17	2.3032189e-17	-8.709971e-18	0	-6.7766552e-18
3.0000099999930677e-09	3.9553987e-07	-1.3227655e-06	0.0007665512	0.087018296	-1.8186846e-17	-2.5730801e-17	2.3030652e-17	-8.710037e-18	0	-6.77666e-18
