# t (s)	mx ()	my ()	mz ()	spinAngle (rad)	E_total (J)	E_anis (J)	E_demag (J)	E_exch (J)	E_therm (J)	E_custom (J)
0	0	0	0	0.0042178794	-4.0048317e-17	-1.8097603e-16	1.6340209e-16	4.672001e-18	0	-2.7146402e-17
1.0000000000000124e-11	-8.431388e-11	-6.7451106e-10	0.001777176	0.01367628	-5.0093873e-17	-1.737345e-16	1.5752735e-16	-7.066153e-18	0	-2.682055e-17
2.0009999999999403e-11	-1.433336e-09	-2.192161e-09	0.005295173	0.017826756	-5.226821e-17	-1.6561876e-16	1.5043525e-16	-1.0522122e-17	0	-2.6562574e-17
3.000999999999824e-11	-3.7519676e-09	-5.2274607e-09	0.009749313	0.023030093	-5.4567133e-17	-1.5862591e-16	1.4381112e-16	-1.3509579e-17	0	-2.6242765e-17
4.000000000000001e-11	-6.0284426e-09	-7.377465e-09	0.01289663	0.027968021	-5.7710525e-17	-1.5527264e-16	1.4028676e-16	-1.6728467e-17	0	-2.5996169e-17
5.0000000000001785e-11	-7.503935e-09	-8.6632514e-09	0.01322466	0.03155955	-6.1112785e-17	-1.5321443e-16	1.383787e-16	-2.0284674e-17	0	-2.599238e-17
6.00000000000024e-11	-8.051976e-09	-1.0254676e-08	0.01142508	0.03415794	-6.411713e-17	-1.5026198e-16	1.3588077e-16	-2.3622535e-17	0	-2.6113376e-17
7.000999999999771e-11	-8.241682e-09	-1.19831105e-08	0.008656656	0.03629038	-6.656948e-17	-1.464055e-16	1.3259263e-16	-2.6504253e-17	0	-2.625235e-17
8.000999999999302e-11	-8.600016e-09	-1.5142247e-08	0.0057668765	0.03835852	-6.854717e-17	-1.4200849e-16	1.2878646e-16	-2.8956705e-17	0	-2.6368445e-17
9.000999999998834e-11	-9.738254e-09	-2.0356532e-08	0.003240813	0.040675864	-7.021417e-17	-1.3729586e-16	1.2462206e-16	-3.1096872e-17	0	-2.644351e-17
1.0000999999998365e-10	-1.0876491e-08	-2.6627378e-08	0.0013699704	0.04359741	-7.178658e-17	-1.3262941e-16	1.2033063e-16	-3.3028515e-17	0	-2.6459273e-17
1.1000999999997896e-10	-1.1192668e-08	-3.0937926e-08	0.0003882074	0.04707673	-7.353288e-17	-1.2896744e-16	1.1669536e-16	-3.484955e-17	0	-2.6411248e-17
1.2000999999997891e-10	-9.675018e-09	-3.0500548e-08	0.00036864256	0.050322052	-7.556949e-17	-1.2710469e-16	1.1464804e-16	-3.674441e-17	0	-2.6368422e-17
1.3000999999998715e-10	-7.345847e-09	-2.7064756e-08	0.0011544114	0.052745897	-7.76659e-17	-1.2644154e-16	1.1391088e-16	-3.873494e-17	0	-2.6400296e-17
1.400099999999954e-10	-5.206382e-09	-2.3017689e-08	0.0024130796	0.054495674	-7.9557053e-17	-1.2620837e-16	1.1372459e-16	-4.0591496e-17	0	-2.648178e-17
1.5000000000000362e-10	-2.7402012e-09	-1.9645135e-08	0.0036627408	0.05582333	-8.1152883e-17	-1.2591882e-16	1.1353852e-16	-4.2201656e-17	0	-2.6570916e-17
1.6000000000001186e-10	-1.1803943e-09	-1.6356893e-08	0.0045339745	0.05687158	-8.248042e-17	-1.252469e-16	1.1301282e-16	-4.3599208e-17	0	-2.664713e-17
1.700000000000201e-10	8.431388e-11	-1.3289975e-08	0.0048965346	0.057743017	-8.359403e-17	-1.2416868e-16	1.1211345e-16	-4.4833563e-17	0	-2.6705233e-17
1.8000000000002833e-10	1.5176499e-09	-1.171963e-08	0.004833425	0.058510233	-8.454428e-17	-1.2286348e-16	1.109997e-16	-4.593285e-17	0	-2.6747641e-17
1.9000000000003657e-10	1.2647082e-09	-1.0623549e-08	0.0045371144	0.05920227	-8.536721e-17	-1.2146597e-16	1.0979445e-16	-4.691646e-17	0	-2.6779233e-17
2.000000000000448e-10	1.6862776e-10	-1.0307372e-08	0.004194422	0.059845977	-8.6088366e-17	-1.1999434e-16	1.0851746e-16	-4.78076e-17	0	-2.680388e-17
2.1000000000005304e-10	-8.431388e-11	-1.0159822e-08	0.0039263554	0.06047543	-8.6728445e-17	-1.184333e-16	1.0715782e-16	-4.862957e-17	0	-2.6823401e-17
2.2000000000006128e-10	-5.058833e-10	-1.0834333e-08	0.0037763775	0.06113652	-8.7305195e-17	-1.1681308e-16	1.057447e-16	-4.939896e-17	0	-2.6837853e-17
2.3000000000006952e-10	-6.7451106e-10	-1.2604925e-08	0.0037193908	0.06188553	-8.78331e-17	-1.1524875e-16	1.0438212e-16	-5.0120806e-17	0	-2.6845664e-17
2.4000000000005925e-10	-1.1803943e-09	-1.3658849e-08	0.0037048734	0.0627859	-8.832371e-17	-1.1387295e-16	1.03187155e-16	-5.0793856e-17	0	-2.6844047e-17
2.5000000000004163e-10	-7.5882495e-10	-1.6441208e-08	0.0037012384	0.06392411	-8.878853e-17	-1.127057e-16	1.0217078e-16	-5.1424158e-17	0	-2.6829444e-17
2.60000000000024e-10	-1.6862776e-10	-1.9898076e-08	0.003691993	0.065379955	-8.924459e-17	-1.1165066e-16	1.0123243e-16	-5.2029174e-17	0	-2.6797174e-17
2.700000000000064e-10	1.433336e-09	-2.3354945e-08	0.003646379	0.06721135	-8.971913e-17	-1.10630325e-16	1.0028253e-16	-5.2630015e-17	0	-2.6741318e-17
2.800099999999888e-10	3.2039276e-09	-2.9847115e-08	0.0035155725	0.0694495	-9.0249415e-17	-1.0969049e-16	9.93455e-17	-5.324782e-17	0	-2.66566e-17
2.9000999999997117e-10	4.5529496e-09	-3.777262e-08	0.00324244	0.07204961	-9.0873625e-17	-1.0899158e-16	9.856113e-17	-5.3901216e-17	0	-2.6541958e-17
3.0000999999995355e-10	6.576483e-09	-4.5276554e-08	0.0027304061	0.07488528	-9.162185e-17	-1.08735075e-16	9.812422e-17	-5.4608605e-17	0	-2.6402388e-17
3.1000999999993594e-10	8.347074e-09	-4.3000078e-08	0.0018726499	0.07773955	-9.248579e-17	-1.0904851e-16	9.819942e-17	-5.538413e-17	0	-2.625257e-17
3.2000999999991833e-10	8.0941325e-09	-3.170202e-08	0.0007821251	0.080416024	-9.3392496e-17	-1.09809424e-16	9.874728e-17	-5.622247e-17	0	-2.6107883e-17
3.300099999999007e-10	1.0075508e-08	-1.9139252e-08	-0.00012482982	0.08286333	-9.4238166e-17	-1.106834e-16	9.9483537e-17	-5.7073365e-17	0	-2.596493e-17
3.400099999998831e-10	1.26470825e-08	-1.0960805e-08	-0.0005226278	0.08521209	-9.496133e-17	-1.1142459e-16	1.0014992e-16	-5.7867445e-17	0	-2.5819214e-17
3.500099999998655e-10	1.4459831e-08	-8.768644e-09	-0.0004706751	0.08753733	-9.555633e-17	-1.1197258e-16	1.0066238e-16	-5.8563e-17	0	-2.5683128e-17
3.600099999998479e-10	1.627258e-08	-8.937271e-09	-0.00031236652	0.08982424	-9.6051114e-17	-1.1233786e-16	1.0101828e-16	-5.915262e-17	0	-2.5578911e-17
3.7000999999983027e-10	1.6904933e-08	-1.0286294e-08	-0.00036687768	0.092096634	-9.6491896e-17	-1.1250754e-16	1.0120028e-16	-5.965771e-17	0	-2.5526931e-17
3.8000999999981266e-10	1.7242188e-08	-1.129806e-08	-0.00068882445	0.094414726	-9.69279e-17	-1.1245802e-16	1.01182605e-16	-6.011537e-17	0	-2.5537105e-17
3.9000999999979505e-10	1.7200032e-08	-1.0792177e-08	-0.0010765493	0.09676881	-9.7394674e-17	-1.1219783e-16	1.00969146e-16	-6.0562254e-17	0	-2.5603743e-17
4.0000999999977743e-10	1.7010326e-08	-9.78041e-09	-0.0012877317	0.09909582	-9.790716e-17	-1.1176706e-16	1.0059277e-16	-6.102615e-17	0	-2.5706719e-17
4.100099999997598e-10	1.4501988e-08	-5.2274607e-09	-0.00123888	0.10129746	-9.846382e-17	-1.1120903e-16	1.0009128e-16	-6.1527845e-17	0	-2.5818224e-17
4.200099999997422e-10	1.0623549e-08	1.1803943e-09	-0.0010180869	0.10331327	-9.9054296e-17	-1.10556626e-16	9.949554e-17	-6.208132e-17	0	-2.5911898e-17
4.300099999997246e-10	5.606873e-09	9.105899e-09	-0.0007529432	0.10511486	-9.966433e-17	-1.09836635e-16	9.8831884e-17	-6.268784e-17	0	-2.5971744e-17
4.40009999999707e-10	1.0117666e-09	1.6019637e-08	-0.0005050654	0.10669717	-1.00277875e-16	-1.0907156e-16	9.812217e-17	-6.3332084e-17	0	-2.59964e-17
4.5000999999968937e-10	-4.7637343e-09	2.0066704e-08	-0.0002772426	0.10806047	-1.0087952e-16	-1.0827744e-16	9.738172e-17	-6.3988184e-17	0	-2.5995618e-17
4.6000999999967176e-10	-1.13191385e-08	1.9898076e-08	-6.872172e-05	0.109221	-1.0145757e-16	-1.0746591e-16	9.662209e-17	-6.4631995e-17	0	-2.5981745e-17
4.700099999996541e-10	-1.8801996e-08	1.3996105e-08	0.00010351333	0.11021428	-1.02006325e-16	-1.0664901e-16	9.585587e-17	-6.5250475e-17	0	-2.5962718e-17
4.800099999996365e-10	-2.617946e-08	6.7451106e-10	0.00022018823	0.1110933	-1.02526536e-16	-1.0584035e-16	9.509731e-17	-6.584347e-17	0	-2.5940025e-17
4.900099999996189e-10	-3.3029963e-08	-1.9223565e-08	0.00027290988	0.111927524	-1.0302367e-16	-1.05051084e-16	9.435802e-17	-6.6420095e-17	0	-2.5910501e-17
5.000099999996013e-10	-4.0765762e-08	-4.4180474e-08	0.00025869033	0.112789094	-1.0350652e-16	-1.0428611e-16	9.364291e-17	-6.6994006e-17	0	-2.5869313e-17
5.100099999995837e-10	-4.6593957e-08	-7.0655034e-08	0.00017158246	0.113727555	-1.0398536e-16	-1.03544504e-16	9.2950755e-17	-6.757895e-17	0	-2.5812647e-17
5.200099999995661e-10	-4.7758544e-08	-9.0721734e-08	7.186578e-06	0.11479141	-1.0446986e-16	-1.02824565e-16	9.227922e-17	-6.81849e-17	0	-2.573961e-17
5.300099999995485e-10	-4.014395e-08	-8.7855064e-08	-0.00022489869	0.11604174	-1.0496675e-16	-1.02128026e-16	9.16296e-17	-6.881502e-17	0	-2.5653306e-17
5.400099999995309e-10	-1.8973259e-08	-5.1431467e-08	-0.0005058649	0.1175225	-1.05477803e-16	-1.01459036e-16	9.100652e-17	-6.946433e-17	0	-2.5560953e-17
5.500099999995133e-10	7.604058e-09	7.925505e-09	-0.0008484413	0.119265884	-1.0599938e-16	-1.00816025e-16	9.041007e-17	-7.011974e-17	0	-2.5473669e-17
5.600099999994956e-10	3.648683e-08	6.542757e-08	-0.0013430298	0.121129215	-1.06523744e-16	-1.0018388e-16	8.982688e-17	-7.075943e-17	0	-2.5407304e-17
5.70009999999478e-10	5.67854e-08	9.274527e-08	-0.0021204278	0.12293917	-1.0704161e-16	-9.9545946e-17	8.9240466e-17	-7.1356676e-17	0	-2.5379453e-17
5.800099999994604e-10	6.627071e-08	8.060407e-08	-0.00321097	0.12457269	-1.0754587e-16	-9.891182e-17	8.865779e-17	-7.189488e-17	0	-2.5396961e-17
5.900099999994428e-10	6.3193255e-08	4.805891e-08	-0.004464822	0.12597215	-1.080326e-16	-9.831802e-17	8.8110604e-17	-7.23814e-17	0	-2.5443794e-17
6.000099999994252e-10	5.265402e-08	1.736866e-08	-0.0056413063	0.12715065	-1.08496913e-16	-9.7801964e-17	8.76321e-17	-7.2846435e-17	0	-2.5480622e-17
6.100099999994076e-10	4.784813e-08	-3.5411831e-09	-0.0064796526	0.1281155	-1.089336e-16	-9.738547e-17	8.724368e-17	-7.332346e-17	0	-2.5468342e-17
6.2000999999939e-10	5.278049e-08	-1.4839244e-08	-0.0067097344	0.12890351	-1.0934714e-16	-9.70629e-17	8.6943856e-17	-7.3823104e-17	0	-2.5405005e-17
6.300099999993724e-10	5.0208918e-08	-1.3490221e-09	-0.006165734	0.12957716	-1.09746e-16	-9.6822695e-17	8.6723184e-17	-7.432774e-17	0	-2.5318761e-17
6.400099999993547e-10	2.9678487e-08	5.1937352e-08	-0.0048713665	0.13021317	-1.10130046e-16	-9.665359e-17	8.657009e-17	-7.480528e-17	0	-2.5241266e-17
6.500099999993371e-10	-1.639905e-08	1.0657275e-07	-0.0030570328	0.13083225	-1.1049006e-16	-9.653129e-17	8.646184e-17	-7.5221065e-17	0	-2.5199554e-17
6.600099999993195e-10	-7.9529066e-08	9.4937434e-08	-0.0011345017	0.13139084	-1.1081459e-16	-9.643645e-17	8.638192e-17	-7.5548106e-17	0	-2.5211947e-17
6.700099999993019e-10	-1.3304731e-07	-1.6694148e-08	0.00046826413	0.13189073	-1.1109916e-16	-9.635864e-17	8.632216e-17	-7.577827e-17	0	-2.5284403e-17
6.800099999992843e-10	-1.5233411e-07	-1.8869447e-07	0.0015707825	0.13233231	-1.113502e-16	-9.627732e-17	8.626343e-17	-7.592131e-17	0	-2.5414982e-17
6.900099999992667e-10	-1.317826e-07	-3.4467516e-07	0.0022841766	0.13276546	-1.1157894e-16	-9.617199e-17	8.618461e-17	-7.599702e-17	0	-2.5594525e-17
7.000099999992491e-10	-1.0218842e-07	-4.4247926e-07	0.0027615489	0.13319488	-1.1179412e-16	-9.604568e-17	8.608505e-17	-7.60339e-17	0	-2.5799586e-17
7.100099999992315e-10	-1.1323354e-07	-4.907068e-07	0.0030160833	0.13358763	-1.1199913e-16	-9.592458e-17	8.598639e-17	-7.606634e-17	0	-2.5994604e-17
7.200099999992138e-10	-1.8049494e-07	-5.0554604e-07	0.002987433	0.13393393	-1.1219433e-16	-9.583281e-17	8.59112e-17	-7.6118695e-17	0	-2.6154005e-17
7.300099999991962e-10	-2.645348e-07	-4.7687934e-07	0.0026610042	0.13420425	-1.1238116e-16	-9.5773486e-17	8.5864676e-17	-7.619323e-17	0	-2.6279116e-17
7.400099999991786e-10	-2.6969903e-07	-3.7131832e-07	0.0020714232	0.13439997	-1.1256047e-16	-9.574092e-17	8.584328e-17	-7.627825e-17	0	-2.6384588e-17
7.50009999999161e-10	-1.2737719e-07	-1.5142773e-07	0.0013380458	0.13453999	-1.1272672e-16	-9.573446e-17	8.5845744e-17	-7.6363905e-17	0	-2.6474107e-17
7.600099999991434e-10	7.777955e-08	1.4434536e-07	0.0007154547	0.13464828	-1.1287165e-16	-9.574526e-17	8.58626e-17	-7.6450805e-17	0	-2.653818e-17
7.700099999991258e-10	2.0180528e-07	3.6052617e-07	0.00038413506	0.13479912	-1.1299611e-16	-9.575787e-17	8.588007e-17	-7.6543125e-17	0	-2.6575187e-17
7.800099999991082e-10	1.8667093e-07	3.5614184e-07	0.00026664062	0.13493156	-1.1311025e-16	-9.576559e-17	8.589274e-17	-7.663549e-17	0	-2.6601923e-17
7.900099999990906e-10	1.04675685e-07	1.6896502e-07	0.00019370136	0.1349818	-1.132246e-16	-9.576556e-17	8.5897684e-17	-7.672053e-17	0	-2.6636195e-17
8.00009999999073e-10	4.6752046e-08	-1.7874543e-08	0.00010690865	0.13497339	-1.1334173e-16	-9.5753356e-17	8.588974e-17	-7.679665e-17	0	-2.668146e-17
8.100099999990553e-10	3.58334e-09	-6.947464e-08	6.139062e-05	0.13496111	-1.1345368e-16	-9.573297e-17	8.587206e-17	-7.686611e-17	0	-2.6726654e-17
8.200099999990377e-10	-7.514475e-08	-2.4282398e-08	0.00011048963	0.13497867	-1.1355044e-16	-9.571772e-17	8.585734e-17	-7.692876e-17	0	-2.67613e-17
8.300099999990201e-10	-1.7651111e-07	4.3505963e-08	0.00022600539	0.1350171	-1.1362813e-16	-9.570836e-17	8.584759e-17	-7.6982503e-17	0	-2.6784871e-17
8.400099999990025e-10	-2.3723818e-07	1.1163158e-07	0.0003306163	0.13506573	-1.1368905e-16	-9.570104e-17	8.584033e-17	-7.702655e-17	0	-2.6801795e-17
8.500099999989849e-10	-2.312519e-07	1.797572e-07	0.00038467263	0.1351224	-1.1373724e-16	-9.5695665e-17	8.583568e-17	-7.706232e-17	0	-2.6814922e-17
8.600099999989673e-10	-1.9527096e-07	2.1382e-07	0.00040714635	0.13519093	-1.1377582e-16	-9.569213e-17	8.583331e-17	-7.7091784e-17	0	-2.6825224e-17
8.700099999989497e-10	-1.6234638e-07	1.9661998e-07	0.0004254067	0.1352728	-1.1380711e-16	-9.5688955e-17	8.5831615e-17	-7.71161e-17	0	-2.6833653e-17
8.800099999989321e-10	-1.4213212e-07	1.4468262e-07	0.00044127525	0.13535666	-1.1383305e-16	-9.568494e-17	8.582919e-17	-7.713601e-17	0	-2.6841291e-17
8.900099999989144e-10	-1.303071e-07	8.937271e-08	0.00044464477	0.13542922	-1.1385524e-16	-9.5679604e-17	8.582533e-17	-7.7152254e-17	0	-2.6848724e-17
9.000099999988968e-10	-1.2333012e-07	5.6321674e-08	0.00043583868	0.13548087	-1.1387491e-16	-9.5672835e-17	8.581977e-17	-7.716585e-17	0	-2.6855994e-17
9.100099999988792e-10	-1.1382374e-07	4.1819685e-08	0.00042428836	0.13551182	-1.1389283e-16	-9.5664695e-17	8.5812465e-17	-7.717776e-17	0	-2.6862843e-17
9.200099999988616e-10	-9.997518e-08	3.4400063e-08	0.00041724378	0.1355236	-1.1390955e-16	-9.5655523e-17	8.580376e-17	-7.7188776e-17	0	-2.6869e-17
9.30009999998844e-10	-7.904426e-08	3.305104e-08	0.00041723164	0.13551505	-1.1392542e-16	-9.56459e-17	8.579427e-17	-7.719947e-17	0	-2.6874322e-17
9.400099999989161e-10	-5.758638e-08	2.9678487e-08	0.00042560435	0.13548945	-1.1394074e-16	-9.563647e-17	8.578473e-17	-7.721022e-17	0	-2.687877e-17
9.50009999999002e-10	-3.931135e-08	2.3607887e-08	0.00044267182	0.13545169	-1.1395572e-16	-9.562777e-17	8.5775764e-17	-7.7221314e-17	0	-2.6882394e-17
9.600099999990877e-10	-3.071133e-08	1.6188265e-08	0.00046590535	0.13540466	-1.1397056e-16	-9.5620113e-17	8.576775e-17	-7.72329e-17	0	-2.68853e-17
9.700099999991735e-10	-2.508338e-08	7.756877e-09	0.0004904525	0.13535169	-1.1398534e-16	-9.561355e-17	8.5760835e-17	-7.7245004e-17	0	-2.6887627e-17
9.800099999992593e-10	-2.5378478e-08	-3.3725553e-10	0.0005121291	0.13529746	-1.140002e-16	-9.560798e-17	8.575496e-17	-7.7257677e-17	0	-2.688951e-17
9.90009999999345e-10	-2.3312788e-08	-1.1466688e-08	0.00052950636	0.13524461	-1.1401515e-16	-9.560313e-17	8.5749897e-17	-7.727085e-17	0	-2.689107e-17
1.0000099999994308e-09	-2.3017689e-08	-2.2933376e-08	0.00054301985	0.13519335	-1.1403018e-16	-9.5598706e-17	8.574535e-17	-7.728441e-17	0	-2.6892426e-17
1.0100099999995166e-09	-2.2722592e-08	-3.2713785e-08	0.00055381807	0.13514532	-1.1404531e-16	-9.55945e-17	8.5741095e-17	-7.7298235e-17	0	-2.6893667e-17
1.0200099999996024e-09	-1.8296113e-08	-4.451773e-08	0.000562838	0.13510069	-1.1406036e-16	-9.559036e-17	8.573698e-17	-7.7312125e-17	0	-2.6894861e-17
1.0300099999996882e-09	-8.009819e-09	-6.1380504e-08	0.00057049724	0.13506131	-1.1407525e-16	-9.558625e-17	8.573294e-17	-7.732588e-17	0	-2.689605e-17
1.040009999999774e-09	3.2039276e-09	-7.385896e-08	0.00057683577	0.1350252	-1.1408983e-16	-9.558222e-17	8.5728966e-17	-7.7339356e-17	0	-2.6897232e-17
1.0500099999998598e-09	1.6230421e-08	-8.734918e-08	0.00058162987	0.13499257	-1.1410391e-16	-9.557832e-17	8.572511e-17	-7.7352326e-17	0	-2.6898375e-17
1.0600099999999456e-09	2.8961818e-08	-9.7804104e-08	0.0005847208	0.13496447	-1.1411736e-16	-9.557459e-17	8.57214e-17	-7.736477e-17	0	-2.6899419e-17
1.0700000000000313e-09	4.3063316e-08	-1.08933534e-07	0.00058618485	0.13493775	-1.1413003e-16	-9.557106e-17	8.571789e-17	-7.7376546e-17	0	-2.6900304e-17
1.080000000000117e-09	5.676432e-08	-1.16690416e-07	0.0005862216	0.1349132	-1.1414185e-16	-9.556774e-17	8.571453e-17	-7.738766e-17	0	-2.6900982e-17
1.0900000000002028e-09	6.37413e-08	-1.274826e-07	0.0005851216	0.13489164	-1.1415276e-16	-9.5564606e-17	8.5711357e-17	-7.739809e-17	0	-2.690143e-17
1.1000000000002886e-09	6.783052e-08	-1.3152966e-07	0.0005832379	0.1348735	-1.1416273e-16	-9.556158e-17	8.570829e-17	-7.74078e-17	0	-2.6901647e-17
1.1100000000003744e-09	6.86315e-08	-1.3085514e-07	0.00058087445	0.13485898	-1.1417184e-16	-9.555863e-17	8.5705295e-17	-7.741683e-17	0	-2.6901672e-17
1.1200000000004602e-09	6.5659435e-08	-1.3220416e-07	0.00057819864	0.13484944	-1.141801e-16	-9.555567e-17	8.5702304e-17	-7.742519e-17	0	-2.6901541e-17
1.130000000000546e-09	5.988394e-08	-1.281571e-07	0.00057528797	0.13484511	-1.1418759e-16	-9.555264e-17	8.569927e-17	-7.74329e-17	0	-2.6901311e-17
1.1400000000006318e-09	5.0504013e-08	-1.2006296e-07	0.0005721828	0.13484529	-1.1419435e-16	-9.554949e-17	8.569614e-17	-7.743998e-17	0	-2.6901025e-17
1.1500000000007175e-09	4.6098616e-08	-1.1163158e-07	0.0005689622	0.13485056	-1.1420053e-16	-9.5546197e-17	8.56929e-17	-7.744651e-17	0	-2.6900726e-17
1.1600000000008033e-09	4.040743e-08	-1.03537445e-07	0.0005657178	0.13486128	-1.1420617e-16	-9.554272e-17	8.56895e-17	-7.74525e-17	0	-2.6900436e-17
1.1700000000008891e-09	3.6845165e-08	-9.2408015e-08	0.0005625427	0.13487686	-1.1421132e-16	-9.553905e-17	8.5685946e-17	-7.745804e-17	0	-2.6900182e-17
1.1800000000009749e-09	3.0542704e-08	-8.161584e-08	0.0005594466	0.13489638	-1.1421608e-16	-9.5535205e-17	8.568223e-17	-7.746315e-17	0	-2.689996e-17
1.1900000000010607e-09	2.3797593e-08	-7.3521704e-08	0.00055662997	0.13491982	-1.142205e-16	-9.5531175e-17	8.567837e-17	-7.746792e-17	0	-2.6899776e-17
1.2000000000011465e-09	1.3448064e-08	-6.407855e-08	0.0005539665	0.13494655	-1.1422463e-16	-9.552696e-17	8.5674345e-17	-7.7472386e-17	0	-2.6899626e-17
1.2100000000012322e-09	8.157368e-09	-5.362363e-08	0.0005516922	0.13497587	-1.1422855e-16	-9.552262e-17	8.5670176e-17	-7.7476575e-17	0	-2.6899503e-17
1.220000000001318e-09	3.2039276e-09	-4.384322e-08	0.0005498417	0.1350074	-1.142322e-16	-9.5518106e-17	8.5665875e-17	-7.7480565e-17	0	-2.6899407e-17
1.2300000000014038e-09	-2.4451026e-09	-3.7098108e-08	0.0005484577	0.13504064	-1.1423571e-16	-9.551348e-17	8.566146e-17	-7.748437e-17	0	-2.6899323e-17
1.2400000000014896e-09	-6.3867764e-09	-3.1364763e-08	0.0005474824	0.13507535	-1.1423908e-16	-9.550871e-17	8.5656915e-17	-7.748802e-17	0	-2.6899257e-17
1.2500000000015754e-09	-9.084821e-09	-2.3270632e-08	0.0005468912	0.13511117	-1.142423e-16	-9.550385e-17	8.565229e-17	-7.749153e-17	0	-2.6899205e-17
1.2600000000016612e-09	-1.6504442e-08	-1.7537287e-08	0.0005466885	0.13514827	-1.1424541e-16	-9.5498895e-17	8.5647564e-17	-7.749492e-17	0	-2.6899169e-17
1.270000000001747e-09	-1.9265721e-08	-1.3827477e-08	0.00054690335	0.13518754	-1.1424845e-16	-9.549383e-17	8.5642754e-17	-7.749822e-17	0	-2.6899144e-17
1.2800000000018327e-09	-2.1963766e-08	-7.419622e-09	0.00054734584	0.13522802	-1.1425139e-16	-9.5488704e-17	8.5637876e-17	-7.7501424e-17	0	-2.689914e-17
1.2900000000019185e-09	-2.383975e-08	-2.0235331e-09	0.00054794375	0.13526964	-1.1425429e-16	-9.548348e-17	8.563292e-17	-7.750457e-17	0	-2.689915e-17
1.3000000000020043e-09	-2.5842205e-08	3.3725553e-09	0.00054871594	0.13531202	-1.142571e-16	-9.5478176e-17	8.56279e-17	-7.7507624e-17	0	-2.6899177e-17
1.3100000000020901e-09	-2.824515e-08	4.0470662e-09	0.00054958736	0.13535543	-1.1425987e-16	-9.547281e-17	8.5622795e-17	-7.751063e-17	0	-2.6899217e-17
1.3200000000021759e-09	-3.020545e-08	6.7451107e-09	0.00055055955	0.1353995	-1.142626e-16	-9.546738e-17	8.561764e-17	-7.75136e-17	0	-2.689927e-17
1.3300000000022617e-09	-3.1765254e-08	6.407855e-09	0.00055153825	0.13544424	-1.1426529e-16	-9.546186e-17	8.561243e-17	-7.751651e-17	0	-2.6899333e-17
1.3400000000023475e-09	-3.0374075e-08	8.0941325e-09	0.0005526001	0.13549012	-1.1426792e-16	-9.545627e-17	8.560714e-17	-7.751939e-17	0	-2.68994e-17
1.3500000000024332e-09	-3.058486e-08	1.11294325e-08	0.00055374205	0.13553701	-1.1427054e-16	-9.545062e-17	8.56018e-17	-7.752225e-17	0	-2.6899472e-17
1.360000000002519e-09	-3.1596628e-08	1.11294325e-08	0.0005550118	0.13558461	-1.1427311e-16	-9.5444883e-17	8.55964e-17	-7.752508e-17	0	-2.6899545e-17
1.3700000000026048e-09	-3.305104e-08	1.3152966e-08	0.0005565178	0.13563307	-1.1427569e-16	-9.543911e-17	8.559094e-17	-7.752792e-17	0	-2.6899609e-17
1.3800000000026906e-09	-3.292457e-08	1.2141199e-08	0.0005581009	0.13568185	-1.1427823e-16	-9.543326e-17	8.558544e-17	-7.753073e-17	0	-2.6899669e-17
1.3900000000027764e-09	-3.284026e-08	1.0792177e-08	0.00055983255	0.1357308	-1.1428072e-16	-9.542736e-17	8.55799e-17	-7.753354e-17	0	-2.6899725e-17
1.4000000000028622e-09	-3.0816725e-08	9.78041e-09	0.00056178257	0.13578048	-1.1428322e-16	-9.542142e-17	8.557431e-17	-7.7536344e-17	0	-2.6899771e-17
1.410000000002948e-09	-3.157555e-08	1.2141199e-08	0.0005638934	0.13583045	-1.142857e-16	-9.541541e-17	8.556868e-17	-7.7539156e-17	0	-2.6899808e-17
1.4200000000030337e-09	-3.047947e-08	1.41647325e-08	0.00056619354	0.13588057	-1.142882e-16	-9.5409374e-17	8.556301e-17	-7.754198e-17	0	-2.6899842e-17
1.4300000000031195e-09	-2.9341232e-08	1.3996105e-08	0.0005686592	0.13593112	-1.1429066e-16	-9.540329e-17	8.5557316e-17	-7.7544814e-17	0	-2.6899867e-17
1.4400000000032053e-09	-2.7823582e-08	1.3827477e-08	0.0005712746	0.13598219	-1.1429313e-16	-9.539718e-17	8.55516e-17	-7.754766e-17	0	-2.6899892e-17
1.450000000003291e-09	-2.7191227e-08	1.3996105e-08	0.000574049	0.13603325	-1.1429561e-16	-9.539103e-17	8.554586e-17	-7.755053e-17	0	-2.6899909e-17
1.4600000000033769e-09	-2.6348088e-08	1.1803944e-08	0.0005770354	0.13608465	-1.1429811e-16	-9.538486e-17	8.5540104e-17	-7.7553423e-17	0	-2.6899925e-17
1.4700000000034627e-09	-2.5167694e-08	9.78041e-09	0.0005801028	0.13613683	-1.1430061e-16	-9.537866e-17	8.5534327e-17	-7.755634e-17	0	-2.6899937e-17
1.4800000000035485e-09	-2.3354945e-08	1.0623549e-08	0.0005833451	0.1361894	-1.1430315e-16	-9.537245e-17	8.552855e-17	-7.75593e-17	0	-2.6899948e-17
1.4900000000036342e-09	-2.1710825e-08	1.0623549e-08	0.00058673526	0.136242	-1.1430573e-16	-9.536625e-17	8.5522786e-17	-7.756232e-17	0	-2.6899957e-17
1.50000000000372e-09	-2.3650044e-08	1.0623549e-08	0.00059022463	0.13629498	-1.1430834e-16	-9.536007e-17	8.5517035e-17	-7.7565355e-17	0	-2.6899963e-17
1.5100000000038058e-09	-2.2849061e-08	1.0454921e-08	0.0005938626	0.1363479	-1.1431096e-16	-9.53539e-17	8.551133e-17	-7.756842e-17	0	-2.6899975e-17
1.5200000000038916e-09	-1.9813763e-08	1.1635316e-08	0.00059753866	0.13640033	-1.1431362e-16	-9.534779e-17	8.550567e-17	-7.757151e-17	0	-2.6899985e-17
1.5300000000039774e-09	-1.8422583e-08	1.1466688e-08	0.0006013546	0.13645194	-1.1431631e-16	-9.534176e-17	8.550007e-17	-7.757462e-17	0	-2.69e-17
1.5400000000040632e-09	-1.9771605e-08	8.768644e-09	0.0006052008	0.13650334	-1.14319e-16	-9.533581e-17	8.549456e-17	-7.757772e-17	0	-2.690002e-17
1.550000000004149e-09	-1.833827e-08	8.26276e-09	0.000609071	0.13655421	-1.1432164e-16	-9.532996e-17	8.548914e-17	-7.758078e-17	0	-2.690005e-17
1.5600000000042347e-09	-1.6441208e-08	9.105899e-09	0.000612912	0.13660428	-1.1432428e-16	-9.532421e-17	8.548383e-17	-7.758379e-17	0	-2.6900087e-17
1.5700000000043205e-09	-1.585101e-08	5.5647162e-09	0.0006166829	0.13665323	-1.1432683e-16	-9.53186e-17	8.547862e-17	-7.7586716e-17	0	-2.6900132e-17
1.5800000000044063e-09	-1.5218655e-08	4.384322e-09	0.00062038156	0.13670087	-1.1432933e-16	-9.531312e-17	8.5473526e-17	-7.758955e-17	0	-2.690019e-17
1.590000000004492e-09	-1.4923558e-08	4.0470662e-09	0.00062388176	0.13674685	-1.143317e-16	-9.5307744e-17	8.546854e-17	-7.759227e-17	0	-2.690025e-17
1.6000000000045779e-09	-1.3490221e-08	5.901972e-09	0.0006273785	0.13679133	-1.1433398e-16	-9.530248e-17	8.546367e-17	-7.7594855e-17	0	-2.6900312e-17
1.6100000000046637e-09	-1.3574535e-08	7.0823662e-09	0.0006307481	0.1368343	-1.1433613e-16	-9.5297334e-17	8.545888e-17	-7.7597304e-17	0	-2.6900378e-17
1.6200000000047495e-09	-1.2141199e-08	5.5647162e-09	0.00063396426	0.13687578	-1.1433815e-16	-9.529228e-17	8.54542e-17	-7.7599626e-17	0	-2.6900441e-17
1.6300000000048352e-09	-1.4839244e-08	4.5529496e-09	0.0006371445	0.13691577	-1.1434005e-16	-9.528732e-17	8.544959e-17	-7.7601823e-17	0	-2.6900496e-17
1.640000000004921e-09	-1.4291203e-08	4.5529496e-09	0.00064025295	0.13695477	-1.1434184e-16	-9.5282445e-17	8.544508e-17	-7.7603915e-17	0	-2.690055e-17
1.6500000000050068e-09	-1.4839244e-08	3.709811e-09	0.0006433119	0.13699268	-1.1434349e-16	-9.527766e-17	8.5440644e-17	-7.760588e-17	0	-2.6900597e-17
1.6600000000050926e-09	-1.2309827e-08	3.3725553e-09	0.00064633135	0.13702998	-1.1434505e-16	-9.527295e-17	8.543628e-17	-7.7607746e-17	0	-2.6900635e-17
1.6700000000051784e-09	-1.1677472e-08	4.890205e-09	0.00064926915	0.13706651	-1.1434654e-16	-9.5268337e-17	8.543201e-17	-7.760953e-17	0	-2.6900681e-17
1.6800000000052642e-09	-1.0876491e-08	5.733344e-09	0.0006521393	0.13710253	-1.1434794e-16	-9.5263804e-17	8.54278e-17	-7.7611214e-17	0	-2.690072e-17
1.69000000000535e-09	-1.171963e-08	4.5529496e-09	0.00065495673	0.13713814	-1.1434926e-16	-9.525933e-17	8.542368e-17	-7.761284e-17	0	-2.6900759e-17
1.7000000000054357e-09	-1.11294325e-08	5.058833e-09	0.00065775856	0.13717331	-1.1435051e-16	-9.525494e-17	8.541962e-17	-7.761438e-17	0	-2.69008e-17
1.7100000000055215e-09	-9.9068815e-09	4.5529496e-09	0.0006604308	0.13720813	-1.1435172e-16	-9.5250635e-17	8.5415636e-17	-7.761587e-17	0	-2.6900845e-17
1.7200000000056073e-09	-9.864724e-09	4.890205e-09	0.00066304917	0.13724275	-1.1435286e-16	-9.52464e-17	8.541172e-17	-7.761729e-17	0	-2.6900888e-17
1.730000000005693e-09	-1.1930414e-08	7.250994e-09	0.00066562183	0.13727656	-1.1435399e-16	-9.524226e-17	8.5407874e-17	-7.7618665e-17	0	-2.6900931e-17
1.7400000000057789e-09	-9.78041e-09	8.937271e-09	0.0006681133	0.13730942	-1.1435505e-16	-9.5238174e-17	8.540411e-17	-7.761999e-17	0	-2.6900976e-17
1.7500000000058647e-09	-1.0075508e-08	8.26276e-09	0.0006705676	0.13734148	-1.1435607e-16	-9.5234184e-17	8.540041e-17	-7.762128e-17	0	-2.6901015e-17
1.7600000000059504e-09	-8.768644e-09	8.768644e-09	0.00067290675	0.13737305	-1.1435706e-16	-9.523028e-17	8.539679e-17	-7.7622516e-17	0	-2.6901055e-17
1.7700000000060362e-09	-8.3892315e-09	6.9137385e-09	0.0006752284	0.13740396	-1.1435802e-16	-9.5226435e-17	8.539325e-17	-7.7623754e-17	0	-2.690109e-17
1.780000000006122e-09	-6.8294246e-09	8.0941325e-09	0.0006776271	0.13743421	-1.1435898e-16	-9.5222696e-17	8.538977e-17	-7.762493e-17	0	-2.6901123e-17
1.7900000000062078e-09	-6.3235412e-09	8.768644e-09	0.000680035	0.13746403	-1.1435992e-16	-9.5219043e-17	8.538638e-17	-7.7626116e-17	0	-2.6901148e-17
1.8000000000062936e-09	-6.9137385e-09	9.78041e-09	0.0006823561	0.13749315	-1.143608e-16	-9.521547e-17	8.538308e-17	-7.762725e-17	0	-2.6901166e-17
1.8100000000063794e-09	-6.407855e-09	9.78041e-09	0.00068459945	0.13752134	-1.1436166e-16	-9.5211976e-17	8.537984e-17	-7.762835e-17	0	-2.690118e-17
1.8200000000064652e-09	-6.407855e-09	1.11294325e-08	0.0006869004	0.13754876	-1.1436254e-16	-9.520859e-17	8.5376686e-17	-7.762944e-17	0	-2.690119e-17
1.830000000006551e-09	-7.377465e-09	1.281571e-08	0.00068920787	0.13757554	-1.1436334e-16	-9.520527e-17	8.537362e-17	-7.763051e-17	0	-2.6901192e-17
1.8400000000066367e-09	-6.9980524e-09	1.1803944e-08	0.00069144135	0.13760158	-1.1436415e-16	-9.5202036e-17	8.537063e-17	-7.763156e-17	0	-2.6901199e-17
1.8500000000067225e-09	-7.672563e-09	9.6117825e-09	0.0006936289	0.13762687	-1.1436495e-16	-9.519889e-17	8.536772e-17	-7.7632575e-17	0	-2.6901194e-17
1.8600000000068083e-09	-8.431388e-09	1.1635316e-08	0.0006957644	0.13765158	-1.1436574e-16	-9.519583e-17	8.5364874e-17	-7.763359e-17	0	-2.690119e-17
1.870000000006742e-09	-8.8529575e-09	1.3152966e-08	0.0006979046	0.13767557	-1.143665e-16	-9.519285e-17	8.5362114e-17	-7.763457e-17	0	-2.6901184e-17
1.880000000006621e-09	-1.0665706e-08	1.2309827e-08	0.00069997873	0.1376988	-1.1436724e-16	-9.518995e-17	8.535943e-17	-7.763553e-17	0	-2.6901182e-17
1.8900000000065e-09	-1.032845e-08	1.1466688e-08	0.000702037	0.13772146	-1.1436798e-16	-9.518713e-17	8.535681e-17	-7.763648e-17	0	-2.6901176e-17
1.900000000006379e-09	-9.23237e-09	1.3321594e-08	0.0007040083	0.13774358	-1.143687e-16	-9.518438e-17	8.535425e-17	-7.763741e-17	0	-2.6901168e-17
1.910000000006258e-09	-7.124523e-09	1.4501988e-08	0.0007059619	0.13776506	-1.1436942e-16	-9.5181694e-17	8.535177e-17	-7.763832e-17	0	-2.6901163e-17
1.920000000006137e-09	-7.71472e-09	1.5682382e-08	0.0007079366	0.13778587	-1.1437011e-16	-9.517911e-17	8.534934e-17	-7.7639205e-17	0	-2.6901156e-17
1.930000000006016e-09	-9.738254e-09	1.4670616e-08	0.00070983317	0.13780618	-1.1437081e-16	-9.517656e-17	8.5346993e-17	-7.76401e-17	0	-2.6901151e-17
1.940000000005895e-09	-8.515702e-09	1.6188265e-08	0.00071163406	0.13782586	-1.1437148e-16	-9.5174084e-17	8.53447e-17	-7.764096e-17	0	-2.6901144e-17
1.950000000005774e-09	-8.68433e-09	1.7705915e-08	0.00071336416	0.13784505	-1.1437217e-16	-9.517169e-17	8.534247e-17	-7.764181e-17	0	-2.690114e-17
1.960000000005653e-09	-8.557859e-09	1.7874543e-08	0.0007150954	0.13786376	-1.1437282e-16	-9.5169346e-17	8.534029e-17	-7.764264e-17	0	-2.6901133e-17
1.9700000000055318e-09	-8.515702e-09	1.500787e-08	0.00071678916	0.13788193	-1.1437348e-16	-9.516709e-17	8.533818e-17	-7.764347e-17	0	-2.6901128e-17
1.9800000000054108e-09	-8.937271e-09	1.6356893e-08	0.0007184747	0.13789962	-1.1437416e-16	-9.5164886e-17	8.533613e-17	-7.764428e-17	0	-2.6901115e-17
1.9900000000052898e-09	-8.347074e-09	1.736866e-08	0.00072010106	0.1379169	-1.1437479e-16	-9.516272e-17	8.5334116e-17	-7.764508e-17	0	-2.6901106e-17
2.0000000000051688e-09	-8.8529575e-09	1.8717682e-08	0.0007215776	0.13793367	-1.1437544e-16	-9.516064e-17	8.5332184e-17	-7.764588e-17	0	-2.6901095e-17
2.0100000000050478e-09	-8.473545e-09	1.9223565e-08	0.0007231422	0.13794996	-1.1437609e-16	-9.515861e-17	8.533028e-17	-7.764667e-17	0	-2.690108e-17
2.0200000000049267e-09	-9.316684e-09	1.8211798e-08	0.0007246615	0.13796586	-1.143767e-16	-9.5156634e-17	8.532844e-17	-7.764744e-17	0	-2.6901062e-17
2.0300000000048057e-09	-9.9068815e-09	1.8211798e-08	0.0007260437	0.13798137	-1.1437733e-16	-9.515471e-17	8.5326645e-17	-7.764822e-17	0	-2.6901045e-17
2.0400000000046847e-09	-8.810801e-09	1.6862776e-08	0.00072741194	0.13799644	-1.1437797e-16	-9.515284e-17	8.532489e-17	-7.7648986e-17	0	-2.6901027e-17
2.0500000000045637e-09	-9.021585e-09	1.8549054e-08	0.0007287577	0.13801107	-1.1437859e-16	-9.515103e-17	8.53232e-17	-7.764975e-17	0	-2.6901009e-17
2.0600000000044427e-09	-8.431388e-09	1.956082e-08	0.0007300856	0.13802537	-1.1437921e-16	-9.514926e-17	8.532155e-17	-7.765051e-17	0	-2.6900984e-17
2.0700000000043217e-09	-7.335308e-09	1.7874543e-08	0.0007313165	0.1380393	-1.1437984e-16	-9.5147555e-17	8.531994e-17	-7.765126e-17	0	-2.690096e-17
2.0800000000042007e-09	-7.377465e-09	1.9898076e-08	0.000732495	0.13805294	-1.1438046e-16	-9.5145874e-17	8.5318366e-17	-7.765202e-17	0	-2.6900934e-17
2.0900000000040797e-09	-7.672563e-09	2.0909843e-08	0.0007336247	0.13806625	-1.1438108e-16	-9.5144266e-17	8.531685e-17	-7.765275e-17	0	-2.6900908e-17
2.1000000000039587e-09	-9.527469e-09	2.0235332e-08	0.00073468394	0.13807933	-1.1438169e-16	-9.5142685e-17	8.531538e-17	-7.765352e-17	0	-2.690088e-17
2.1100000000038377e-09	-9.569626e-09	1.956082e-08	0.0007356914	0.13809212	-1.1438234e-16	-9.5141156e-17	8.5313926e-17	-7.7654253e-17	0	-2.6900853e-17
2.1200000000037166e-09	-8.768644e-09	1.9898076e-08	0.0007366424	0.1381046	-1.1438296e-16	-9.513966e-17	8.531252e-17	-7.7655e-17	0	-2.6900823e-17
2.1300000000035956e-09	-9.021585e-09	2.0572587e-08	0.0007375436	0.13811673	-1.143836e-16	-9.513822e-17	8.531116e-17	-7.7655736e-17	0	-2.6900794e-17
2.1400000000034746e-09	-6.0705996e-09	2.0909843e-08	0.0007384107	0.1381286	-1.143842e-16	-9.51368e-17	8.5309836e-17	-7.765647e-17	0	-2.6900762e-17
2.1500000000033536e-09	-5.2696176e-09	2.0066704e-08	0.000739242	0.1381402	-1.1438484e-16	-9.513543e-17	8.530854e-17	-7.765721e-17	0	-2.6900726e-17
2.1600000000032326e-09	-6.8715815e-09	2.0572587e-08	0.0007400007	0.1381516	-1.1438546e-16	-9.513409e-17	8.530727e-17	-7.7657946e-17	0	-2.6900694e-17
2.1700000000031116e-09	-6.534326e-09	1.8549054e-08	0.00074064365	0.13816278	-1.143861e-16	-9.51328e-17	8.530605e-17	-7.7658694e-17	0	-2.690066e-17
2.1800000000029906e-09	-7.208837e-09	2.0909843e-08	0.000741246	0.13817374	-1.1438674e-16	-9.513154e-17	8.530485e-17	-7.765943e-17	0	-2.6900625e-17
2.1900000000028696e-09	-8.009819e-09	2.0066704e-08	0.0007417505	0.13818449	-1.1438738e-16	-9.5130303e-17	8.530368e-17	-7.766016e-17	0	-2.690059e-17
2.2000000000027486e-09	-7.461779e-09	2.040396e-08	0.0007422399	0.13819501	-1.1438801e-16	-9.5129106e-17	8.530255e-17	-7.76609e-17	0	-2.6900555e-17
2.2100000000026276e-09	-5.817658e-09	2.1247098e-08	0.000742667	0.13820547	-1.1438865e-16	-9.5127934e-17	8.530144e-17	-7.766163e-17	0	-2.6900517e-17
2.2200000000025065e-09	-7.16668e-09	2.1247098e-08	0.00074297865	0.13821575	-1.143893e-16	-9.5126816e-17	8.530036e-17	-7.766237e-17	0	-2.690048e-17
2.2300000000023855e-09	-7.461779e-09	2.192161e-08	0.0007431901	0.13822596	-1.1438996e-16	-9.512572e-17	8.5299315e-17	-7.7663114e-17	0	-2.6900445e-17
2.2400000000022645e-09	-6.3235412e-09	2.1584354e-08	0.000743324	0.13823625	-1.143906e-16	-9.5124626e-17	8.529829e-17	-7.766385e-17	0	-2.6900407e-17
2.2500000000021435e-09	-6.0705996e-09	2.0572587e-08	0.0007434296	0.13824646	-1.1439126e-16	-9.512359e-17	8.5297296e-17	-7.76646e-17	0	-2.6900365e-17
2.2600000000020225e-09	-6.1970704e-09	2.0909843e-08	0.0007434729	0.13825682	-1.1439193e-16	-9.512259e-17	8.529632e-17	-7.766534e-17	0	-2.6900327e-17
2.2700000000019015e-09	-5.901972e-09	2.040396e-08	0.0007434313	0.13826728	-1.143926e-16	-9.5121595e-17	8.5295364e-17	-7.766607e-17	0	-2.6900287e-17
2.2800000000017805e-09	-5.9862857e-09	2.0741215e-08	0.00074331794	0.138278	-1.1439323e-16	-9.512062e-17	8.529445e-17	-7.7666813e-17	0	-2.6900251e-17
2.2900000000016595e-09	-5.733344e-09	2.0235332e-08	0.0007431418	0.1382889	-1.143939e-16	-9.5119696e-17	8.529356e-17	-7.766755e-17	0	-2.6900213e-17
2.3000000000015385e-09	-5.691187e-09	1.888631e-08	0.00074293086	0.13830002	-1.1439458e-16	-9.511879e-17	8.529268e-17	-7.7668296e-17	0	-2.6900173e-17
2.3100000000014175e-09	-4.300008e-09	2.0235332e-08	0.0007426203	0.13831154	-1.1439524e-16	-9.5117896e-17	8.529183e-17	-7.766904e-17	0	-2.6900135e-17
2.3200000000012965e-09	-5.3117746e-09	1.9898076e-08	0.00074226444	0.13832332	-1.1439592e-16	-9.5117035e-17	8.529099e-17	-7.766978e-17	0	-2.6900095e-17
2.3300000000011754e-09	-3.6887324e-09	1.9898076e-08	0.0007418121	0.13833547	-1.1439658e-16	-9.5116195e-17	8.529018e-17	-7.7670506e-17	0	-2.690006e-17
2.3400000000010544e-09	-4.0470662e-09	1.956082e-08	0.0007413091	0.13834785	-1.1439727e-16	-9.511538e-17	8.528939e-17	-7.7671254e-17	0	-2.6900021e-17
2.3500000000009334e-09	-3.0142213e-09	1.7705915e-08	0.00074073515	0.13836049	-1.1439794e-16	-9.511459e-17	8.5288614e-17	-7.767198e-17	0	-2.6899988e-17
2.3600000000008124e-09	-3.8362815e-09	1.7705915e-08	0.00074011367	0.13837315	-1.143986e-16	-9.5113806e-17	8.528787e-17	-7.767271e-17	0	-2.6899952e-17
2.3700000000006914e-09	-4.7215774e-09	1.6694148e-08	0.0007394879	0.1383858	-1.1439926e-16	-9.511305e-17	8.528715e-17	-7.767344e-17	0	-2.6899917e-17
2.3800000000005704e-09	-4.110302e-09	1.652552e-08	0.0007388373	0.13839832	-1.1439994e-16	-9.511233e-17	8.528644e-17	-7.767416e-17	0	-2.6899882e-17
2.3900000000004494e-09	-4.5529496e-09	1.7537287e-08	0.00073808513	0.13841076	-1.144006e-16	-9.5111616e-17	8.528575e-17	-7.767488e-17	0	-2.689985e-17
2.4000000000003284e-09	-5.7544223e-09	1.652552e-08	0.0007372824	0.13842309	-1.1440125e-16	-9.511092e-17	8.5285074e-17	-7.76756e-17	0	-2.689982e-17
2.4100000000002074e-09	-5.9441287e-09	1.6694148e-08	0.0007364804	0.13843524	-1.1440194e-16	-9.511025e-17	8.528441e-17	-7.7676316e-17	0	-2.6899788e-17
2.4200000000000864e-09	-5.10099e-09	1.585101e-08	0.0007356608	0.13844714	-1.1440261e-16	-9.5109604e-17	8.528378e-17	-7.767702e-17	0	-2.689976e-17
2.4300099999999652e-09	-4.4264787e-09	1.500787e-08	0.00073479896	0.13845894	-1.1440327e-16	-9.510898e-17	8.5283155e-17	-7.767771e-17	0	-2.689973e-17
2.4400099999998442e-09	-4.5951065e-09	1.3490221e-08	0.00073391787	0.13847049	-1.1440391e-16	-9.510835e-17	8.528255e-17	-7.7678394e-17	0	-2.6899703e-17
2.450009999999723e-09	-4.4686357e-09	1.2309827e-08	0.0007330495	0.13848183	-1.1440457e-16	-9.510776e-17	8.5281964e-17	-7.767909e-17	0	-2.6899679e-17
2.460009999999602e-09	-4.3632435e-09	1.2984338e-08	0.00073215814	0.138493	-1.1440519e-16	-9.510717e-17	8.52814e-17	-7.7679764e-17	0	-2.6899657e-17
2.470009999999481e-09	-5.859815e-09	1.3490221e-08	0.0007312732	0.13850398	-1.1440582e-16	-9.51066e-17	8.528085e-17	-7.768043e-17	0	-2.6899634e-17
2.48000999999936e-09	-7.883348e-09	1.2309827e-08	0.0007303833	0.13851485	-1.1440648e-16	-9.510607e-17	8.528031e-17	-7.76811e-17	0	-2.6899614e-17
2.490009999999239e-09	-7.335308e-09	1.2141199e-08	0.0007294617	0.13852566	-1.144071e-16	-9.510555e-17	8.5279787e-17	-7.768175e-17	0	-2.6899593e-17
2.500009999999118e-09	-8.178446e-09	1.2478455e-08	0.00072854024	0.13853636	-1.1440772e-16	-9.5105025e-17	8.527928e-17	-7.7682404e-17	0	-2.6899576e-17
2.510009999998997e-09	-8.937271e-09	1.1803944e-08	0.0007275995	0.1385469	-1.1440832e-16	-9.5104515e-17	8.527879e-17	-7.768301e-17	0	-2.6899561e-17
2.520009999998876e-09	-8.916193e-09	1.2141199e-08	0.0007266677	0.13855723	-1.1440893e-16	-9.510406e-17	8.527832e-17	-7.7683655e-17	0	-2.6899546e-17
2.530009999998755e-09	-9.443155e-09	1.1635316e-08	0.00072580844	0.13856734	-1.1440952e-16	-9.510359e-17	8.5277854e-17	-7.7684264e-17	0	-2.6899536e-17
2.540009999998634e-09	-9.864724e-09	1.129806e-08	0.00072493916	0.13857721	-1.1441016e-16	-9.5103145e-17	8.5277404e-17	-7.768487e-17	0	-2.6899521e-17
2.550009999998513e-09	-1.0602471e-08	1.0960805e-08	0.00072399207	0.13858697	-1.1441071e-16	-9.5102695e-17	8.527697e-17	-7.7685475e-17	0	-2.6899513e-17
2.560009999998392e-09	-1.1234825e-08	1.0117666e-08	0.00072307786	0.13859655	-1.144113e-16	-9.5102285e-17	8.527656e-17	-7.7686064e-17	0	-2.6899505e-17
2.570009999998271e-09	-1.2520611e-08	9.949038e-09	0.00072213827	0.13860597	-1.1441185e-16	-9.510189e-17	8.5276154e-17	-7.7686626e-17	0	-2.6899502e-17
2.58000999999815e-09	-1.3806398e-08	1.0117666e-08	0.0007212336	0.13861513	-1.1441242e-16	-9.5101504e-17	8.527577e-17	-7.76872e-17	0	-2.6899493e-17
2.590009999998029e-09	-1.3743163e-08	1.0117666e-08	0.0007203574	0.13862418	-1.1441299e-16	-9.5101134e-17	8.527539e-17	-7.768776e-17	0	-2.6899493e-17
2.600009999997908e-09	-1.490248e-08	1.1635316e-08	0.00071946764	0.13863298	-1.1441353e-16	-9.510076e-17	8.5275035e-17	-7.7688313e-17	0	-2.6899488e-17
2.610009999997787e-09	-1.5113264e-08	1.0960805e-08	0.0007185574	0.13864158	-1.1441406e-16	-9.510041e-17	8.527469e-17	-7.768885e-17	0	-2.689949e-17
2.620009999997666e-09	-1.6040715e-08	1.0117666e-08	0.00071764534	0.13864991	-1.144146e-16	-9.5100095e-17	8.5274354e-17	-7.768937e-17	0	-2.6899495e-17
2.630009999997545e-09	-1.6841698e-08	1.0623549e-08	0.0007166894	0.13865806	-1.1441515e-16	-9.5099784e-17	8.527402e-17	-7.7689895e-17	0	-2.6899495e-17
2.640009999997424e-09	-1.8085327e-08	1.1466688e-08	0.00071578776	0.13866602	-1.1441568e-16	-9.509947e-17	8.5273725e-17	-7.7690424e-17	0	-2.6899502e-17
2.650009999997303e-09	-1.8633369e-08	1.1466688e-08	0.00071479625	0.13867374	-1.1441618e-16	-9.509918e-17	8.5273434e-17	-7.769092e-17	0	-2.6899505e-17
2.660009999997182e-09	-1.8844153e-08	9.6117825e-09	0.0007137646	0.13868122	-1.1441668e-16	-9.5098904e-17	8.527315e-17	-7.769141e-17	0	-2.6899513e-17
2.670009999997061e-09	-2.0172097e-08	1.0792177e-08	0.0007127758	0.13868843	-1.144172e-16	-9.509863e-17	8.527288e-17	-7.769191e-17	0	-2.689952e-17
2.68000999999694e-09	-1.9813763e-08	1.3827477e-08	0.00071181584	0.1386956	-1.1441769e-16	-9.509839e-17	8.5272627e-17	-7.769239e-17	0	-2.689953e-17
2.690009999996819e-09	-2.0129939e-08	1.3490221e-08	0.0007108451	0.13870259	-1.1441815e-16	-9.5098136e-17	8.527238e-17	-7.769285e-17	0	-2.689954e-17
2.700009999996698e-09	-2.1204942e-08	1.129806e-08	0.0007097568	0.13870938	-1.1441864e-16	-9.509791e-17	8.5272144e-17	-7.769332e-17	0	-2.689955e-17
2.710009999996577e-09	-2.0994156e-08	1.1635316e-08	0.0007086744	0.13871603	-1.1441913e-16	-9.5097706e-17	8.527192e-17	-7.769378e-17	0	-2.6899563e-17
2.720009999996456e-09	-2.080445e-08	1.2478455e-08	0.00070760684	0.13872245	-1.144196e-16	-9.5097514e-17	8.5271713e-17	-7.769423e-17	0	-2.6899574e-17
2.730009999996335e-09	-2.1057392e-08	1.41647325e-08	0.00070649484	0.13872863	-1.1442007e-16	-9.509731e-17	8.52715e-17	-7.769468e-17	0	-2.689959e-17
2.740009999996214e-09	-2.2806905e-08	1.4670616e-08	0.0007053456	0.13873456	-1.1442055e-16	-9.509713e-17	8.5271316e-17	-7.769512e-17	0	-2.6899604e-17
2.750009999996093e-09	-2.1542197e-08	1.3996105e-08	0.00070416054	0.13874026	-1.14421e-16	-9.5096965e-17	8.5271144e-17	-7.769556e-17	0	-2.6899616e-17
2.760009999995972e-09	-2.2553964e-08	1.5682382e-08	0.0007029096	0.13874577	-1.1442147e-16	-9.5096806e-17	8.527097e-17	-7.7696e-17	0	-2.6899634e-17
2.770009999995851e-09	-2.3755437e-08	1.6188265e-08	0.0007016505	0.13875106	-1.1442195e-16	-9.509667e-17	8.5270813e-17	-7.769643e-17	0	-2.6899649e-17
2.78000999999573e-09	-2.314416e-08	1.5682382e-08	0.00070032274	0.13875611	-1.144224e-16	-9.5096535e-17	8.527067e-17	-7.769686e-17	0	-2.6899669e-17
2.790009999995609e-09	-2.3270632e-08	1.6862776e-08	0.00069900794	0.138761	-1.1442284e-16	-9.509642e-17	8.527053e-17	-7.769729e-17	0	-2.6899684e-17
2.800009999995488e-09	-2.5125537e-08	1.7031404e-08	0.00069767406	0.13876575	-1.144233e-16	-9.509631e-17	8.52704e-17	-7.76977e-17	0	-2.6899702e-17
2.810009999995367e-09	-2.5146615e-08	1.8211798e-08	0.00069623935	0.13877039	-1.1442375e-16	-9.5096204e-17	8.527029e-17	-7.769812e-17	0	-2.6899718e-17
2.820009999995246e-09	-2.383975e-08	1.9223565e-08	0.0006947335	0.13877496	-1.1442421e-16	-9.509611e-17	8.527018e-17	-7.769854e-17	0	-2.6899741e-17
2.830009999995125e-09	-2.6917206e-08	2.0909843e-08	0.0006931902	0.1387794	-1.1442467e-16	-9.509604e-17	8.527008e-17	-7.7698954e-17	0	-2.6899761e-17
2.840009999995004e-09	-2.6959365e-08	2.1752982e-08	0.00069158734	0.13878362	-1.1442512e-16	-9.509597e-17	8.5269986e-17	-7.7699365e-17	0	-2.689978e-17
2.850009999994883e-09	-2.6790737e-08	2.2258865e-08	0.00068994524	0.13878766	-1.144256e-16	-9.5095926e-17	8.5269913e-17	-7.7699795e-17	0	-2.6899804e-17
2.860009999994762e-09	-2.6832893e-08	2.2258865e-08	0.000688237	0.13879158	-1.1442605e-16	-9.5095846e-17	8.526984e-17	-7.7700205e-17	0	-2.6899823e-17
2.870009999994641e-09	-2.7928973e-08	2.5125537e-08	0.0006864537	0.13879533	-1.1442651e-16	-9.509583e-17	8.526979e-17	-7.770063e-17	0	-2.6899846e-17
2.8800099999945198e-09	-2.67275e-08	2.495691e-08	0.0006845799	0.13879888	-1.1442699e-16	-9.50958e-17	8.526973e-17	-7.7701045e-17	0	-2.6899867e-17
2.8900099999943988e-09	-2.7233384e-08	2.4788282e-08	0.0006826249	0.13880223	-1.1442747e-16	-9.509578e-17	8.5269675e-17	-7.7701476e-17	0	-2.689989e-17
2.9000099999942778e-09	-2.9341232e-08	2.5800048e-08	0.000680689	0.13880542	-1.1442794e-16	-9.509577e-17	8.5269636e-17	-7.77019e-17	0	-2.6899914e-17
2.9100099999941568e-09	-2.9425545e-08	2.6643187e-08	0.00067865994	0.13880847	-1.1442842e-16	-9.509576e-17	8.526961e-17	-7.770233e-17	0	-2.6899937e-17
2.9200099999940357e-09	-2.7444168e-08	2.9003976e-08	0.00067652634	0.13881142	-1.1442891e-16	-9.509576e-17	8.526959e-17	-7.770277e-17	0	-2.689996e-17
2.9300099999939147e-09	-3.003682e-08	2.9341232e-08	0.00067431445	0.13881424	-1.1442941e-16	-9.509578e-17	8.526957e-17	-7.770321e-17	0	-2.6899985e-17
2.9400099999937937e-09	-2.988927e-08	2.9341232e-08	0.00067196105	0.13881695	-1.1442992e-16	-9.50958e-17	8.526956e-17	-7.7703666e-17	0	-2.6900011e-17
2.9500099999936727e-09	-3.1259372e-08	3.254516e-08	0.00066956226	0.1388195	-1.1443043e-16	-9.509583e-17	8.5269556e-17	-7.7704116e-17	0	-2.6900034e-17
2.9600099999935517e-09	-3.225006e-08	3.4568693e-08	0.0006670733	0.13882193	-1.1443095e-16	-9.509586e-17	8.526956e-17	-7.770458e-17	0	-2.690006e-17
2.9700099999934307e-09	-3.1238294e-08	3.608634e-08	0.0006644484	0.13882428	-1.144315e-16	-9.509591e-17	8.526956e-17	-7.770506e-17	0	-2.6900089e-17
2.9800099999933097e-09	-3.111182e-08	3.7098108e-08	0.0006617204	0.13882652	-1.1443203e-16	-9.5095965e-17	8.526959e-17	-7.770554e-17	0	-2.6900115e-17
2.9900099999931887e-09	-3.0964273e-08	3.8109874e-08	0.00065893505	0.1388286	-1.144326e-16	-9.509603e-17	8.52696e-17	-7.770604e-17	0	-2.690014e-17
3.0000099999930677e-09	-3.2292217e-08	3.861576e-08	0.00065605174	0.1388305	-1.1443317e-16	-9.509608e-17	8.526963e-17	-7.7706545e-17	0	-2.6900168e-17
