# t (s)	mx ()	my ()	mz ()	spinAngle (rad)	E_total (J)	E_anis (J)	E_demag (J)	E_exch (J)	E_therm (J)	E_custom (J)
0	0	0	0	0.0060737464	1.8596509e-17	-1.2571201e-16	1.5692531e-16	6.240001e-18	0	-1.88568e-17
1.0000000000000124e-11	2.275855e-10	4.2672282e-10	0.00069659273	0.010440074	1.332287e-17	-1.2309015e-16	1.5395691e-16	1.1464576e-18	0	-1.8690344e-17
2.0009999999999403e-11	1.3162028e-09	9.10342e-10	0.0022857776	0.0128415525	1.2405972e-17	-1.2116297e-16	1.5160022e-16	5.1698633e-19	0	-1.8548266e-17
3.000999999999824e-11	2.4465443e-09	1.1834447e-09	0.0047915755	0.015059818	1.18818605e-17	-1.1909494e-16	1.4908383e-16	3.3370043e-19	0	-1.8440761e-17
4.000000000000001e-11	2.9434393e-09	1.858615e-09	0.0077538886	0.017438846	1.1441582e-17	-1.1659585e-16	1.460161e-16	2.3789802e-19	0	-1.8216573e-17
5.0000000000001785e-11	2.3517168e-09	3.6868852e-09	0.011149396	0.020092051	1.1121935e-17	-1.1348885e-16	1.4220075e-16	3.128424e-19	0	-1.7902794e-17
6.00000000000024e-11	6.448256e-10	5.3558455e-09	0.015000633	0.023016825	1.0822296e-17	-1.097669e-16	1.3762242e-16	4.998431e-19	0	-1.7533069e-17
7.000999999999771e-11	-2.3213722e-09	7.608942e-09	0.019282127	0.026234021	1.0516323e-17	-1.0546219e-16	1.3231964e-16	7.9411004e-19	0	-1.7135242e-17
8.000999999999302e-11	-5.6896376e-09	9.505488e-09	0.02387267	0.029637292	1.0190877e-17	-1.00665664e-16	1.2639868e-16	1.1880281e-18	0	-1.6730165e-17
9.000999999998834e-11	-8.837904e-09	1.12882415e-08	0.028578555	0.033163864	9.834436e-18	-9.5501125e-17	1.2000079e-16	1.665937e-18	0	-1.6331167e-17
1.0000999999998365e-10	-1.1910308e-08	1.15916885e-08	0.033135775	0.036994606	9.436732e-18	-9.011154e-17	1.132926e-16	2.2200607e-18	0	-1.5964402e-17
1.1000999999997896e-10	-1.3124097e-08	1.1606861e-08	0.03731892	0.041244313	8.990368e-18	-8.463002e-17	1.06434355e-16	2.8557559e-18	0	-1.5669722e-17
1.2000999999997891e-10	-1.1773757e-08	8.997214e-09	0.041093964	0.04584866	8.49163e-18	-7.9168404e-17	9.956738e-17	3.587643e-18	0	-1.5494977e-17
1.3000999999998715e-10	-9.255144e-09	6.903427e-09	0.04475466	0.050546423	7.941425e-18	-7.385034e-17	9.285671e-17	4.4131248e-18	0	-1.5478056e-17
1.400099999999954e-10	-4.005505e-09	3.2393004e-09	0.049029842	0.054943312	7.343557e-18	-6.886492e-17	8.655017e-17	5.270336e-18	0	-1.5612045e-17
1.5000000000000362e-10	-2.88275e-10	-1.441375e-10	0.05505894	0.058574777	6.6989474e-18	-6.444244e-17	8.093704e-17	6.027939e-18	0	-1.5823588e-17
1.6000000000001186e-10	7.282736e-10	-1.879477e-09	0.064077474	0.061052926	5.993594e-18	-6.070653e-17	7.616655e-17	6.528511e-18	0	-1.5994945e-17
1.700000000000201e-10	-3.2772314e-09	-1.7296499e-09	0.076623775	0.062209554	5.19356e-18	-5.7548206e-17	7.2099716e-17	6.6601535e-18	0	-1.601811e-17
1.8000000000002833e-10	-1.0195831e-08	5.1586047e-10	0.09161985	0.062151764	4.2447513e-18	-5.4508052e-17	6.816394e-17	6.4411487e-18	0	-1.5852281e-17
1.9000000000003657e-10	-1.7903393e-08	2.1241313e-09	0.10610956	0.06128467	3.096235e-18	-5.0874817e-17	6.3485536e-17	6.0288666e-18	0	-1.5543356e-17
2.000000000000448e-10	-2.518613e-08	9.710315e-09	0.11665995	0.060013913	1.7270881e-18	-4.602979e-17	5.7331246e-17	5.615546e-18	0	-1.5189916e-17
2.1000000000005304e-10	-2.864543e-08	2.5489577e-08	0.121395454	0.058526207	1.4064947e-19	-3.981041e-17	4.955149e-17	5.3075457e-18	0	-1.4907978e-17
2.2000000000006128e-10	-2.967715e-08	5.146467e-08	0.12052125	0.056883585	-1.6574761e-18	-3.284403e-17	4.0950764e-17	5.021478e-18	0	-1.4785683e-17
2.3000000000006952e-10	-2.8341981e-08	8.678594e-08	0.11540037	0.05490651	-3.6536146e-18	-2.649088e-17	3.3145647e-17	4.4951542e-18	0	-1.4803534e-17
2.4000000000005925e-10	-2.4397167e-08	1.2805478e-07	0.10724778	0.052516155	-5.8713685e-18	-2.1653544e-17	2.7184632e-17	3.6295465e-18	0	-1.5032003e-17
2.5000000000004163e-10	-2.4184754e-08	1.7114431e-07	0.095241666	0.049630113	-7.910913e-18	-1.7887832e-17	2.2534805e-17	3.1233242e-18	0	-1.5681209e-17
2.60000000000024e-10	-2.3835788e-08	2.1751106e-07	0.07904538	0.046978995	-9.5659434e-18	-1.4759126e-17	1.8655611e-17	3.1402266e-18	0	-1.6602656e-17
2.700000000000064e-10	-2.0816488e-08	2.6314953e-07	0.060793523	0.044629637	-1.0870837e-17	-1.257581e-17	1.5926203e-17	3.1743389e-18	0	-1.7395569e-17
2.800099999999888e-10	-1.6477191e-08	2.9458667e-07	0.042561658	0.041877966	-1.1956673e-17	-1.1505462e-17	1.4597645e-17	2.7948013e-18	0	-1.7843657e-17
2.9000999999997117e-10	-9.588936e-09	2.9531495e-07	0.025390293	0.03860919	-1.2911192e-17	-1.1348358e-17	1.4465018e-17	1.9700853e-18	0	-1.7997936e-17
3.0000999999995355e-10	8.344802e-09	2.5392472e-07	0.010003531	0.03566598	-1.3745712e-17	-1.1648397e-17	1.4940278e-17	9.65841e-19	0	-1.8003434e-17
3.1000999999993594e-10	4.6821924e-08	1.780629e-07	-0.0028371643	0.033577442	-1.4436512e-17	-1.2117951e-17	1.5593875e-17	6.100824e-20	0	-1.7973447e-17
3.2000999999991833e-10	1.0262589e-07	8.666456e-08	-0.012741988	0.0323768	-1.49787e-17	-1.2631529e-17	1.623045e-17	-6.0983306e-19	0	-1.7967787e-17
3.300099999999007e-10	1.6786707e-07	-1.0924105e-09	-0.01989133	0.031770267	-1.5394402e-17	-1.3013065e-17	1.6643011e-17	-1.0233355e-18	0	-1.800101e-17
3.400099999998831e-10	2.2998275e-07	-6.79722e-08	-0.02476019	0.03127488	-1.5716155e-17	-1.3025745e-17	1.658232e-17	-1.2149934e-18	0	-1.8057737e-17
3.500099999998655e-10	2.7839778e-07	-1.0608519e-07	-0.027872473	0.030570485	-1.5973567e-17	-1.2563154e-17	1.5953032e-17	-1.2504852e-18	0	-1.8112959e-17
3.600099999998479e-10	3.1086662e-07	-1.1446034e-07	-0.029753622	0.029523015	-1.618646e-17	-1.1775645e-17	1.4942859e-17	-1.2016095e-18	0	-1.8152065e-17
3.7000999999983027e-10	3.270859e-07	-9.904522e-08	-0.030860234	0.028186643	-1.6366687e-17	-1.0927025e-17	1.3867184e-17	-1.1296303e-18	0	-1.8177215e-17
3.8000999999981266e-10	3.302114e-07	-6.621221e-08	-0.031497188	0.026797542	-1.6521886e-17	-1.0203903e-17	1.2954875e-17	-1.0711352e-18	0	-1.8201722e-17
3.9000999999979505e-10	3.27359e-07	-2.275855e-08	-0.03183467	0.025639566	-1.6657019e-17	-9.67503e-18	1.2292194e-17	-1.0399984e-18	0	-1.8234184e-17
4.0000999999977743e-10	3.2135074e-07	2.4336478e-08	-0.031995125	0.024801455	-1.6776702e-17	-9.338359e-18	1.1871819e-17	-1.0388961e-18	0	-1.8271267e-17
4.100099999997598e-10	3.1704178e-07	6.785083e-08	-0.032107018	0.024268184	-1.688642e-17	-9.157416e-18	1.1641102e-17	-1.0646096e-18	0	-1.8305497e-17
4.200099999997422e-10	3.1722385e-07	1.0074452e-07	-0.032290224	0.023911024	-1.6991471e-17	-9.08452e-18	1.1536769e-17	-1.1102318e-18	0	-1.8333487e-17
4.300099999997246e-10	3.2465832e-07	1.1919412e-07	-0.032610778	0.023632443	-1.7095673e-17	-9.0757595e-18	1.1504488e-17	-1.1677807e-18	0	-1.8356623e-17
4.40009999999707e-10	3.382224e-07	1.2071135e-07	-0.03304679	0.02334958	-1.7201234e-17	-9.0867585e-18	1.1491809e-17	-1.2286852e-18	0	-1.8377599e-17
4.5000999999968937e-10	3.5682373e-07	1.04507265e-07	-0.03349252	0.02302505	-1.7309095e-17	-9.06321e-18	1.143485e-17	-1.2829424e-18	0	-1.8397794e-17
4.6000999999967176e-10	3.8116022e-07	7.0794265e-08	-0.033801347	0.022663523	-1.7419338e-17	-8.949535e-18	1.1267949e-17	-1.3206006e-18	0	-1.8417152e-17
4.700099999996541e-10	4.0633117e-07	2.5004061e-08	-0.033839703	0.022270864	-1.7531488e-17	-8.710496e-18	1.0949795e-17	-1.3353572e-18	0	-1.8435429e-17
4.800099999996365e-10	4.2998488e-07	-2.9889563e-08	-0.03352329	0.021852644	-1.7644778e-17	-8.343864e-18	1.04789176e-17	-1.3267287e-18	0	-1.8453102e-17
4.900099999996189e-10	4.4934484e-07	-9.182317e-08	-0.032823622	0.021397835	-1.7758231e-17	-7.875487e-18	9.887762e-18	-1.2990992e-18	0	-1.8471408e-17
5.000099999996013e-10	4.6375857e-07	-1.5679124e-07	-0.031754415	0.020921264	-1.7870656e-17	-7.345147e-18	9.22535e-18	-1.259061e-18	0	-1.8491798e-17
5.100099999995837e-10	4.696758e-07	-2.1811795e-07	-0.030354977	0.020453459	-1.7980574e-17	-6.7933635e-18	8.541121e-18	-1.212977e-18	0	-1.8515356e-17
5.200099999995661e-10	4.6442617e-07	-2.7176745e-07	-0.028678944	0.02001058	-1.8086241e-17	-6.2532985e-18	7.875121e-18	-1.1655439e-18	0	-1.854252e-17
5.300099999995485e-10	4.4937516e-07	-3.1425006e-07	-0.026788456	0.019616121	-1.8185778e-17	-5.747994e-18	7.254677e-18	-1.1193985e-18	0	-1.8573063e-17
5.400099999995309e-10	4.2276284e-07	-3.4413964e-07	-0.024749752	0.019280955	-1.8277373e-17	-5.291561e-18	6.6959563e-18	-1.075648e-18	0	-1.8606121e-17
5.500099999995133e-10	3.8889812e-07	-3.5856854e-07	-0.022627817	0.01900335	-1.835956e-17	-4.8919304e-18	6.2074615e-18	-1.0348385e-18	0	-1.8640254e-17
5.600099999994956e-10	3.4504998e-07	-3.6170923e-07	-0.020480061	0.018780243	-1.8431495e-17	-4.552662e-18	5.792457e-18	-9.976621e-19	0	-1.8673627e-17
5.70009999999478e-10	2.9513288e-07	-3.4919202e-07	-0.018351834	0.01860625	-1.849306e-17	-4.2734206e-18	5.449787e-18	-9.650171e-19	0	-1.8704408e-17
5.800099999994604e-10	2.406641e-07	-3.2753726e-07	-0.01627528	0.01847129	-1.854481e-17	-4.0502568e-18	5.1743303e-18	-9.376544e-19	0	-1.8731229e-17
5.900099999994428e-10	1.8520909e-07	-2.9815692e-07	-0.014271731	0.018364776	-1.8587741e-17	-3.876595e-18	4.958184e-18	-9.158428e-19	0	-1.8753486e-17
6.000099999994252e-10	1.2954168e-07	-2.6413383e-07	-0.012355723	0.018278351	-1.862304e-17	-3.74464e-18	4.7922295e-18	-8.992798e-19	0	-1.877135e-17
6.100099999994076e-10	7.486046e-08	-2.3087792e-07	-0.010538258	0.018205652	-1.8651877e-17	-3.64646e-18	4.667301e-18	-8.87201e-19	0	-1.8785518e-17
6.2000999999939e-10	2.7006815e-08	-1.972863e-07	-0.0088281855	0.018142568	-1.8675273e-17	-3.5745167e-18	4.5746835e-18	-8.785661e-19	0	-1.8796874e-17
6.300099999993724e-10	-1.3442717e-08	-1.712505e-07	-0.0072320094	0.018085679	-1.8694063e-17	-3.521816e-18	4.5062236e-18	-8.722502e-19	0	-1.8806221e-17
6.400099999993547e-10	-4.3954348e-08	-1.4953696e-07	-0.0057531237	0.018031528	-1.8708928e-17	-3.4820064e-18	4.4544065e-18	-8.672084e-19	0	-1.881412e-17
6.500099999993371e-10	-6.684945e-08	-1.3377856e-07	-0.004391926	0.017976355	-1.8720437e-17	-3.449718e-18	4.412772e-18	-8.6262075e-19	0	-1.882087e-17
6.600099999993195e-10	-8.077768e-08	-1.1819179e-07	-0.0031456978	0.01791684	-1.8729124e-17	-3.4208995e-18	4.3763558e-18	-8.5798554e-19	0	-1.8826594e-17
6.700099999993019e-10	-8.221906e-08	-1.05483984e-07	-0.0020097375	0.017853135	-1.8735499e-17	-3.3930932e-18	4.342067e-18	-8.5314597e-19	0	-1.8831327e-17
6.800099999992843e-10	-7.839562e-08	-8.9780585e-08	-0.0009788022	0.017787434	-1.8740073e-17	-3.3654215e-18	4.308696e-18	-8.4824296e-19	0	-1.8835104e-17
6.900099999992667e-10	-6.962599e-08	-7.278374e-08	-4.8137583e-05	0.017723149	-1.8743324e-17	-3.3382849e-18	4.2765746e-18	-8.436213e-19	0	-1.883799e-17
7.000099999992491e-10	-5.9096372e-08	-5.1904667e-08	0.00078585144	0.017663155	-1.874567e-17	-3.3129152e-18	4.247045e-18	-8.397208e-19	0	-1.8840079e-17
7.100099999992315e-10	-4.582055e-08	-3.0875768e-08	0.0015251918	0.0176097	-1.8747466e-17	-3.2908973e-18	4.2218844e-18	-8.36974e-19	0	-1.8841479e-17
7.200099999992138e-10	-3.5579202e-08	-6.5961867e-09	0.0021704766	0.017563893	-1.8748983e-17	-3.2737468e-18	4.2027967e-18	-8.3572834e-19	0	-1.8842304e-17
7.300099999991962e-10	-2.627854e-08	1.6655466e-08	0.0027214305	0.01752667	-1.8750404e-17	-3.2626427e-18	4.1910996e-18	-8.361977e-19	0	-1.8842665e-17
7.400099999991786e-10	-2.0862005e-08	3.7054715e-08	0.0031779483	0.017498255	-1.875185e-17	-3.2582835e-18	4.187548e-18	-8.3844754e-19	0	-1.8842666e-17
7.50009999999161e-10	-1.5930986e-08	5.3933974e-08	0.003540778	0.017478604	-1.8753374e-17	-3.2609147e-18	4.1923693e-18	-8.424075e-19	0	-1.8842422e-17
7.600099999991434e-10	-1.6780637e-08	6.538911e-08	0.0038121797	0.017467191	-1.8754982e-17	-3.2703793e-18	4.20532e-18	-8.4789926e-19	0	-1.8842025e-17
7.700099999991258e-10	-1.7402705e-08	7.3654256e-08	0.0039966474	0.017463492	-1.8756655e-17	-3.286201e-18	4.2257845e-18	-8.5467103e-19	0	-1.8841568e-17
7.800099999991082e-10	-1.9147528e-08	7.46215e-08	0.004101248	0.01746628	-1.8758349e-17	-3.3076486e-18	4.2528507e-18	-8.62431e-19	0	-1.8841121e-17
7.900099999990906e-10	-2.1271658e-08	7.098013e-08	0.0041353954	0.01747448	-1.876003e-17	-3.3337672e-18	4.285346e-18	-8.708693e-19	0	-1.8840739e-17
8.00009999999073e-10	-2.3941995e-08	6.223515e-08	0.0041104993	0.017486885	-1.8761649e-17	-3.363407e-18	4.3218727e-18	-8.796737e-19	0	-1.8840438e-17
8.100099999990553e-10	-2.5914403e-08	5.1322427e-08	0.004039238	0.017502096	-1.8763178e-17	-3.3952726e-18	4.3608648e-18	-8.885417e-19	0	-1.8840228e-17
8.200099999990377e-10	-2.72344e-08	4.0965393e-08	0.0039347247	0.017519202	-1.8764587e-17	-3.4279961e-18	4.4006778e-18	-8.971902e-19	0	-1.8840079e-17
8.300099999990201e-10	-2.8068879e-08	3.048413e-08	0.003809705	0.017536951	-1.8765873e-17	-3.4602392e-18	4.439709e-18	-9.053682e-19	0	-1.8839973e-17
8.400099999990025e-10	-2.8341981e-08	2.010718e-08	0.0036758306	0.017554685	-1.8767017e-17	-3.4908027e-18	4.476535e-18	-9.128701e-19	0	-1.8839879e-17
8.500099999989849e-10	-2.5914403e-08	1.2778926e-08	0.003543171	0.017571645	-1.8768033e-17	-3.5187196e-18	4.510012e-18	-9.195447e-19	0	-1.8839781e-17
8.600099999989673e-10	-2.3046827e-08	5.9665335e-09	0.003419696	0.017587457	-1.8768913e-17	-3.5433258e-18	4.5393716e-18	-9.253045e-19	0	-1.8839654e-17
8.700099999989497e-10	-1.993649e-08	1.4887885e-09	0.0033112485	0.017601764	-1.8769673e-17	-3.5642745e-18	4.564227e-18	-9.30126e-19	0	-1.8839498e-17
8.800099999989321e-10	-1.6492363e-08	-1.1891342e-09	0.003221564	0.017614538	-1.8770321e-17	-3.5815188e-18	4.5845596e-18	-9.34047e-19	0	-1.8839315e-17
8.900099999989144e-10	-1.429237e-08	-2.8675775e-09	0.0031525295	0.017625682	-1.877087e-17	-3.5952744e-18	4.6006636e-18	-9.371539e-19	0	-1.8839106e-17
9.000099999988968e-10	-1.230479e-08	-4.3544692e-09	0.0031044865	0.017635167	-1.8771334e-17	-3.605937e-18	4.61305e-18	-9.395664e-19	0	-1.883888e-17
9.100099999988792e-10	-9.922728e-09	-5.4336042e-09	0.0030766402	0.017643226	-1.8771724e-17	-3.6140414e-18	4.6223887e-18	-9.414247e-19	0	-1.8838646e-17
9.200099999988616e-10	-9.74066e-09	-3.6110235e-09	0.003067399	0.01765014	-1.8772057e-17	-3.6201526e-18	4.6293825e-18	-9.428695e-19	0	-1.8838418e-17
9.30009999998844e-10	-9.406867e-09	-1.9951663e-09	0.0030746988	0.017656108	-1.8772346e-17	-3.624822e-18	4.634705e-18	-9.440282e-19	0	-1.88382e-17
9.400099999989161e-10	-9.2248e-09	-6.7137723e-10	0.003096244	0.017661385	-1.8772594e-17	-3.6285254e-18	4.6389356e-18	-9.450063e-19	0	-1.8838e-17
9.50009999999002e-10	-9.679971e-09	-9.862039e-10	0.0031297049	0.017666163	-1.8772818e-17	-3.6316525e-18	4.6425413e-18	-9.458839e-19	0	-1.8837821e-17
9.600099999990877e-10	-1.1075828e-08	-1.1208586e-09	0.0031729536	0.017670786	-1.8773016e-17	-3.634481e-18	4.645847e-18	-9.467135e-19	0	-1.8837669e-17
9.700099999991735e-10	-9.255144e-09	-6.7896344e-10	0.0032241265	0.017675348	-1.8773198e-17	-3.637183e-18	4.64905e-18	-9.475216e-19	0	-1.8837545e-17
9.800099999992593e-10	-1.0195831e-08	-3.418524e-09	0.003281533	0.017679965	-1.8773369e-17	-3.6398416e-18	4.65224e-18	-9.483174e-19	0	-1.8837449e-17
9.90009999999345e-10	-8.435836e-09	-4.294728e-09	0.0033437712	0.017684786	-1.8773524e-17	-3.642473e-18	4.6554205e-18	-9.490955e-19	0	-1.8837377e-17
1.0000099999994308e-09	-9.315833e-09	-4.1268837e-09	0.0034096753	0.017689805	-1.877367e-17	-3.645038e-18	4.6585373e-18	-9.498415e-19	0	-1.8837328e-17
1.0100099999995166e-09	-8.921352e-09	-3.512403e-09	0.0034782588	0.017695045	-1.8773805e-17	-3.647488e-18	4.6615213e-18	-9.505416e-19	0	-1.8837296e-17
1.0200099999996024e-09	-9.831694e-09	-3.5692993e-09	0.0035486566	0.017700497	-1.8773933e-17	-3.6497678e-18	4.6643007e-18	-9.511824e-19	0	-1.8837283e-17
1.0300099999996882e-09	-9.528247e-09	-4.1041255e-09	0.0036201915	0.01770612	-1.877405e-17	-3.6518345e-18	4.6668194e-18	-9.517563e-19	0	-1.8837278e-17
1.040009999999774e-09	-7.677218e-09	-3.9286947e-09	0.0036922323	0.017711913	-1.877416e-17	-3.653674e-18	4.669061e-18	-9.522635e-19	0	-1.8837283e-17
1.0500099999998598e-09	-5.7654996e-09	-2.9443876e-09	0.0037642	0.017717786	-1.8774259e-17	-3.655296e-18	4.6710376e-18	-9.527093e-19	0	-1.8837291e-17
1.0600099999999456e-09	-5.0979154e-09	-2.3630962e-09	0.00383564	0.01772374	-1.8774353e-17	-3.6567227e-18	4.6727755e-18	-9.531022e-19	0	-1.8837303e-17
1.0700000000000313e-09	-4.157229e-09	-3.2696452e-09	0.0039060588	0.017729748	-1.8774437e-17	-3.6579995e-18	4.6743335e-18	-9.534559e-19	0	-1.8837313e-17
1.080000000000117e-09	-3.762747e-09	-1.831115e-09	0.0039751907	0.017735777	-1.877451e-17	-3.659177e-18	4.6757745e-18	-9.537844e-19	0	-1.8837325e-17
1.0900000000002028e-09	-3.5199892e-09	-5.604293e-10	0.0040426874	0.017741803	-1.877458e-17	-3.6603007e-18	4.677156e-18	-9.54101e-19	0	-1.8837334e-17
1.1000000000002886e-09	-1.0620657e-09	-2.2237001e-09	0.004108276	0.017747797	-1.8774639e-17	-3.6614087e-18	4.6785273e-18	-9.544178e-19	0	-1.883734e-17
1.1100000000003744e-09	-4.8551574e-10	-2.6893021e-09	0.004171717	0.017753718	-1.8774694e-17	-3.662534e-18	4.679931e-18	-9.547429e-19	0	-1.8837348e-17
1.1200000000004602e-09	-1.942063e-09	-3.7077472e-09	0.0042329445	0.017759576	-1.8774742e-17	-3.6636983e-18	4.681393e-18	-9.550822e-19	0	-1.8837354e-17
1.130000000000546e-09	3.9448156e-10	-3.1141283e-09	0.004291794	0.017765336	-1.8774783e-17	-3.6649044e-18	4.682918e-18	-9.554364e-19	0	-1.8837361e-17
1.1400000000006318e-09	-1.820684e-10	-2.365941e-09	0.0043482655	0.01777091	-1.877482e-17	-3.6661385e-18	4.684493e-18	-9.558052e-19	0	-1.883737e-17
1.1500000000007175e-09	-1.820684e-09	-3.0524907e-09	0.004402376	0.0177763	-1.8774853e-17	-3.6673764e-18	4.6860874e-18	-9.56182e-19	0	-1.883738e-17
1.1600000000008033e-09	-1.6386157e-09	-3.2013694e-09	0.0044542444	0.017781446	-1.8774879e-17	-3.6685985e-18	4.687678e-18	-9.56563e-19	0	-1.8837397e-17
1.1700000000008891e-09	-3.0344735e-10	-2.9311118e-09	0.0045037633	0.01778632	-1.8774905e-17	-3.6697793e-18	4.6892327e-18	-9.569415e-19	0	-1.8837417e-17
1.1800000000009749e-09	7.4344597e-10	-2.3602513e-09	0.0045511	0.017790886	-1.8774929e-17	-3.670898e-18	4.6907258e-18	-9.573117e-19	0	-1.8837445e-17
1.1900000000010607e-09	2.731026e-09	-4.824813e-09	0.004596321	0.017795103	-1.8774948e-17	-3.671936e-18	4.6921307e-18	-9.576676e-19	0	-1.8837475e-17
1.2000000000011465e-09	3.1558525e-09	-3.602489e-09	0.004639557	0.017798984	-1.8774963e-17	-3.6728908e-18	4.6934443e-18	-9.580072e-19	0	-1.883751e-17
1.2100000000012322e-09	4.03585e-09	-5.163346e-09	0.0046808505	0.017802494	-1.8774978e-17	-3.6737597e-18	4.694659e-18	-9.583272e-19	0	-1.883755e-17
1.220000000001318e-09	4.8855022e-09	-4.2330903e-09	0.0047203484	0.017805645	-1.8774992e-17	-3.6745427e-18	4.695772e-18	-9.586268e-19	0	-1.8837594e-17
1.2300000000014038e-09	5.4923968e-09	-5.2894666e-09	0.0047580567	0.017808411	-1.8775001e-17	-3.6752495e-18	4.696791e-18	-9.589044e-19	0	-1.8837639e-17
1.2400000000014896e-09	6.0992917e-09	-6.180843e-09	0.0047940123	0.017810794	-1.8775011e-17	-3.6758843e-18	4.6977204e-18	-9.591607e-19	0	-1.8837687e-17
1.2500000000015754e-09	5.7958442e-09	-5.371018e-09	0.004828265	0.017812798	-1.8775021e-17	-3.676458e-18	4.698569e-18	-9.593964e-19	0	-1.8837733e-17
1.2600000000016612e-09	5.3103286e-09	-5.5673106e-09	0.004860722	0.017814482	-1.8775028e-17	-3.6769973e-18	4.699367e-18	-9.596155e-19	0	-1.8837783e-17
1.270000000001747e-09	5.0372257e-09	-6.30886e-09	0.004891328	0.017815812	-1.8775035e-17	-3.6775168e-18	4.7001312e-18	-9.598212e-19	0	-1.8837827e-17
1.2800000000018327e-09	3.7324024e-09	-5.519897e-09	0.004920195	0.017816832	-1.8775043e-17	-3.6780156e-18	4.7008583e-18	-9.600129e-19	0	-1.8837872e-17
1.2900000000019185e-09	2.5793023e-09	-4.6569686e-09	0.00494726	0.017817529	-1.8775048e-17	-3.678488e-18	4.7015416e-18	-9.601888e-19	0	-1.883791e-17
1.3000000000020043e-09	2.4579234e-09	-4.0216257e-09	0.0049724826	0.017817982	-1.8775051e-17	-3.678932e-18	4.7021744e-18	-9.603475e-19	0	-1.8837947e-17
1.3100000000020901e-09	1.1834447e-09	-3.2980934e-09	0.0049958853	0.017818179	-1.8775058e-17	-3.67936e-18	4.702776e-18	-9.604942e-19	0	-1.883798e-17
1.3200000000021759e-09	2.7158538e-09	-1.3237891e-09	0.005017615	0.017818144	-1.8775063e-17	-3.6797522e-18	4.703322e-18	-9.606245e-19	0	-1.8838008e-17
1.3300000000022617e-09	3.428955e-09	-1.0279279e-09	0.00503752	0.017817909	-1.8775064e-17	-3.6801274e-18	4.7038345e-18	-9.607426e-19	0	-1.8838031e-17
1.3400000000023475e-09	2.3213722e-09	6.353429e-10	0.0050556455	0.017817482	-1.877507e-17	-3.6804574e-18	4.7042824e-18	-9.608453e-19	0	-1.8838049e-17
1.3500000000024332e-09	2.5186129e-09	1.104738e-09	0.005072306	0.017816916	-1.8775073e-17	-3.6807387e-18	4.704661e-18	-9.609316e-19	0	-1.8838062e-17
1.360000000002519e-09	2.639992e-09	1.9344769e-10	0.005087546	0.017816259	-1.8775076e-17	-3.680983e-18	4.7049855e-18	-9.610035e-19	0	-1.8838076e-17
1.3700000000026048e-09	3.2468865e-09	7.6525625e-10	0.005101368	0.017815474	-1.877508e-17	-3.6811924e-18	4.705259e-18	-9.61062e-19	0	-1.8838084e-17
1.3800000000026906e-09	2.6703366e-09	4.9215365e-10	0.0051138042	0.017814597	-1.8775084e-17	-3.681334e-18	4.705444e-18	-9.611035e-19	0	-1.8838092e-17
1.3900000000027764e-09	2.7917155e-09	-5.499983e-11	0.0051249703	0.01781363	-1.8775086e-17	-3.681426e-18	4.7055633e-18	-9.611317e-19	0	-1.8838094e-17
1.4000000000028622e-09	2.0937867e-09	-2.307148e-09	0.0051349644	0.017812625	-1.877509e-17	-3.681485e-18	4.705639e-18	-9.611501e-19	0	-1.8838094e-17
1.410000000002948e-09	2.3668894e-09	-1.7562015e-09	0.005143886	0.017811624	-1.8775094e-17	-3.6815323e-18	4.7056957e-18	-9.61163e-19	0	-1.8838094e-17
1.4200000000030337e-09	1.7599946e-09	-2.1165452e-09	0.005151841	0.01781066	-1.8775096e-17	-3.681573e-18	4.7057387e-18	-9.611716e-19	0	-1.883809e-17
1.4300000000031195e-09	1.2441341e-09	-2.5110267e-09	0.0051589273	0.017809696	-1.8775099e-17	-3.6816064e-18	4.705772e-18	-9.611765e-19	0	-1.8838087e-17
1.4400000000032053e-09	1.3958578e-09	-2.2360276e-09	0.00516527	0.017808726	-1.8775102e-17	-3.6816262e-18	4.705787e-18	-9.61178e-19	0	-1.8838084e-17
1.450000000003291e-09	8.4965257e-10	-1.580771e-09	0.005170988	0.017807765	-1.8775102e-17	-3.681637e-18	4.705791e-18	-9.611767e-19	0	-1.8838079e-17
1.4600000000033769e-09	2.184821e-09	-2.5034406e-09	0.0051761023	0.017806808	-1.8775106e-17	-3.681636e-18	4.705779e-18	-9.611723e-19	0	-1.8838076e-17
1.4700000000034627e-09	3.2468865e-09	-1.1303414e-09	0.0051807566	0.017805884	-1.8775109e-17	-3.6816283e-18	4.705758e-18	-9.61166e-19	0	-1.8838074e-17
1.4800000000035485e-09	3.1558525e-09	-1.3693061e-09	0.0051850085	0.017804971	-1.8775112e-17	-3.6816142e-18	4.7057296e-18	-9.611577e-19	0	-1.8838069e-17
1.4900000000036342e-09	3.4896446e-09	-8.6103186e-10	0.00518898	0.017804053	-1.8775114e-17	-3.681582e-18	4.7056804e-18	-9.611466e-19	0	-1.8838066e-17
1.50000000000372e-09	2.4882683e-09	2.067235e-10	0.005192775	0.017803166	-1.8775116e-17	-3.6815414e-18	4.7056225e-18	-9.611348e-19	0	-1.883806e-17
1.5100000000038058e-09	2.184821e-09	1.507754e-10	0.0051963446	0.01780231	-1.8775117e-17	-3.6814976e-18	4.7055604e-18	-9.611218e-19	0	-1.8838059e-17
1.5200000000038916e-09	1.4868919e-09	-2.7879224e-10	0.0051996927	0.017801447	-1.8775122e-17	-3.681452e-18	4.705498e-18	-9.611085e-19	0	-1.8838057e-17
1.5300000000039774e-09	1.1834447e-09	1.3275821e-10	0.005202867	0.017800584	-1.8775124e-17	-3.6814012e-18	4.705428e-18	-9.61094e-19	0	-1.8838057e-17
1.5400000000040632e-09	6.068947e-10	-2.3422342e-10	0.005205889	0.017799761	-1.8775124e-17	-3.6813446e-18	4.7053516e-18	-9.610783e-19	0	-1.8838052e-17
1.550000000004149e-09	1.6993051e-09	-4.9310195e-10	0.0052087717	0.017798923	-1.8775127e-17	-3.681282e-18	4.7052697e-18	-9.610616e-19	0	-1.8838052e-17
1.5600000000042347e-09	2.1544762e-09	-3.2146452e-10	0.005211561	0.017798107	-1.8775129e-17	-3.6812164e-18	4.7051832e-18	-9.61044e-19	0	-1.883805e-17
1.5700000000043205e-09	1.9117183e-09	-8.752559e-10	0.005214233	0.017797267	-1.8775132e-17	-3.6811477e-18	4.7050922e-18	-9.610257e-19	0	-1.883805e-17
1.5800000000044063e-09	2.7917155e-09	-1.8112013e-09	0.0052168295	0.017796457	-1.8775132e-17	-3.6810753e-18	4.7049984e-18	-9.610068e-19	0	-1.8838049e-17
1.590000000004492e-09	4.2482626e-09	-8.970662e-10	0.005219351	0.017795637	-1.8775135e-17	-3.680999e-18	4.704899e-18	-9.609869e-19	0	-1.8838049e-17
1.6000000000045779e-09	3.884126e-09	-1.8491323e-09	0.005221776	0.017794816	-1.8775137e-17	-3.680918e-18	4.7047957e-18	-9.60966e-19	0	-1.8838049e-17
1.6100000000046637e-09	4.8855022e-09	-1.7391326e-09	0.0052241213	0.017793996	-1.8775139e-17	-3.6808375e-18	4.7046906e-18	-9.609451e-19	0	-1.8838047e-17
1.6200000000047495e-09	3.7324024e-09	-1.6518915e-09	0.005226391	0.017793197	-1.877514e-17	-3.680756e-18	4.7045864e-18	-9.609241e-19	0	-1.8838047e-17
1.6300000000048352e-09	2.761371e-09	-3.2288694e-09	0.005228604	0.017792383	-1.8775142e-17	-3.6806737e-18	4.704481e-18	-9.609029e-19	0	-1.8838047e-17
1.640000000004921e-09	2.9434393e-09	-1.998011e-09	0.005230745	0.017791579	-1.8775142e-17	-3.680589e-18	4.704372e-18	-9.608811e-19	0	-1.8838044e-17
1.6500000000050068e-09	2.0786144e-09	-2.1743898e-09	0.0052328543	0.017790759	-1.8775144e-17	-3.6805013e-18	4.7042605e-18	-9.608589e-19	0	-1.8838044e-17
1.6600000000050926e-09	2.9737839e-09	-1.261203e-09	0.0052349526	0.017789954	-1.8775147e-17	-3.6804136e-18	4.704148e-18	-9.608365e-19	0	-1.8838044e-17
1.6700000000051784e-09	2.0634419e-09	-6.5051525e-10	0.0052370215	0.017789137	-1.8775149e-17	-3.680323e-18	4.7040322e-18	-9.608135e-19	0	-1.8838044e-17
1.6800000000052642e-09	2.184821e-09	-6.7896344e-10	0.0052390704	0.017788356	-1.877515e-17	-3.6802333e-18	4.7039176e-18	-9.607905e-19	0	-1.8838044e-17
1.69000000000535e-09	2.3062e-09	-1.2801685e-10	0.005241068	0.017787533	-1.8775154e-17	-3.680143e-18	4.7038023e-18	-9.607676e-19	0	-1.8838044e-17
1.7000000000054357e-09	2.184821e-09	-1.2327549e-11	0.0052429945	0.017786723	-1.8775154e-17	-3.680054e-18	4.703688e-18	-9.607448e-19	0	-1.8838043e-17
1.7100000000055215e-09	2.2151656e-09	7.3111844e-10	0.005244897	0.017785922	-1.8775155e-17	-3.6799694e-18	4.7035793e-18	-9.607228e-19	0	-1.8838043e-17
1.7200000000056073e-09	2.4882683e-09	-2.4465444e-10	0.005246766	0.017785147	-1.8775157e-17	-3.6798854e-18	4.7034726e-18	-9.607013e-19	0	-1.8838043e-17
1.730000000005693e-09	2.731026e-09	7.7284246e-10	0.0052486095	0.01778436	-1.877516e-17	-3.6798044e-18	4.703367e-18	-9.606801e-19	0	-1.8838043e-17
1.7400000000057789e-09	2.9737839e-09	2.8448188e-10	0.005250449	0.01778357	-1.8775162e-17	-3.679723e-18	4.7032638e-18	-9.606594e-19	0	-1.8838043e-17
1.7500000000058647e-09	2.852405e-09	-1.6300812e-09	0.005252259	0.017782776	-1.8775164e-17	-3.679642e-18	4.703159e-18	-9.606387e-19	0	-1.8838043e-17
1.7600000000059504e-09	3.671713e-09	-2.5413716e-10	0.005254032	0.017782016	-1.8775164e-17	-3.6795587e-18	4.7030532e-18	-9.606178e-19	0	-1.8838041e-17
1.7700000000060362e-09	2.9434393e-09	-9.662902e-10	0.0052557797	0.017781239	-1.8775165e-17	-3.6794772e-18	4.70295e-18	-9.605971e-19	0	-1.8838041e-17
1.780000000006122e-09	2.6703366e-09	-2.5698196e-10	0.0052574845	0.017780466	-1.8775167e-17	-3.6793986e-18	4.7028493e-18	-9.605772e-19	0	-1.8838041e-17
1.7900000000062078e-09	3.4592997e-09	-1.0241348e-10	0.005259151	0.017779712	-1.8775169e-17	-3.6793234e-18	4.7027526e-18	-9.605581e-19	0	-1.8838041e-17
1.8000000000062936e-09	2.4579234e-09	-2.560337e-11	0.0052607944	0.017778978	-1.8775169e-17	-3.6792493e-18	4.7026587e-18	-9.605394e-19	0	-1.883804e-17
1.8100000000063794e-09	2.4275788e-09	-1.896546e-10	0.0052624266	0.017778222	-1.8775172e-17	-3.679178e-18	4.7025665e-18	-9.605213e-19	0	-1.883804e-17
1.8200000000064652e-09	2.6703366e-09	-8.724111e-11	0.005264045	0.017777469	-1.8775173e-17	-3.679108e-18	4.7024763e-18	-9.605033e-19	0	-1.883804e-17
1.830000000006551e-09	2.4882683e-09	-5.613776e-10	0.005265618	0.017776767	-1.8775175e-17	-3.679038e-18	4.7023878e-18	-9.604857e-19	0	-1.883804e-17
1.8400000000066367e-09	2.1393038e-09	-3.793092e-10	0.0052671647	0.017776025	-1.8775177e-17	-3.678971e-18	4.7023013e-18	-9.604686e-19	0	-1.883804e-17
1.8500000000067225e-09	2.3062e-09	8.3732504e-10	0.005268685	0.017775293	-1.8775178e-17	-3.6789052e-18	4.7022166e-18	-9.604518e-19	0	-1.8838036e-17
1.8600000000068083e-09	1.3958578e-09	6.457739e-10	0.0052702134	0.017774569	-1.877518e-17	-3.678842e-18	4.702136e-18	-9.604356e-19	0	-1.883804e-17
1.870000000006742e-09	1.8813735e-09	-1.05258295e-10	0.005271717	0.017773863	-1.877518e-17	-3.6787795e-18	4.702056e-18	-9.604198e-19	0	-1.8838036e-17
1.880000000006621e-09	1.0317209e-09	-1.1805998e-09	0.0052732076	0.017773153	-1.8775182e-17	-3.6787187e-18	4.7019775e-18	-9.604042e-19	0	-1.8838036e-17
1.8900000000065e-09	1.6386157e-09	-3.4517136e-10	0.0052746735	0.017772455	-1.8775183e-17	-3.678659e-18	4.701901e-18	-9.603888e-19	0	-1.8838036e-17
1.900000000006379e-09	2.275855e-09	2.6930952e-10	0.0052761226	0.017771749	-1.8775185e-17	-3.6785996e-18	4.701825e-18	-9.603736e-19	0	-1.8838036e-17
1.910000000006258e-09	2.8220604e-09	3.793092e-10	0.0052775647	0.017771058	-1.8775187e-17	-3.6785396e-18	4.7017475e-18	-9.60358e-19	0	-1.8838036e-17
1.920000000006137e-09	3.0041287e-09	-1.820684e-10	0.0052789985	0.017770397	-1.8775188e-17	-3.6784792e-18	4.7016694e-18	-9.603424e-19	0	-1.8838036e-17
1.930000000006016e-09	1.608271e-09	-4.7508475e-10	0.0052804216	0.017769698	-1.877519e-17	-3.678418e-18	4.7015916e-18	-9.603267e-19	0	-1.8838036e-17
1.940000000005895e-09	2.9434393e-09	-5.2155014e-10	0.005281819	0.017769014	-1.8775188e-17	-3.6783568e-18	4.7015122e-18	-9.603108e-19	0	-1.8838033e-17
1.950000000005774e-09	2.2455104e-09	-2.5091302e-09	0.0052832197	0.017768348	-1.8775188e-17	-3.6782956e-18	4.701434e-18	-9.602948e-19	0	-1.8838033e-17
1.960000000005653e-09	3.8537813e-09	-2.5280957e-09	0.005284621	0.017767679	-1.8775192e-17	-3.6782356e-18	4.701356e-18	-9.60279e-19	0	-1.8838033e-17
1.9700000000055318e-09	3.8234367e-09	-1.9477526e-09	0.005286001	0.017767029	-1.8775192e-17	-3.6781773e-18	4.7012814e-18	-9.602636e-19	0	-1.8838033e-17
1.9800000000054108e-09	4.339297e-09	-3.7229195e-09	0.005287395	0.017766383	-1.8775192e-17	-3.67812e-18	4.701207e-18	-9.602486e-19	0	-1.8838031e-17
1.9900000000052898e-09	3.762747e-09	-2.105166e-09	0.0052887746	0.01776572	-1.8775193e-17	-3.6780652e-18	4.7011363e-18	-9.60234e-19	0	-1.8838031e-17
2.0000000000051688e-09	4.6124e-09	-3.7911954e-09	0.005290156	0.017765071	-1.8775195e-17	-3.6780114e-18	4.701067e-18	-9.602199e-19	0	-1.8838031e-17
2.0100000000050478e-09	4.339297e-09	-2.4086133e-09	0.0052915397	0.017764432	-1.8775197e-17	-3.6779597e-18	4.7009998e-18	-9.602059e-19	0	-1.8838031e-17
2.0200000000049267e-09	4.55171e-09	-3.3493002e-09	0.0052929292	0.017763803	-1.8775198e-17	-3.677907e-18	4.700931e-18	-9.60192e-19	0	-1.8838031e-17
2.0300000000048057e-09	4.430331e-09	-1.1189621e-10	0.005294321	0.017763168	-1.87752e-17	-3.6778526e-18	4.7008616e-18	-9.601777e-19	0	-1.8838031e-17
2.0400000000046847e-09	2.9434393e-09	-2.5034405e-10	0.005295707	0.017762547	-1.8775202e-17	-3.677798e-18	4.700791e-18	-9.601634e-19	0	-1.8838031e-17
2.0500000000045637e-09	3.0648182e-09	-2.1013729e-09	0.00529708	0.017761929	-1.87752e-17	-3.6777418e-18	4.7007185e-18	-9.601488e-19	0	-1.8838028e-17
2.0600000000044427e-09	2.275855e-09	-1.0241348e-09	0.0052984366	0.017761303	-1.8775202e-17	-3.677686e-18	4.7006457e-18	-9.60134e-19	0	-1.8838028e-17
2.0700000000043217e-09	2.0330972e-09	-1.4736161e-09	0.005299777	0.017760687	-1.8775203e-17	-3.6776293e-18	4.7005738e-18	-9.601193e-19	0	-1.8838028e-17
2.0800000000042007e-09	3.641368e-09	-2.126028e-09	0.0053011077	0.017760077	-1.8775203e-17	-3.6775743e-18	4.7005022e-18	-9.601048e-19	0	-1.8838026e-17
2.0900000000040797e-09	3.550334e-09	-1.9022355e-09	0.0053024343	0.017759457	-1.8775202e-17	-3.6775193e-18	4.7004315e-18	-9.600905e-19	0	-1.8838026e-17
2.1000000000039587e-09	2.761371e-09	-9.0654895e-10	0.0053037517	0.017758846	-1.8775203e-17	-3.6774655e-18	4.7003624e-18	-9.600763e-19	0	-1.8838024e-17
2.1100000000038377e-09	3.0344736e-09	-3.3189554e-10	0.0053050574	0.017758237	-1.8775205e-17	-3.677412e-18	4.7002938e-18	-9.600623e-19	0	-1.8838024e-17
2.1200000000037166e-09	3.4592997e-09	6.277567e-10	0.005306327	0.01775766	-1.8775207e-17	-3.6773605e-18	4.7002276e-18	-9.600488e-19	0	-1.8838024e-17
2.1300000000035956e-09	1.942063e-09	-9.1223856e-10	0.0053076	0.017757058	-1.8775208e-17	-3.6773104e-18	4.7001627e-18	-9.600355e-19	0	-1.8838024e-17
2.1400000000034746e-09	3.5199892e-09	9.2930746e-11	0.005308882	0.017756492	-1.877521e-17	-3.6772604e-18	4.7000977e-18	-9.600226e-19	0	-1.8838024e-17
2.1500000000033536e-09	4.1117114e-09	1.612064e-10	0.005310161	0.017755903	-1.877521e-17	-3.6772107e-18	4.700034e-18	-9.600094e-19	0	-1.8838024e-17
2.1600000000032326e-09	2.1544762e-09	-8.932731e-10	0.0053114425	0.017755317	-1.8775212e-17	-3.677162e-18	4.69997e-18	-9.599965e-19	0	-1.8838024e-17
2.1700000000031116e-09	3.2772314e-09	-3.3948172e-10	0.005312714	0.017754748	-1.8775212e-17	-3.6771127e-18	4.699907e-18	-9.599833e-19	0	-1.8838023e-17
2.1800000000029906e-09	3.1558525e-09	-3.1103353e-10	0.005313978	0.017754175	-1.8775213e-17	-3.6770635e-18	4.6998438e-18	-9.599704e-19	0	-1.8838023e-17
2.1900000000028696e-09	3.0648182e-09	-1.8225806e-09	0.0053152284	0.017753607	-1.8775213e-17	-3.6770155e-18	4.6997817e-18	-9.599576e-19	0	-1.8838023e-17
2.2000000000027486e-09	3.0648182e-09	-1.4356852e-09	0.005316468	0.017753012	-1.8775217e-17	-3.6769667e-18	4.6997176e-18	-9.599447e-19	0	-1.8838023e-17
2.2100000000026276e-09	2.9737839e-09	-2.4693028e-09	0.0053177043	0.017752483	-1.8775217e-17	-3.676918e-18	4.699655e-18	-9.599319e-19	0	-1.8838023e-17
2.2200000000025065e-09	2.184821e-09	-1.6196502e-09	0.0053189155	0.017751899	-1.8775217e-17	-3.67687e-18	4.699593e-18	-9.599192e-19	0	-1.883802e-17
2.2300000000023855e-09	1.6689604e-09	-1.0544795e-09	0.0053201215	0.01775136	-1.8775217e-17	-3.6768228e-18	4.6995328e-18	-9.599067e-19	0	-1.883802e-17
2.2400000000022645e-09	2.0634419e-09	-1.7353395e-09	0.005321306	0.017750822	-1.8775217e-17	-3.6767773e-18	4.699473e-18	-9.598945e-19	0	-1.8838018e-17
2.2500000000021435e-09	2.3062e-09	-2.0729247e-09	0.005322487	0.017750258	-1.8775218e-17	-3.676732e-18	4.699415e-18	-9.598824e-19	0	-1.8838018e-17
2.2600000000020225e-09	2.5186129e-09	-8.041355e-10	0.0053236545	0.017749712	-1.877522e-17	-3.6766867e-18	4.699356e-18	-9.598703e-19	0	-1.8838018e-17
2.2700000000019015e-09	2.0937867e-09	-1.8055117e-09	0.005324804	0.017749175	-1.877522e-17	-3.6766404e-18	4.6992966e-18	-9.59858e-19	0	-1.8838018e-17
2.2800000000017805e-09	2.5489577e-09	-1.8680977e-09	0.0053259605	0.017748646	-1.8775221e-17	-3.676593e-18	4.6992354e-18	-9.598454e-19	0	-1.8838018e-17
2.2900000000016595e-09	2.6703366e-09	-1.7524084e-09	0.005327106	0.017748123	-1.8775221e-17	-3.6765428e-18	4.6991705e-18	-9.59832e-19	0	-1.8838018e-17
2.3000000000015385e-09	1.0317209e-09	-1.3844785e-10	0.0053282306	0.01774759	-1.8775223e-17	-3.6764903e-18	4.699103e-18	-9.598181e-19	0	-1.8838018e-17
2.3100000000014175e-09	1.820684e-09	-6.9223927e-10	0.005329349	0.017747084	-1.8775223e-17	-3.6764377e-18	4.6990356e-18	-9.598042e-19	0	-1.8838016e-17
2.3200000000012965e-09	1.7903393e-09	-5.1586047e-10	0.0053304713	0.017746547	-1.8775223e-17	-3.6763873e-18	4.6989703e-18	-9.597906e-19	0	-1.8838016e-17
2.3300000000011754e-09	3.307576e-09	5.879292e-10	0.0053315866	0.017746037	-1.8775225e-17	-3.676339e-18	4.698907e-18	-9.597775e-19	0	-1.8838016e-17
2.3400000000010544e-09	2.731026e-09	5.139639e-10	0.005332696	0.017745491	-1.8775226e-17	-3.6762905e-18	4.6988454e-18	-9.597646e-19	0	-1.8838016e-17
2.3500000000009334e-09	2.731026e-09	-6.524118e-10	0.0053337994	0.017744984	-1.8775228e-17	-3.6762433e-18	4.698784e-18	-9.597521e-19	0	-1.8838016e-17
2.3600000000008124e-09	1.9117183e-09	-2.351717e-10	0.0053348937	0.017744469	-1.8775228e-17	-3.6761983e-18	4.6987254e-18	-9.597399e-19	0	-1.8838016e-17
2.3700000000006914e-09	1.8510288e-09	-6.6758415e-10	0.005335989	0.017743964	-1.877523e-17	-3.676155e-18	4.698669e-18	-9.597283e-19	0	-1.8838016e-17
2.3800000000005704e-09	1.7903393e-09	-2.2834412e-09	0.0053370637	0.017743465	-1.8775226e-17	-3.6761114e-18	4.698613e-18	-9.597166e-19	0	-1.8838011e-17
2.3900000000004494e-09	3.4592997e-09	-6.998254e-10	0.005338133	0.017742986	-1.8775226e-17	-3.676069e-18	4.6985583e-18	-9.597052e-19	0	-1.883801e-17
2.4000000000003284e-09	2.5489577e-09	-1.4546507e-09	0.0053391787	0.017742481	-1.8775228e-17	-3.676027e-18	4.698504e-18	-9.596939e-19	0	-1.8838011e-17
2.4100000000002074e-09	2.852405e-09	-1.8225806e-09	0.0053402083	0.017742002	-1.8775228e-17	-3.6759844e-18	4.6984487e-18	-9.596824e-19	0	-1.883801e-17
2.4200000000000864e-09	2.9737839e-09	-4.703434e-10	0.0053412323	0.017741524	-1.877523e-17	-3.6759423e-18	4.698395e-18	-9.596711e-19	0	-1.883801e-17
2.4300099999999652e-09	1.9117183e-09	-1.7808566e-09	0.0053422335	0.01774105	-1.877523e-17	-3.6759005e-18	4.69834e-18	-9.596597e-19	0	-1.883801e-17
2.4400099999998442e-09	2.7006815e-09	-1.7865462e-09	0.005343222	0.017740564	-1.8775231e-17	-3.675859e-18	4.6982866e-18	-9.596482e-19	0	-1.883801e-17
2.450009999999723e-09	4.1268837e-09	-1.8282702e-09	0.0053442214	0.017740091	-1.8775233e-17	-3.6758178e-18	4.6982324e-18	-9.596371e-19	0	-1.883801e-17
2.460009999999602e-09	3.3682654e-09	-9.0654895e-10	0.005345213	0.017739613	-1.8775233e-17	-3.6757764e-18	4.6981787e-18	-9.596259e-19	0	-1.883801e-17
2.470009999999481e-09	3.5199892e-09	-3.4137826e-10	0.00534621	0.017739153	-1.8775235e-17	-3.6757355e-18	4.6981257e-18	-9.596148e-19	0	-1.883801e-17
2.48000999999936e-09	2.9434393e-09	-9.274109e-10	0.005347194	0.017738681	-1.8775235e-17	-3.6756953e-18	4.698074e-18	-9.596041e-19	0	-1.883801e-17
2.490009999999239e-09	2.8068878e-09	-4.2103318e-10	0.005348158	0.017738223	-1.8775236e-17	-3.675655e-18	4.6980215e-18	-9.595932e-19	0	-1.883801e-17
2.500009999999118e-09	3.0041287e-09	-2.1241314e-10	0.0053491103	0.01773776	-1.8775235e-17	-3.675613e-18	4.697968e-18	-9.595823e-19	0	-1.8838008e-17
2.510009999998997e-09	2.639992e-09	4.172401e-10	0.0053500547	0.017737329	-1.8775233e-17	-3.6755713e-18	4.6979144e-18	-9.59571e-19	0	-1.8838006e-17
2.520009999998876e-09	2.3365445e-09	9.862039e-11	0.0053509786	0.01773686	-1.8775235e-17	-3.675529e-18	4.69786e-18	-9.595597e-19	0	-1.8838006e-17
2.530009999998755e-09	3.307576e-09	-8.2499746e-10	0.00535189	0.017736414	-1.8775233e-17	-3.6754856e-18	4.6978044e-18	-9.595483e-19	0	-1.8838004e-17
2.540009999998634e-09	2.397234e-09	-7.112047e-10	0.0053527947	0.017735967	-1.8775235e-17	-3.6754426e-18	4.697749e-18	-9.595367e-19	0	-1.8838004e-17
2.550009999998513e-09	2.4427511e-09	-5.537914e-10	0.005353691	0.017735515	-1.8775235e-17	-3.6754004e-18	4.6976935e-18	-9.595255e-19	0	-1.8838004e-17
2.560009999998392e-09	1.8510288e-09	-1.7637877e-10	0.005354596	0.017735066	-1.8775236e-17	-3.6753574e-18	4.697639e-18	-9.595142e-19	0	-1.8838004e-17
2.570009999998271e-09	2.8827498e-09	1.441375e-10	0.0053554755	0.017734656	-1.8775238e-17	-3.675315e-18	4.697584e-18	-9.595029e-19	0	-1.8838004e-17
2.58000999999815e-09	2.8220604e-09	4.0206774e-10	0.0053563435	0.017734203	-1.8775238e-17	-3.6752726e-18	4.6975306e-18	-9.594919e-19	0	-1.8838004e-17
2.590009999998029e-09	2.3668894e-09	-4.2292975e-10	0.005357219	0.017733779	-1.877524e-17	-3.6752334e-18	4.6974797e-18	-9.594815e-19	0	-1.8838004e-17
2.600009999997908e-09	1.7296499e-09	-2.1999932e-10	0.005358103	0.017733352	-1.877524e-17	-3.6751953e-18	4.69743e-18	-9.594714e-19	0	-1.8838004e-17
2.610009999997787e-09	2.7310262e-10	-1.4849955e-09	0.0053589894	0.01773292	-1.8775241e-17	-3.675157e-18	4.697381e-18	-9.594612e-19	0	-1.8838004e-17
2.620009999997666e-09	2.1544762e-09	-1.4944782e-09	0.0053598704	0.017732518	-1.877524e-17	-3.675119e-18	4.6973316e-18	-9.594509e-19	0	-1.8838001e-17
2.630009999997545e-09	9.10342e-10	-1.7580981e-09	0.005360749	0.017732088	-1.8775241e-17	-3.6750816e-18	4.697284e-18	-9.594413e-19	0	-1.8838001e-17
2.640009999997424e-09	2.7006815e-09	-1.2251686e-09	0.0053616227	0.017731665	-1.8775241e-17	-3.675045e-18	4.6972373e-18	-9.594317e-19	0	-1.8838001e-17
2.650009999997303e-09	2.731026e-09	-1.5836158e-09	0.0053624823	0.017731257	-1.8775241e-17	-3.6750096e-18	4.6971914e-18	-9.59422e-19	0	-1.8838001e-17
2.660009999997182e-09	2.6096472e-09	-8.174113e-10	0.005363333	0.017730841	-1.8775243e-17	-3.674974e-18	4.697146e-18	-9.594126e-19	0	-1.8838001e-17
2.670009999997061e-09	3.4137826e-09	-2.2568896e-09	0.0053641815	0.017730432	-1.8775243e-17	-3.6749385e-18	4.6971004e-18	-9.594033e-19	0	-1.8838001e-17
2.68000999999694e-09	3.762747e-09	-2.084304e-09	0.0053650266	0.017730046	-1.8775241e-17	-3.6749025e-18	4.697054e-18	-9.593937e-19	0	-1.8838e-17
2.690009999996819e-09	4.03585e-09	-2.4749924e-09	0.0053658593	0.017729633	-1.8775243e-17	-3.674866e-18	4.6970066e-18	-9.593841e-19	0	-1.8838e-17
2.700009999996698e-09	4.03585e-09	-1.9306838e-09	0.005366688	0.01772924	-1.8775243e-17	-3.6748285e-18	4.696959e-18	-9.593744e-19	0	-1.8838e-17
2.710009999996577e-09	2.3062e-09	-2.3156825e-09	0.0053675068	0.017728837	-1.8775245e-17	-3.6747904e-18	4.6969098e-18	-9.593644e-19	0	-1.8838e-17
2.720009999996456e-09	3.7020575e-09	-1.5096505e-09	0.0053683217	0.017728435	-1.8775245e-17	-3.6747503e-18	4.6968593e-18	-9.593539e-19	0	-1.8838e-17
2.730009999996335e-09	3.3682654e-09	-1.2744789e-09	0.005369126	0.017728059	-1.8775246e-17	-3.674709e-18	4.696806e-18	-9.593431e-19	0	-1.8838e-17
2.740009999996214e-09	4.020677e-09	-1.6841327e-09	0.005369914	0.017727666	-1.8775246e-17	-3.674666e-18	4.69675e-18	-9.593318e-19	0	-1.8838e-17
2.750009999996093e-09	2.5489577e-09	-2.008442e-09	0.005370706	0.017727263	-1.8775245e-17	-3.6746225e-18	4.696695e-18	-9.593205e-19	0	-1.8837998e-17
2.760009999995972e-09	2.6096472e-09	-9.255144e-10	0.005371482	0.017726896	-1.8775246e-17	-3.674581e-18	4.6966426e-18	-9.593098e-19	0	-1.8837998e-17
2.770009999995851e-09	3.186197e-09	-1.6499949e-09	0.005372249	0.017726494	-1.8775246e-17	-3.674541e-18	4.6965913e-18	-9.592992e-19	0	-1.8837998e-17
2.78000999999573e-09	1.3351683e-09	-2.7746467e-09	0.0053730076	0.017726123	-1.8775246e-17	-3.6745005e-18	4.69654e-18	-9.59289e-19	0	-1.8837998e-17
2.790009999995609e-09	1.9117183e-09	-2.0786144e-09	0.0053737652	0.017725758	-1.8775248e-17	-3.6744616e-18	4.69649e-18	-9.592789e-19	0	-1.8837998e-17
2.800009999995488e-09	3.5048169e-09	-2.4010272e-09	0.005374537	0.017725376	-1.8775248e-17	-3.674424e-18	4.6964424e-18	-9.592693e-19	0	-1.8837998e-17
2.810009999995367e-09	3.3682654e-09	-1.8453392e-09	0.0053753043	0.017724993	-1.8775248e-17	-3.674387e-18	4.6963957e-18	-9.592597e-19	0	-1.8837998e-17
2.820009999995246e-09	2.6096472e-09	-2.0406834e-09	0.005376065	0.017724622	-1.8775248e-17	-3.6743508e-18	4.6963498e-18	-9.592505e-19	0	-1.8837996e-17
2.830009999995125e-09	2.1241313e-09	-1.2593064e-09	0.0053768256	0.017724259	-1.8775248e-17	-3.674316e-18	4.6963047e-18	-9.592414e-19	0	-1.8837996e-17
2.840009999995004e-09	3.1255076e-09	-2.505337e-09	0.0053775846	0.017723924	-1.8775248e-17	-3.674282e-18	4.696262e-18	-9.592327e-19	0	-1.8837996e-17
2.850009999994883e-09	4.1875734e-09	-2.0577524e-09	0.0053783413	0.01772354	-1.877525e-17	-3.6742494e-18	4.6962203e-18	-9.592242e-19	0	-1.8837996e-17
2.860009999994762e-09	2.852405e-09	-2.1449935e-09	0.0053790906	0.017723206	-1.877525e-17	-3.674218e-18	4.6961806e-18	-9.592161e-19	0	-1.8837996e-17
2.870009999994641e-09	3.4441274e-09	-2.1430968e-09	0.0053798277	0.017722845	-1.877525e-17	-3.6741866e-18	4.69614e-18	-9.592077e-19	0	-1.8837996e-17
2.8800099999945198e-09	1.6993051e-09	-2.1336142e-09	0.005380557	0.017722491	-1.8775251e-17	-3.674153e-18	4.6960967e-18	-9.59199e-19	0	-1.8837996e-17
2.8900099999943988e-09	2.4579234e-09	-1.6613743e-09	0.005381278	0.017722143	-1.8775251e-17	-3.6741196e-18	4.6960545e-18	-9.591901e-19	0	-1.8837996e-17
2.9000099999942778e-09	1.6234433e-09	-2.0046491e-09	0.0053819935	0.01772179	-1.8775251e-17	-3.674086e-18	4.6960115e-18	-9.591813e-19	0	-1.8837996e-17
2.9100099999941568e-09	1.0013762e-09	-2.7158538e-09	0.00538271	0.01772146	-1.8775251e-17	-3.674054e-18	4.69597e-18	-9.591727e-19	0	-1.8837996e-17
2.9200099999940357e-09	1.820684e-09	-3.3474035e-09	0.005383427	0.017721124	-1.8775251e-17	-3.6740224e-18	4.6959304e-18	-9.591642e-19	0	-1.8837996e-17
2.9300099999939147e-09	2.0937867e-09	-1.6974085e-09	0.00538413	0.017720798	-1.8775253e-17	-3.6739926e-18	4.6958915e-18	-9.591561e-19	0	-1.8837996e-17
2.9400099999937937e-09	1.8510288e-09	-8.7051455e-10	0.00538483	0.017720476	-1.8775253e-17	-3.6739636e-18	4.695854e-18	-9.591482e-19	0	-1.8837996e-17
2.9500099999936727e-09	3.5806786e-09	-1.7239602e-09	0.005385525	0.017720152	-1.8775253e-17	-3.6739347e-18	4.6958183e-18	-9.591406e-19	0	-1.8837996e-17
2.9600099999935517e-09	3.0041287e-09	-1.1056862e-09	0.0053862273	0.017719828	-1.8775255e-17	-3.673908e-18	4.6957815e-18	-9.591331e-19	0	-1.8837996e-17
2.9700099999934307e-09	3.186197e-09	-1.1796516e-09	0.005386933	0.017719502	-1.8775255e-17	-3.6738797e-18	4.6957468e-18	-9.591253e-19	0	-1.8837996e-17
2.9800099999933097e-09	3.262059e-09	8.7810076e-10	0.005387629	0.017719157	-1.8775255e-17	-3.6738524e-18	4.695711e-18	-9.59118e-19	0	-1.8837996e-17
2.9900099999931887e-09	2.761371e-09	-3.3948172e-10	0.0053883204	0.017718865	-1.8775256e-17	-3.673826e-18	4.6956764e-18	-9.591106e-19	0	-1.8837996e-17
3.0000099999930677e-09	2.4882683e-09	7.8327345e-10	0.0053890087	0.01771854	-1.8775256e-17	-3.6738003e-18	4.695644e-18	-9.591036e-19	0	-1.8837996e-17
