# t (s)	mx ()	my ()	mz ()	spinAngle (rad)	E_total (J)	E_anis (J)	E_demag (J)	E_exch (J)	E_therm (J)	E_custom (J)
0	0	0	0	0.0060737464	2.0162918e-18	-1.2571198e-16	1.4162509e-16	4.960001e-18	0	-1.88568e-17
1.0000000000000124e-11	1.4565472e-09	-3.9448156e-10	0.0024878962	0.017900184	-7.602827e-18	-1.1947758e-16	1.3528547e-16	-4.9122576e-18	0	-1.8498444e-17
2.0009999999999403e-11	5.977913e-09	-3.0344736e-09	0.007852685	0.023669826	-1.0085461e-17	-1.1170088e-16	1.2676187e-16	-7.104578e-18	0	-1.8041866e-17
3.000999999999824e-11	1.2062032e-08	-5.856534e-09	0.0144494455	0.030347686	-1.2708413e-17	-1.04145057e-16	1.1797238e-16	-9.066779e-18	0	-1.7468953e-17
4.000000000000001e-11	1.582478e-08	-6.6758417e-09	0.019581942	0.036828347	-1.5894348e-17	-9.920471e-17	1.119405e-16	-1.1544943e-17	0	-1.7085196e-17
5.0000000000001785e-11	1.8889597e-08	-7.282736e-09	0.021967739	0.041982435	-1.9240646e-17	-9.562555e-17	1.07772144e-16	-1.4395725e-17	0	-1.6991519e-17
6.00000000000024e-11	2.2422862e-08	-8.405491e-09	0.021956857	0.04616945	-2.2418537e-17	-9.15998e-17	1.0335348e-16	-1.7126598e-17	0	-1.7045608e-17
7.000999999999771e-11	2.7780604e-08	-9.057903e-09	0.020506805	0.04978727	-2.5361505e-17	-8.642563e-17	9.7734605e-17	-1.955082e-17	0	-1.7119658e-17
8.000999999999302e-11	3.623161e-08	-1.1500655e-08	0.018652843	0.053327546	-2.812651e-17	-8.0011487e-17	9.069377e-17	-2.1643166e-17	0	-1.7165629e-17
9.000999999998834e-11	4.4940553e-08	-1.366651e-08	0.017392542	0.056648154	-3.0856123e-17	-7.2939364e-17	8.2711755e-17	-2.3520269e-17	0	-1.7108249e-17
1.0000999999998365e-10	4.8172264e-08	-1.25020305e-08	0.017188143	0.059952892	-3.3724633e-17	-6.6280116e-17	7.489749e-17	-2.5318147e-17	0	-1.7023867e-17
1.1000999999997896e-10	4.3241247e-08	-9.831694e-09	0.017932912	0.063265875	-3.664989e-17	-6.089749e-17	6.845675e-17	-2.711052e-17	0	-1.7098636e-17
1.2000999999997891e-10	3.6368164e-08	-6.6758417e-09	0.01876197	0.06448738	-3.9397656e-17	-5.72249e-17	6.410006e-17	-2.9180586e-17	0	-1.7092227e-17
1.3000999999998715e-10	3.200611e-08	-4.6124e-09	0.019503878	0.06492888	-4.1934583e-17	-5.366802e-17	6.000883e-17	-3.120904e-17	0	-1.7066349e-17
1.400099999999954e-10	2.8907152e-08	-2.2606828e-09	0.01865035	0.06603984	-4.417414e-17	-4.9782674e-17	5.563935e-17	-3.2741205e-17	0	-1.7289613e-17
1.5000000000000362e-10	2.523544e-08	-1.3048236e-09	0.012720317	0.06747283	-4.5936972e-17	-4.7796785e-17	5.347747e-17	-3.3915345e-17	0	-1.770231e-17
1.6000000000001186e-10	2.2857172e-08	-3.4137826e-10	0.0036192127	0.06844916	-4.7227553e-17	-4.8213777e-17	5.4061325e-17	-3.5009688e-17	0	-1.8065414e-17
1.700000000000201e-10	1.9754422e-08	2.108959e-09	-0.004069131	0.06885717	-4.8196853e-17	-5.050376e-17	5.677388e-17	-3.6162043e-17	0	-1.8304926e-17
1.8000000000002833e-10	1.9951663e-08	1.7599946e-09	-0.008751402	0.06894635	-4.8967104e-17	-5.401933e-17	6.0857074e-17	-3.7349637e-17	0	-1.8455212e-17
1.9000000000003657e-10	2.5227854e-08	9.10342e-11	-0.011503196	0.06926666	-4.959334e-17	-5.6706374e-17	6.3965645e-17	-3.831593e-17	0	-1.8536673e-17
2.000000000000448e-10	3.2711625e-08	-3.2468865e-09	-0.012601207	0.07011817	-5.0094488e-17	-5.6974487e-17	6.435018e-17	-3.8887465e-17	0	-1.8582718e-17
2.1000000000005304e-10	4.1375046e-08	-7.404115e-09	-0.011028344	0.071099155	-5.0489755e-17	-5.595702e-17	6.331669e-17	-3.9226983e-17	0	-1.8622448e-17
2.2000000000006128e-10	5.122191e-08	-1.3351683e-08	-0.006714683	0.07199183	-5.081948e-17	-5.5106746e-17	6.2464776e-17	-3.9528728e-17	0	-1.8648785e-17
2.3000000000006952e-10	6.260119e-08	-1.7539257e-08	-0.001395969	0.07330269	-5.1139598e-17	-5.4322655e-17	6.165672e-17	-3.9827383e-17	0	-1.8646279e-17
2.4000000000005925e-10	7.354046e-08	-2.4093719e-08	0.002496861	0.075416595	-5.1510512e-17	-5.314329e-17	6.0349344e-17	-4.0101164e-17	0	-1.86154e-17
2.5000000000004163e-10	8.0868716e-08	-3.3925414e-08	0.003561196	0.07825922	-5.1980632e-17	-5.187094e-17	5.882669e-17	-4.0365918e-17	0	-1.8570461e-17
2.60000000000024e-10	7.652942e-08	-4.217918e-08	0.0020732346	0.08133051	-5.2557594e-17	-5.1182436e-17	5.783591e-17	-4.0679204e-17	0	-1.8531868e-17
2.700000000000064e-10	6.093223e-08	-3.9690914e-08	-0.00038970384	0.0839999	-5.3188306e-17	-5.1319093e-17	5.774406e-17	-4.1094346e-17	0	-1.851893e-17
2.800099999999888e-10	4.274056e-08	-2.9555771e-08	-0.0020651985	0.08595552	-5.3787505e-17	-5.1939882e-17	5.8272386e-17	-4.158747e-17	0	-1.853254e-17
2.9000999999997117e-10	2.4943372e-08	-1.9542009e-08	-0.0022783435	0.08728897	-5.4295927e-17	-5.2626842e-17	5.89589e-17	-4.2072524e-17	0	-1.8555464e-17
3.0000999999995355e-10	1.1584103e-08	-9.588936e-09	-0.0015631136	0.08823343	-5.469969e-17	-5.3207212e-17	5.957542e-17	-4.2495577e-17	0	-1.857231e-17
3.1000999999993594e-10	8.4965257e-10	-1.5779262e-09	-0.00084303593	0.08893586	-5.5013043e-17	-5.36841e-17	6.0098205e-17	-4.285205e-17	0	-1.8575095e-17
3.2000999999991833e-10	-6.7441173e-09	7.282736e-09	-0.0007322918	0.08949104	-5.5261836e-17	-5.406358e-17	6.051983e-17	-4.3156004e-17	0	-1.856208e-17
3.300099999999007e-10	-1.5513745e-08	1.7478568e-08	-0.0013219604	0.08998617	-5.546884e-17	-5.4310863e-17	6.079634e-17	-4.3418512e-17	0	-1.85358e-17
3.400099999998831e-10	-2.3240274e-08	2.9252323e-08	-0.0023328187	0.090494074	-5.564742e-17	-5.442222e-17	6.0921654e-17	-4.3647403e-17	0	-1.8499454e-17
3.500099999998655e-10	-3.405817e-08	4.1754355e-08	-0.0033812409	0.0910607	-5.580379e-17	-5.445042e-17	6.095306e-17	-4.385159e-17	0	-1.8454831e-17
3.600099999998479e-10	-4.6097444e-08	5.814051e-08	-0.004176682	0.09170691	-5.5941616e-17	-5.4460493e-17	6.096223e-17	-4.404056e-17	0	-1.8402798e-17
3.7000999999983027e-10	-5.9020508e-08	7.307012e-08	-0.0045963684	0.09243327	-5.6064535e-17	-5.449092e-17	6.0992473e-17	-4.4221744e-17	0	-1.8344341e-17
3.8000999999981266e-10	-7.355564e-08	9.273351e-08	-0.0046589775	0.09324648	-5.617631e-17	-5.4552383e-17	6.105681e-17	-4.439983e-17	0	-1.8280903e-17
3.9000999999979505e-10	-8.9365244e-08	1.10454835e-07	-0.0044509657	0.0941402	-5.628043e-17	-5.464387e-17	6.1155276e-17	-4.4577815e-17	0	-1.821402e-17
4.0000999999977743e-10	-1.0248934e-07	1.2696236e-07	-0.0040613576	0.09510937	-5.637984e-17	-5.4764733e-17	6.128787e-17	-4.4758353e-17	0	-1.8144627e-17
4.100099999997598e-10	-1.1669068e-07	1.4444093e-07	-0.0035571589	0.09616363	-5.6477033e-17	-5.4917365e-17	6.14573e-17	-4.4944518e-17	0	-1.8072457e-17
4.200099999997422e-10	-1.25961e-07	1.5439402e-07	-0.0029931255	0.09730694	-5.6574144e-17	-5.510471e-17	6.166635e-17	-4.5140027e-17	0	-1.799575e-17
4.300099999997246e-10	-1.3327407e-07	1.6276915e-07	-0.002431044	0.098545946	-5.6673036e-17	-5.5329545e-17	6.1917215e-17	-4.5349462e-17	0	-1.7911241e-17
4.40009999999707e-10	-1.3658165e-07	1.6507535e-07	-0.0019463997	0.099899694	-5.677591e-17	-5.559815e-17	6.22157e-17	-4.5578962e-17	0	-1.7814499e-17
4.5000999999968937e-10	-1.3667268e-07	1.6228364e-07	-0.0016087827	0.10140454	-5.6886104e-17	-5.592377e-17	6.25753e-17	-4.583673e-17	0	-1.7700907e-17
4.6000999999967176e-10	-1.3418442e-07	1.5827814e-07	-0.0014324521	0.10307204	-5.7008904e-17	-5.632274e-17	6.301383e-17	-4.613264e-17	0	-1.7567359e-17
4.700099999996541e-10	-1.341996e-07	1.4905334e-07	-0.0013116499	0.10488926	-5.715222e-17	-5.6802916e-17	6.354186e-17	-4.6476764e-17	0	-1.7414384e-17
4.800099999996365e-10	-1.358382e-07	1.34852e-07	-0.0009564952	0.10685944	-5.7327474e-17	-5.735509e-17	6.4153634e-17	-4.6877507e-17	0	-1.7248514e-17
4.900099999996189e-10	-1.3903578e-07	1.1288241e-07	0.00010537634	0.10900974	-5.754932e-17	-5.796254e-17	6.483641e-17	-4.7338266e-17	0	-1.7084928e-17
5.000099999996013e-10	-1.5003195e-07	8.7392834e-08	0.0022015062	0.11138251	-5.7830374e-17	-5.861443e-17	6.557958e-17	-4.7848653e-17	0	-1.6946871e-17
5.100099999995837e-10	-1.5855123e-07	5.5348796e-08	0.0047789975	0.113936864	-5.81699e-17	-5.92512e-17	6.630971e-17	-4.8370975e-17	0	-1.6857443e-17
5.200099999995661e-10	-1.5111678e-07	1.7964084e-08	0.006321384	0.11650517	-5.8547295e-17	-5.976413e-17	6.689706e-17	-4.88563e-17	0	-1.6823922e-17
5.300099999995485e-10	-1.328189e-07	-4.2239872e-08	0.00576461	0.118955106	-5.893481e-17	-6.015201e-17	6.733912e-17	-4.929384e-17	0	-1.6828083e-17
5.400099999995309e-10	-1.3779544e-07	-1.3011822e-07	0.0034080613	0.121226266	-5.931807e-17	-6.045951e-17	6.7691055e-17	-4.9693782e-17	0	-1.6855833e-17
5.500099999995133e-10	-1.8435944e-07	-2.3207653e-07	0.0003819397	0.123278014	-5.9704414e-17	-6.0719656e-17	6.7991474e-17	-5.0059293e-17	0	-1.6916942e-17
5.600099999994956e-10	-2.4140755e-07	-3.0538942e-07	-0.001830072	0.12515604	-6.0106206e-17	-6.0971794e-17	6.827971e-17	-5.038952e-17	0	-1.70246e-17
5.70009999999478e-10	-2.6308885e-07	-2.772295e-07	-0.002026665	0.12695448	-6.051249e-17	-6.1183605e-17	6.852348e-17	-5.0675083e-17	0	-1.717729e-17
5.800099999994604e-10	-1.9056493e-07	-1.3327407e-07	-0.00036779276	0.12869042	-6.089607e-17	-6.1364764e-17	6.873251e-17	-5.0898015e-17	0	-1.7365798e-17
5.900099999994428e-10	-5.980947e-08	1.602202e-08	0.0017329154	0.13003631	-6.1252804e-17	-6.14572e-17	6.8847116e-17	-5.1056893e-17	0	-1.7585825e-17
6.000099999994252e-10	2.9400255e-08	1.0098728e-07	0.0025845168	0.13096216	-6.159754e-17	-6.142152e-17	6.882429e-17	-5.1161915e-17	0	-1.7838408e-17
6.100099999994076e-10	1.3852372e-08	1.7818428e-07	0.0019140866	0.13168372	-6.1944314e-17	-6.134032e-17	6.874841e-17	-5.124645e-17	0	-1.8105955e-17
6.2000999999939e-10	-9.895418e-08	3.1849834e-07	0.00075115403	0.13238654	-6.229186e-17	-6.1297385e-17	6.871101e-17	-5.1363936e-17	0	-1.8341547e-17
6.300099999993724e-10	-2.6316093e-07	5.389225e-07	-5.7655965e-05	0.13309826	-6.2627135e-17	-6.1343926e-17	6.8769136e-17	-5.1555345e-17	0	-1.8497001e-17
6.400099999993547e-10	-4.310128e-07	7.55948e-07	-0.0005842978	0.13375494	-6.2939465e-17	-6.1449454e-17	6.889091e-17	-5.181656e-17	0	-1.8564365e-17
6.500099999993371e-10	-5.641921e-07	8.6081945e-07	-0.0011641678	0.13427344	-6.3225034e-17	-6.155022e-17	6.900531e-17	-5.2106813e-17	0	-1.8573317e-17
6.600099999993195e-10	-6.7371377e-07	8.1857957e-07	-0.0017342351	0.13460335	-6.3484325e-17	-6.159978e-17	6.905786e-17	-5.2385153e-17	0	-1.855725e-17
6.700099999993019e-10	-7.627604e-07	6.183043e-07	-0.0019314836	0.13472493	-6.3720025e-17	-6.157574e-17	6.902128e-17	-5.262756e-17	0	-1.853801e-17
6.800099999992843e-10	-7.4805837e-07	2.7807914e-07	-0.0015487322	0.13461007	-6.393259e-17	-6.149397e-17	6.891321e-17	-5.2825666e-17	0	-1.8526162e-17
6.900099999992667e-10	-5.7914446e-07	-1.1215414e-07	-0.0008169628	0.13430901	-6.411827e-17	-6.140463e-17	6.879381e-17	-5.298239e-17	0	-1.8525066e-17
7.000099999992491e-10	-3.1388592e-07	-3.9423878e-07	-0.00018347251	0.13391833	-6.427488e-17	-6.134122e-17	6.8706436e-17	-5.3108142e-17	0	-1.8531954e-17
7.100099999992315e-10	-4.313504e-08	-4.7641234e-07	0.00012886366	0.13356003	-6.440629e-17	-6.1296347e-17	6.864539e-17	-5.3215546e-17	0	-1.8539786e-17
7.200099999992138e-10	1.8244393e-07	-4.0831875e-07	0.00021692358	0.13331011	-6.451927e-17	-6.125638e-17	6.859412e-17	-5.331401e-17	0	-1.8542987e-17
7.300099999991962e-10	3.230804e-07	-3.1971211e-07	0.00026773475	0.13319747	-6.4619455e-17	-6.122337e-17	6.855312e-17	-5.340891e-17	0	-1.8540299e-17
7.400099999991786e-10	3.737068e-07	-2.8269156e-07	0.00037162832	0.13320933	-6.4710485e-17	-6.120158e-17	6.852608e-17	-5.3501714e-17	0	-1.8533271e-17
7.50009999999161e-10	3.6431888e-07	-2.811136e-07	0.00050722994	0.13333233	-6.479433e-17	-6.118955e-17	6.851073e-17	-5.359099e-17	0	-1.8524513e-17
7.600099999991434e-10	3.3072726e-07	-2.6363506e-07	0.00061172555	0.13355707	-6.487185e-17	-6.118327e-17	6.8502373e-17	-5.3674205e-17	0	-1.8516754e-17
7.700099999991258e-10	2.8932945e-07	-2.0828625e-07	0.0006482878	0.13386871	-6.4943426e-17	-6.1179165e-17	6.8496934e-17	-5.3749055e-17	0	-1.8512138e-17
7.800099999991082e-10	2.3330549e-07	-1.3764371e-07	0.0006278408	0.13424276	-6.500921e-17	-6.1174665e-17	6.849145e-17	-5.3814157e-17	0	-1.851183e-17
7.900099999990906e-10	1.6756363e-07	-6.8214966e-08	0.0005868647	0.13464291	-6.506941e-17	-6.116821e-17	6.848403e-17	-5.386923e-17	0	-1.8516001e-17
8.00009999999073e-10	9.624212e-08	-2.3547514e-08	0.00055528147	0.13504995	-6.5124274e-17	-6.1159193e-17	6.847393e-17	-5.391503e-17	0	-1.8523977e-17
8.100099999990553e-10	3.3523346e-08	6.068947e-09	0.00054277456	0.13544767	-6.517408e-17	-6.1147904e-17	6.846133e-17	-5.3952994e-17	0	-1.8534519e-17
8.200099999990377e-10	-1.9944077e-08	2.1362693e-08	0.00054510555	0.13581835	-6.5219075e-17	-6.1135126e-17	6.8447085e-17	-5.39849e-17	0	-1.8546134e-17
8.300099999990201e-10	-5.780672e-08	2.7128193e-08	0.0005563996	0.13615392	-6.525956e-17	-6.1121785e-17	6.843215e-17	-5.401247e-17	0	-1.8557465e-17
8.400099999990025e-10	-8.930456e-08	2.755302e-08	0.0005746817	0.13645324	-6.5295864e-17	-6.1108484e-17	6.8417214e-17	-5.403705e-17	0	-1.856755e-17
8.500099999989849e-10	-1.11167935e-07	1.8935115e-08	0.00060011493	0.1367137	-6.532832e-17	-6.109535e-17	6.840244e-17	-5.4059492e-17	0	-1.8575917e-17
8.600099999989673e-10	-1.2207687e-07	7.768252e-09	0.0006316574	0.13693346	-6.535731e-17	-6.10822e-17	6.8387634e-17	-5.4080238e-17	0	-1.858251e-17
8.700099999989497e-10	-1.2002101e-07	-1.3958578e-09	0.0006660004	0.1371195	-6.538324e-17	-6.1068786e-17	6.837257e-17	-5.4099515e-17	0	-1.8587514e-17
8.800099999989321e-10	-1.1150173e-07	-5.2192943e-09	0.00069883245	0.1372764	-6.540649e-17	-6.1055015e-17	6.835719e-17	-5.4117458e-17	0	-1.8591202e-17
8.900099999989144e-10	-9.290041e-08	-4.491021e-09	0.0007264408	0.13740975	-6.542745e-17	-6.104105e-17	6.8341636e-17	-5.413423e-17	0	-1.8593803e-17
9.000099999988968e-10	-6.892807e-08	2.0634419e-09	0.00074669893	0.13752529	-6.544646e-17	-6.1027195e-17	6.832629e-17	-5.4150045e-17	0	-1.8595507e-17
9.100099999988792e-10	-4.383297e-08	1.025652e-08	0.00075948646	0.1376281	-6.546382e-17	-6.101383e-17	6.831151e-17	-5.416505e-17	0	-1.8596458e-17
9.200099999988616e-10	-1.5688228e-08	1.659857e-08	0.00076649926	0.13772452	-6.547976e-17	-6.100125e-17	6.8297656e-17	-5.4179357e-17	0	-1.8596815e-17
9.30009999998844e-10	1.4337887e-08	2.7128193e-08	0.00077036105	0.13781498	-6.549448e-17	-6.098958e-17	6.8284845e-17	-5.419299e-17	0	-1.8596746e-17
9.400099999989161e-10	4.031298e-08	3.5290928e-08	0.0007733547	0.13790222	-6.550812e-17	-6.097875e-17	6.8272947e-17	-5.42059e-17	0	-1.8596418e-17
9.50009999999002e-10	6.4998424e-08	4.5759858e-08	0.0007767417	0.13798834	-6.552081e-17	-6.096853e-17	6.826173e-17	-5.4218013e-17	0	-1.8595996e-17
9.600099999990877e-10	8.884938e-08	4.9461917e-08	0.0007807312	0.13807292	-6.553264e-17	-6.095859e-17	6.825082e-17	-5.4229276e-17	0	-1.8595603e-17
9.700099999991735e-10	1.08649324e-07	4.7443994e-08	0.0007847911	0.13815507	-6.554374e-17	-6.0948606e-17	6.8239846e-17	-5.423965e-17	0	-1.8595316e-17
9.800099999992593e-10	1.2324514e-07	4.4181935e-08	0.00078839797	0.13823299	-6.5554116e-17	-6.0938296e-17	6.822847e-17	-5.4249132e-17	0	-1.8595166e-17
9.90009999999345e-10	1.3800785e-07	4.0677115e-08	0.00079096924	0.13830686	-6.556387e-17	-6.092747e-17	6.8216526e-17	-5.4257784e-17	0	-1.8595148e-17
1.0000099999994308e-09	1.4548783e-07	3.7005403e-08	0.00079212553	0.13837475	-6.557306e-17	-6.091607e-17	6.820392e-17	-5.4265675e-17	0	-1.8595239e-17
1.0100099999995166e-09	1.4876507e-07	3.488127e-08	0.00079153874	0.13843624	-6.558172e-17	-6.0904104e-17	6.8190685e-17	-5.4272898e-17	0	-1.8595394e-17
1.0200099999996024e-09	1.544547e-07	2.5474405e-08	0.0007890949	0.13849209	-6.558987e-17	-6.089171e-17	6.817696e-17	-5.4279545e-17	0	-1.859558e-17
1.0300099999996882e-09	1.597195e-07	2.1815968e-08	0.0007848202	0.13854228	-6.559759e-17	-6.087905e-17	6.816296e-17	-5.4285733e-17	0	-1.8595758e-17
1.040009999999774e-09	1.6096365e-07	1.8332013e-08	0.00077888864	0.13858691	-6.560492e-17	-6.086636e-17	6.814891e-17	-5.4291563e-17	0	-1.859591e-17
1.0500099999998598e-09	1.5800504e-07	1.4337887e-08	0.00077140564	0.13862626	-6.56119e-17	-6.0853845e-17	6.8135066e-17	-5.4297118e-17	0	-1.8596008e-17
1.0600099999999456e-09	1.57914e-07	1.5399953e-08	0.00076262094	0.13866241	-6.5618524e-17	-6.084169e-17	6.812167e-17	-5.430246e-17	0	-1.8596044e-17
1.0700000000000313e-09	1.5624504e-07	1.9542009e-08	0.00075273437	0.13869493	-6.562488e-17	-6.083011e-17	6.8108894e-17	-5.4307656e-17	0	-1.8596016e-17
1.080000000000117e-09	1.4579128e-07	2.300131e-08	0.00074197975	0.1387251	-6.563099e-17	-6.081917e-17	6.809687e-17	-5.4312772e-17	0	-1.8595927e-17
1.0900000000002028e-09	1.4216508e-07	2.685509e-08	0.00073072425	0.1387527	-6.563688e-17	-6.0808965e-17	6.808568e-17	-5.4317817e-17	0	-1.8595778e-17
1.1000000000002886e-09	1.3896371e-07	3.210473e-08	0.00071918016	0.13877752	-6.5642605e-17	-6.0799515e-17	6.807535e-17	-5.4322847e-17	0	-1.8595593e-17
1.1100000000003744e-09	1.3230304e-07	4.120815e-08	0.0007075659	0.13879973	-6.5648183e-17	-6.0790794e-17	6.806585e-17	-5.4327873e-17	0	-1.859537e-17
1.1200000000004602e-09	1.2398858e-07	4.973502e-08	0.00069609476	0.13882144	-6.565366e-17	-6.0782767e-17	6.805714e-17	-5.4332895e-17	0	-1.8595138e-17
1.130000000000546e-09	1.1747964e-07	5.9111542e-08	0.0006849385	0.13884142	-6.565904e-17	-6.077535e-17	6.804913e-17	-5.4337928e-17	0	-1.8594896e-17
1.1400000000006318e-09	1.1001484e-07	6.7334966e-08	0.0006741746	0.13886002	-6.56644e-17	-6.0768486e-17	6.804175e-17	-5.4343007e-17	0	-1.8594658e-17
1.1500000000007175e-09	9.984935e-08	8.1779056e-08	0.00066387217	0.1388776	-6.566975e-17	-6.07621e-17	6.803492e-17	-5.4348132e-17	0	-1.859443e-17
1.1600000000008033e-09	8.909214e-08	9.6223154e-08	0.0006540962	0.1388929	-6.5675116e-17	-6.0756125e-17	6.802856e-17	-5.435334e-17	0	-1.859421e-17
1.1700000000008891e-09	7.913907e-08	1.11547244e-07	0.00064495637	0.13890639	-6.568052e-17	-6.075051e-17	6.802262e-17	-5.4358637e-17	0	-1.8594e-17
1.1800000000009749e-09	6.9868754e-08	1.2829754e-07	0.0006364603	0.1389192	-6.568604e-17	-6.074524e-17	6.801707e-17	-5.4364083e-17	0	-1.8593788e-17
1.1900000000010607e-09	5.97943e-08	1.4249888e-07	0.0006286626	0.13892879	-6.5691673e-17	-6.074029e-17	6.8011875e-17	-5.43697e-17	0	-1.8593564e-17
1.2000000000011465e-09	4.8536403e-08	1.5937054e-07	0.00062163133	0.13893647	-6.5697483e-17	-6.073565e-17	6.800704e-17	-5.437554e-17	0	-1.859333e-17
1.2100000000012322e-09	4.1435737e-08	1.729043e-07	0.0006154227	0.13894166	-6.5703466e-17	-6.0731336e-17	6.8002564e-17	-5.4381633e-17	0	-1.8593066e-17
1.220000000001318e-09	3.6110233e-08	1.8698425e-07	0.0006100646	0.13894269	-6.570968e-17	-6.072736e-17	6.799847e-17	-5.438802e-17	0	-1.8592774e-17
1.2300000000014038e-09	3.0223354e-08	2.0246007e-07	0.00060565287	0.13894229	-6.5716145e-17	-6.072377e-17	6.799478e-17	-5.4394715e-17	0	-1.8592446e-17
1.2400000000014896e-09	2.4852337e-08	2.172683e-07	0.000602183	0.13893929	-6.5722894e-17	-6.072056e-17	6.7991513e-17	-5.4401766e-17	0	-1.859208e-17
1.2500000000015754e-09	1.5430297e-08	2.2837447e-07	0.00059971726	0.13893265	-6.572992e-17	-6.0717763e-17	6.79887e-17	-5.4409175e-17	0	-1.8591683e-17
1.2600000000016612e-09	9.300661e-09	2.3869168e-07	0.00059836626	0.1389222	-6.573728e-17	-6.0715414e-17	6.798635e-17	-5.4416957e-17	0	-1.8591255e-17
1.270000000001747e-09	9.543419e-09	2.4821992e-07	0.0005981638	0.13890705	-6.5744944e-17	-6.071353e-17	6.7984486e-17	-5.4425093e-17	0	-1.8590815e-17
1.2800000000018327e-09	8.299285e-09	2.5434957e-07	0.0005991648	0.13888815	-6.575292e-17	-6.07121e-17	6.798311e-17	-5.4433563e-17	0	-1.859037e-17
1.2900000000019185e-09	4.2482626e-09	2.570806e-07	0.0006013257	0.13886674	-6.57612e-17	-6.071115e-17	6.7982236e-17	-5.4442345e-17	0	-1.8589941e-17
1.3000000000020043e-09	2.2606828e-09	2.6266403e-07	0.00060463796	0.13884169	-6.576974e-17	-6.071067e-17	6.798184e-17	-5.4451364e-17	0	-1.8589543e-17
1.3100000000020901e-09	-3.0344735e-10	2.6369574e-07	0.0006089824	0.13880995	-6.577852e-17	-6.071062e-17	6.7981905e-17	-5.4460595e-17	0	-1.8589192e-17
1.3200000000021759e-09	-2.852405e-09	2.644847e-07	0.0006142	0.13877523	-6.578752e-17	-6.071103e-17	6.7982395e-17	-5.446998e-17	0	-1.8588912e-17
1.3300000000022617e-09	1.7599946e-09	2.6181436e-07	0.00062009075	0.13873173	-6.579669e-17	-6.0711814e-17	6.798329e-17	-5.4479462e-17	0	-1.8588707e-17
1.3400000000023475e-09	4.157229e-09	2.5926542e-07	0.0006264191	0.13868327	-6.5805976e-17	-6.071296e-17	6.798454e-17	-5.4488978e-17	0	-1.8588585e-17
1.3500000000024332e-09	5.5530864e-09	2.5623095e-07	0.00063298666	0.13863352	-6.581538e-17	-6.071443e-17	6.7986094e-17	-5.4498494e-17	0	-1.8588552e-17
1.360000000002519e-09	6.28136e-09	2.54653e-07	0.0006394775	0.13857648	-6.5824816e-17	-6.0716155e-17	6.79879e-17	-5.4507966e-17	0	-1.8588596e-17
1.3700000000026048e-09	8.405491e-09	2.5392472e-07	0.0006456527	0.13851473	-6.5834286e-17	-6.071811e-17	6.79899e-17	-5.4517367e-17	0	-1.8588719e-17
1.3800000000026906e-09	1.25020305e-08	2.5089025e-07	0.00065134704	0.13844807	-6.5843736e-17	-6.0720205e-17	6.799205e-17	-5.4526677e-17	0	-1.8588907e-17
1.3900000000027764e-09	1.7250981e-08	2.507689e-07	0.0006564516	0.13837484	-6.585316e-17	-6.072243e-17	6.7994286e-17	-5.4535876e-17	0	-1.8589147e-17
1.4000000000028622e-09	2.1681313e-08	2.489482e-07	0.0006609474	0.13829938	-6.586255e-17	-6.0724685e-17	6.799653e-17	-5.4544965e-17	0	-1.8589433e-17
1.410000000002948e-09	2.8296466e-08	2.449427e-07	0.0006647639	0.13822094	-6.587187e-17	-6.072693e-17	6.799872e-17	-5.4553905e-17	0	-1.8589756e-17
1.4200000000030337e-09	3.2961967e-08	2.3875236e-07	0.00066798326	0.13813987	-6.588108e-17	-6.0729106e-17	6.800081e-17	-5.456267e-17	0	-1.8590112e-17
1.4300000000031195e-09	3.55261e-08	2.2928481e-07	0.0006706559	0.13805433	-6.5890183e-17	-6.073116e-17	6.8002717e-17	-5.457126e-17	0	-1.8590495e-17
1.4400000000032053e-09	3.7604714e-08	2.2576482e-07	0.00067286403	0.13797078	-6.589917e-17	-6.0733037e-17	6.80044e-17	-5.4579627e-17	0	-1.8590902e-17
1.450000000003291e-09	3.6246785e-08	2.2030277e-07	0.00067472307	0.13788535	-6.590798e-17	-6.073469e-17	6.800581e-17	-5.458776e-17	0	-1.8591333e-17
1.4600000000033769e-09	3.120956e-08	2.1022832e-07	0.00067625125	0.13780147	-6.591661e-17	-6.073608e-17	6.800689e-17	-5.4595634e-17	0	-1.8591781e-17
1.4700000000034627e-09	2.9176462e-08	1.9736216e-07	0.00067744666	0.1377213	-6.592502e-17	-6.07372e-17	6.8007647e-17	-5.4603225e-17	0	-1.8592241e-17
1.4800000000035485e-09	2.6490953e-08	1.8121875e-07	0.00067829655	0.13764405	-6.593323e-17	-6.073802e-17	6.800804e-17	-5.4610534e-17	0	-1.859271e-17
1.4900000000036342e-09	2.2910275e-08	1.6798845e-07	0.000678886	0.13757135	-6.5941204e-17	-6.073852e-17	6.800806e-17	-5.4617555e-17	0	-1.8593177e-17
1.50000000000372e-09	1.5490986e-08	1.5463677e-07	0.000679209	0.13750382	-6.594891e-17	-6.073871e-17	6.800772e-17	-5.4624285e-17	0	-1.8593644e-17
1.5100000000038058e-09	8.982042e-09	1.3727959e-07	0.00067927357	0.13744353	-6.595637e-17	-6.0738575e-17	6.800701e-17	-5.4630707e-17	0	-1.8594097e-17
1.5200000000038916e-09	1.4262025e-09	1.1919412e-07	0.00067906175	0.13739459	-6.5963564e-17	-6.073815e-17	6.8005966e-17	-5.4636848e-17	0	-1.8594535e-17
1.5300000000039774e-09	-8.716525e-09	9.880245e-08	0.000678508	0.13735527	-6.5970486e-17	-6.073741e-17	6.800459e-17	-5.46427e-17	0	-1.8594959e-17
1.5400000000040632e-09	-2.0080629e-08	7.986734e-08	0.0006777885	0.13732097	-6.597713e-17	-6.0736385e-17	6.800288e-17	-5.464827e-17	0	-1.8595363e-17
1.550000000004149e-09	-3.039784e-08	6.093223e-08	0.0006768553	0.13729188	-6.598351e-17	-6.073509e-17	6.8000884e-17	-5.4653554e-17	0	-1.8595743e-17
1.5600000000042347e-09	-3.780954e-08	4.7459164e-08	0.00067574496	0.13726649	-6.598962e-17	-6.0733546e-17	6.799861e-17	-5.4658576e-17	0	-1.8596104e-17
1.5700000000043205e-09	-4.6389513e-08	3.5685407e-08	0.0006744997	0.13724516	-6.599545e-17	-6.073176e-17	6.799609e-17	-5.466333e-17	0	-1.8596443e-17
1.5800000000044063e-09	-5.553845e-08	2.0755799e-08	0.00067318213	0.13722757	-6.600101e-17	-6.072977e-17	6.7993346e-17	-5.4667834e-17	0	-1.8596759e-17
1.590000000004492e-09	-6.3390154e-08	5.583431e-09	0.0006718504	0.13721292	-6.6006306e-17	-6.07276e-17	6.799042e-17	-5.4672086e-17	0	-1.8597052e-17
1.6000000000045779e-09	-7.194737e-08	-4.491021e-09	0.000670497	0.13720073	-6.6011355e-17	-6.0725254e-17	6.798732e-17	-5.4676096e-17	0	-1.8597326e-17
1.6100000000046637e-09	-7.64308e-08	-1.4565472e-08	0.0006691691	0.13718939	-6.601614e-17	-6.0722786e-17	6.7984095e-17	-5.467988e-17	0	-1.859758e-17
1.6200000000047495e-09	-8.127837e-08	-2.2090967e-08	0.00066788576	0.13717905	-6.602068e-17	-6.07202e-17	6.7980767e-17	-5.4683435e-17	0	-1.8597814e-17
1.6300000000048352e-09	-8.853076e-08	-2.864543e-08	0.0006665706	0.13717256	-6.6024974e-17	-6.071753e-17	6.797737e-17	-5.4686783e-17	0	-1.859803e-17
1.640000000004921e-09	-9.5320395e-08	-3.5685407e-08	0.00066531147	0.13716821	-6.602904e-17	-6.0714805e-17	6.7973924e-17	-5.4689926e-17	0	-1.8598231e-17
1.6500000000050068e-09	-1.01434864e-07	-4.114746e-08	0.00066405605	0.13716468	-6.603287e-17	-6.071203e-17	6.7970457e-17	-5.4692878e-17	0	-1.8598418e-17
1.6600000000050926e-09	-1.02686585e-07	-4.5152966e-08	0.0006628259	0.13716225	-6.603649e-17	-6.070924e-17	6.7966996e-17	-5.4695654e-17	0	-1.8598592e-17
1.6700000000051784e-09	-1.0270934e-07	-4.8794334e-08	0.0006615651	0.13716206	-6.603989e-17	-6.070644e-17	6.796355e-17	-5.4698238e-17	0	-1.8598754e-17
1.6800000000052642e-09	-1.0280796e-07	-5.6319827e-08	0.00066031574	0.1371633	-6.604308e-17	-6.070366e-17	6.796015e-17	-5.4700663e-17	0	-1.8598905e-17
1.69000000000535e-09	-1.03414855e-07	-5.8747407e-08	0.0006590328	0.13716604	-6.60461e-17	-6.07009e-17	6.7956785e-17	-5.4702936e-17	0	-1.859904e-17
1.7000000000054357e-09	-1.0478037e-07	-5.5834313e-08	0.00065778766	0.1371712	-6.604891e-17	-6.069818e-17	6.79535e-17	-5.4705067e-17	0	-1.8599166e-17
1.7100000000055215e-09	-1.0371072e-07	-5.7654997e-08	0.0006565205	0.13717803	-6.605156e-17	-6.06955e-17	6.7950287e-17	-5.4707062e-17	0	-1.859928e-17
1.7200000000056073e-09	-1.037183e-07	-6.044671e-08	0.00065520615	0.13718627	-6.605404e-17	-6.069289e-17	6.7947157e-17	-5.4708922e-17	0	-1.8599384e-17
1.730000000005693e-09	-1.0473485e-07	-5.8747407e-08	0.0006538438	0.1371959	-6.605637e-17	-6.0690314e-17	6.7944106e-17	-5.4710682e-17	0	-1.8599484e-17
1.7400000000057789e-09	-1.07033465e-07	-5.8990164e-08	0.00065242796	0.13720664	-6.6058564e-17	-6.068781e-17	6.794115e-17	-5.4712323e-17	0	-1.8599571e-17
1.7500000000058647e-09	-1.04863815e-07	-5.947568e-08	0.0006510208	0.13721819	-6.60606e-17	-6.068537e-17	6.793828e-17	-5.471387e-17	0	-1.8599647e-17
1.7600000000059504e-09	-1.018521e-07	-6.093223e-08	0.0006495579	0.13723074	-6.606252e-17	-6.0682995e-17	6.7935517e-17	-5.4715327e-17	0	-1.8599715e-17
1.7700000000060362e-09	-1.0101762e-07	-6.020395e-08	0.0006480277	0.13724409	-6.606432e-17	-6.068069e-17	6.793284e-17	-5.4716694e-17	0	-1.8599775e-17
1.780000000006122e-09	-1.0022866e-07	-6.348118e-08	0.0006465293	0.13725859	-6.606601e-17	-6.067847e-17	6.793027e-17	-5.4717984e-17	0	-1.8599826e-17
1.7900000000062078e-09	-1.00039e-07	-6.408808e-08	0.0006450288	0.13727385	-6.6067604e-17	-6.067631e-17	6.792778e-17	-5.471921e-17	0	-1.8599869e-17
1.8000000000062936e-09	-9.791487e-08	-6.287429e-08	0.0006434652	0.13728991	-6.606911e-17	-6.0674234e-17	6.7925405e-17	-5.472037e-17	0	-1.8599907e-17
1.8100000000063794e-09	-9.3659025e-08	-5.971844e-08	0.0006419108	0.13730676	-6.607051e-17	-6.067222e-17	6.7923115e-17	-5.4721472e-17	0	-1.8599939e-17
1.8200000000064652e-09	-8.910731e-08	-5.619845e-08	0.0006403171	0.13732396	-6.6071846e-17	-6.06703e-17	6.792093e-17	-5.472252e-17	0	-1.859996e-17
1.830000000006551e-09	-8.8788696e-08	-5.607707e-08	0.00063868845	0.13734129	-6.607312e-17	-6.066845e-17	6.791884e-17	-5.472353e-17	0	-1.8599982e-17
1.8400000000066367e-09	-8.764318e-08	-5.1950185e-08	0.00063700223	0.13735934	-6.607433e-17	-6.066668e-17	6.791684e-17	-5.4724493e-17	0	-1.8599995e-17
1.8500000000067225e-09	-8.45556e-08	-5.0615018e-08	0.00063537236	0.13737819	-6.607548e-17	-6.066498e-17	6.791494e-17	-5.4725436e-17	0	-1.8600003e-17
1.8600000000068083e-09	-8.2681815e-08	-4.9279848e-08	0.0006336936	0.13739726	-6.607658e-17	-6.066336e-17	6.7913136e-17	-5.4726342e-17	0	-1.8600006e-17
1.870000000006742e-09	-7.987493e-08	-4.7216407e-08	0.0006319644	0.13741677	-6.607763e-17	-6.066182e-17	6.7911416e-17	-5.4727222e-17	0	-1.8600006e-17
1.880000000006621e-09	-7.778873e-08	-4.4788827e-08	0.00063020625	0.13743663	-6.607864e-17	-6.066035e-17	6.7909795e-17	-5.4728083e-17	0	-1.86e-17
1.8900000000065e-09	-7.517908e-08	-4.0419188e-08	0.0006284705	0.1374569	-6.607963e-17	-6.0658954e-17	6.790825e-17	-5.4728933e-17	0	-1.8599993e-17
1.900000000006379e-09	-7.250874e-08	-3.9448153e-08	0.00062675227	0.13747741	-6.608058e-17	-6.065764e-17	6.790681e-17	-5.4729773e-17	0	-1.8599977e-17
1.910000000006258e-09	-6.694807e-08	-3.8598504e-08	0.0006249719	0.13749823	-6.608151e-17	-6.065639e-17	6.790544e-17	-5.4730604e-17	0	-1.859996e-17
1.920000000006137e-09	-6.5347386e-08	-3.9569535e-08	0.0006231308	0.13751912	-6.608242e-17	-6.065521e-17	6.790416e-17	-5.473143e-17	0	-1.8599942e-17
1.930000000006016e-09	-6.221429e-08	-3.7991608e-08	0.0006213701	0.13754027	-6.608332e-17	-6.0654104e-17	6.7902965e-17	-5.4732268e-17	0	-1.8599915e-17
1.940000000005895e-09	-5.943775e-08	-3.422886e-08	0.0006195642	0.13756171	-6.60842e-17	-6.065305e-17	6.790185e-17	-5.47331e-17	0	-1.8599887e-17
1.950000000005774e-09	-5.973361e-08	-3.1679903e-08	0.00061778387	0.13758333	-6.608509e-17	-6.065207e-17	6.7900795e-17	-5.4733952e-17	0	-1.8599854e-17
1.960000000005653e-09	-5.7472928e-08	-3.204404e-08	0.00061597454	0.13760515	-6.608596e-17	-6.065116e-17	6.789983e-17	-5.4734803e-17	0	-1.8599821e-17
1.9700000000055318e-09	-5.327018e-08	-3.083025e-08	0.00061415025	0.13762745	-6.608684e-17	-6.06503e-17	6.789892e-17	-5.473568e-17	0	-1.8599783e-17
1.9800000000054108e-09	-5.1312945e-08	-2.9130945e-08	0.0006122635	0.13764994	-6.608772e-17	-6.06495e-17	6.7898095e-17	-5.4736576e-17	0	-1.859974e-17
1.9900000000052898e-09	-4.9545367e-08	-2.8402672e-08	0.0006103819	0.1376726	-6.6088614e-17	-6.064877e-17	6.789734e-17	-5.4737486e-17	0	-1.8599697e-17
2.0000000000051688e-09	-4.7079855e-08	-2.172683e-08	0.0006085032	0.13769531	-6.60895e-17	-6.064808e-17	6.7896646e-17	-5.4738422e-17	0	-1.8599647e-17
2.0100000000050478e-09	-4.361297e-08	-2.0027525e-08	0.0006066206	0.13771804	-6.609042e-17	-6.064745e-17	6.789602e-17	-5.4739385e-17	0	-1.8599596e-17
2.0200000000049267e-09	-4.2543316e-08	-1.9906146e-08	0.00060475623	0.1377408	-6.609135e-17	-6.064688e-17	6.789544e-17	-5.4740374e-17	0	-1.8599538e-17
2.0300000000048057e-09	-4.2786077e-08	-1.942063e-08	0.00060277776	0.1377638	-6.60923e-17	-6.064634e-17	6.7894925e-17	-5.4741407e-17	0	-1.8599482e-17
2.0400000000046847e-09	-3.940264e-08	-1.8813735e-08	0.00060092186	0.13778667	-6.6093266e-17	-6.0645865e-17	6.7894475e-17	-5.4742462e-17	0	-1.8599417e-17
2.0500000000045637e-09	-3.6550233e-08	-1.8692356e-08	0.0005990483	0.13780965	-6.609425e-17	-6.064543e-17	6.7894085e-17	-5.474355e-17	0	-1.8599355e-17
2.0600000000044427e-09	-3.498748e-08	-1.7842703e-08	0.0005971358	0.13783301	-6.609528e-17	-6.0645044e-17	6.789375e-17	-5.47447e-17	0	-1.8599285e-17
2.0700000000043217e-09	-3.2089556e-08	-1.699305e-08	0.0005952336	0.13785654	-6.609633e-17	-6.064471e-17	6.789346e-17	-5.474587e-17	0	-1.8599216e-17
2.0800000000042007e-09	-3.158887e-08	-1.5172366e-08	0.0005933702	0.13788001	-6.609743e-17	-6.0644416e-17	6.789324e-17	-5.4747104e-17	0	-1.8599141e-17
2.0900000000040797e-09	-3.1573695e-08	-1.2987546e-08	0.0005915235	0.13790372	-6.609854e-17	-6.0644164e-17	6.789306e-17	-5.474837e-17	0	-1.8599065e-17
2.1000000000039587e-09	-2.900198e-08	-1.4079957e-08	0.0005896839	0.13792782	-6.60997e-17	-6.0643966e-17	6.7892947e-17	-5.4749695e-17	0	-1.8598986e-17
2.1100000000038377e-09	-2.9449565e-08	-1.25020305e-08	0.00058781006	0.13795231	-6.61009e-17	-6.064381e-17	6.7892874e-17	-5.475107e-17	0	-1.8598905e-17
2.1200000000037166e-09	-3.1937834e-08	-1.0195831e-08	0.00058604346	0.13797699	-6.610214e-17	-6.0643694e-17	6.7892874e-17	-5.4752498e-17	0	-1.8598819e-17
2.1300000000035956e-09	-3.3204724e-08	-8.496525e-09	0.00058424246	0.13800195	-6.610344e-17	-6.064363e-17	6.789291e-17	-5.4753983e-17	0	-1.8598733e-17
2.1400000000034746e-09	-3.274197e-08	-1.0438589e-08	0.00058256014	0.13802719	-6.610476e-17	-6.06436e-17	6.789301e-17	-5.4755525e-17	0	-1.8598647e-17
2.1500000000033536e-09	-3.019301e-08	-1.0802726e-08	0.0005808871	0.13805324	-6.6106124e-17	-6.064363e-17	6.789317e-17	-5.475711e-17	0	-1.8598556e-17
2.1600000000032326e-09	-3.1095766e-08	-7.404115e-09	0.0005792014	0.1380799	-6.610755e-17	-6.0643694e-17	6.7893377e-17	-5.4758768e-17	0	-1.8598466e-17
2.1700000000031116e-09	-3.114887e-08	-8.132389e-09	0.00057757244	0.13810708	-6.6109016e-17	-6.0643814e-17	6.789365e-17	-5.476048e-17	0	-1.8598375e-17
2.1800000000029906e-09	-3.2946794e-08	-8.2537674e-09	0.00057610305	0.1381351	-6.6110524e-17	-6.064397e-17	6.789398e-17	-5.4762242e-17	0	-1.8598281e-17
2.1900000000028696e-09	-3.0686113e-08	-8.2537674e-09	0.0005747273	0.13816378	-6.611209e-17	-6.064419e-17	6.789436e-17	-5.4764068e-17	0	-1.8598195e-17
2.2000000000027486e-09	-3.1171627e-08	-8.01101e-09	0.00057341036	0.13819332	-6.611367e-17	-6.0644436e-17	6.789481e-17	-5.4765938e-17	0	-1.8598107e-17
2.2100000000026276e-09	-3.1057837e-08	-8.739284e-09	0.0005721029	0.13822344	-6.6115316e-17	-6.064474e-17	6.7895316e-17	-5.4767873e-17	0	-1.859802e-17
2.2200000000025065e-09	-2.9252323e-08	-7.404115e-09	0.0005709165	0.1382543	-6.611699e-17	-6.064509e-17	6.7895885e-17	-5.4769845e-17	0	-1.8597938e-17
2.2300000000023855e-09	-2.9722667e-08	-5.0979154e-09	0.00056986004	0.1382855	-6.61187e-17	-6.064549e-17	6.78965e-17	-5.477185e-17	0	-1.859786e-17
2.2400000000022645e-09	-3.0898526e-08	-3.884126e-09	0.00056888827	0.13831696	-6.6120444e-17	-6.064592e-17	6.7897175e-17	-5.477391e-17	0	-1.8597788e-17
2.2500000000021435e-09	-2.9790943e-08	-1.4565472e-09	0.00056795124	0.13834868	-6.61222e-17	-6.064641e-17	6.7897916e-17	-5.477599e-17	0	-1.859772e-17
2.2600000000020225e-09	-2.8766808e-08	-2.6703366e-09	0.000567045	0.1383806	-6.6123984e-17	-6.0646924e-17	6.78987e-17	-5.4778097e-17	0	-1.859766e-17
2.2700000000019015e-09	-3.1437146e-08	-2.184821e-09	0.0005662959	0.13841279	-6.6125764e-17	-6.064747e-17	6.789953e-17	-5.4780218e-17	0	-1.8597606e-17
2.2800000000017805e-09	-3.3348865e-08	-2.184821e-09	0.00056570646	0.13844526	-6.612756e-17	-6.0648055e-17	6.79004e-17	-5.4782346e-17	0	-1.859756e-17
2.2900000000016595e-09	-3.4957136e-08	-2.5489577e-09	0.0005651127	0.13847782	-6.612936e-17	-6.064865e-17	6.79013e-17	-5.4784483e-17	0	-1.8597522e-17
2.3000000000015385e-09	-3.4213688e-08	-8.4965257e-10	0.00056445866	0.1385107	-6.613114e-17	-6.0649266e-17	6.790223e-17	-5.4786614e-17	0	-1.859749e-17
2.3100000000014175e-09	-3.432748e-08	9.710315e-10	0.00056389184	0.13854381	-6.6132905e-17	-6.064988e-17	6.7903184e-17	-5.4788738e-17	0	-1.8597469e-17
2.3200000000012965e-09	-3.5359204e-08	-4.8551574e-10	0.00056343037	0.13857679	-6.6134645e-17	-6.06505e-17	6.7904137e-17	-5.479084e-17	0	-1.8597447e-17
2.3300000000011754e-09	-3.438817e-08	-4.8551574e-10	0.0005628987	0.13860941	-6.6136366e-17	-6.065112e-17	6.79051e-17	-5.4792917e-17	0	-1.8597437e-17
2.3400000000010544e-09	-3.6762646e-08	-7.282736e-10	0.00056239305	0.13864206	-6.613808e-17	-6.065171e-17	6.790604e-17	-5.479498e-17	0	-1.859743e-17
2.3500000000009334e-09	-3.893988e-08	1.820684e-09	0.0005619556	0.13867462	-6.613973e-17	-6.0652284e-17	6.790699e-17	-5.4797003e-17	0	-1.8597427e-17
2.3600000000008124e-09	-3.9129535e-08	3.762747e-09	0.0005614701	0.13870686	-6.614135e-17	-6.065282e-17	6.790791e-17	-5.479901e-17	0	-1.8597426e-17
2.3700000000006914e-09	-4.0024705e-08	2.184821e-09	0.00056097266	0.13873848	-6.6142943e-17	-6.065333e-17	6.7908795e-17	-5.4800987e-17	0	-1.8597426e-17
2.3800000000005704e-09	-4.2801247e-08	3.641368e-10	0.00056039053	0.13876982	-6.614451e-17	-6.06538e-17	6.790965e-17	-5.480293e-17	0	-1.8597429e-17
2.3900000000004494e-09	-4.2247457e-08	-1.4565472e-09	0.00055986084	0.13880068	-6.614603e-17	-6.0654216e-17	6.791046e-17	-5.4804835e-17	0	-1.859743e-17
2.4000000000003284e-09	-4.311987e-08	-2.4275788e-09	0.00055930397	0.13883094	-6.6147496e-17	-6.0654593e-17	6.791123e-17	-5.4806708e-17	0	-1.859743e-17
2.4100000000002074e-09	-4.3044007e-08	-5.9475678e-09	0.0005587825	0.13886051	-6.614894e-17	-6.065493e-17	6.791197e-17	-5.480856e-17	0	-1.8597434e-17
2.4200000000000864e-09	-4.3324693e-08	-8.982042e-09	0.0005583453	0.13888936	-6.615034e-17	-6.065521e-17	6.7912666e-17	-5.481037e-17	0	-1.8597434e-17
2.4300099999999652e-09	-4.6032962e-08	-1.140962e-08	0.0005578768	0.13891771	-6.6151725e-17	-6.0655454e-17	6.791332e-17	-5.4812157e-17	0	-1.8597436e-17
2.4400099999998442e-09	-4.7079855e-08	-1.2744788e-08	0.0005574505	0.1389455	-6.6153055e-17	-6.065565e-17	6.791393e-17	-5.4813898e-17	0	-1.8597436e-17
2.450009999999723e-09	-4.839985e-08	-1.6264778e-08	0.0005571179	0.13897267	-6.615436e-17	-6.0655824e-17	6.791451e-17	-5.481561e-17	0	-1.8597436e-17
2.460009999999602e-09	-4.8672955e-08	-1.9542009e-08	0.00055685465	0.13899922	-6.6155636e-17	-6.0655957e-17	6.7915055e-17	-5.4817292e-17	0	-1.8597437e-17
2.470009999999481e-09	-4.8536403e-08	-2.0391662e-08	0.00055657537	0.13902517	-6.6156847e-17	-6.065605e-17	6.7915565e-17	-5.481893e-17	0	-1.8597439e-17
2.48000999999936e-09	-4.999295e-08	-2.6460608e-08	0.0005563355	0.1390504	-6.6158044e-17	-6.0656135e-17	6.791605e-17	-5.4820515e-17	0	-1.8597447e-17
2.490009999999239e-09	-5.263294e-08	-2.852405e-08	0.00055621995	0.1390748	-6.6159176e-17	-6.065618e-17	6.791651e-17	-5.482205e-17	0	-1.8597454e-17
2.500009999999118e-09	-5.440811e-08	-2.8038535e-08	0.00055612234	0.13909844	-6.616028e-17	-6.065621e-17	6.791694e-17	-5.4823552e-17	0	-1.8597464e-17
2.510009999998997e-09	-5.2283976e-08	-3.0101976e-08	0.0005560714	0.1391213	-6.6161327e-17	-6.0656215e-17	6.791735e-17	-5.4824992e-17	0	-1.8597474e-17
2.520009999998876e-09	-5.0554327e-08	-3.2529556e-08	0.0005560163	0.13914335	-6.6162326e-17	-6.0656195e-17	6.791773e-17	-5.4826365e-17	0	-1.859749e-17
2.530009999998755e-09	-5.038743e-08	-3.3500587e-08	0.00055600377	0.13916458	-6.616327e-17	-6.065616e-17	6.7918086e-17	-5.4827688e-17	0	-1.8597507e-17
2.540009999998634e-09	-5.0296396e-08	-3.68992e-08	0.0005560966	0.13918492	-6.6164165e-17	-6.065609e-17	6.79184e-17	-5.4828946e-17	0	-1.8597523e-17
2.550009999998513e-09	-4.6685376e-08	-3.8477122e-08	0.00055614626	0.13920443	-6.616499e-17	-6.0656e-17	6.7918695e-17	-5.4830137e-17	0	-1.859754e-17
2.560009999998392e-09	-4.536538e-08	-4.0540566e-08	0.000556126	0.13922313	-6.616578e-17	-6.0655884e-17	6.7918946e-17	-5.483128e-17	0	-1.8597558e-17
2.570009999998271e-09	-4.3999865e-08	-4.0419188e-08	0.0005561617	0.13924102	-6.6166515e-17	-6.0655745e-17	6.791916e-17	-5.4832354e-17	0	-1.8597576e-17
2.58000999999815e-09	-4.211849e-08	-3.762747e-08	0.0005561827	0.13925798	-6.6167176e-17	-6.065555e-17	6.7919324e-17	-5.4833356e-17	0	-1.8597591e-17
2.590009999998029e-09	-4.0783323e-08	-3.9205396e-08	0.0005560988	0.1392739	-6.616779e-17	-6.0655335e-17	6.7919456e-17	-5.4834306e-17	0	-1.8597603e-17
2.600009999997908e-09	-3.787023e-08	-4.0540566e-08	0.0005560612	0.13928887	-6.6168374e-17	-6.065509e-17	6.791954e-17	-5.483521e-17	0	-1.8597616e-17
2.610009999997787e-09	-3.5397132e-08	-4.1632976e-08	0.00055600534	0.13930282	-6.61689e-17	-6.06548e-17	6.791956e-17	-5.483604e-17	0	-1.8597624e-17
2.620009999997666e-09	-3.4395757e-08	-4.139022e-08	0.00055587344	0.13931571	-6.61694e-17	-6.0654474e-17	6.791955e-17	-5.4836837e-17	0	-1.859763e-17
2.630009999997545e-09	-3.076956e-08	-4.2968143e-08	0.0005557738	0.13932756	-6.6169823e-17	-6.065412e-17	6.79195e-17	-5.483757e-17	0	-1.8597632e-17
2.640009999997424e-09	-2.737095e-08	-4.0661945e-08	0.00055558974	0.13933857	-6.617023e-17	-6.065371e-17	6.791939e-17	-5.4838263e-17	0	-1.8597634e-17
2.650009999997303e-09	-2.5868886e-08	-4.5031587e-08	0.0005553562	0.13934869	-6.617059e-17	-6.0653296e-17	6.791925e-17	-5.4838915e-17	0	-1.859763e-17
2.660009999997182e-09	-2.3183377e-08	-4.1754355e-08	0.000555188	0.1393579	-6.6170935e-17	-6.065285e-17	6.791907e-17	-5.483953e-17	0	-1.8597626e-17
2.670009999997061e-09	-1.8859252e-08	-4.0176428e-08	0.0005549503	0.13936631	-6.6171246e-17	-6.065238e-17	6.791886e-17	-5.4840103e-17	0	-1.8597619e-17
2.68000999999694e-09	-1.3503407e-08	-4.0297806e-08	0.00055468327	0.13937393	-6.617154e-17	-6.06519e-17	6.7918616e-17	-5.484064e-17	0	-1.859761e-17
2.690009999996819e-09	-9.634453e-09	-4.0297806e-08	0.0005544862	0.13938086	-6.617179e-17	-6.065141e-17	6.791837e-17	-5.484115e-17	0	-1.8597598e-17
2.700009999996698e-09	-7.980665e-09	-4.211849e-08	0.00055423286	0.13938712	-6.6172034e-17	-6.065091e-17	6.791808e-17	-5.4841628e-17	0	-1.8597584e-17
2.710009999996577e-09	-5.537914e-09	-3.9084018e-08	0.0005539775	0.13939278	-6.6172265e-17	-6.065039e-17	6.791778e-17	-5.4842085e-17	0	-1.8597573e-17
2.720009999996456e-09	-4.1268837e-09	-3.787023e-08	0.00055374915	0.1393979	-6.6172484e-17	-6.064989e-17	6.7917484e-17	-5.4842515e-17	0	-1.859756e-17
2.730009999996335e-09	-3.9448156e-09	-3.8719882e-08	0.0005534695	0.13940255	-6.617268e-17	-6.064939e-17	6.791718e-17	-5.4842912e-17	0	-1.8597546e-17
2.740009999996214e-09	-1.6386157e-09	-3.653506e-08	0.00055324583	0.13940677	-6.6172874e-17	-6.064891e-17	6.791687e-17	-5.4843302e-17	0	-1.8597531e-17
2.750009999996093e-09	-5.7655e-10	-3.4714375e-08	0.00055300246	0.13941061	-6.6173046e-17	-6.064843e-17	6.7916564e-17	-5.484366e-17	0	-1.8597517e-17
2.760009999995972e-09	3.641368e-10	-3.544265e-08	0.00055283203	0.13941413	-6.617322e-17	-6.0647976e-17	6.7916266e-17	-5.4844007e-17	0	-1.8597505e-17
2.770009999995851e-09	1.6993051e-09	-3.435024e-08	0.000552574	0.13941737	-6.617337e-17	-6.0647526e-17	6.791596e-17	-5.4844325e-17	0	-1.859749e-17
2.78000999999573e-09	3.959988e-09	-2.864543e-08	0.0005523441	0.13942032	-6.617353e-17	-6.0647096e-17	6.7915684e-17	-5.4844636e-17	0	-1.8597482e-17
2.790009999995609e-09	4.87033e-09	-2.7917157e-08	0.00055218145	0.13942301	-6.617368e-17	-6.0646686e-17	6.79154e-17	-5.4844927e-17	0	-1.8597469e-17
2.800009999995488e-09	6.9641164e-09	-2.864543e-08	0.0005519962	0.13942549	-6.617383e-17	-6.06463e-17	6.7915135e-17	-5.48452e-17	0	-1.8597459e-17
2.810009999995367e-09	9.088248e-09	-2.7188882e-08	0.0005517168	0.1394277	-6.6173966e-17	-6.064593e-17	6.791488e-17	-5.4845466e-17	0	-1.859745e-17
2.820009999995246e-09	1.17434125e-08	-2.5975092e-08	0.00055152184	0.13942972	-6.6174105e-17	-6.064559e-17	6.791464e-17	-5.4845724e-17	0	-1.8597442e-17
2.830009999995125e-09	1.3730992e-08	-2.3061999e-08	0.0005514148	0.13943158	-6.6174244e-17	-6.0645256e-17	6.791441e-17	-5.484596e-17	0	-1.8597437e-17
2.840009999995004e-09	1.4307543e-08	-2.1119936e-08	0.00055132207	0.13943323	-6.6174376e-17	-6.064495e-17	6.791419e-17	-5.4846184e-17	0	-1.859743e-17
2.850009999994883e-09	1.1333758e-08	-1.9056493e-08	0.000551191	0.13943477	-6.6174495e-17	-6.064466e-17	6.7913997e-17	-5.4846402e-17	0	-1.8597427e-17
2.860009999994762e-09	1.1030311e-08	-1.711443e-08	0.0005511429	0.13943616	-6.617462e-17	-6.0644396e-17	6.791381e-17	-5.484661e-17	0	-1.8597426e-17
2.870009999994641e-09	1.3245477e-08	-1.6386156e-08	0.0005510366	0.13943744	-6.617475e-17	-6.0644144e-17	6.791363e-17	-5.484681e-17	0	-1.8597422e-17
2.8800099999945198e-09	1.5521332e-08	-1.3594441e-08	0.00055097224	0.13943858	-6.617487e-17	-6.064391e-17	6.791347e-17	-5.4847005e-17	0	-1.8597426e-17
2.8900099999943988e-09	1.6052365e-08	-1.1652378e-08	0.00055090693	0.13943961	-6.6175e-17	-6.06437e-17	6.791332e-17	-5.4847193e-17	0	-1.8597426e-17
2.9000099999942778e-09	1.7357188e-08	-1.2137894e-08	0.00055090815	0.13944052	-6.6175124e-17	-6.064351e-17	6.791319e-17	-5.4847372e-17	0	-1.8597429e-17
2.9100099999941568e-09	1.9284078e-08	-1.06813465e-08	0.00055096205	0.1394413	-6.617525e-17	-6.064333e-17	6.7913064e-17	-5.484755e-17	0	-1.8597436e-17
2.9200099999940357e-09	2.0437179e-08	-8.2537674e-09	0.00055103854	0.13944201	-6.617537e-17	-6.064316e-17	6.791295e-17	-5.4847716e-17	0	-1.8597445e-17
2.9300099999939147e-09	2.1347521e-08	-7.525494e-09	0.000551132	0.13944262	-6.61755e-17	-6.0643006e-17	6.7912845e-17	-5.4847885e-17	0	-1.8597454e-17
2.9400099999937937e-09	2.0346144e-08	-5.2192943e-09	0.0005511895	0.13944317	-6.617563e-17	-6.064287e-17	6.7912746e-17	-5.4848044e-17	0	-1.8597464e-17
2.9500099999936727e-09	2.2273035e-08	-6.311705e-09	0.0005512638	0.13944358	-6.617574e-17	-6.064273e-17	6.791266e-17	-5.4848196e-17	0	-1.8597479e-17
2.9600099999935517e-09	2.2485448e-08	-4.369642e-09	0.0005514165	0.13944387	-6.6175865e-17	-6.0642616e-17	6.791259e-17	-5.4848348e-17	0	-1.8597495e-17
2.9700099999934307e-09	2.3608203e-08	-3.5199892e-09	0.0005514925	0.13944401	-6.6176004e-17	-6.064251e-17	6.7912514e-17	-5.48485e-17	0	-1.8597512e-17
2.9800099999933097e-09	2.5732335e-08	-4.005505e-09	0.00055159687	0.13944401	-6.617613e-17	-6.064241e-17	6.791245e-17	-5.484864e-17	0	-1.8597531e-17
2.9900099999931887e-09	2.4412339e-08	-3.0344736e-09	0.00055173866	0.13944389	-6.617625e-17	-6.064232e-17	6.79124e-17	-5.484878e-17	0	-1.8597551e-17
3.0000099999930677e-09	2.5626129e-08	-1.5779262e-09	0.0005518816	0.13944359	-6.617639e-17	-6.064224e-17	6.791235e-17	-5.4848927e-17	0	-1.8597575e-17
