# t (s)	mx ()	my ()	mz ()	spinAngle (rad)	E_total (J)	E_anis (J)	E_demag (J)	E_exch (J)	E_therm (J)	E_custom (J)
0	0	0	0	0.009490228	2.32425e-17	-8.0432005e-17	1.10491305e-16	5.248001e-18	0	-1.2064801e-17
1.0000000000000124e-11	1.6362525e-09	-1.8971043e-10	0.0035316937	0.024918614	1.4082412e-17	-7.517564e-17	1.0394998e-16	-2.9722374e-18	0	-1.1719694e-17
2.0009999999999403e-11	3.983919e-09	-1.1382626e-09	0.011422406	0.033526625	1.1584036e-17	-6.857589e-17	9.508865e-17	-3.737375e-18	0	-1.119135e-17
3.000999999999824e-11	5.5964575e-09	-1.5176834e-09	0.020535551	0.04315254	9.1460665e-18	-6.174841e-17	8.553233e-17	-4.0996655e-18	0	-1.0538196e-17
4.000000000000001e-11	7.0904274e-09	-3.7942086e-10	0.02735154	0.053059187	6.295255e-18	-5.656666e-17	7.8032076e-17	-5.0674247e-18	0	-1.0102736e-17
5.0000000000001785e-11	1.1430053e-08	-2.2765252e-09	0.030875083	0.06138708	3.0816957e-18	-5.268547e-17	7.2454934e-17	-6.6938516e-18	0	-9.993915e-18
6.00000000000024e-11	1.8591622e-08	-6.4501546e-09	0.031753134	0.06705256	-4.1351782e-19	-4.8813017e-17	6.706317e-17	-8.596625e-18	0	-1.0067054e-17
7.000999999999771e-11	3.0638233e-08	-1.17620464e-08	0.031721883	0.07016234	-4.0888977e-18	-4.413486e-17	6.0698434e-17	-1.0399707e-17	0	-1.0252767e-17
8.000999999999302e-11	4.3728253e-08	-1.5413972e-08	0.03245078	0.06884876	-7.786733e-18	-3.8582923e-17	5.315882e-17	-1.2297019e-17	0	-1.0065613e-17
9.000999999998834e-11	5.4257182e-08	-1.9350464e-08	0.03248194	0.069360845	-1.1357334e-17	-3.1580403e-17	4.3667874e-17	-1.3313274e-17	0	-1.01315315e-17
1.0000999999998365e-10	6.0138206e-08	-2.3239528e-08	0.034865376	0.070730284	-1.4427959e-17	-2.4900352e-17	3.4525076e-17	-1.4004135e-17	0	-1.00485495e-17
1.1000999999997896e-10	6.175075e-08	-2.3192099e-08	0.034076467	0.07414654	-1.729487e-17	-1.8806651e-17	2.6075319e-17	-1.4486747e-17	0	-1.0076791e-17
1.2000999999997891e-10	5.7405188e-08	-1.8591622e-08	0.018529665	0.07947033	-1.9678314e-17	-1.6612056e-17	2.301716e-17	-1.5401496e-17	0	-1.06819226e-17
1.3000999999998715e-10	4.8423587e-08	-1.1003205e-08	-0.00038832027	0.08089386	-2.1622175e-17	-1.762373e-17	2.4286163e-17	-1.7202778e-17	0	-1.108183e-17
1.400099999999954e-10	4.2115715e-08	-4.1736294e-09	-0.011464787	0.07940195	-2.3232008e-17	-1.9037309e-17	2.6076336e-17	-1.902569e-17	0	-1.1245342e-17
1.5000000000000362e-10	3.870093e-08	7.588417e-10	-0.013425707	0.07742637	-2.442121e-17	-2.1011051e-17	2.871186e-17	-2.0787441e-17	0	-1.1334577e-17
1.6000000000001186e-10	4.1356873e-08	7.588417e-10	-0.013578961	0.07607604	-2.5278558e-17	-2.3721404e-17	3.235762e-17	-2.2470227e-17	0	-1.1444547e-17
1.700000000000201e-10	4.439224e-08	1.5176834e-09	-0.01650389	0.07538039	-2.5960322e-17	-2.494153e-17	3.3931614e-17	-2.340618e-17	0	-1.1544224e-17
1.8000000000002833e-10	4.3823107e-08	7.588417e-10	-0.01528248	0.07528824	-2.6516054e-17	-2.4825321e-17	3.3770866e-17	-2.3800804e-17	0	-1.1660796e-17
1.9000000000003657e-10	4.0301607e-08	5.311892e-09	-0.009250005	0.075676896	-2.6924343e-17	-2.4994764e-17	3.404276e-17	-2.4201281e-17	0	-1.17710605e-17
2.000000000000448e-10	3.92167e-08	6.8295756e-09	-0.004186491	0.07638551	-2.7207451e-17	-2.567693e-17	3.499201e-17	-2.4681991e-17	0	-1.1840536e-17
2.1000000000005304e-10	4.1119733e-08	5.311892e-09	-0.0022869785	0.076985955	-2.7401663e-17	-2.633582e-17	3.588291e-17	-2.5055048e-17	0	-1.1893705e-17
2.2000000000006128e-10	4.5364505e-08	1.1382626e-09	-0.00241929	0.0774457	-2.7534068e-17	-2.6682458e-17	3.6343398e-17	-2.5256881e-17	0	-1.1938128e-17
2.3000000000006952e-10	4.6716192e-08	-1.5176834e-09	-0.0030501222	0.077756934	-2.762355e-17	-2.6832818e-17	3.6548605e-17	-2.5365947e-17	0	-1.1973388e-17
2.4000000000005925e-10	4.6099633e-08	-1.8971043e-09	-0.003194486	0.07789796	-2.7682028e-17	-2.696344e-17	3.6736282e-17	-2.5454669e-17	0	-1.2000203e-17
2.5000000000004163e-10	4.4991012e-08	-1.1382626e-09	-0.002623609	0.07791689	-2.7717898e-17	-2.7117627e-17	3.695583e-17	-2.5536774e-17	0	-1.2019324e-17
2.60000000000024e-10	4.2643347e-08	-1.5176834e-09	-0.0017746565	0.07788202	-2.773836e-17	-2.7250377e-17	3.7141634e-17	-2.5598308e-17	0	-1.2031306e-17
2.700000000000064e-10	4.0230468e-08	7.588417e-10	-0.0012645082	0.07784944	-2.7749656e-17	-2.7316515e-17	3.7232713e-17	-2.5628433e-17	0	-1.2037425e-17
2.800099999999888e-10	3.9287844e-08	7.588417e-10	-0.0013767935	0.07783542	-2.775662e-17	-2.7309613e-17	3.722221e-17	-2.5629941e-17	0	-1.2039278e-17
2.9000999999997117e-10	3.739074e-08	7.588417e-10	-0.0019351878	0.077836454	-2.7762537e-17	-2.7253502e-17	3.7144135e-17	-2.5615014e-17	0	-1.2038151e-17
3.0000999999995355e-10	3.6151693e-08	-7.588417e-10	-0.0025500916	0.07784638	-2.7769406e-17	-2.717739e-17	3.703884e-17	-2.5595728e-17	0	-1.20351255e-17
3.1000999999993594e-10	3.459251e-08	-7.588417e-10	-0.0029293466	0.077863984	-2.777819e-17	-2.7102151e-17	3.6934832e-17	-2.5579742e-17	0	-1.20311294e-17
3.2000999999991833e-10	3.3839598e-08	-7.588417e-10	-0.003012534	0.07789185	-2.7789086e-17	-2.7040051e-17	3.6848977e-17	-2.5571296e-17	0	-1.2026715e-17
3.300099999999007e-10	3.367953e-08	-4.5530504e-09	-0.0029118024	0.07793368	-2.7801838e-17	-2.699639e-17	3.6788722e-17	-2.557214e-17	0	-1.202203e-17
3.400099999998831e-10	3.3380143e-08	-3.0353668e-09	-0.0027812652	0.077992514	-2.7815956e-17	-2.6970214e-17	3.675288e-17	-2.5581646e-17	0	-1.2016977e-17
3.500099999998655e-10	3.105619e-08	-3.0353668e-09	-0.0027246652	0.078072675	-2.783096e-17	-2.695662e-17	3.6734744e-17	-2.559774e-17	0	-1.2011345e-17
3.600099999998479e-10	2.3734552e-08	-1.5176834e-09	-0.0027750675	0.07818011	-2.7846427e-17	-2.6950013e-17	3.672664e-17	-2.5618268e-17	0	-1.2004786e-17
3.7000999999983027e-10	1.745336e-08	-7.588417e-10	-0.002920831	0.07832415	-2.786209e-17	-2.6946204e-17	3.6722736e-17	-2.5641835e-17	0	-1.1996787e-17
3.8000999999981266e-10	1.0099116e-08	-1.5176834e-09	-0.0031392917	0.07851598	-2.7877853e-17	-2.6943248e-17	3.6720235e-17	-2.5668174e-17	0	-1.1986665e-17
3.9000999999979505e-10	1.5532541e-09	7.588417e-10	-0.003415098	0.07876562	-2.7893788e-17	-2.6941866e-17	3.6720013e-17	-2.5698333e-17	0	-1.1973607e-17
4.0000999999977743e-10	-7.380921e-09	4.5530504e-09	-0.0037417095	0.07908908	-2.7910143e-17	-2.6945392e-17	3.6726594e-17	-2.5734668e-17	0	-1.19566766e-17
4.100099999997598e-10	-1.8390054e-08	1.5176834e-08	-0.0041149347	0.079500265	-2.792727e-17	-2.6959158e-17	3.6747333e-17	-2.5780629e-17	0	-1.1934814e-17
4.200099999997422e-10	-3.0899084e-08	2.200641e-08	-0.0045281188	0.08000999	-2.794569e-17	-2.6989572e-17	3.679106e-17	-2.5840358e-17	0	-1.1906828e-17
4.300099999997246e-10	-4.194972e-08	4.097745e-08	-0.0049715573	0.080627285	-2.7966063e-17	-2.704315e-17	3.6866795e-17	-2.591827e-17	0	-1.18714406e-17
4.40009999999707e-10	-5.4802598e-08	5.9189652e-08	-0.0054329936	0.0813636	-2.798917e-17	-2.7125787e-17	3.698265e-17	-2.6018652e-17	0	-1.1827382e-17
4.5000999999968937e-10	-7.010986e-08	9.1061004e-08	-0.0058968468	0.082219526	-2.801594e-17	-2.724216e-17	3.7145085e-17	-2.6145268e-17	0	-1.1773592e-17
4.6000999999967176e-10	-8.235804e-08	1.3507382e-07	-0.006342001	0.08320165	-2.8047365e-17	-2.7395294e-17	3.7358282e-17	-2.6300846e-17	0	-1.1709507e-17
4.700099999996541e-10	-9.822257e-08	2.0488726e-07	-0.006741505	0.08431181	-2.80845e-17	-2.758606e-17	3.7623457e-17	-2.6486499e-17	0	-1.1635394e-17
4.800099999996365e-10	-1.252563e-07	2.8987753e-07	-0.0070673553	0.08554017	-2.812831e-17	-2.7812684e-17	3.7938156e-17	-2.6701099e-17	0	-1.1552684e-17
4.900099999996189e-10	-1.6797672e-07	4.128099e-07	-0.007301487	0.08686462	-2.8179582e-17	-2.807038e-17	3.8295753e-17	-2.6940821e-17	0	-1.1464133e-17
5.000099999996013e-10	-2.2864849e-07	5.494014e-07	-0.0074485806	0.08827055	-2.82387e-17	-2.835147e-17	3.868559e-17	-2.719915e-17	0	-1.1373668e-17
5.100099999995837e-10	-3.1663262e-07	6.920636e-07	-0.0075426353	0.08975935	-2.8305687e-17	-2.8646433e-17	3.9094326e-17	-2.7467728e-17	0	-1.1285848e-17
5.200099999995661e-10	-4.2175e-07	8.4686735e-07	-0.0076394756	0.091331646	-2.838017e-17	-2.8945892e-17	3.9508763e-17	-2.7738044e-17	0	-1.1204997e-17
5.300099999995485e-10	-5.3265353e-07	9.789059e-07	-0.007796877	0.092970654	-2.8461664e-17	-2.9243286e-17	3.991962e-17	-2.800369e-17	0	-1.11343085e-17
5.400099999995309e-10	-6.3363285e-07	1.079073e-06	-0.008053742	0.09464132	-2.854994e-17	-2.9536936e-17	4.032449e-17	-2.8262207e-17	0	-1.1075285e-17
5.500099999995133e-10	-7.098964e-07	1.1473686e-06	-0.008419477	0.096320786	-2.8645275e-17	-2.9830293e-17	4.0728378e-17	-2.851558e-17	0	-1.1027778e-17
5.600099999994956e-10	-7.44566e-07	1.1898638e-06	-0.0088717155	0.09800055	-2.8748646e-17	-3.012999e-17	4.1141042e-17	-2.8769e-17	0	-1.0990694e-17
5.70009999999478e-10	-7.426689e-07	1.1989699e-06	-0.009349288	0.09967561	-2.8861377e-17	-3.044181e-17	4.1571517e-17	-2.902785e-17	0	-1.0963229e-17
5.800099999994604e-10	-7.16726e-07	1.2020053e-06	-0.009735293	0.10135705	-2.8984382e-17	-3.076429e-17	4.2019253e-17	-2.9293076e-17	0	-1.0946275e-17
5.900099999994428e-10	-7.093273e-07	1.2141468e-06	-0.009853177	0.10308964	-2.9117125e-17	-3.1080643e-17	4.2462867e-17	-2.9556308e-17	0	-1.0943035e-17
6.000099999994252e-10	-7.5647034e-07	1.2520889e-06	-0.009520777	0.104852185	-2.9257425e-17	-3.1355118e-17	4.2854957e-17	-2.9799526e-17	0	-1.0957739e-17
6.100099999994076e-10	-8.711503e-07	1.32342e-06	-0.0086566275	0.10662647	-2.940283e-17	-3.15471e-17	4.3140874e-17	-3.0004183e-17	0	-1.09924205e-17
6.2000999999939e-10	-1.0347281e-06	1.4296578e-06	-0.0073345313	0.108461834	-2.95522e-17	-3.164358e-17	4.3299825e-17	-3.0164772e-17	0	-1.1043672e-17
6.300099999993724e-10	-1.1955077e-06	1.5419663e-06	-0.0057132477	0.110309295	-2.9706607e-17	-3.1677232e-17	4.3366873e-17	-3.02943e-17	0	-1.1101947e-17
6.400099999993547e-10	-1.2694948e-06	1.6664164e-06	-0.0038958827	0.11210474	-2.9868797e-17	-3.1704758e-17	4.3408586e-17	-3.041644e-17	0	-1.1156186e-17
6.500099999993371e-10	-1.1902699e-06	1.6906994e-06	-0.001908301	0.113831066	-3.004014e-17	-3.1776156e-17	4.3490374e-17	-3.055104e-17	0	-1.1203318e-17
6.600099999993195e-10	-9.332093e-07	1.4600114e-06	9.3274546e-05	0.11547186	-3.0218532e-17	-3.1920086e-17	4.3665802e-17	-3.071345e-17	0	-1.1250796e-17
6.700099999993019e-10	-5.7249866e-07	9.59176e-07	0.0017462329	0.11707468	-3.0399258e-17	-3.2121107e-17	4.3936112e-17	-3.0907518e-17	0	-1.1306746e-17
6.800099999992843e-10	-2.3495636e-07	2.7925375e-07	0.0027449278	0.11869034	-3.0577416e-17	-3.232097e-17	4.4224864e-17	-3.1108026e-17	0	-1.13732834e-17
6.900099999992667e-10	2.1152713e-08	-3.30855e-07	0.0030575388	0.120216765	-3.075058e-17	-3.2484405e-17	4.4471632e-17	-3.129199e-17	0	-1.1445817e-17
7.000099999992491e-10	2.1570075e-07	-6.920636e-07	0.0027509006	0.12155561	-3.0919353e-17	-3.2627246e-17	4.4691265e-17	-3.146785e-17	0	-1.1515521e-17
7.100099999992315e-10	3.5883727e-07	-8.347259e-07	0.0018710744	0.12271095	-3.108429e-17	-3.2770236e-17	4.490929e-17	-3.1648513e-17	0	-1.1574829e-17
7.200099999992138e-10	4.2864477e-07	-8.225844e-07	0.0006951415	0.12392237	-3.12427e-17	-3.2921252e-17	4.5134187e-17	-3.183654e-17	0	-1.1619092e-17
7.300099999991962e-10	4.161298e-07	-6.526039e-07	-0.0002365818	0.12515874	-3.1390373e-17	-3.308651e-17	4.5374126e-17	-3.202934e-17	0	-1.16486535e-17
7.400099999991786e-10	3.559916e-07	-4.0673916e-07	-0.00057177356	0.12633212	-3.1526176e-17	-3.3259798e-17	4.5621052e-17	-3.2217868e-17	0	-1.16695655e-17
7.50009999999161e-10	2.8527705e-07	-1.9122811e-07	-0.00046983533	0.12737207	-3.1652916e-17	-3.3412713e-17	4.5837595e-17	-3.2387886e-17	0	-1.1689916e-17
7.600099999991434e-10	2.2298089e-07	-6.981344e-08	-0.00036571996	0.12826733	-3.1774168e-17	-3.352062e-17	4.5991477e-17	-3.2529364e-17	0	-1.1715664e-17
7.700099999991258e-10	1.7870723e-07	-6.3742704e-08	-0.0005277076	0.1290275	-3.1891912e-17	-3.3590865e-17	4.6092403e-17	-3.2645044e-17	0	-1.1748409e-17
7.800099999991082e-10	1.4828241e-07	-1.2141467e-07	-0.00088049466	0.12964332	-3.2006576e-17	-3.3643315e-17	4.6167154e-17	-3.2744408e-17	0	-1.1786005e-17
7.900099999990906e-10	1.26608e-07	-1.6998054e-07	-0.0011755421	0.13014664	-3.211757e-17	-3.3687076e-17	4.6228643e-17	-3.2834425e-17	0	-1.182471e-17
8.00009999999073e-10	1.12450856e-07	-1.8212201e-07	-0.0012731224	0.13056403	-3.2223817e-17	-3.3727214e-17	4.628414e-17	-3.292006e-17	0	-1.1860687e-17
8.100099999990553e-10	9.940826e-08	-1.8819274e-07	-0.0012413299	0.13094561	-3.2324362e-17	-3.3772623e-17	4.6345815e-17	-3.3006786e-17	0	-1.1890769e-17
8.200099999990377e-10	8.7503935e-08	-1.8819274e-07	-0.0012130107	0.13134317	-3.241857e-17	-3.383004e-17	4.6423106e-17	-3.309847e-17	0	-1.19131685e-17
8.300099999990201e-10	7.550475e-08	-1.8212201e-07	-0.0012379326	0.1318057	-3.2506124e-17	-3.3899873e-17	4.6517068e-17	-3.3195545e-17	0	-1.1927773e-17
8.400099999990025e-10	6.241473e-08	-2.0336958e-07	-0.0012827035	0.13235071	-3.2587022e-17	-3.3979488e-17	4.662433e-17	-3.3296035e-17	0	-1.1935828e-17
8.500099999989849e-10	5.2549787e-08	-2.1854642e-07	-0.0012999285	0.1329586	-3.266152e-17	-3.4065164e-17	4.6739867e-17	-3.3396755e-17	0	-1.1939461e-17
8.600099999989673e-10	5.605943e-08	-2.1854642e-07	-0.0012725092	0.13358398	-3.2729945e-17	-3.415206e-17	4.6857105e-17	-3.3493853e-17	0	-1.1941133e-17
8.700099999989497e-10	7.540989e-08	-2.0336958e-07	-0.0012146324	0.13419424	-3.2792543e-17	-3.4235053e-17	4.6969072e-17	-3.358348e-17	0	-1.1943083e-17
8.800099999989321e-10	1.1411082e-07	-1.6998054e-07	-0.0011513003	0.1347599	-3.2849536e-17	-3.430973e-17	4.7069766e-17	-3.3662658e-17	0	-1.1946912e-17
8.900099999989144e-10	1.606373e-07	-1.3962688e-07	-0.0011004211	0.13526964	-3.29012e-17	-3.4373272e-17	4.715538e-17	-3.372998e-17	0	-1.1953333e-17
9.000099999988968e-10	2.0870519e-07	-1.03202474e-07	-0.0010666203	0.13571425	-3.294795e-17	-3.442493e-17	4.7224992e-17	-3.378587e-17	0	-1.1962141e-17
9.100099999988792e-10	2.484021e-07	-6.526039e-08	-0.0010442117	0.13608633	-3.299032e-17	-3.4465863e-17	4.7280228e-17	-3.3832286e-17	0	-1.1972398e-17
9.200099999988616e-10	2.7152305e-07	-4.1736293e-08	-0.0010245584	0.13639428	-3.3028872e-17	-3.449837e-17	4.7324217e-17	-3.3871915e-17	0	-1.1982807e-17
9.30009999998844e-10	2.8183857e-07	-2.1247567e-08	-0.001001712	0.13663273	-3.3064192e-17	-3.4525033e-17	4.7360395e-17	-3.3907407e-17	0	-1.199215e-17
9.400099999989161e-10	2.796569e-07	-3.0353668e-09	-0.00097355596	0.13680744	-3.3096787e-17	-3.4547982e-17	4.7391556e-17	-3.394076e-17	0	-1.19996014e-17
9.50009999999002e-10	2.6727827e-07	4.5530504e-09	-0.0009396832	0.13692133	-3.3127118e-17	-3.456857e-17	4.741939e-17	-3.3973042e-17	0	-1.20048946e-17
9.600099999990877e-10	2.5030513e-07	2.2765252e-09	-0.0008995023	0.13697827	-3.3155586e-17	-3.4587287e-17	4.7444453e-17	-3.4004505e-17	0	-1.200825e-17
9.700099999991735e-10	2.3031735e-07	-4.5530504e-09	-0.00085265085	0.1369818	-3.3182542e-17	-3.460407e-17	4.746656e-17	-3.4034836e-17	0	-1.2010195e-17
9.800099999992593e-10	2.0579728e-07	-1.5935676e-08	-0.000801072	0.13693996	-3.320822e-17	-3.4618564e-17	4.7485216e-17	-3.406353e-17	0	-1.201134e-17
9.90009999999345e-10	1.7605127e-07	-2.9215405e-08	-0.0007500767	0.13686374	-3.3232828e-17	-3.4630505e-17	4.750003e-17	-3.4090135e-17	0	-1.201222e-17
1.0000099999994308e-09	1.4750579e-07	-3.7942087e-08	-0.000707223	0.13675901	-3.3256456e-17	-3.4639783e-17	4.7510938e-17	-3.4114417e-17	0	-1.2013193e-17
1.0100099999995166e-09	1.16695624e-07	-4.458195e-08	-0.00067955017	0.13663496	-3.3279144e-17	-3.464655e-17	4.7518217e-17	-3.4136387e-17	0	-1.2014418e-17
1.0200099999996024e-09	8.704151e-08	-4.9135e-08	-0.0006710312	0.13650145	-3.3300912e-17	-3.4651152e-17	4.752241e-17	-3.415628e-17	0	-1.20158985e-17
1.0300099999996882e-09	5.645071e-08	-5.368805e-08	-0.0006814451	0.13636567	-3.3321737e-17	-3.465402e-17	4.7524246e-17	-3.4174405e-17	0	-1.2017558e-17
1.040009999999774e-09	2.9665967e-08	-4.8399873e-08	-0.00070686097	0.13623235	-3.3341596e-17	-3.4655678e-17	4.75245e-17	-3.4191133e-17	0	-1.2019284e-17
1.0500099999998598e-09	5.4423177e-09	-4.2495135e-08	-0.0007411716	0.13610767	-3.3360485e-17	-3.4656578e-17	4.7523882e-17	-3.420679e-17	0	-1.2020994e-17
1.0600099999999456e-09	-1.9540174e-08	-2.9784538e-08	-0.00077780127	0.13599579	-3.3378395e-17	-3.465714e-17	4.752303e-17	-3.4221637e-17	0	-1.2022647e-17
1.0700000000000313e-09	-3.948348e-08	-1.5935676e-08	-0.0008114072	0.13590086	-3.3395316e-17	-3.465768e-17	4.752244e-17	-3.4235838e-17	0	-1.2024234e-17
1.080000000000117e-09	-5.7114697e-08	-1.7073939e-09	-0.0008385586	0.13582183	-3.3411294e-17	-3.4658464e-17	4.7522496e-17	-3.4249542e-17	0	-1.202578e-17
1.0900000000002028e-09	-6.8438034e-08	1.5556255e-08	-0.00085788214	0.13575916	-3.342632e-17	-3.4659675e-17	4.7523475e-17	-3.426281e-17	0	-1.202731e-17
1.1000000000002886e-09	-7.706986e-08	3.2630194e-08	-0.00086964894	0.13571827	-3.344046e-17	-3.466147e-17	4.7525576e-17	-3.4275714e-17	0	-1.2028846e-17
1.1100000000003744e-09	-8.602182e-08	4.5530502e-08	-0.0008750483	0.13570103	-3.3453725e-17	-3.4663937e-17	4.7528895e-17	-3.4288284e-17	0	-1.2030392e-17
1.1200000000004602e-09	-8.902162e-08	6.526039e-08	-0.00087555184	0.13571145	-3.3466133e-17	-3.466714e-17	4.7533494e-17	-3.4300553e-17	0	-1.2031934e-17
1.130000000000546e-09	-9.173685e-08	7.967838e-08	-0.0008726388	0.13574472	-3.347774e-17	-3.467109e-17	4.7539347e-17	-3.4312534e-17	0	-1.2033458e-17
1.1400000000006318e-09	-9.072901e-08	9.295811e-08	-0.00086769793	0.13579534	-3.348854e-17	-3.4675752e-17	4.7546355e-17	-3.4324207e-17	0	-1.2034937e-17
1.1500000000007175e-09	-9.3930375e-08	9.864942e-08	-0.00086179544	0.13585806	-3.3498578e-17	-3.468105e-17	4.7554362e-17	-3.4335543e-17	0	-1.2036349e-17
1.1600000000008033e-09	-9.547177e-08	1.0472016e-07	-0.00085587136	0.13593027	-3.3507856e-17	-3.468685e-17	4.7563157e-17	-3.4346485e-17	0	-1.2037675e-17
1.1700000000008891e-09	-9.3361244e-08	1.0623784e-07	-0.000850517	0.13600972	-3.3516406e-17	-3.469301e-17	4.75725e-17	-3.4356983e-17	0	-1.2038912e-17
1.1800000000009749e-09	-9.257869e-08	1.05478996e-07	-0.0008460486	0.13609363	-3.3524247e-17	-3.4699353e-17	4.758211e-17	-3.4366956e-17	0	-1.2040047e-17
1.1900000000010607e-09	-9.05393e-08	1.145851e-07	-0.00084243645	0.13618012	-3.3531407e-17	-3.4705706e-17	4.7591747e-17	-3.437636e-17	0	-1.2041089e-17
1.2000000000011465e-09	-8.736165e-08	1.17620466e-07	-0.00083961926	0.13626866	-3.3537952e-17	-3.47119e-17	4.7601157e-17	-3.4385164e-17	0	-1.20420375e-17
1.2100000000012322e-09	-8.71008e-08	1.18379305e-07	-0.00083733024	0.13635685	-3.3543865e-17	-3.471779e-17	4.7610147e-17	-3.4393326e-17	0	-1.2042895e-17
1.220000000001318e-09	-8.593882e-08	1.1913815e-07	-0.00083525287	0.136444	-3.3549235e-17	-3.4723255e-17	4.7618548e-17	-3.4400857e-17	0	-1.2043672e-17
1.2300000000014038e-09	-8.250032e-08	1.1230857e-07	-0.00083324575	0.1365302	-3.355409e-17	-3.4728222e-17	4.7626264e-17	-3.440776e-17	0	-1.2044372e-17
1.2400000000014896e-09	-8.1101206e-08	1.13067415e-07	-0.0008311432	0.13661431	-3.355847e-17	-3.473264e-17	4.7633245e-17	-3.4414075e-17	0	-1.2045e-17
1.2500000000015754e-09	-8.14332e-08	1.0927321e-07	-0.0008288564	0.13669658	-3.3562433e-17	-3.47365e-17	4.763948e-17	-3.4419846e-17	0	-1.2045563e-17
1.2600000000016612e-09	-8.020008e-08	1.1230857e-07	-0.00082646473	0.13677673	-3.356602e-17	-3.473984e-17	4.7645008e-17	-3.442512e-17	0	-1.204607e-17
1.270000000001747e-09	-7.728328e-08	1.0927321e-07	-0.00082410837	0.13685492	-3.3569276e-17	-3.4742697e-17	4.7649885e-17	-3.4429944e-17	0	-1.204652e-17
1.2800000000018327e-09	-7.5220186e-08	1.1230857e-07	-0.00082189403	0.13693132	-3.3572224e-17	-3.4745146e-17	4.7654216e-17	-3.4434374e-17	0	-1.2046922e-17
1.2900000000019185e-09	-7.688015e-08	1.145851e-07	-0.00081994024	0.13700606	-3.3574894e-17	-3.4747263e-17	4.76581e-17	-3.443846e-17	0	-1.2047277e-17
1.3000000000020043e-09	-7.443763e-08	1.1230857e-07	-0.0008181964	0.13707916	-3.3577346e-17	-3.474913e-17	4.766163e-17	-3.4442256e-17	0	-1.20475895e-17
1.3100000000020901e-09	-6.967115e-08	1.07755525e-07	-0.0008167125	0.13715027	-3.357957e-17	-3.4750814e-17	4.7664896e-17	-3.4445796e-17	0	-1.2047862e-17
1.3200000000021759e-09	-6.696778e-08	1.00925945e-07	-0.00081549207	0.13721946	-3.3581614e-17	-3.4752402e-17	4.7668003e-17	-3.4449124e-17	0	-1.2048095e-17
1.3300000000022617e-09	-6.2557014e-08	9.864942e-08	-0.0008144802	0.13728681	-3.3583493e-17	-3.475395e-17	4.767103e-17	-3.4452274e-17	0	-1.2048297e-17
1.3400000000023475e-09	-5.8383385e-08	9.864942e-08	-0.00081366766	0.1373516	-3.3585217e-17	-3.4755515e-17	4.767402e-17	-3.4455265e-17	0	-1.2048466e-17
1.3500000000024332e-09	-5.7529686e-08	9.713174e-08	-0.00081299496	0.13741331	-3.3586812e-17	-3.4757133e-17	4.7677046e-17	-3.4458118e-17	0	-1.2048609e-17
1.360000000002519e-09	-5.579858e-08	9.181985e-08	-0.0008123962	0.13747157	-3.358829e-17	-3.4758827e-17	4.768012e-17	-3.4460847e-17	0	-1.204873e-17
1.3700000000026048e-09	-5.0083553e-08	8.650795e-08	-0.00081175804	0.13752598	-3.358965e-17	-3.4760617e-17	4.768326e-17	-3.446346e-17	0	-1.204883e-17
1.3800000000026906e-09	-4.420253e-08	8.19549e-08	-0.00081114034	0.13757655	-3.359094e-17	-3.4762497e-17	4.768646e-17	-3.446598e-17	0	-1.2048919e-17
1.3900000000027764e-09	-3.566556e-08	7.5884174e-08	-0.00081043306	0.13762306	-3.359214e-17	-3.4764472e-17	4.768973e-17	-3.4468388e-17	0	-1.2048997e-17
1.4000000000028622e-09	-3.1776498e-08	7.3607644e-08	-0.0008096077	0.13766544	-3.3593257e-17	-3.4766517e-17	4.769303e-17	-3.44707e-17	0	-1.2049068e-17
1.410000000002948e-09	-2.6274893e-08	7.057228e-08	-0.0008087086	0.13770396	-3.3594306e-17	-3.4768615e-17	4.7696356e-17	-3.447291e-17	0	-1.2049132e-17
1.4200000000030337e-09	-2.2575541e-08	6.677807e-08	-0.00080763805	0.13773857	-3.35953e-17	-3.4770742e-17	4.7699674e-17	-3.447503e-17	0	-1.2049195e-17
1.4300000000031195e-09	-1.9113326e-08	6.2983865e-08	-0.00080644706	0.13776936	-3.3596235e-17	-3.4772876e-17	4.770294e-17	-3.4477043e-17	0	-1.2049256e-17
1.4400000000032053e-09	-1.6741945e-08	6.222502e-08	-0.000805095	0.13779649	-3.359712e-17	-3.477499e-17	4.7706146e-17	-3.4478956e-17	0	-1.2049315e-17
1.450000000003291e-09	-8.72668e-09	5.6154285e-08	-0.0008036684	0.13782057	-3.359797e-17	-3.4777062e-17	4.770924e-17	-3.448078e-17	0	-1.2049373e-17
1.4600000000033769e-09	-8.038979e-09	5.311892e-08	-0.0008021484	0.13784179	-3.359878e-17	-3.477907e-17	4.7712224e-17	-3.4482503e-17	0	-1.2049428e-17
1.4700000000034627e-09	1.1619764e-09	4.856587e-08	-0.0008006666	0.13786031	-3.359954e-17	-3.4780986e-17	4.7715057e-17	-3.4484124e-17	0	-1.2049482e-17
1.4800000000035485e-09	5.074754e-09	4.2495135e-08	-0.0007992246	0.13787621	-3.3600272e-17	-3.4782816e-17	4.7717737e-17	-3.4485666e-17	0	-1.20495325e-17
1.4900000000036342e-09	6.758434e-09	4.401282e-08	-0.00079786475	0.13788976	-3.3600963e-17	-3.4784533e-17	4.772025e-17	-3.448711e-17	0	-1.20495756e-17
1.50000000000372e-09	8.584397e-09	4.3253976e-08	-0.0007966459	0.13790128	-3.3601655e-17	-3.4786148e-17	4.772259e-17	-3.4488475e-17	0	-1.204962e-17
1.5100000000038058e-09	9.817515e-09	3.7942087e-08	-0.0007954979	0.13791102	-3.3602293e-17	-3.4787643e-17	4.7724764e-17	-3.4489762e-17	0	-1.2049655e-17
1.5200000000038916e-09	1.3872575e-08	3.3389036e-08	-0.0007945888	0.13791929	-3.3602932e-17	-3.4789036e-17	4.7726773e-17	-3.4490973e-17	0	-1.2049686e-17
1.5300000000039774e-09	1.415714e-08	3.0353668e-08	-0.0007937856	0.13792627	-3.3603524e-17	-3.4790313e-17	4.772862e-17	-3.4492125e-17	0	-1.20497145e-17
1.5400000000040632e-09	1.4987124e-08	2.8835984e-08	-0.0007931045	0.13793212	-3.3604126e-17	-3.47915e-17	4.7730323e-17	-3.449321e-17	0	-1.2049737e-17
1.550000000004149e-09	1.833077e-08	3.0353668e-08	-0.00079262	0.137937	-3.3604682e-17	-3.4792596e-17	4.77319e-17	-3.4494236e-17	0	-1.2049753e-17
1.5600000000042347e-09	2.1864127e-08	2.8077142e-08	-0.0007922905	0.1379409	-3.360525e-17	-3.4793615e-17	4.7733354e-17	-3.4495215e-17	0	-1.2049768e-17
1.5700000000043205e-09	2.7033735e-08	3.1871352e-08	-0.0007920467	0.13794407	-3.360578e-17	-3.4794568e-17	4.7734714e-17	-3.4496148e-17	0	-1.2049779e-17
1.5800000000044063e-09	2.6938881e-08	3.0353668e-08	-0.000791942	0.13794658	-3.360631e-17	-3.4795462e-17	4.773598e-17	-3.4497045e-17	0	-1.2049786e-17
1.590000000004492e-09	2.674917e-08	2.5800619e-08	-0.0007918308	0.13794848	-3.3606826e-17	-3.4796312e-17	4.7737175e-17	-3.44979e-17	0	-1.2049791e-17
1.6000000000045779e-09	3.0567094e-08	2.7318302e-08	-0.0007918067	0.13794997	-3.360733e-17	-3.4797113e-17	4.7738307e-17	-3.449873e-17	0	-1.2049795e-17
1.6100000000046637e-09	3.1183653e-08	2.4282935e-08	-0.000791843	0.13795097	-3.3607822e-17	-3.479789e-17	4.7739396e-17	-3.4499536e-17	0	-1.2049796e-17
1.6200000000047495e-09	3.080423e-08	2.2765251e-08	-0.00079185626	0.13795161	-3.3608302e-17	-3.479863e-17	4.774044e-17	-3.4500314e-17	0	-1.2049798e-17
1.6300000000048352e-09	2.992682e-08	2.3524093e-08	-0.0007919511	0.13795182	-3.3608785e-17	-3.4799363e-17	4.7741444e-17	-3.450107e-17	0	-1.2049798e-17
1.640000000004921e-09	2.9594826e-08	1.745336e-08	-0.000792034	0.13795152	-3.3609265e-17	-3.4800067e-17	4.774241e-17	-3.4501813e-17	0	-1.2049799e-17
1.6500000000050068e-09	3.1183653e-08	1.9729885e-08	-0.0007922205	0.13795085	-3.360972e-17	-3.4800742e-17	4.774335e-17	-3.450253e-17	0	-1.2049798e-17
1.6600000000050926e-09	2.9737109e-08	1.745336e-08	-0.00079240545	0.13794988	-3.361019e-17	-3.4801414e-17	4.774426e-17	-3.450324e-17	0	-1.2049799e-17
1.6700000000051784e-09	3.322304e-08	1.2900309e-08	-0.0007925669	0.13794853	-3.3610635e-17	-3.4802056e-17	4.7745146e-17	-3.4503927e-17	0	-1.2049797e-17
1.6800000000052642e-09	3.455101e-08	1.3659151e-08	-0.00079273444	0.13794672	-3.3611088e-17	-3.480269e-17	4.7746006e-17	-3.4504605e-17	0	-1.2049799e-17
1.69000000000535e-09	3.509643e-08	1.4417992e-08	-0.0007929196	0.13794443	-3.3611535e-17	-3.4803303e-17	4.7746834e-17	-3.450527e-17	0	-1.2049797e-17
1.7000000000054357e-09	3.4811862e-08	1.3659151e-08	-0.000793115	0.13794172	-3.361197e-17	-3.4803892e-17	4.7747634e-17	-3.4505915e-17	0	-1.2049797e-17
1.7100000000055215e-09	3.1942495e-08	1.2141467e-08	-0.000793396	0.1379385	-3.361241e-17	-3.4804458e-17	4.77484e-17	-3.4506554e-17	0	-1.2049797e-17
1.7200000000056073e-09	3.0472236e-08	9.106101e-09	-0.00079373247	0.1379347	-3.3612848e-17	-3.4805e-17	4.7749133e-17	-3.4507183e-17	0	-1.2049796e-17
1.730000000005693e-09	2.9737109e-08	1.2141467e-08	-0.0007939235	0.13793047	-3.3613272e-17	-3.480553e-17	4.7749848e-17	-3.4507798e-17	0	-1.2049795e-17
1.7400000000057789e-09	3.3080756e-08	1.13826255e-08	-0.000794198	0.13792577	-3.3613705e-17	-3.4806026e-17	4.7750513e-17	-3.45084e-17	0	-1.2049793e-17
1.7500000000058647e-09	3.2440482e-08	1.13826255e-08	-0.0007945636	0.13792056	-3.361414e-17	-3.4806506e-17	4.775115e-17	-3.4508992e-17	0	-1.2049793e-17
1.7600000000059504e-09	3.4622154e-08	1.2141467e-08	-0.00079489884	0.13791491	-3.3614562e-17	-3.4806956e-17	4.775175e-17	-3.4509565e-17	0	-1.204979e-17
1.7700000000060362e-09	3.3341607e-08	1.6694518e-08	-0.00079532946	0.1379088	-3.3614992e-17	-3.4807376e-17	4.7752316e-17	-3.4510134e-17	0	-1.20497865e-17
1.780000000006122e-09	3.661411e-08	1.8971043e-08	-0.0007958861	0.1379022	-3.3615416e-17	-3.4807783e-17	4.7752852e-17	-3.4510693e-17	0	-1.20497865e-17
1.7900000000062078e-09	3.398188e-08	1.5935676e-08	-0.00079635944	0.13789514	-3.3615843e-17	-3.4808164e-17	4.775335e-17	-3.4511236e-17	0	-1.2049784e-17
1.8000000000062936e-09	3.4527297e-08	1.2900309e-08	-0.00079688756	0.13788761	-3.3616263e-17	-3.480852e-17	4.7753815e-17	-3.4511775e-17	0	-1.2049781e-17
1.8100000000063794e-09	3.3649886e-08	1.2141467e-08	-0.0007974789	0.1378795	-3.3616693e-17	-3.4808862e-17	4.775425e-17	-3.45123e-17	0	-1.2049777e-17
1.8200000000064652e-09	3.3815883e-08	1.2141467e-08	-0.00079798256	0.13787086	-3.3617106e-17	-3.4809173e-17	4.7754652e-17	-3.4512817e-17	0	-1.2049773e-17
1.830000000006551e-09	3.2084778e-08	9.864943e-09	-0.0007984889	0.13786171	-3.3617533e-17	-3.480947e-17	4.775503e-17	-3.4513327e-17	0	-1.2049771e-17
1.8400000000066367e-09	3.222706e-08	7.588417e-09	-0.0007990007	0.13785204	-3.361795e-17	-3.4809742e-17	4.775538e-17	-3.4513823e-17	0	-1.2049767e-17
1.8500000000067225e-09	3.191878e-08	8.347259e-09	-0.0007995437	0.13784203	-3.3618384e-17	-3.4810003e-17	4.775569e-17	-3.451431e-17	0	-1.20497625e-17
1.8600000000068083e-09	2.831428e-08	9.864943e-09	-0.00080028013	0.13783155	-3.36188e-17	-3.481024e-17	4.7755976e-17	-3.451479e-17	0	-1.2049759e-17
1.870000000006742e-09	2.8693702e-08	1.0623784e-08	-0.0008010914	0.13782056	-3.361923e-17	-3.4810453e-17	4.7756244e-17	-3.451527e-17	0	-1.2049755e-17
1.880000000006621e-09	3.030624e-08	8.347259e-09	-0.0008018775	0.13780911	-3.3619654e-17	-3.4810655e-17	4.7756475e-17	-3.4515726e-17	0	-1.2049752e-17
1.8900000000065e-09	3.3578747e-08	1.0623784e-08	-0.0008026045	0.1377972	-3.3620078e-17	-3.4810834e-17	4.775668e-17	-3.4516182e-17	0	-1.2049748e-17
1.900000000006379e-09	3.2511625e-08	1.2141467e-08	-0.00080331706	0.13778487	-3.3620518e-17	-3.481099e-17	4.7756852e-17	-3.4516632e-17	0	-1.20497435e-17
1.910000000006258e-09	3.0970227e-08	9.864943e-09	-0.0008040201	0.13777211	-3.362094e-17	-3.4811142e-17	4.7757018e-17	-3.4517072e-17	0	-1.204974e-17
1.920000000006137e-09	3.054338e-08	6.8295756e-09	-0.00080480933	0.13775891	-3.3621365e-17	-3.4811274e-17	4.7757147e-17	-3.451751e-17	0	-1.2049737e-17
1.930000000006016e-09	3.0377382e-08	7.588417e-09	-0.0008056201	0.13774529	-3.3621808e-17	-3.4811396e-17	4.7757263e-17	-3.4517943e-17	0	-1.2049733e-17
1.940000000005895e-09	2.8029715e-08	5.311892e-09	-0.00080643187	0.13773133	-3.3622238e-17	-3.481149e-17	4.7757345e-17	-3.4518363e-17	0	-1.20497286e-17
1.950000000005774e-09	2.793486e-08	7.588417e-09	-0.00080723665	0.13771693	-3.3622675e-17	-3.4811582e-17	4.7757415e-17	-3.4518783e-17	0	-1.2049725e-17
1.960000000005653e-09	2.8480278e-08	6.8295756e-09	-0.00080799946	0.13770218	-3.3623115e-17	-3.481165e-17	4.7757458e-17	-3.45192e-17	0	-1.2049721e-17
1.9700000000055318e-09	2.7342015e-08	7.588417e-09	-0.0008087928	0.13768713	-3.3623552e-17	-3.481171e-17	4.7757484e-17	-3.4519607e-17	0	-1.2049719e-17
1.9800000000054108e-09	2.9784538e-08	3.0353668e-09	-0.00080959074	0.13767175	-3.362399e-17	-3.4811757e-17	4.7757488e-17	-3.4520007e-17	0	-1.2049713e-17
1.9900000000052898e-09	2.5895472e-08	2.2765252e-09	-0.00081036746	0.13765584	-3.3624435e-17	-3.481179e-17	4.7757468e-17	-3.4520404e-17	0	-1.204971e-17
2.0000000000051688e-09	2.6606887e-08	4.1736294e-09	-0.00081122114	0.13763948	-3.3624882e-17	-3.481181e-17	4.7757435e-17	-3.45208e-17	0	-1.2049707e-17
2.0100000000050478e-09	2.992682e-08	3.4147878e-09	-0.0008120684	0.13762268	-3.3625325e-17	-3.4811813e-17	4.775738e-17	-3.4521185e-17	0	-1.2049703e-17
2.0200000000049267e-09	2.7176018e-08	3.0353668e-09	-0.00081298547	0.13760541	-3.3625775e-17	-3.481181e-17	4.7757302e-17	-3.4521572e-17	0	-1.2049699e-17
2.0300000000048057e-09	2.6322322e-08	2.2765252e-09	-0.0008138782	0.13758768	-3.3626232e-17	-3.481179e-17	4.7757206e-17	-3.4521953e-17	0	-1.2049695e-17
2.0400000000046847e-09	2.3927228e-08	3.7942085e-09	-0.00081469835	0.13756965	-3.3626682e-17	-3.481176e-17	4.7757094e-17	-3.4522327e-17	0	-1.20496905e-17
2.0500000000045637e-09	2.2907534e-08	5.311892e-09	-0.0008155507	0.13755117	-3.362714e-17	-3.4811724e-17	4.7756965e-17	-3.4522694e-17	0	-1.2049686e-17
2.0600000000044427e-09	2.4235508e-08	4.9324713e-09	-0.00081642525	0.13753228	-3.36276e-17	-3.4811658e-17	4.7756803e-17	-3.452306e-17	0	-1.2049682e-17
2.0700000000043217e-09	2.18167e-08	4.5530504e-09	-0.00081744307	0.13751289	-3.3628055e-17	-3.481159e-17	4.7756637e-17	-3.452343e-17	0	-1.2049677e-17
2.0800000000042007e-09	2.1105285e-08	4.1736294e-09	-0.00081841607	0.13749321	-3.362852e-17	-3.4811516e-17	4.7756455e-17	-3.4523792e-17	0	-1.2049672e-17
2.0900000000040797e-09	1.863905e-08	2.655946e-09	-0.0008192804	0.13747318	-3.3628985e-17	-3.481142e-17	4.7756247e-17	-3.4524143e-17	0	-1.2049668e-17
2.1000000000039587e-09	1.9065897e-08	2.655946e-09	-0.00082017435	0.13745277	-3.3629455e-17	-3.4811314e-17	4.7756022e-17	-3.4524497e-17	0	-1.20496616e-17
2.1100000000038377e-09	1.814106e-08	3.7942085e-09	-0.0008211219	0.13743192	-3.3629924e-17	-3.4811205e-17	4.775578e-17	-3.4524845e-17	0	-1.20496574e-17
2.1200000000037166e-09	2.1223855e-08	3.7942085e-09	-0.00082204636	0.13741067	-3.36304e-17	-3.4811076e-17	4.775552e-17	-3.452519e-17	0	-1.2049654e-17
2.1300000000035956e-09	1.9231894e-08	-3.7942086e-10	-0.00082293386	0.1373891	-3.3630867e-17	-3.4810937e-17	4.7755248e-17	-3.452553e-17	0	-1.204965e-17
2.1400000000034746e-09	1.9374177e-08	1.5176834e-09	-0.00082382263	0.13736697	-3.363136e-17	-3.481079e-17	4.7754943e-17	-3.4525867e-17	0	-1.2049646e-17
2.1500000000033536e-09	1.7571928e-08	-1.1382626e-09	-0.0008247437	0.1373444	-3.3631837e-17	-3.4810626e-17	4.7754632e-17	-3.4526204e-17	0	-1.204964e-17
2.1600000000032326e-09	1.4987124e-08	2.2765252e-09	-0.00082570896	0.13732138	-3.3632323e-17	-3.481045e-17	4.77543e-17	-3.4526532e-17	0	-1.2049637e-17
2.1700000000031116e-09	1.31848745e-08	4.5530504e-09	-0.0008267074	0.13729787	-3.3632806e-17	-3.4810265e-17	4.775395e-17	-3.4526856e-17	0	-1.2049633e-17
2.1800000000029906e-09	1.2947736e-08	4.5530504e-09	-0.0008277051	0.13727398	-3.36333e-17	-3.481007e-17	4.7753577e-17	-3.4527177e-17	0	-1.2049627e-17
2.1900000000028696e-09	1.26394575e-08	1.8971043e-09	-0.00082869537	0.13724975	-3.363379e-17	-3.480986e-17	4.7753193e-17	-3.4527498e-17	0	-1.2049621e-17
2.2000000000027486e-09	1.4323137e-08	3.7942085e-09	-0.0008296215	0.13722512	-3.363428e-17	-3.480964e-17	4.7752786e-17	-3.4527812e-17	0	-1.2049617e-17
2.2100000000026276e-09	1.2402319e-08	1.5176834e-09	-0.0008306464	0.13720013	-3.3634782e-17	-3.4809405e-17	4.775236e-17	-3.4528123e-17	0	-1.2049613e-17
2.2200000000025065e-09	1.6504806e-08	4.9324713e-09	-0.0008317256	0.13717473	-3.3635275e-17	-3.4809163e-17	4.775193e-17	-3.4528438e-17	0	-1.2049609e-17
2.2300000000023855e-09	1.5366545e-08	4.9324713e-09	-0.000832707	0.13714887	-3.3635778e-17	-3.4808902e-17	4.7751463e-17	-3.4528736e-17	0	-1.20496045e-17
2.2400000000022645e-09	1.8733905e-08	4.1736294e-09	-0.0008336662	0.1371226	-3.3636287e-17	-3.4808637e-17	4.7750983e-17	-3.4529037e-17	0	-1.20495995e-17
2.2500000000021435e-09	1.3896289e-08	4.1736294e-09	-0.0008346449	0.13709582	-3.3636793e-17	-3.4808352e-17	4.7750486e-17	-3.4529334e-17	0	-1.20495946e-17
2.2600000000020225e-09	1.309002e-08	4.1736294e-09	-0.00083566474	0.1370685	-3.363731e-17	-3.480806e-17	4.774997e-17	-3.452963e-17	0	-1.20495904e-17
2.2700000000019015e-09	1.1572336e-08	2.655946e-09	-0.00083669776	0.13704088	-3.363782e-17	-3.4807763e-17	4.774944e-17	-3.452992e-17	0	-1.2049584e-17
2.2800000000017805e-09	1.0860922e-08	3.7942085e-09	-0.0008376311	0.13701311	-3.3638335e-17	-3.4807443e-17	4.7748892e-17	-3.4530205e-17	0	-1.204958e-17
2.2900000000016595e-09	1.1833188e-08	5.311892e-09	-0.0008386297	0.13698491	-3.3638848e-17	-3.4807125e-17	4.774834e-17	-3.453049e-17	0	-1.2049574e-17
2.3000000000015385e-09	1.3540582e-08	9.106101e-09	-0.00083967316	0.13695644	-3.3639368e-17	-3.4806784e-17	4.7747747e-17	-3.4530767e-17	0	-1.204957e-17
2.3100000000014175e-09	1.4109713e-08	7.967838e-09	-0.00084068655	0.13692755	-3.36399e-17	-3.480644e-17	4.7747155e-17	-3.453105e-17	0	-1.2049566e-17
2.3200000000012965e-09	1.3659151e-08	4.1736294e-09	-0.0008417125	0.13689834	-3.3640413e-17	-3.4806073e-17	4.7746536e-17	-3.4531316e-17	0	-1.20495615e-17
2.3300000000011754e-09	1.2378606e-08	3.7942085e-09	-0.0008427845	0.13686877	-3.3640952e-17	-3.4805705e-17	4.77459e-17	-3.453159e-17	0	-1.2049557e-17
2.3400000000010544e-09	1.3374585e-08	7.588417e-09	-0.00084382447	0.13683884	-3.364148e-17	-3.4805325e-17	4.7745252e-17	-3.4531852e-17	0	-1.2049553e-17
2.3500000000009334e-09	1.1430053e-08	6.0707337e-09	-0.000844848	0.13680868	-3.3642018e-17	-3.480493e-17	4.774458e-17	-3.4532117e-17	0	-1.2049549e-17
2.3600000000008124e-09	1.1192915e-08	5.6913128e-09	-0.0008459055	0.13677835	-3.3642547e-17	-3.480453e-17	4.77439e-17	-3.4532375e-17	0	-1.2049545e-17
2.3700000000006914e-09	1.20940395e-08	6.0707337e-09	-0.00084699865	0.13674784	-3.364309e-17	-3.4804117e-17	4.7743204e-17	-3.453264e-17	0	-1.2049539e-17
2.3800000000005704e-09	1.08372085e-08	4.5530504e-09	-0.000848063	0.13671704	-3.3643636e-17	-3.480369e-17	4.7742486e-17	-3.4532888e-17	0	-1.2049535e-17
2.3900000000004494e-09	1.0244363e-08	5.311892e-09	-0.0008491232	0.13668574	-3.364418e-17	-3.4803254e-17	4.774175e-17	-3.4533143e-17	0	-1.2049531e-17
2.4000000000003284e-09	1.1003205e-08	3.0353668e-09	-0.00085018825	0.136654	-3.3644714e-17	-3.480281e-17	4.774101e-17	-3.4533388e-17	0	-1.2049525e-17
2.4100000000002074e-09	8.252403e-09	6.0707337e-09	-0.00085125334	0.13662197	-3.3645274e-17	-3.4802357e-17	4.7740243e-17	-3.453364e-17	0	-1.2049521e-17
2.4200000000000864e-09	5.667599e-09	4.9324713e-09	-0.00085238373	0.13658957	-3.3645816e-17	-3.4801894e-17	4.7739475e-17	-3.453388e-17	0	-1.2049517e-17
2.4300099999999652e-09	6.5924373e-09	1.5176834e-09	-0.0008535176	0.13655685	-3.3646366e-17	-3.4801417e-17	4.7738678e-17	-3.453412e-17	0	-1.2049513e-17
2.4400099999998442e-09	8.608111e-09	1.8971043e-09	-0.0008545882	0.13652393	-3.364692e-17	-3.480093e-17	4.7737867e-17	-3.453435e-17	0	-1.20495086e-17
2.450009999999723e-09	1.0339218e-08	2.2765252e-09	-0.00085558643	0.13649067	-3.3647487e-17	-3.4800438e-17	4.7737046e-17	-3.453459e-17	0	-1.20495044e-17
2.460009999999602e-09	8.513255e-09	3.7942085e-09	-0.00085668877	0.13645712	-3.364804e-17	-3.4799932e-17	4.773621e-17	-3.4534817e-17	0	-1.2049501e-17
2.470009999999481e-09	7.0192856e-09	3.0353668e-09	-0.00085782405	0.13642319	-3.3648602e-17	-3.4799422e-17	4.7735366e-17	-3.453505e-17	0	-1.2049497e-17
2.48000999999936e-09	3.9127777e-09	2.655946e-09	-0.0008589276	0.13638891	-3.3649168e-17	-3.4798903e-17	4.7734502e-17	-3.4535274e-17	0	-1.2049493e-17
2.490009999999239e-09	1.8259628e-09	3.4147878e-09	-0.0008600854	0.13635422	-3.3649737e-17	-3.479837e-17	4.7733622e-17	-3.4535492e-17	0	-1.2049489e-17
2.500009999999118e-09	-9.4855214e-11	4.5530504e-09	-0.0008611801	0.13631913	-3.365031e-17	-3.4797834e-17	4.7732735e-17	-3.4535724e-17	0	-1.20494846e-17
2.510009999998997e-09	2.6796598e-09	3.7942085e-09	-0.000862317	0.13628389	-3.3650875e-17	-3.4797288e-17	4.7731835e-17	-3.453594e-17	0	-1.20494804e-17
2.520009999998876e-09	2.9879392e-09	3.4147878e-09	-0.00086338504	0.13624834	-3.3651444e-17	-3.4796742e-17	4.7730935e-17	-3.453616e-17	0	-1.20494755e-17
2.530009999998755e-09	4.671619e-09	4.1736294e-09	-0.0008644512	0.13621247	-3.3652013e-17	-3.4796176e-17	4.7730005e-17	-3.453637e-17	0	-1.2049471e-17
2.540009999998634e-09	4.695333e-09	6.0707337e-09	-0.00086558267	0.13617621	-3.365259e-17	-3.4795607e-17	4.7729066e-17	-3.4536584e-17	0	-1.2049466e-17
2.550009999998513e-09	5.7387406e-09	6.4501546e-09	-0.00086672435	0.13613977	-3.3653175e-17	-3.4795028e-17	4.7728113e-17	-3.45368e-17	0	-1.2049463e-17
2.560009999998392e-09	6.0707337e-09	3.0353668e-09	-0.0008679089	0.13610305	-3.365375e-17	-3.4794446e-17	4.772716e-17	-3.4537004e-17	0	-1.2049459e-17
2.570009999998271e-09	6.284158e-09	2.655946e-09	-0.0008690643	0.13606587	-3.3654333e-17	-3.4793854e-17	4.772619e-17	-3.4537213e-17	0	-1.2049455e-17
2.58000999999815e-09	7.540989e-09	4.742761e-09	-0.0008701662	0.13602841	-3.365492e-17	-3.4793258e-17	4.7725214e-17	-3.4537418e-17	0	-1.2049451e-17
2.590009999998029e-09	4.6479056e-09	5.311892e-09	-0.00087136525	0.1359907	-3.3655504e-17	-3.4792666e-17	4.772424e-17	-3.4537626e-17	0	-1.2049448e-17
2.600009999997908e-09	3.6756396e-09	5.311892e-09	-0.0008725401	0.1359527	-3.36561e-17	-3.4792054e-17	4.7723233e-17	-3.4537828e-17	0	-1.2049445e-17
2.610009999997787e-09	2.1342423e-09	5.6913128e-09	-0.00087364955	0.13591439	-3.3656675e-17	-3.479143e-17	4.7722227e-17	-3.453803e-17	0	-1.2049441e-17
2.620009999997666e-09	8.0626933e-10	3.7942085e-09	-0.0008747908	0.13587591	-3.3657278e-17	-3.4790813e-17	4.7721204e-17	-3.4538228e-17	0	-1.20494366e-17
2.630009999997545e-09	7.588417e-10	3.983919e-09	-0.0008759014	0.13583724	-3.3657863e-17	-3.479019e-17	4.7720185e-17	-3.453843e-17	0	-1.20494324e-17
2.640009999997424e-09	1.0671212e-09	1.5176834e-09	-0.00087700144	0.13579845	-3.3658462e-17	-3.4789556e-17	4.771915e-17	-3.4538632e-17	0	-1.2049429e-17
2.650009999997303e-09	3.3199326e-09	1.327973e-09	-0.0008781388	0.13575958	-3.365906e-17	-3.478892e-17	4.7718114e-17	-3.4538827e-17	0	-1.2049424e-17
2.660009999997182e-09	3.8179224e-09	7.588417e-10	-0.0008793638	0.13572049	-3.3659657e-17	-3.4788285e-17	4.7717072e-17	-3.453903e-17	0	-1.2049419e-17
2.670009999997061e-09	-2.8456565e-10	2.655946e-09	-0.00088059454	0.13568151	-3.366026e-17	-3.478764e-17	4.7716016e-17	-3.453922e-17	0	-1.2049416e-17
2.68000999999694e-09	1.1856902e-10	5.311892e-09	-0.00088174676	0.1356425	-3.366086e-17	-3.4786995e-17	4.771496e-17	-3.4539423e-17	0	-1.2049412e-17
2.690009999996819e-09	3.0827946e-10	4.742761e-09	-0.000882943	0.13560335	-3.3661463e-17	-3.478634e-17	4.7713895e-17	-3.453961e-17	0	-1.2049408e-17
2.700009999996698e-09	-1.6599663e-09	4.742761e-09	-0.000884065	0.13556398	-3.3662072e-17	-3.478569e-17	4.7712837e-17	-3.4539817e-17	0	-1.2049405e-17
2.710009999996577e-09	-1.7548214e-09	5.6913128e-09	-0.00088523276	0.13552429	-3.366268e-17	-3.478503e-17	4.7711758e-17	-3.4540002e-17	0	-1.2049402e-17
2.720009999996456e-09	-4.0313464e-09	7.3987065e-09	-0.00088635384	0.13548426	-3.3663293e-17	-3.4784374e-17	4.771068e-17	-3.45402e-17	0	-1.2049398e-17
2.730009999996335e-09	-4.6479056e-09	4.9324713e-09	-0.0008875485	0.13544412	-3.3663905e-17	-3.4783706e-17	4.7709594e-17	-3.4540396e-17	0	-1.2049396e-17
2.740009999996214e-09	-5.05104e-09	4.5530504e-09	-0.0008887886	0.13540386	-3.366451e-17	-3.4783047e-17	4.7708522e-17	-3.4540594e-17	0	-1.2049392e-17
2.750009999996093e-09	-5.9521645e-09	6.260444e-09	-0.00089002476	0.13536371	-3.3665126e-17	-3.478238e-17	4.770743e-17	-3.454079e-17	0	-1.2049388e-17
2.760009999995972e-09	-2.7033735e-09	5.6913128e-09	-0.000891265	0.13532336	-3.3665748e-17	-3.4781714e-17	4.7706338e-17	-3.4540988e-17	0	-1.2049384e-17
2.770009999995851e-09	-1.565111e-09	6.0707337e-09	-0.00089237205	0.13528289	-3.366637e-17	-3.4781042e-17	4.7705236e-17	-3.4541183e-17	0	-1.2049381e-17
2.78000999999573e-09	-4.742761e-09	5.8810232e-09	-0.00089344487	0.1352422	-3.366699e-17	-3.478038e-17	4.770415e-17	-3.4541378e-17	0	-1.2049379e-17
2.790009999995609e-09	-5.5964575e-09	7.588417e-09	-0.0008946077	0.13520126	-3.3667608e-17	-3.477971e-17	4.7703066e-17	-3.4541583e-17	0	-1.20493745e-17
2.800009999995488e-09	-7.3038513e-09	9.295811e-09	-0.0008958447	0.13516033	-3.366823e-17	-3.4779037e-17	4.7701964e-17	-3.4541785e-17	0	-1.2049371e-17
2.810009999995367e-09	-4.9324713e-09	6.8295756e-09	-0.00089699985	0.1351194	-3.366885e-17	-3.4778375e-17	4.7700866e-17	-3.4541987e-17	0	-1.2049366e-17
2.820009999995246e-09	-5.074754e-09	8.347259e-09	-0.00089817017	0.13507862	-3.3669477e-17	-3.4777697e-17	4.7699767e-17	-3.4542186e-17	0	-1.2049363e-17
2.830009999995125e-09	-5.4778884e-09	8.347259e-09	-0.000899368	0.13503782	-3.36701e-17	-3.4777025e-17	4.769868e-17	-3.4542387e-17	0	-1.2049359e-17
2.840009999995004e-09	-6.877003e-09	6.7347203e-09	-0.0009005884	0.1349968	-3.3670728e-17	-3.4776364e-17	4.769758e-17	-3.4542593e-17	0	-1.2049357e-17
2.850009999994883e-09	-9.177242e-09	8.157548e-09	-0.0009017539	0.1349556	-3.3671353e-17	-3.4775692e-17	4.7696485e-17	-3.45428e-17	0	-1.2049353e-17
2.860009999994762e-09	-9.485522e-09	8.91639e-09	-0.00090290315	0.13491426	-3.3671988e-17	-3.4775027e-17	4.7695393e-17	-3.454301e-17	0	-1.2049349e-17
2.870009999994641e-09	-1.0694925e-08	8.72668e-09	-0.00090402976	0.13487273	-3.367262e-17	-3.4774365e-17	4.7694304e-17	-3.4543215e-17	0	-1.2049345e-17
2.8800099999945198e-09	-7.801841e-09	8.347259e-09	-0.00090516306	0.1348313	-3.3673262e-17	-3.4773703e-17	4.7693212e-17	-3.4543426e-17	0	-1.2049342e-17
2.8900099999943988e-09	-6.141875e-09	1.2236322e-08	-0.00090630987	0.13478994	-3.36739e-17	-3.4773042e-17	4.7692124e-17	-3.4543645e-17	0	-1.2049338e-17
2.9000099999942778e-09	-8.062693e-09	1.1287771e-08	-0.0009075552	0.13474843	-3.367453e-17	-3.4772377e-17	4.769104e-17	-3.4543856e-17	0	-1.20493365e-17
2.9100099999941568e-09	-7.469848e-09	1.2141467e-08	-0.00090878236	0.13470677	-3.3675168e-17	-3.477172e-17	4.7689967e-17	-3.4544078e-17	0	-1.2049333e-17
2.9200099999940357e-09	-6.6872925e-09	1.1856902e-08	-0.0009099201	0.134665	-3.367581e-17	-3.477107e-17	4.768889e-17	-3.45443e-17	0	-1.204933e-17
2.9300099999939147e-09	-5.074754e-09	1.2520888e-08	-0.00091105397	0.13462326	-3.367645e-17	-3.4770425e-17	4.768782e-17	-3.4544518e-17	0	-1.2049326e-17
2.9400099999937937e-09	-7.3038513e-09	1.4512848e-08	-0.00091217115	0.13458215	-3.3677084e-17	-3.4769786e-17	4.7686764e-17	-3.4544747e-17	0	-1.2049323e-17
2.9500099999936727e-09	-9.438094e-09	1.4797413e-08	-0.0009133853	0.13454129	-3.3677732e-17	-3.4769137e-17	4.7685695e-17	-3.454497e-17	0	-1.204932e-17
2.9600099999935517e-09	-9.485522e-09	1.5129407e-08	-0.000914564	0.13450015	-3.367837e-17	-3.4768496e-17	4.7684646e-17	-3.4545206e-17	0	-1.2049317e-17
2.9700099999934307e-09	-8.442114e-09	1.702651e-08	-0.0009156842	0.13445902	-3.367902e-17	-3.476786e-17	4.7683587e-17	-3.4545435e-17	0	-1.2049314e-17
2.9800099999933097e-09	-8.536969e-09	1.6101673e-08	-0.00091676926	0.13441758	-3.3679664e-17	-3.476723e-17	4.7682552e-17	-3.4545673e-17	0	-1.204931e-17
2.9900099999931887e-09	-7.3987065e-09	1.5911962e-08	-0.00091788144	0.13437605	-3.368031e-17	-3.4766606e-17	4.7681513e-17	-3.454591e-17	0	-1.2049307e-17
3.0000099999930677e-09	-5.2407505e-09	1.3066305e-08	-0.00091900263	0.13433468	-3.3680955e-17	-3.4765984e-17	4.7680484e-17	-3.4546153e-17	0	-1.20493026e-17
