# t (s)	mx ()	my ()	mz ()	spinAngle (rad)	E_total (J)	E_anis (J)	E_demag (J)	E_exch (J)	E_therm (J)	E_custom (J)
0	0	0	0	0.0015184366	1.1938066e-16	-5.02704e-16	6.939703e-16	3.520001e-18	0	-7.54056e-17
1.0000000000000124e-11	3.7941783e-10	5.235966e-10	0.0013842409	0.0081462	1.072443e-16	-4.929307e-16	6.8185083e-16	-7.003742e-18	0	-7.467206e-17
2.0009999999999403e-11	7.5029877e-10	1.0092515e-09	0.0043775346	0.01170208	1.02419856e-16	-4.779203e-16	6.61783e-16	-8.047003e-18	0	-7.339586e-17
3.000999999999824e-11	8.043658e-10	6.7915795e-10	0.007859958	0.015565499	9.6989375e-17	-4.61855e-16	6.3929325e-16	-8.594364e-18	0	-7.185452e-17
4.000000000000001e-11	1.3279624e-09	-1.0471932e-09	0.01046388	0.019643925	9.036765e-17	-4.496884e-16	6.216336e-16	-1.07679e-17	0	-7.0809605e-17
5.0000000000001785e-11	2.1019748e-09	-2.6208287e-09	0.011741153	0.023351707	8.281233e-17	-4.4085058e-16	6.088972e-16	-1.4697473e-17	0	-7.053682e-17
6.00000000000024e-11	3.763825e-09	-2.807692e-09	0.011995107	0.026280174	7.459969e-17	-4.3228853e-16	5.969962e-16	-1.939006e-17	0	-7.071788e-17
7.000999999999771e-11	6.7308723e-09	-9.314708e-10	0.011814575	0.028265404	6.5918844e-17	-4.2178035e-16	5.826969e-16	-2.4065781e-17	0	-7.093185e-17
8.000999999999302e-11	1.1139708e-08	3.9838874e-09	0.01184642	0.029427368	5.7100364e-17	-4.08315e-16	5.644847e-16	-2.8186064e-17	0	-7.088327e-17
9.000999999998834e-11	1.5366423e-08	1.1048647e-08	0.012526531	0.030178305	4.857079e-17	-3.9177953e-16	5.420851e-16	-3.1248945e-17	0	-7.04859e-17
1.0000999999998365e-10	1.8576298e-08	1.8758417e-08	0.013888211	0.030977786	4.05688e-17	-3.728879e-16	5.162809e-16	-3.2960596e-17	0	-6.98636e-17
1.1000999999997896e-10	1.8663563e-08	2.6802075e-08	0.015610807	0.032188155	3.2924958e-17	-3.533621e-16	4.891985e-16	-3.3667214e-17	0	-6.9244196e-17
1.2000999999997891e-10	1.5890018e-08	3.1233675e-08	0.017044978	0.03389893	2.5309517e-17	-3.3544808e-16	4.639292e-16	-3.431425e-17	0	-6.8857346e-17
1.3000999999998715e-10	1.08817035e-08	3.2805413e-08	0.01743808	0.035892412	1.7556463e-17	-3.202552e-16	4.42336e-16	-3.5696655e-17	0	-6.882767e-17
1.400099999999954e-10	5.5584715e-09	3.1571357e-08	0.016637428	0.03785047	9.6711476e-18	-3.0733e-16	4.240247e-16	-3.792684e-17	0	-6.9096726e-17
1.5000000000000362e-10	1.9274426e-09	2.7788563e-08	0.015187958	0.039515518	1.7064428e-18	-2.956186e-16	4.075511e-16	-4.0717532e-17	0	-6.950843e-17
1.6000000000001186e-10	1.3659042e-09	2.0974218e-08	0.013777108	0.040731	-6.338003e-18	-2.840337e-16	3.9136196e-16	-4.3757815e-17	0	-6.9908395e-17
1.700000000000201e-10	2.1399167e-09	9.075674e-09	0.012887306	0.041408002	-1.4433288e-17	-2.7177857e-16	3.743124e-16	-4.6797383e-17	0	-7.016981e-17
1.8000000000002833e-10	4.613721e-09	-7.041995e-09	0.01277809	0.041676335	-2.2449705e-17	-2.5843558e-16	3.5579976e-16	-4.958569e-17	0	-7.022823e-17
1.9000000000003657e-10	6.7081074e-09	-2.5830767e-08	0.013440788	0.041615624	-3.0166334e-17	-2.4395584e-16	3.3572445e-16	-5.182319e-17	0	-7.011174e-17
2.000000000000448e-10	6.525987e-09	-4.4255295e-08	0.014626753	0.0415775	-3.7403254e-17	-2.285971e-16	3.1443875e-16	-5.326615e-17	0	-6.997875e-17
2.1000000000005304e-10	4.2798334e-09	-5.688232e-08	0.015905272	0.04149206	-4.419176e-17	-2.1289593e-16	2.9269766e-16	-5.4057338e-17	0	-6.9936155e-17
2.2000000000006128e-10	9.106028e-10	-6.146569e-08	0.016978182	0.04183462	-5.0660124e-17	-1.9728079e-16	2.7108776e-16	-5.43541e-17	0	-7.011298e-17
2.3000000000006952e-10	-1.2141371e-09	-5.4514754e-08	0.01762431	0.04200817	-5.7015885e-17	-1.8229046e-16	2.503879e-16	-5.4720628e-17	0	-7.03927e-17
2.4000000000005925e-10	-7.891891e-10	-3.605987e-08	0.017933505	0.04293826	-6.335139e-17	-1.6761058e-16	2.3006664e-16	-5.487245e-17	0	-7.0935006e-17
2.5000000000004163e-10	3.0505194e-09	-8.074012e-09	0.018336162	0.0429515	-6.9694883e-17	-1.5378896e-16	2.1101203e-16	-5.569944e-17	0	-7.121851e-17
2.60000000000024e-10	8.043658e-09	2.1854467e-08	0.018839838	0.04303557	-7.6254856e-17	-1.3896012e-16	1.9044515e-16	-5.628641e-17	0	-7.145349e-17
2.700000000000064e-10	1.3112681e-08	4.8140535e-08	0.019794537	0.04214598	-8.2780285e-17	-1.2388088e-16	1.6959145e-16	-5.738249e-17	0	-7.110837e-17
2.800099999999888e-10	1.4421672e-08	5.7701865e-08	0.019686181	0.04139509	-8.9527683e-17	-1.0771505e-16	1.4723877e-16	-5.807943e-17	0	-7.0971984e-17
2.9000999999997117e-10	1.5742046e-08	5.038669e-08	0.019621644	0.041362748	-9.560757e-17	-9.241004e-17	1.259626e-16	-5.796957e-17	0	-7.119056e-17
3.0000999999995355e-10	1.6713356e-08	3.8123904e-08	0.018762847	0.04133402	-1.0138712e-16	-7.9545625e-17	1.08084494e-16	-5.89137e-17	0	-7.1012284e-17
3.1000999999993594e-10	2.0761744e-08	2.8532222e-08	0.012576639	0.042351298	-1.0634474e-16	-7.125851e-17	9.680394e-17	-5.935207e-17	0	-7.25381e-17
3.2000999999991833e-10	2.460904e-08	1.9244073e-08	0.0036976628	0.04275319	-1.0988504e-16	-7.0979707e-17	9.6751306e-17	-6.1564095e-17	0	-7.409255e-17
3.300099999999007e-10	2.7636796e-08	1.2687733e-08	-0.0019832319	0.042119067	-1.1246124e-16	-7.3357864e-17	1.0015585e-16	-6.446375e-17	0	-7.4795484e-17
3.400099999998831e-10	2.8107273e-08	6.313513e-09	-0.004372413	0.041192554	-1.1422733e-16	-7.556387e-17	1.0322046e-16	-6.6866243e-17	0	-7.501767e-17
3.500099999998655e-10	2.706008e-08	2.064033e-09	-0.0049683303	0.040431686	-1.1530522e-16	-7.7232676e-17	1.0551811e-16	-6.854829e-17	0	-7.5042374e-17
3.600099999998479e-10	2.4813927e-08	-2.3068605e-09	-0.0048442795	0.04001852	-1.159126e-16	-7.84416e-17	1.07177316e-16	-6.963464e-17	0	-7.501367e-17
3.7000999999983027e-10	2.2480506e-08	-4.917255e-09	-0.0045619784	0.039980315	-1.1625182e-16	-7.928393e-17	1.0833193e-16	-7.031758e-17	0	-7.4982255e-17
3.8000999999981266e-10	2.0253324e-08	-7.2241155e-09	-0.0043605813	0.040268727	-1.1645864e-16	-7.98252e-17	1.0907585e-16	-7.076353e-17	0	-7.4945766e-17
3.9000999999979505e-10	1.80527e-08	-8.863201e-09	-0.004320124	0.040840816	-1.1660657e-16	-8.013781e-17	1.0951046e-16	-7.109297e-17	0	-7.4886236e-17
4.0000999999977743e-10	1.5267773e-08	-1.1412888e-08	-0.0044300193	0.041676205	-1.167302e-16	-8.037757e-17	1.0984566e-16	-7.1408014e-17	0	-7.4790276e-17
4.100099999997598e-10	1.2277961e-08	-1.4812472e-08	-0.0046043904	0.042757753	-1.1684673e-16	-8.075395e-17	1.1036665e-16	-7.180652e-17	0	-7.465291e-17
4.200099999997422e-10	8.923908e-09	-2.0276088e-08	-0.0047498983	0.0440595	-1.1696764e-16	-8.138392e-17	1.1123894e-16	-7.2350305e-17	0	-7.447236e-17
4.300099999997246e-10	5.5243237e-09	-2.8046566e-08	-0.0048418543	0.045552585	-1.1710309e-16	-8.227599e-17	1.1247605e-16	-7.305901e-17	0	-7.424414e-17
4.40009999999707e-10	9.333678e-10	-3.915592e-08	-0.0048827883	0.047226153	-1.1726299e-16	-8.347979e-17	1.1413991e-16	-7.396231e-17	0	-7.39608e-17
4.5000999999968937e-10	-5.782328e-09	-5.360415e-08	-0.0048517752	0.049081042	-1.1745729e-16	-8.508697e-17	1.1635476e-16	-7.51099e-17	0	-7.361518e-17
4.6000999999967176e-10	-1.4341994e-08	-7.224116e-08	-0.004739795	0.051113535	-1.1769626e-16	-8.71105e-17	1.1914629e-16	-7.652988e-17	0	-7.320218e-17
4.700099999996541e-10	-2.6817252e-08	-9.5552586e-08	-0.0045749326	0.053339433	-1.1799037e-16	-8.949124e-17	1.2243988e-16	-7.821954e-17	0	-7.2719466e-17
4.800099999996365e-10	-4.5514962e-08	-1.21353e-07	-0.0043948544	0.05576798	-1.1834938e-16	-9.219113e-17	1.2618259e-16	-8.0171695e-17	0	-7.216914e-17
4.900099999996189e-10	-7.142161e-08	-1.4946028e-07	-0.004221705	0.05840493	-1.1878148e-16	-9.52119e-17	1.3037432e-16	-8.2384886e-17	0	-7.155901e-17
5.000099999996013e-10	-1.0810373e-07	-1.7762825e-07	-0.0040591103	0.06123036	-1.192935e-16	-9.8546e-17	1.350052e-16	-8.4851856e-17	0	-7.090084e-17
5.100099999995837e-10	-1.5650227e-07	-2.0160746e-07	-0.0038934627	0.06420352	-1.1989266e-16	-1.02151293e-16	1.4001984e-16	-8.7555096e-17	0	-7.0206114e-17
5.200099999995661e-10	-2.1966775e-07	-2.2327981e-07	-0.0036998098	0.06729773	-1.2058924e-16	-1.0597155e-16	1.4534344e-16	-9.047916e-17	0	-6.948198e-17
5.300099999995485e-10	-3.011667e-07	-2.4586276e-07	-0.003466906	0.0705028	-1.2139693e-16	-1.09974423e-16	1.5093169e-16	-9.362318e-17	0	-6.873101e-17
5.400099999995309e-10	-4.1250308e-07	-2.8022285e-07	-0.0032171635	0.073786385	-1.2232964e-16	-1.1416735e-16	1.5678807e-16	-9.699172e-17	0	-6.795865e-17
5.500099999995133e-10	-5.7097833e-07	-3.463933e-07	-0.0029748133	0.077116065	-1.2339511e-16	-1.1856193e-16	1.6291601e-16	-1.0056536e-16	0	-6.71838e-17
5.600099999994956e-10	-7.852432e-07	-4.7606315e-07	-0.002698057	0.080454424	-1.2459137e-16	-1.2313061e-16	1.6926798e-16	-1.04291196e-16	0	-6.6437545e-17
5.70009999999478e-10	-1.0437936e-06	-6.9995e-07	-0.0022914968	0.08374986	-1.259112e-16	-1.2781404e-16	1.7576012e-16	-1.0811069e-16	0	-6.574658e-17
5.800099999994604e-10	-1.3160031e-06	-1.0193895e-06	-0.0017550222	0.08695094	-1.2734982e-16	-1.3256463e-16	1.8232679e-16	-1.1198829e-16	0	-6.512372e-17
5.900099999994428e-10	-1.5508629e-06	-1.3788955e-06	-0.0012124302	0.09003759	-1.2891243e-16	-1.3733502e-16	1.8890883e-16	-1.1591163e-16	0	-6.4574616e-17
6.000099999994252e-10	-1.7006721e-06	-1.7008846e-06	-0.0007155844	0.093009226	-1.3061669e-16	-1.420446e-16	1.9540665e-16	-1.1987474e-16	0	-6.4103996e-17
6.100099999994076e-10	-1.7209634e-06	-1.9277159e-06	-0.00026330713	0.09582746	-1.3247706e-16	-1.465991e-16	2.01694e-16	-1.2385216e-16	0	-6.371981e-17
6.2000999999939e-10	-1.609278e-06	-2.0608306e-06	-8.907335e-06	0.09852333	-1.3448837e-16	-1.5095731e-16	2.077081e-16	-1.2781141e-16	0	-6.342775e-17
6.300099999993724e-10	-1.4548701e-06	-2.1694884e-06	-0.00010141535	0.10115759	-1.3662999e-16	-1.5521213e-16	2.135717e-16	-1.3177011e-16	0	-6.321943e-17
6.400099999993547e-10	-1.3043172e-06	-2.272874e-06	-0.00028958727	0.103700176	-1.3885894e-16	-1.5950561e-16	2.1948076e-16	-1.3574846e-16	0	-6.3085585e-17
6.500099999993371e-10	-1.0727963e-06	-2.2621803e-06	-8.2952894e-05	0.10607726	-1.4110314e-16	-1.6367938e-16	2.252234e-16	-1.39607e-16	0	-6.304016e-17
6.600099999993195e-10	-7.185434e-07	-2.0567027e-06	0.0006877341	0.10819691	-1.4330262e-16	-1.6744977e-16	2.3039796e-16	-1.4312932e-16	0	-6.312147e-17
6.700099999993019e-10	-3.1405932e-07	-1.7835332e-06	0.0017237404	0.11000786	-1.4543753e-16	-1.7061867e-16	2.3473183e-16	-1.4619446e-16	0	-6.3356225e-17
6.800099999992843e-10	-2.5193344e-08	-1.5923863e-06	0.00261409	0.11155499	-1.4751874e-16	-1.7325103e-16	2.383321e-16	-1.4886472e-16	0	-6.373508e-17
6.900099999992667e-10	9.3701026e-08	-1.4910211e-06	0.0033520116	0.112925455	-1.4956831e-16	-1.7558014e-16	2.415262e-16	-1.5131604e-16	0	-6.4198334e-17
7.000099999992491e-10	1.2372057e-07	-1.4227259e-06	0.0040945592	0.114192635	-1.5159683e-16	-1.7777636e-16	2.4455644e-16	-1.5371967e-16	0	-6.465724e-17
7.100099999992315e-10	1.1673928e-07	-1.3995965e-06	0.004657699	0.1153499	-1.5357966e-16	-1.7991684e-16	2.4753016e-16	-1.5614012e-16	0	-6.505284e-17
7.200099999992138e-10	3.126403e-08	-1.4792136e-06	0.004746265	0.116481	-1.5548133e-16	-1.8201728e-16	2.5045938e-16	-1.5855616e-16	0	-6.536728e-17
7.300099999991962e-10	-2.0361078e-07	-1.7022202e-06	0.0044068233	0.11765451	-1.5729672e-16	-1.8411377e-16	2.5337114e-16	-1.6095892e-16	0	-6.559521e-17
7.400099999991786e-10	-6.3068353e-07	-1.911598e-06	0.003952264	0.11883824	-1.590473e-16	-1.8625451e-16	2.5632096e-16	-1.633519e-16	0	-6.576187e-17
7.50009999999161e-10	-1.1582564e-06	-1.7461416e-06	0.0035501122	0.11998759	-1.607608e-16	-1.8846645e-16	2.59357e-16	-1.6574963e-16	0	-6.59017e-17
7.600099999991434e-10	-1.5210102e-06	-9.323966e-07	0.003152252	0.12108766	-1.6247374e-16	-1.9081226e-16	2.62582e-16	-1.682297e-16	0	-6.6013725e-17
7.700099999991258e-10	-1.434685e-06	3.279384e-07	0.002700161	0.12221732	-1.6423097e-16	-1.9335524e-16	2.6609093e-16	-1.7087734e-16	0	-6.608928e-17
7.800099999991082e-10	-1.1609578e-06	1.1643574e-06	0.0021218983	0.123350024	-1.6602092e-16	-1.9599134e-16	2.6973439e-16	-1.736067e-16	0	-6.615726e-17
7.900099999990906e-10	-9.734041e-07	1.4669204e-06	0.0017066309	0.12442064	-1.6777629e-16	-1.9854112e-16	2.7326138e-16	-1.7624225e-16	0	-6.62543e-17
8.00009999999073e-10	-9.1677214e-07	1.4576626e-06	0.0019299322	0.12548691	-1.6946531e-16	-2.0096698e-16	2.765979e-16	-1.7871868e-16	0	-6.6377545e-17
8.100099999990553e-10	-8.6501956e-07	1.6311932e-06	0.0028209663	0.1265421	-1.7108512e-16	-2.0318561e-16	2.7964335e-16	-1.8103581e-16	0	-6.650706e-17
8.200099999990377e-10	-7.3079667e-07	2.4772949e-06	0.0039082468	0.12757175	-1.7263982e-16	-2.0523452e-16	2.8245597e-16	-1.8322175e-16	0	-6.663951e-17
8.300099999990201e-10	-4.8344094e-07	3.5768478e-06	0.0046849526	0.12859865	-1.7414182e-16	-2.0715883e-16	2.8509575e-16	-1.8529144e-16	0	-6.67873e-17
8.400099999990025e-10	-1.4373676e-07	4.020554e-06	0.00501634	0.1295769	-1.7560494e-16	-2.0895004e-16	2.8756938e-16	-1.8725728e-16	0	-6.696699e-17
8.500099999989849e-10	4.7535173e-07	3.806259e-06	0.0050476184	0.13052559	-1.7703084e-16	-2.1051839e-16	2.8975613e-16	-1.8908711e-16	0	-6.718146e-17
8.600099999989673e-10	1.0771388e-06	3.4035297e-06	0.004727374	0.1314031	-1.7841469e-16	-2.1176397e-16	2.9150147e-16	-1.9074005e-16	0	-6.7412136e-17
8.700099999989497e-10	1.2853196e-06	2.9739074e-06	0.0039708964	0.13216649	-1.7975341e-16	-2.1282803e-16	2.9298504e-16	-1.9226285e-16	0	-6.7647565e-17
8.800099999989321e-10	1.1643366e-06	2.599589e-06	0.0030653207	0.13283554	-1.8104304e-16	-2.1387092e-16	2.944337e-16	-1.9369874e-16	0	-6.790706e-17
8.900099999989144e-10	9.504379e-07	2.2423897e-06	0.0023353284	0.13344057	-1.8228476e-16	-2.1489925e-16	2.9586355e-16	-1.9504669e-16	0	-6.820238e-17
9.000099999988968e-10	8.0374355e-07	1.8634576e-06	0.001779474	0.13395068	-1.8349078e-16	-2.1583213e-16	2.9715673e-16	-1.9628591e-16	0	-6.852949e-17
9.100099999988792e-10	8.6541417e-07	1.6792729e-06	0.0011755708	0.13433003	-1.8466335e-16	-2.1664582e-16	2.9828353e-16	-1.9740452e-16	0	-6.889651e-17
9.200099999988616e-10	1.0289584e-06	2.347352e-06	0.00046693586	0.13460757	-1.8578176e-16	-2.1734355e-16	2.99245e-16	-1.983759e-16	0	-6.930731e-17
9.30009999998844e-10	8.731884e-07	4.333437e-06	-4.930981e-05	0.13484824	-1.868303e-16	-2.178841e-16	2.9999035e-16	-1.9918999e-16	0	-6.9746566e-17
9.400099999989161e-10	1.461214e-07	6.7693e-06	-3.201619e-05	0.13508496	-1.8780625e-16	-2.1827957e-16	3.005279e-16	-1.9986461e-16	0	-7.0189974e-17
9.50009999999002e-10	-1.6893958e-07	7.8691255e-06	0.0004241073	0.13526532	-1.8870576e-16	-2.1859105e-16	3.0093837e-16	-2.0043693e-16	0	-7.061618e-17
9.600099999990877e-10	1.0157319e-06	6.800837e-06	0.0008340672	0.13534689	-1.8952181e-16	-2.188804e-16	3.0131514e-16	-2.009467e-16	0	-7.1009856e-17
9.700099999991735e-10	3.3679253e-06	4.452362e-06	0.00084628223	0.13537244	-1.9025108e-16	-2.1915197e-16	3.016632e-16	-2.014051e-16	0	-7.1357186e-17
9.800099999992593e-10	5.570074e-06	2.0589337e-06	0.00053535023	0.13533586	-1.9089568e-16	-2.193616e-16	3.0192664e-16	-2.0181223e-16	0	-7.1648525e-17
9.90009999999345e-10	6.4338565e-06	7.908585e-08	0.00020979239	0.13524878	-1.9146097e-16	-2.195003e-16	3.0209734e-16	-2.0217925e-16	0	-7.187879e-17
1.0000099999994308e-09	5.534105e-06	-1.5778166e-06	8.160112e-05	0.13512935	-1.9195437e-16	-2.1961093e-16	3.022328e-16	-2.0252828e-16	0	-7.2047974e-17
1.0100099999995166e-09	3.4294972e-06	-3.141185e-06	0.00014521662	0.1349837	-1.9238575e-16	-2.1971673e-16	3.0236342e-16	-2.0286953e-16	0	-7.21629e-17
1.0200099999996024e-09	1.1789593e-06	-4.724177e-06	0.00026246172	0.13482726	-1.9276649e-16	-2.1981009e-16	3.0247967e-16	-2.0319935e-16	0	-7.223673e-17
1.0300099999996882e-09	-5.4950897e-07	-6.290869e-06	0.00032378017	0.13466263	-1.9310812e-16	-2.1988296e-16	3.0257057e-16	-2.0350984e-16	0	-7.228589e-17
1.040009999999774e-09	-1.6141194e-06	-7.713535e-06	0.00032073038	0.13449551	-1.9342042e-16	-2.1993275e-16	3.0263116e-16	-2.0379308e-16	0	-7.2325735e-17
1.0500099999998598e-09	-2.076977e-06	-8.828507e-06	0.00029607717	0.1343319	-1.9371024e-16	-2.1995746e-16	3.0265784e-16	-2.0404269e-16	0	-7.236794e-17
1.0600099999999456e-09	-2.051146e-06	-9.64043e-06	0.0002719029	0.13417341	-1.9398119e-16	-2.1995687e-16	3.0264972e-16	-2.0425591e-16	0	-7.2418114e-17
1.0700000000000313e-09	-1.6708973e-06	-1.0370188e-05	0.0002339562	0.13401736	-1.9423358e-16	-2.1993559e-16	3.0261245e-16	-2.0443625e-16	0	-7.247422e-17
1.080000000000117e-09	-1.0899328e-06	-1.1329113e-05	0.00016748268	0.13386995	-1.9446884e-16	-2.199033e-16	3.025589e-16	-2.0459361e-16	0	-7.25308e-17
1.0900000000002028e-09	-5.208003e-07	-1.272792e-05	9.101366e-05	0.13373871	-1.9468835e-16	-2.1987365e-16	3.0250818e-16	-2.0473821e-16	0	-7.2584675e-17
1.1000000000002886e-09	-2.167007e-07	-1.46931225e-05	4.3501805e-05	0.13362719	-1.9489484e-16	-2.1985874e-16	3.0247777e-16	-2.0487776e-16	0	-7.2636046e-17
1.1100000000003744e-09	-2.3316744e-07	-1.7299026e-05	4.0403993e-05	0.13353692	-1.9509087e-16	-2.1986348e-16	3.0247396e-16	-2.0501498e-16	0	-7.268638e-17
1.1200000000004602e-09	-3.6284106e-07	-2.0554915e-05	5.7524114e-05	0.1334784	-1.9527668e-16	-2.1988745e-16	3.0249537e-16	-2.051494e-16	0	-7.273521e-17
1.130000000000546e-09	-3.873249e-07	-2.4471601e-05	6.313792e-05	0.1334548	-1.954502e-16	-2.1993117e-16	3.0254198e-16	-2.0528271e-16	0	-7.2778275e-17
1.1400000000006318e-09	-2.4939135e-07	-2.9146393e-05	5.1175088e-05	0.1334483	-1.956097e-16	-2.1999394e-16	3.0261356e-16	-2.0541763e-16	0	-7.2811687e-17
1.1500000000007175e-09	9.2532424e-08	-3.478533e-05	3.824483e-05	0.13344306	-1.9575555e-16	-2.2007106e-16	3.0270498e-16	-2.0555397e-16	0	-7.283551e-17
1.1600000000008033e-09	6.712357e-07	-4.1673615e-05	4.030583e-05	0.13343757	-1.9588956e-16	-2.2015653e-16	3.0280877e-16	-2.0568873e-16	0	-7.285307e-17
1.1700000000008891e-09	1.4603186e-06	-5.0130384e-05	5.6203742e-05	0.13343213	-1.9601381e-16	-2.2024398e-16	3.029164e-16	-2.0581741e-16	0	-7.286883e-17
1.1800000000009749e-09	2.5749116e-06	-6.04242e-05	7.1726e-05	0.13342449	-1.9613019e-16	-2.2032478e-16	3.0301635e-16	-2.0593487e-16	0	-7.28869e-17
1.1900000000010607e-09	4.6202467e-06	-7.211021e-05	7.510257e-05	0.13341767	-1.9624042e-16	-2.2039203e-16	3.030994e-16	-2.0603754e-16	0	-7.291027e-17
1.2000000000011465e-09	8.978984e-06	-8.294335e-05	6.540229e-05	0.13341309	-1.9634563e-16	-2.2044285e-16	3.0316162e-16	-2.0612453e-16	0	-7.2939853e-17
1.2100000000012322e-09	1.7020586e-05	-8.8883215e-05	4.913716e-05	0.13340701	-1.9644606e-16	-2.2047896e-16	3.0320505e-16	-2.0619847e-16	0	-7.2973675e-17
1.220000000001318e-09	2.7353331e-05	-8.672812e-05	3.195706e-05	0.13339935	-1.9654072e-16	-2.2050688e-16	3.0323877e-16	-2.0626541e-16	0	-7.300719e-17
1.2300000000014038e-09	3.5384142e-05	-7.7044766e-05	1.5641424e-05	0.13339302	-1.9662855e-16	-2.2053454e-16	3.032736e-16	-2.0633193e-16	0	-7.303568e-17
1.2400000000014896e-09	3.7820006e-05	-6.374396e-05	1.3482992e-07	0.13338837	-1.9670888e-16	-2.2056591e-16	3.0331482e-16	-2.0640093e-16	0	-7.305683e-17
1.2500000000015754e-09	3.5734975e-05	-5.0407267e-05	-1.5073694e-05	0.1333812	-1.9678186e-16	-2.2059917e-16	3.033594e-16	-2.0647066e-16	0	-7.307146e-17
1.2600000000016612e-09	3.262312e-05	-3.6529986e-05	-2.833043e-05	0.13337295	-1.9684839e-16	-2.2062989e-16	3.0340103e-16	-2.065375e-16	0	-7.308206e-17
1.270000000001747e-09	3.154899e-05	-1.9153254e-05	-3.5732723e-05	0.13336587	-1.9690982e-16	-2.206556e-16	3.034359e-16	-2.0659928e-16	0	-7.309082e-17
1.2800000000018327e-09	3.4203305e-05	1.6949353e-06	-3.5405996e-05	0.13336015	-1.9696699e-16	-2.2067654e-16	3.034642e-16	-2.0665595e-16	0	-7.3098705e-17
1.2900000000019185e-09	4.116231e-05	2.1135455e-05	-2.996988e-05	0.13335355	-1.9702088e-16	-2.2069469e-16	3.0348844e-16	-2.0670886e-16	0	-7.310576e-17
1.3000000000020043e-09	5.243862e-05	3.2811568e-05	-2.4333553e-05	0.13334551	-1.9707208e-16	-2.2071186e-16	3.0351123e-16	-2.0675968e-16	0	-7.311169e-17
1.3100000000020901e-09	6.786982e-05	3.310636e-05	-2.1839654e-05	0.13333671	-1.9712099e-16	-2.2072928e-16	3.035342e-16	-2.0680958e-16	0	-7.311638e-17
1.3200000000021759e-09	8.729185e-05	2.2801494e-05	-2.2721119e-05	0.13332818	-1.9716839e-16	-2.207473e-16	3.0355816e-16	-2.0685913e-16	0	-7.3120106e-17
1.3300000000022617e-09	0.00011072955	5.8265223e-06	-2.5318886e-05	0.13332164	-1.972147e-16	-2.2076601e-16	3.0358325e-16	-2.0690844e-16	0	-7.3123514e-17
1.3400000000023475e-09	0.00013853911	-1.3262626e-05	-2.796862e-05	0.13331808	-1.9726075e-16	-2.2078546e-16	3.0360954e-16	-2.0695737e-16	0	-7.3127445e-17
1.3500000000024332e-09	0.0001712317	-3.1142372e-05	-2.9908688e-05	0.13331853	-1.9730717e-16	-2.208055e-16	3.0363667e-16	-2.0700559e-16	0	-7.313278e-17
1.360000000002519e-09	0.00020895153	-4.6026842e-05	-3.1136304e-05	0.13332379	-1.9735443e-16	-2.2082555e-16	3.0366377e-16	-2.0705245e-16	0	-7.314022e-17
1.3700000000026048e-09	0.00025057702	-5.6701174e-05	-3.193132e-05	0.13333458	-1.9740262e-16	-2.2084469e-16	3.0368942e-16	-2.0709742e-16	0	-7.314992e-17
1.3800000000026906e-09	0.00029296993	-6.158358e-05	-3.268202e-05	0.13334988	-1.9745153e-16	-2.208631e-16	3.0371364e-16	-2.07141e-16	0	-7.3161035e-17
1.3900000000027764e-09	0.0003313323	-5.9174006e-05	-3.405436e-05	0.13336857	-1.9750021e-16	-2.2088311e-16	3.0374003e-16	-2.0718512e-16	0	-7.317199e-17
1.4000000000028622e-09	0.0003609084	-4.9983475e-05	-3.6990263e-05	0.13338971	-1.975482e-16	-2.2090791e-16	3.03773e-16	-2.0723196e-16	0	-7.3181324e-17
1.410000000002948e-09	0.00037858367	-3.7200916e-05	-4.1978183e-05	0.1334147	-1.975949e-16	-2.2093835e-16	3.0381388e-16	-2.0728189e-16	0	-7.318856e-17
1.4200000000030337e-09	0.0003831544	-2.48478e-05	-4.833589e-05	0.1334422	-1.9764026e-16	-2.2097258e-16	3.038601e-16	-2.0733346e-16	0	-7.3194314e-17
1.4300000000031195e-09	0.000373745	-1.5408978e-05	-5.4334578e-05	0.13347235	-1.9768419e-16	-2.2100778e-16	3.0390775e-16	-2.0738428e-16	0	-7.319988e-17
1.4400000000032053e-09	0.00034791796	-9.07956e-06	-5.8019967e-05	0.1335044	-1.9772711e-16	-2.2104185e-16	3.039537e-16	-2.0743245e-16	0	-7.320655e-17
1.450000000003291e-09	0.00030234223	-4.623677e-06	-5.8347177e-05	0.1335386	-1.9776921e-16	-2.2107343e-16	3.0399626e-16	-2.0747692e-16	0	-7.321519e-17
1.4600000000033769e-09	0.00023606575	-6.5964065e-07	-5.574759e-05	0.1335752	-1.9781069e-16	-2.2110169e-16	3.0403422e-16	-2.0751706e-16	0	-7.3226164e-17
1.4700000000034627e-09	0.00015327836	3.3139872e-06	-5.1593055e-05	0.13361385	-1.978513e-16	-2.2112584e-16	3.0406633e-16	-2.0755267e-16	0	-7.3239154e-17
1.4800000000035485e-09	6.318108e-05	6.483978e-06	-4.7056554e-05	0.13365386	-1.9789076e-16	-2.2114627e-16	3.0409306e-16	-2.0758457e-16	0	-7.3252984e-17
1.4900000000036342e-09	-2.3158178e-05	7.591392e-06	-4.2830627e-05	0.13369381	-1.9792829e-16	-2.2116545e-16	3.0411807e-16	-2.0761487e-16	0	-7.3266034e-17
1.50000000000372e-09	-9.68488e-05	6.8091235e-06	-3.9308416e-05	0.13373238	-1.9796355e-16	-2.2118643e-16	3.041456e-16	-2.076457e-16	0	-7.327699e-17
1.5100000000038058e-09	-0.00015362828	6.2855875e-06	-3.6638772e-05	0.13376915	-1.9799624e-16	-2.2120988e-16	3.0417665e-16	-2.0767759e-16	0	-7.328541e-17
1.5200000000038916e-09	-0.0001931917	8.633608e-06	-3.444337e-05	0.1338033	-1.9802639e-16	-2.2123423e-16	3.0420887e-16	-2.0770925e-16	0	-7.329178e-17
1.5300000000039774e-09	-0.0002163946	1.4963147e-05	-3.176717e-05	0.13383381	-1.9805421e-16	-2.2125727e-16	3.0423915e-16	-2.0773908e-16	0	-7.3297003e-17
1.5400000000040632e-09	-0.0002227578	2.4418847e-05	-2.7762095e-05	0.1338602	-1.9807994e-16	-2.2127752e-16	3.0426546e-16	-2.0776613e-16	0	-7.330177e-17
1.550000000004149e-09	-0.00021119225	3.4910812e-05	-2.2651306e-05	0.13388267	-1.9810372e-16	-2.2129485e-16	3.042878e-16	-2.0779038e-16	0	-7.330634e-17
1.5600000000042347e-09	-0.00018268447	4.4097214e-05	-1.7788809e-05	0.13390163	-1.9812594e-16	-2.2130991e-16	3.0430704e-16	-2.0781248e-16	0	-7.33106e-17
1.5700000000043205e-09	-0.00014184206	5.028458e-05	-1.4471421e-05	0.13391769	-1.9814655e-16	-2.2132336e-16	3.0432422e-16	-2.0783313e-16	0	-7.3314295e-17
1.5800000000044063e-09	-9.580701e-05	5.2791653e-05	-1.2933717e-05	0.13393122	-1.981659e-16	-2.2133566e-16	3.0433992e-16	-2.0785283e-16	0	-7.3317326e-17
1.590000000004492e-09	-5.1639938e-05	5.195754e-05	-1.2444783e-05	0.13394246	-1.9818406e-16	-2.2134703e-16	3.0435456e-16	-2.078719e-16	0	-7.3319675e-17
1.6000000000045779e-09	-1.42123245e-05	4.8738253e-05	-1.2228425e-05	0.13395125	-1.9820129e-16	-2.2135769e-16	3.0436832e-16	-2.0789046e-16	0	-7.332146e-17
1.6100000000046637e-09	1.4411336e-05	4.4232227e-05	-1.2214097e-05	0.13395786	-1.9821782e-16	-2.2136775e-16	3.0438134e-16	-2.0790859e-16	0	-7.332282e-17
1.6200000000047495e-09	3.4236982e-05	3.934569e-05	-1.2761916e-05	0.13396306	-1.9823361e-16	-2.2137738e-16	3.0439384e-16	-2.0792629e-16	0	-7.332384e-17
1.6300000000048352e-09	4.6176683e-05	3.4676727e-05	-1.4207468e-05	0.1339669	-1.9824904e-16	-2.2138674e-16	3.044059e-16	-2.0794364e-16	0	-7.3324585e-17
1.640000000004921e-09	5.137105e-05	3.054866e-05	-1.6473048e-05	0.13396953	-1.9826397e-16	-2.2139588e-16	3.044177e-16	-2.0796066e-16	0	-7.3325134e-17
1.6500000000050068e-09	5.093056e-05	2.710039e-05	-1.9226347e-05	0.133971	-1.9827858e-16	-2.2140484e-16	3.044292e-16	-2.0797741e-16	0	-7.332551e-17
1.6600000000050926e-09	4.603387e-05	2.4354376e-05	-2.2074226e-05	0.13397162	-1.9829285e-16	-2.2141368e-16	3.0444053e-16	-2.0799393e-16	0	-7.332574e-17
1.6700000000051784e-09	3.802764e-05	2.2246755e-05	-2.4762447e-05	0.13397105	-1.9830686e-16	-2.214224e-16	3.0445165e-16	-2.0801025e-16	0	-7.332586e-17
1.6800000000052642e-09	2.834406e-05	2.0616775e-05	-2.7204927e-05	0.13396955	-1.9832064e-16	-2.2143098e-16	3.0446263e-16	-2.0802637e-16	0	-7.33259e-17
1.69000000000535e-09	1.8340648e-05	1.92601e-05	-2.938236e-05	0.13396752	-1.9833426e-16	-2.2143948e-16	3.044734e-16	-2.0804233e-16	0	-7.332586e-17
1.7000000000054357e-09	9.074279e-06	1.7955266e-05	-3.136007e-05	0.13396518	-1.9834775e-16	-2.2144788e-16	3.0448412e-16	-2.0805813e-16	0	-7.33258e-17
1.7100000000055215e-09	1.2695928e-06	1.650255e-05	-3.3237975e-05	0.13396248	-1.9836106e-16	-2.2145622e-16	3.044947e-16	-2.0807383e-16	0	-7.332572e-17
1.7200000000056073e-09	-4.7485355e-06	1.4762329e-05	-3.5061243e-05	0.1339594	-1.9837427e-16	-2.2146449e-16	3.0450522e-16	-2.0808937e-16	0	-7.332563e-17
1.730000000005693e-09	-8.92198e-06	1.2675955e-05	-3.6884754e-05	0.13395591	-1.9838741e-16	-2.2147269e-16	3.0451562e-16	-2.0810479e-16	0	-7.332556e-17
1.7400000000057789e-09	-1.1442862e-05	1.0253994e-05	-3.869722e-05	0.13395196	-1.9840051e-16	-2.2148083e-16	3.0452587e-16	-2.0812008e-16	0	-7.332549e-17
1.7500000000058647e-09	-1.2605293e-05	7.6043834e-06	-4.0464274e-05	0.13394776	-1.9841347e-16	-2.2148886e-16	3.0453608e-16	-2.0813524e-16	0	-7.332547e-17
1.7600000000059504e-09	-1.2776926e-05	4.863469e-06	-4.220535e-05	0.13394323	-1.9842645e-16	-2.2149679e-16	3.0454614e-16	-2.0815033e-16	0	-7.332548e-17
1.7700000000060362e-09	-1.2354634e-05	2.1775547e-06	-4.3896882e-05	0.13393824	-1.984394e-16	-2.2150462e-16	3.0455604e-16	-2.0816533e-16	0	-7.332552e-17
1.780000000006122e-09	-1.1618275e-05	-2.5557586e-07	-4.5482062e-05	0.13393298	-1.9845233e-16	-2.2151232e-16	3.045658e-16	-2.081802e-16	0	-7.332562e-17
1.7900000000062078e-09	-1.0832455e-05	-2.3051607e-06	-4.696428e-05	0.13392739	-1.9846529e-16	-2.2151991e-16	3.0457542e-16	-2.0819505e-16	0	-7.332575e-17
1.8000000000062936e-09	-1.0159944e-05	-3.890945e-06	-4.8380327e-05	0.1339216	-1.984782e-16	-2.2152737e-16	3.0458495e-16	-2.082098e-16	0	-7.3325935e-17
1.8100000000063794e-09	-9.694399e-06	-4.937167e-06	-4.974514e-05	0.13391535	-1.9849116e-16	-2.2153473e-16	3.045943e-16	-2.0822459e-16	0	-7.332614e-17
1.8200000000064652e-09	-9.455108e-06	-5.4699303e-06	-5.1061506e-05	0.133909	-1.9850408e-16	-2.2154201e-16	3.0460356e-16	-2.0823928e-16	0	-7.3326385e-17
1.830000000006551e-09	-9.420763e-06	-5.495063e-06	-5.2353713e-05	0.13390255	-1.9851706e-16	-2.215492e-16	3.046128e-16	-2.08254e-16	0	-7.332666e-17
1.8400000000066367e-09	-9.538094e-06	-5.1004686e-06	-5.361666e-05	0.13389635	-1.9853015e-16	-2.2155637e-16	3.0462195e-16	-2.0826875e-16	0	-7.332696e-17
1.8500000000067225e-09	-9.744497e-06	-4.3814566e-06	-5.4858963e-05	0.13389036	-1.9854319e-16	-2.2156352e-16	3.046312e-16	-2.0828354e-16	0	-7.332728e-17
1.8600000000068083e-09	-9.9629815e-06	-3.4517916e-06	-5.6105517e-05	0.13388477	-1.985562e-16	-2.2157066e-16	3.046404e-16	-2.0829835e-16	0	-7.332761e-17
1.870000000006742e-09	-1.0113443e-05	-2.412369e-06	-5.7367975e-05	0.13387935	-1.985693e-16	-2.2157781e-16	3.0464967e-16	-2.0831321e-16	0	-7.3327933e-17
1.880000000006621e-09	-1.0154663e-05	-1.3705179e-06	-5.866079e-05	0.13387449	-1.9858235e-16	-2.21585e-16	3.0465904e-16	-2.0832811e-16	0	-7.332827e-17
1.8900000000065e-09	-1.0052068e-05	-4.0989266e-07	-5.9993305e-05	0.13387035	-1.9859546e-16	-2.2159221e-16	3.0466849e-16	-2.0834309e-16	0	-7.332861e-17
1.900000000006379e-09	-9.826497e-06	3.9702283e-07	-6.133055e-05	0.13386667	-1.986085e-16	-2.2159948e-16	3.0467804e-16	-2.0835811e-16	0	-7.3328946e-17
1.910000000006258e-09	-9.479724e-06	1.0130759e-06	-6.2668536e-05	0.13386379	-1.9862158e-16	-2.2160683e-16	3.0468773e-16	-2.0837319e-16	0	-7.332928e-17
1.920000000006137e-09	-9.02975e-06	1.4353528e-06	-6.405617e-05	0.13386178	-1.986346e-16	-2.2161423e-16	3.0469755e-16	-2.0838828e-16	0	-7.332961e-17
1.930000000006016e-09	-8.5221645e-06	1.6648247e-06	-6.547526e-05	0.13386118	-1.9864753e-16	-2.216217e-16	3.0470748e-16	-2.0840336e-16	0	-7.332993e-17
1.940000000005895e-09	-7.984742e-06	1.7137545e-06	-6.6890694e-05	0.1338619	-1.9866043e-16	-2.2162925e-16	3.0471756e-16	-2.0841845e-16	0	-7.3330276e-17
1.950000000005774e-09	-7.458353e-06	1.6326501e-06	-6.832727e-05	0.13386405	-1.9867317e-16	-2.2163685e-16	3.0472778e-16	-2.084335e-16	0	-7.333061e-17
1.960000000005653e-09	-6.9838984e-06	1.4397237e-06	-6.9800255e-05	0.1338674	-1.9868587e-16	-2.216445e-16	3.0473808e-16	-2.0844848e-16	0	-7.3330964e-17
1.9700000000055318e-09	-6.575539e-06	1.1869404e-06	-7.1271665e-05	0.13387221	-1.9869839e-16	-2.216522e-16	3.047485e-16	-2.0846334e-16	0	-7.333132e-17
1.9800000000054108e-09	-6.2681647e-06	9.140024e-07	-7.27494e-05	0.1338786	-1.9871083e-16	-2.2165993e-16	3.047589e-16	-2.0847818e-16	0	-7.3331686e-17
1.9900000000052898e-09	-6.0740394e-06	6.325654e-07	-7.4231975e-05	0.13388652	-1.9872309e-16	-2.2166762e-16	3.0476944e-16	-2.0849282e-16	0	-7.333208e-17
2.0000000000051688e-09	-5.9729778e-06	3.949588e-07	-7.573156e-05	0.13389592	-1.9873513e-16	-2.2167531e-16	3.0477992e-16	-2.0850726e-16	0	-7.333249e-17
2.0100000000050478e-09	-5.9836016e-06	2.0761743e-07	-7.7213044e-05	0.13390699	-1.9874706e-16	-2.2168299e-16	3.0479038e-16	-2.0852147e-16	0	-7.3332916e-17
2.0200000000049267e-09	-6.073387e-06	6.8234506e-08	-7.8702185e-05	0.13391963	-1.9875869e-16	-2.216906e-16	3.0480073e-16	-2.0853549e-16	0	-7.3333366e-17
2.0300000000048057e-09	-6.242911e-06	-6.313513e-09	-8.0168254e-05	0.13393351	-1.9877016e-16	-2.2169812e-16	3.0481103e-16	-2.0854925e-16	0	-7.3333816e-17
2.0400000000046847e-09	-6.4557794e-06	-2.3432845e-08	-8.158309e-05	0.1339486	-1.987814e-16	-2.2170554e-16	3.0482114e-16	-2.0856278e-16	0	-7.333429e-17
2.0500000000045637e-09	-6.7020974e-06	2.3554259e-08	-8.298299e-05	0.13396506	-1.9879247e-16	-2.2171285e-16	3.0483114e-16	-2.0857599e-16	0	-7.3334776e-17
2.0600000000044427e-09	-6.979831e-06	8.037588e-08	-8.431684e-05	0.13398294	-1.9880328e-16	-2.2171999e-16	3.0484086e-16	-2.0858892e-16	0	-7.333525e-17
2.0700000000043217e-09	-7.2625735e-06	1.7507857e-07	-8.5582455e-05	0.1340017	-1.9881388e-16	-2.2172698e-16	3.0485041e-16	-2.0860156e-16	0	-7.3335735e-17
2.0800000000042007e-09	-7.541309e-06	2.8750765e-07	-8.675968e-05	0.13402104	-1.9882422e-16	-2.217338e-16	3.0485968e-16	-2.0861388e-16	0	-7.333621e-17
2.0900000000040797e-09	-7.8158555e-06	4.1802738e-07	-8.781502e-05	0.13404103	-1.9883437e-16	-2.2174048e-16	3.0486868e-16	-2.0862595e-16	0	-7.333667e-17
2.1000000000039587e-09	-8.064845e-06	5.3555584e-07	-8.872695e-05	0.13406171	-1.9884437e-16	-2.21747e-16	3.0487744e-16	-2.0863774e-16	0	-7.333711e-17
2.1100000000038377e-09	-8.28858e-06	6.4422113e-07	-8.949113e-05	0.13408326	-1.9885415e-16	-2.217533e-16	3.0488588e-16	-2.0864919e-16	0	-7.3337535e-17
2.1200000000037166e-09	-8.500993e-06	7.5118663e-07	-9.010524e-05	0.13410524	-1.9886381e-16	-2.2175947e-16	3.048941e-16	-2.0866043e-16	0	-7.3337946e-17
2.1300000000035956e-09	-8.703238e-06	8.557238e-07	-9.052594e-05	0.13412738	-1.9887318e-16	-2.2176545e-16	3.0490198e-16	-2.086714e-16	0	-7.333832e-17
2.1400000000034746e-09	-8.885238e-06	9.705811e-07	-9.077848e-05	0.13414988	-1.9888246e-16	-2.2177128e-16	3.0490963e-16	-2.086821e-16	0	-7.333868e-17
2.1500000000033536e-09	-9.072548e-06	1.0777895e-06	-9.078819e-05	0.13417286	-1.9889165e-16	-2.2177702e-16	3.0491706e-16	-2.0869264e-16	0	-7.3339004e-17
2.1600000000032326e-09	-9.252513e-06	1.1863333e-06	-9.0633024e-05	0.13419646	-1.9890063e-16	-2.2178263e-16	3.0492418e-16	-2.087029e-16	0	-7.333931e-17
2.1700000000031116e-09	-9.438762e-06	1.2896564e-06	-9.029841e-05	0.13422044	-1.9890951e-16	-2.2178813e-16	3.049312e-16	-2.0871301e-16	0	-7.333959e-17
2.1800000000029906e-09	-9.641857e-06	1.4193263e-06	-8.981955e-05	0.13424452	-1.9891832e-16	-2.2179354e-16	3.04938e-16	-2.0872293e-16	0	-7.333984e-17
2.1900000000028696e-09	-9.854119e-06	1.564537e-06	-8.913672e-05	0.13426891	-1.9892701e-16	-2.2179891e-16	3.0494465e-16	-2.0873271e-16	0	-7.3340057e-17
2.2000000000027486e-09	-1.0086383e-05	1.716547e-06	-8.828027e-05	0.13429374	-1.9893568e-16	-2.2180426e-16	3.049512e-16	-2.0874235e-16	0	-7.3340255e-17
2.2100000000026276e-09	-1.0309329e-05	1.8862834e-06	-8.732499e-05	0.134319	-1.9894422e-16	-2.2180959e-16	3.0495764e-16	-2.0875185e-16	0	-7.334043e-17
2.2200000000025065e-09	-1.0540288e-05	2.0658542e-06	-8.629115e-05	0.13434441	-1.9895267e-16	-2.218149e-16	3.049641e-16	-2.0876126e-16	0	-7.334059e-17
2.2300000000023855e-09	-1.0791463e-05	2.2678867e-06	-8.5188105e-05	0.13436978	-1.9896116e-16	-2.2182029e-16	3.049705e-16	-2.0877063e-16	0	-7.334073e-17
2.2400000000022645e-09	-1.10494975e-05	2.487281e-06	-8.3998006e-05	0.13439523	-1.9896952e-16	-2.218257e-16	3.0497697e-16	-2.0877994e-16	0	-7.3340844e-17
2.2500000000021435e-09	-1.1325835e-05	2.714932e-06	-8.282042e-05	0.13442086	-1.989779e-16	-2.2183115e-16	3.049834e-16	-2.0878919e-16	0	-7.334095e-17
2.2600000000020225e-09	-1.165004e-05	2.9649227e-06	-8.1664926e-05	0.13444653	-1.9898621e-16	-2.2183671e-16	3.0498996e-16	-2.0879844e-16	0	-7.3341036e-17
2.2700000000019015e-09	-1.1966444e-05	3.2316686e-06	-8.057803e-05	0.13447231	-1.9899452e-16	-2.2184231e-16	3.0499655e-16	-2.0880769e-16	0	-7.3341115e-17
2.2800000000017805e-09	-1.2317724e-05	3.5156554e-06	-7.9580976e-05	0.13449803	-1.9900285e-16	-2.2184804e-16	3.0500333e-16	-2.0881694e-16	0	-7.334119e-17
2.2900000000016595e-09	-1.26901305e-05	3.8126332e-06	-7.866115e-05	0.1345237	-1.9901117e-16	-2.2185386e-16	3.050102e-16	-2.0882623e-16	0	-7.334124e-17
2.3000000000015385e-09	-1.3064661e-05	4.128066e-06	-7.786734e-05	0.13454919	-1.9901942e-16	-2.2185979e-16	3.0501723e-16	-2.0883556e-16	0	-7.334129e-17
2.3100000000014175e-09	-1.3472004e-05	4.4642607e-06	-7.722337e-05	0.13457446	-1.9902772e-16	-2.218658e-16	3.050244e-16	-2.0884495e-16	0	-7.334133e-17
2.3200000000012965e-09	-1.3904813e-05	4.8064044e-06	-7.677171e-05	0.1345996	-1.99036e-16	-2.2187193e-16	3.0503173e-16	-2.0885444e-16	0	-7.334138e-17
2.3300000000011754e-09	-1.4350554e-05	5.1682173e-06	-7.6502656e-05	0.13462459	-1.9904435e-16	-2.2187819e-16	3.0503925e-16	-2.0886394e-16	0	-7.334142e-17
2.3400000000010544e-09	-1.4832323e-05	5.5381647e-06	-7.636169e-05	0.13464926	-1.990526e-16	-2.2188452e-16	3.0504695e-16	-2.0887357e-16	0	-7.334146e-17
2.3500000000009334e-09	-1.5325932e-05	5.9243816e-06	-7.639824e-05	0.13467366	-1.9906097e-16	-2.2189095e-16	3.0505479e-16	-2.0888329e-16	0	-7.334151e-17
2.3600000000008124e-09	-1.5850985e-05	6.345566e-06	-7.662638e-05	0.13469774	-1.9906934e-16	-2.2189749e-16	3.0506278e-16	-2.0889308e-16	0	-7.334156e-17
2.3700000000006914e-09	-1.6384507e-05	6.7598294e-06	-7.697265e-05	0.13472159	-1.9907774e-16	-2.2190408e-16	3.0507096e-16	-2.0890298e-16	0	-7.334162e-17
2.3800000000005704e-09	-1.696195e-05	7.174943e-06	-7.7420176e-05	0.13474518	-1.9908615e-16	-2.219108e-16	3.050793e-16	-2.0891296e-16	0	-7.3341684e-17
2.3900000000004494e-09	-1.7549713e-05	7.5951557e-06	-7.8021905e-05	0.13476837	-1.9909462e-16	-2.2191758e-16	3.0508777e-16	-2.0892307e-16	0	-7.3341764e-17
2.4000000000003284e-09	-1.8142122e-05	8.023746e-06	-7.875755e-05	0.134791	-1.9910305e-16	-2.2192439e-16	3.050964e-16	-2.0893322e-16	0	-7.3341857e-17
2.4100000000002074e-09	-1.8748067e-05	8.454522e-06	-7.956532e-05	0.13481313	-1.9911156e-16	-2.219313e-16	3.0510519e-16	-2.0894347e-16	0	-7.334196e-17
2.4200000000000864e-09	-1.9348185e-05	8.896346e-06	-8.045977e-05	0.13483469	-1.9912004e-16	-2.2193825e-16	3.0511405e-16	-2.0895376e-16	0	-7.3342075e-17
2.4300099999999652e-09	-1.9964664e-05	9.334407e-06	-8.1454025e-05	0.13485572	-1.9912857e-16	-2.2194526e-16	3.051231e-16	-2.0896419e-16	0	-7.3342214e-17
2.4400099999998442e-09	-2.0567026e-05	9.763119e-06	-8.246127e-05	0.13487636	-1.9913713e-16	-2.219523e-16	3.0513218e-16	-2.0897465e-16	0	-7.334237e-17
2.450009999999723e-09	-2.1156946e-05	1.018321e-05	-8.353542e-05	0.13489656	-1.9914568e-16	-2.2195941e-16	3.051414e-16	-2.0898514e-16	0	-7.334255e-17
2.460009999999602e-09	-2.1711927e-05	1.0590918e-05	-8.461066e-05	0.13491632	-1.9915423e-16	-2.2196652e-16	3.0515069e-16	-2.0899568e-16	0	-7.3342737e-17
2.470009999999481e-09	-2.2260292e-05	1.1002146e-05	-8.56978e-05	0.13493563	-1.9916275e-16	-2.2197363e-16	3.0516003e-16	-2.0900623e-16	0	-7.334295e-17
2.48000999999936e-09	-2.277785e-05	1.1395162e-05	-8.6781176e-05	0.13495442	-1.9917134e-16	-2.2198076e-16	3.0516943e-16	-2.090168e-16	0	-7.3343187e-17
2.490009999999239e-09	-2.3231207e-05	1.1781986e-05	-8.788725e-05	0.13497275	-1.9917988e-16	-2.2198792e-16	3.051789e-16	-2.090274e-16	0	-7.334343e-17
2.500009999999118e-09	-2.363424e-05	1.2142342e-05	-8.898896e-05	0.13499069	-1.9918839e-16	-2.2199508e-16	3.0518838e-16	-2.0903796e-16	0	-7.334372e-17
2.510009999998997e-09	-2.3987857e-05	1.24799935e-05	-9.00489e-05	0.1350081	-1.9919686e-16	-2.2200219e-16	3.0519788e-16	-2.0904851e-16	0	-7.334403e-17
2.520009999998876e-09	-2.4282559e-05	1.2795426e-05	-9.1107875e-05	0.13502482	-1.9920526e-16	-2.2200927e-16	3.0520733e-16	-2.0905902e-16	0	-7.3344345e-17
2.530009999998755e-09	-2.4503563e-05	1.3118751e-05	-9.213491e-05	0.13504088	-1.9921372e-16	-2.2201637e-16	3.0521678e-16	-2.0906946e-16	0	-7.334469e-17
2.540009999998634e-09	-2.4653265e-05	1.340893e-05	-9.313949e-05	0.13505623	-1.9922204e-16	-2.220234e-16	3.0522626e-16	-2.0907981e-16	0	-7.3345046e-17
2.550009999998513e-09	-2.4700556e-05	1.366487e-05	-9.4103154e-05	0.13507088	-1.9923029e-16	-2.220304e-16	3.052356e-16	-2.0909008e-16	0	-7.3345437e-17
2.560009999998392e-09	-2.4657424e-05	1.3924331e-05	-9.506948e-05	0.13508481	-1.9923856e-16	-2.2203733e-16	3.052449e-16	-2.0910029e-16	0	-7.3345834e-17
2.570009999998271e-09	-2.451437e-05	1.4170072e-05	-9.597948e-05	0.13509808	-1.9924669e-16	-2.2204418e-16	3.0525413e-16	-2.0911035e-16	0	-7.3346264e-17
2.58000999999815e-09	-2.4273666e-05	1.4382061e-05	-9.682051e-05	0.13511074	-1.9925471e-16	-2.22051e-16	3.052633e-16	-2.0912026e-16	0	-7.3346714e-17
2.590009999998029e-09	-2.3932038e-05	1.4589799e-05	-9.765608e-05	0.13512287	-1.9926262e-16	-2.220577e-16	3.0527237e-16	-2.0913004e-16	0	-7.334717e-17
2.600009999997908e-09	-2.3507151e-05	1.4786368e-05	-9.846603e-05	0.13513456	-1.9927044e-16	-2.2206438e-16	3.0528126e-16	-2.091397e-16	0	-7.334765e-17
2.610009999997787e-09	-2.2990384e-05	1.4971524e-05	-9.923057e-05	0.13514565	-1.9927812e-16	-2.220709e-16	3.0529008e-16	-2.0914916e-16	0	-7.3348136e-17
2.620009999997666e-09	-2.2404047e-05	1.5190797e-05	-9.9964884e-05	0.13515605	-1.9928572e-16	-2.220773e-16	3.0529873e-16	-2.0915851e-16	0	-7.334865e-17
2.630009999997545e-09	-2.1780648e-05	1.5424761e-05	-0.000100684985	0.1351659	-1.9929321e-16	-2.2208365e-16	3.0530723e-16	-2.0916761e-16	0	-7.334917e-17
2.640009999997424e-09	-2.1107955e-05	1.5681066e-05	-0.00010137753	0.13517533	-1.9930055e-16	-2.2208987e-16	3.0531557e-16	-2.0917656e-16	0	-7.334969e-17
2.650009999997303e-09	-2.0419722e-05	1.5958618e-05	-0.00010205563	0.1351843	-1.9930773e-16	-2.2209596e-16	3.0532377e-16	-2.0918531e-16	0	-7.335022e-17
2.660009999997182e-09	-1.9716585e-05	1.6253896e-05	-0.0001027438	0.13519286	-1.9931474e-16	-2.2210194e-16	3.0533182e-16	-2.0919387e-16	0	-7.3350764e-17
2.670009999997061e-09	-1.9027653e-05	1.6578191e-05	-0.00010339652	0.13520093	-1.9932166e-16	-2.2210781e-16	3.0533965e-16	-2.092022e-16	0	-7.3351306e-17
2.68000999999694e-09	-1.8349558e-05	1.6916087e-05	-0.00010403601	0.13520856	-1.9932835e-16	-2.221135e-16	3.0534736e-16	-2.0921037e-16	0	-7.335185e-17
2.690009999996819e-09	-1.7713955e-05	1.7297325e-05	-0.000104707426	0.13521574	-1.9933502e-16	-2.221191e-16	3.0535482e-16	-2.0921834e-16	0	-7.335239e-17
2.700009999996698e-09	-1.7152144e-05	1.7693255e-05	-0.00010537423	0.13522236	-1.9934147e-16	-2.2212452e-16	3.0536207e-16	-2.0922612e-16	0	-7.335292e-17
2.710009999996577e-09	-1.665104e-05	1.8089913e-05	-0.00010604261	0.13522837	-1.9934776e-16	-2.2212984e-16	3.0536922e-16	-2.0923367e-16	0	-7.3353464e-17
2.720009999996456e-09	-1.6202537e-05	1.847941e-05	-0.00010673904	0.1352338	-1.99354e-16	-2.2213503e-16	3.053761e-16	-2.0924107e-16	0	-7.335398e-17
2.730009999996335e-09	-1.5836264e-05	1.8840858e-05	-0.00010744943	0.13523878	-1.9936e-16	-2.2214005e-16	3.0538277e-16	-2.0924824e-16	0	-7.3354496e-17
2.740009999996214e-09	-1.5574313e-05	1.9210198e-05	-0.00010817913	0.13524337	-1.9936589e-16	-2.2214493e-16	3.0538929e-16	-2.0925524e-16	0	-7.335499e-17
2.750009999996093e-09	-1.5388701e-05	1.9533765e-05	-0.000108929344	0.1352476	-1.993716e-16	-2.2214966e-16	3.0539559e-16	-2.0926203e-16	0	-7.335549e-17
2.760009999995972e-09	-1.5287018e-05	1.9832687e-05	-0.00010968296	0.13525148	-1.9937721e-16	-2.2215427e-16	3.054017e-16	-2.0926869e-16	0	-7.335596e-17
2.770009999995851e-09	-1.5257393e-05	2.0099797e-05	-0.00011044264	0.135255	-1.993827e-16	-2.2215872e-16	3.0540763e-16	-2.0927515e-16	0	-7.335643e-17
2.78000999999573e-09	-1.5294303e-05	2.0322104e-05	-0.00011126085	0.13525827	-1.9938805e-16	-2.2216303e-16	3.0541332e-16	-2.0928145e-16	0	-7.335687e-17
2.790009999995609e-09	-1.5385302e-05	2.0508474e-05	-0.0001120634	0.13526133	-1.9939324e-16	-2.2216727e-16	3.0541885e-16	-2.0928755e-16	0	-7.33573e-17
2.800009999995488e-09	-1.5528267e-05	2.0664977e-05	-0.00011288051	0.13526401	-1.9939833e-16	-2.221713e-16	3.054242e-16	-2.0929356e-16	0	-7.335771e-17
2.810009999995367e-09	-1.5739406e-05	2.0803267e-05	-0.000113689006	0.1352664	-1.9940332e-16	-2.2217523e-16	3.054294e-16	-2.0929938e-16	0	-7.335812e-17
2.820009999995246e-09	-1.5967997e-05	2.0923468e-05	-0.00011450903	0.13526857	-1.9940815e-16	-2.2217904e-16	3.054344e-16	-2.09305e-16	0	-7.33585e-17
2.830009999995125e-09	-1.6218899e-05	2.099413e-05	-0.00011536573	0.13527055	-1.9941288e-16	-2.2218272e-16	3.0543929e-16	-2.0931056e-16	0	-7.335887e-17
2.840009999995004e-09	-1.649894e-05	2.1056536e-05	-0.000116225456	0.13527232	-1.9941755e-16	-2.2218632e-16	3.05444e-16	-2.0931598e-16	0	-7.335922e-17
2.850009999994883e-09	-1.6798527e-05	2.1102553e-05	-0.00011709004	0.13527387	-1.9942204e-16	-2.221898e-16	3.0544855e-16	-2.0932123e-16	0	-7.335956e-17
2.860009999994762e-09	-1.7096902e-05	2.1157188e-05	-0.0001179244	0.13527523	-1.994265e-16	-2.2219323e-16	3.05453e-16	-2.093264e-16	0	-7.335987e-17
2.870009999994641e-09	-1.737239e-05	2.1227122e-05	-0.00011874661	0.13527636	-1.9943082e-16	-2.2219646e-16	3.054573e-16	-2.0933145e-16	0	-7.3360174e-17
2.8800099999945198e-09	-1.7654676e-05	2.1329839e-05	-0.00011955426	0.13527723	-1.9943503e-16	-2.221997e-16	3.0546147e-16	-2.0933637e-16	0	-7.336046e-17
2.8900099999943988e-09	-1.7924487e-05	2.1436805e-05	-0.000120364326	0.13527787	-1.9943921e-16	-2.2220281e-16	3.0546554e-16	-2.0934119e-16	0	-7.336073e-17
2.9000099999942778e-09	-1.8180488e-05	2.1552876e-05	-0.000121210214	0.13527837	-1.9944324e-16	-2.2220586e-16	3.0546952e-16	-2.093459e-16	0	-7.336098e-17
2.9100099999941568e-09	-1.8401279e-05	2.1686796e-05	-0.000122038626	0.13527876	-1.9944723e-16	-2.2220885e-16	3.0547338e-16	-2.0935055e-16	0	-7.3361226e-17
2.9200099999940357e-09	-1.8586677e-05	2.1855803e-05	-0.00012284335	0.13527896	-1.9945113e-16	-2.2221174e-16	3.054772e-16	-2.093551e-16	0	-7.336145e-17
2.9300099999939147e-09	-1.87535e-05	2.204533e-05	-0.00012362805	0.135279	-1.9945495e-16	-2.2221457e-16	3.0548087e-16	-2.0935956e-16	0	-7.336167e-17
2.9400099999937937e-09	-1.8878343e-05	2.2253796e-05	-0.00012442732	0.135279	-1.9945874e-16	-2.2221737e-16	3.0548444e-16	-2.0936397e-16	0	-7.336187e-17
2.9500099999936727e-09	-1.8963212e-05	2.2469914e-05	-0.00012524407	0.135279	-1.9946244e-16	-2.2222005e-16	3.0548796e-16	-2.0936831e-16	0	-7.3362046e-17
2.9600099999935517e-09	-1.9017181e-05	2.2685423e-05	-0.0001260284	0.1352789	-1.994661e-16	-2.2222272e-16	3.0549138e-16	-2.0937253e-16	0	-7.336224e-17
2.9700099999934307e-09	-1.9050418e-05	2.2886605e-05	-0.00012678384	0.13527876	-1.9946965e-16	-2.2222526e-16	3.0549471e-16	-2.0937671e-16	0	-7.33624e-17
2.9800099999933097e-09	-1.903937e-05	2.3093373e-05	-0.00012753843	0.13527861	-1.9947312e-16	-2.2222778e-16	3.05498e-16	-2.093808e-16	0	-7.336255e-17
2.9900099999931887e-09	-1.8995175e-05	2.3299775e-05	-0.00012827103	0.13527854	-1.9947666e-16	-2.2223024e-16	3.0550115e-16	-2.0938486e-16	0	-7.336269e-17
3.0000099999930677e-09	-1.892791e-05	2.3511278e-05	-0.00012899029	0.13527833	-1.9948003e-16	-2.2223265e-16	3.0550424e-16	-2.0938885e-16	0	-7.336283e-17
