# t (s)	mx ()	my ()	mz ()	spinAngle (rad)	E_total (J)	E_anis (J)	E_demag (J)	E_exch (J)	E_therm (J)	E_custom (J)
0	0	0	0	0.016871518	-5.898493e-18	-4.5216005e-17	4.0563908e-17	5.5360005e-18	0	-6.7824004e-18
1.0000000000000124e-11	6.749287e-10	8.436609e-11	0.003616433	0.032722924	-1.4437607e-17	-4.048973e-17	3.671159e-17	-4.0641844e-18	0	-6.595285e-18
2.0009999999999403e-11	5.0619655e-09	-8.436609e-10	0.010955981	0.039967325	-1.5760453e-17	-3.6223665e-17	3.2971734e-17	-6.044784e-18	0	-6.4637357e-18
3.000999999999824e-11	9.111538e-09	-7.5929485e-10	0.02009737	0.04950128	-1.700981e-17	-3.2752713e-17	2.968466e-17	-7.632206e-18	0	-6.309552e-18
4.000000000000001e-11	9.82865e-09	-1.5185897e-09	0.026621666	0.058274843	-1.8629861e-17	-3.1007702e-17	2.7858358e-17	-9.2882564e-18	0	-6.19226e-18
5.0000000000001785e-11	8.43661e-09	1.8560541e-09	0.027340403	0.064763814	-2.0361138e-17	-2.991412e-17	2.6835964e-17	-1.1092371e-17	0	-6.1906135e-18
6.00000000000024e-11	5.39943e-09	4.387037e-09	0.023737142	0.069781214	-2.1895648e-17	-2.8128436e-17	2.5307273e-17	-1.2813523e-17	0	-6.2609673e-18
7.000999999999771e-11	-1.3498574e-09	1.2064351e-08	0.017435366	0.07377165	-2.3151975e-17	-2.6558197e-17	2.3984904e-17	-1.4208794e-17	0	-6.369888e-18
8.000999999999302e-11	-5.39943e-09	1.6852127e-08	0.008276709	0.07790759	-2.4100225e-17	-2.5712494e-17	2.3317297e-17	-1.5210698e-17	0	-6.49433e-18
9.000999999998834e-11	-6.074359e-09	2.0416595e-08	-0.0026929653	0.082614884	-2.4756296e-17	-2.54551e-17	2.3156114e-17	-1.5859539e-17	0	-6.5977704e-18
1.0000999999998365e-10	-8.099145e-09	2.0332228e-08	-0.011707213	0.08830519	-2.5206693e-17	-2.515069e-17	2.2885532e-17	-1.6288505e-17	0	-6.65303e-18
1.1000999999997896e-10	-1.05035785e-08	2.366469e-08	-0.015083247	0.09498741	-2.5603571e-17	-2.4706843e-17	2.2371417e-17	-1.6607049e-17	0	-6.6610985e-18
1.2000999999997891e-10	-1.522808e-08	2.493018e-08	-0.0121371765	0.10142414	-2.605347e-17	-2.4731565e-17	2.2210837e-17	-1.6873737e-17	0	-6.6590045e-18
1.3000999999998715e-10	-2.0943883e-08	2.5309827e-08	-0.0058846497	0.10609106	-2.6482586e-17	-2.5261345e-17	2.2581887e-17	-1.7119088e-17	0	-6.684041e-18
1.400099999999954e-10	-2.4297435e-08	2.341159e-08	-0.00088988023	0.108585395	-2.6785721e-17	-2.5759068e-17	2.3007665e-17	-1.7318743e-17	0	-6.7155738e-18
1.5000000000000362e-10	-2.5225463e-08	1.8898005e-08	0.00037579145	0.10932572	-2.6982463e-17	-2.5938129e-17	2.3173389e-17	-1.7485609e-17	0	-6.7321124e-18
1.6000000000001186e-10	-2.4803631e-08	1.5059348e-08	-0.001182581	0.10903682	-2.7132962e-17	-2.5940913e-17	2.3182513e-17	-1.7635681e-17	0	-6.7388775e-18
1.700000000000201e-10	-2.4677082e-08	1.46797e-08	-0.0032922488	0.10833592	-2.7263008e-17	-2.5954e-17	2.3198533e-17	-1.7764028e-17	0	-6.7435163e-18
1.8000000000002833e-10	-2.1616176e-08	1.3920405e-08	-0.004365836	0.10760726	-2.7376492e-17	-2.5995979e-17	2.3239689e-17	-1.7872614e-17	0	-6.7475877e-18
1.9000000000003657e-10	-2.0543144e-08	1.1558154e-08	-0.0041146553	0.1069767	-2.7474463e-17	-2.602646e-17	2.3271143e-17	-1.7967997e-17	0	-6.7511487e-18
2.000000000000448e-10	-1.9024554e-08	1.134724e-08	-0.0031499215	0.106435694	-2.7558154e-17	-2.6025183e-17	2.3275066e-17	-1.8053501e-17	0	-6.7545356e-18
2.1000000000005304e-10	-1.8201984e-08	1.0166114e-08	-0.002227518	0.10593558	-2.7628392e-17	-2.5993965e-17	2.325293e-17	-1.8129528e-17	0	-6.7578294e-18
2.2000000000006128e-10	-1.801216e-08	1.13050564e-08	-0.0017373796	0.105449006	-2.7686312e-17	-2.5946611e-17	2.3216796e-17	-1.8195585e-17	0	-6.7609086e-18
2.3000000000006952e-10	-1.7558692e-08	9.027172e-09	-0.001655692	0.10498032	-2.7733573e-17	-2.5899578e-17	2.3181143e-17	-1.825144e-17	0	-6.763697e-18
2.4000000000005925e-10	-1.5755369e-08	1.0039565e-08	-0.0017637812	0.10455176	-2.777197e-17	-2.586528e-17	2.3157034e-17	-1.829762e-17	0	-6.766106e-18
2.5000000000004163e-10	-1.4869524e-08	9.659917e-09	-0.0018608518	0.10419346	-2.7803208e-17	-2.5851105e-17	2.3151144e-17	-1.8335312e-17	0	-6.7679343e-18
2.60000000000024e-10	-1.502771e-08	1.0123931e-08	-0.0018567551	0.10391159	-2.7828765e-17	-2.5859254e-17	2.3165461e-17	-1.8365908e-17	0	-6.7690655e-18
2.700000000000064e-10	-1.5618273e-08	6.9180195e-09	-0.0017642821	0.10368363	-2.7849825e-17	-2.5883888e-17	2.3194644e-17	-1.8391021e-17	0	-6.769563e-18
2.800099999999888e-10	-1.6303748e-08	8.056962e-09	-0.0016434329	0.10348734	-2.7867314e-17	-2.5911995e-17	2.3226904e-17	-1.8412696e-17	0	-6.7695295e-18
2.9000999999997117e-10	-1.5565544e-08	9.28027e-09	-0.001545738	0.10330989	-2.7881962e-17	-2.593194e-17	2.3251655e-17	-1.8432684e-17	0	-6.768994e-18
3.0000999999995355e-10	-1.510153e-08	1.1747979e-08	-0.0014880627	0.103147276	-2.7894496e-17	-2.5939927e-17	2.3265325e-17	-1.8451971e-17	0	-6.767923e-18
3.1000999999993594e-10	-1.2106534e-08	1.4173503e-08	-0.001459485	0.10300605	-2.790553e-17	-2.5938045e-17	2.3269663e-17	-1.8470902e-17	0	-6.7662472e-18
3.2000999999991833e-10	-1.107305e-08	1.4574242e-08	-0.001441197	0.102901995	-2.791563e-17	-2.5930066e-17	2.3267975e-17	-1.8489682e-17	0	-6.7638542e-18
3.300099999999007e-10	-1.052467e-08	1.3836039e-08	-0.0014214993	0.102864176	-2.792532e-17	-2.5918472e-17	2.3262446e-17	-1.8508699e-17	0	-6.760591e-18
3.400099999998831e-10	-1.1009775e-08	1.5270263e-08	-0.0014002168	0.10292691	-2.793511e-17	-2.5903414e-17	2.3253177e-17	-1.8528616e-17	0	-6.7562557e-18
3.500099999998655e-10	-1.0925409e-08	1.6788853e-08	-0.0013849237	0.10311372	-2.794555e-17	-2.5883224e-17	2.323863e-17	-1.8550362e-17	0	-6.750589e-18
3.600099999998479e-10	-1.3414208e-08	1.8180893e-08	-0.0013839034	0.1034257	-2.795724e-17	-2.5855749e-17	2.3216842e-17	-1.85751e-17	0	-6.7432326e-18
3.7000999999983027e-10	-1.2233084e-08	2.0437685e-08	-0.0014007122	0.1038692	-2.7970897e-17	-2.5819316e-17	2.3186324e-17	-1.8604208e-17	0	-6.733696e-18
3.8000999999981266e-10	-1.4089138e-08	2.7503347e-08	-0.0014329969	0.10444683	-2.798738e-17	-2.5773062e-17	2.3146304e-17	-1.8639302e-17	0	-6.7213185e-18
3.9000999999979505e-10	-1.5565544e-08	3.2591675e-08	-0.0014737793	0.10517278	-2.8007737e-17	-2.5716794e-17	2.3096615e-17	-1.8682296e-17	0	-6.7052617e-18
4.0000999999977743e-10	-2.1977367e-08	3.3179603e-08	-0.0015108688	0.1060553	-2.8033247e-17	-2.5650985e-17	2.3037643e-17	-1.8735351e-17	0	-6.684553e-18
4.100099999997598e-10	-2.4381801e-08	3.259431e-08	-0.0015226564	0.10711255	-2.80654e-17	-2.5577205e-17	2.2970725e-17	-1.8800677e-17	0	-6.658243e-18
4.200099999997422e-10	-2.4002153e-08	2.4455622e-08	-0.0014717398	0.10834708	-2.810571e-17	-2.5499e-17	2.2899005e-17	-1.8879928e-17	0	-6.625789e-18
4.300099999997246e-10	-2.893757e-08	1.2169809e-08	-0.0013025632	0.109761104	-2.8155253e-17	-2.5422592e-17	2.2828167e-17	-1.897308e-17	0	-6.5877483e-18
4.40009999999707e-10	-2.9865596e-08	-8.478793e-09	-0.00095787644	0.11133209	-2.8213814e-17	-2.5355743e-17	2.2765501e-17	-1.9076816e-17	0	-6.5467524e-18
4.5000999999968937e-10	-2.7250248e-08	-3.254422e-08	-0.00043173454	0.11301302	-2.8279138e-17	-2.5303485e-17	2.2715998e-17	-1.918325e-17	0	-6.508402e-18
4.6000999999967176e-10	-2.0543144e-08	-5.6409277e-08	0.00015626659	0.11472259	-2.83473e-17	-2.526287e-17	2.2677375e-17	-1.9280644e-17	0	-6.4811607e-18
4.700099999996541e-10	-1.1399968e-08	-7.173227e-08	0.0005588454	0.1163877	-2.8414842e-17	-2.5223566e-17	2.2640572e-17	-1.935807e-17	0	-6.4737814e-18
4.800099999996365e-10	1.813871e-09	-7.733207e-08	0.0005610973	0.11804396	-2.848146e-17	-2.5176997e-17	2.2598053e-17	-1.9412033e-17	0	-6.490484e-18
4.900099999996189e-10	1.370949e-08	-7.047469e-08	0.00018879546	0.11962489	-2.8549394e-17	-2.5124008e-17	2.2550495e-17	-1.9447986e-17	0	-6.5278956e-18
5.000099999996013e-10	2.2863212e-08	-5.0324374e-08	-0.00029972268	0.12103778	-2.861963e-17	-2.5071983e-17	2.250387e-17	-1.9474401e-17	0	-6.5771165e-18
5.100099999995837e-10	2.7292431e-08	-2.0532598e-08	-0.0006564441	0.12230606	-2.8689833e-17	-2.5026601e-17	2.2462311e-17	-1.9496965e-17	0	-6.628577e-18
5.200099999995661e-10	2.1935184e-08	1.8497266e-08	-0.0008261155	0.12343437	-2.8755988e-17	-2.4987938e-17	2.2425141e-17	-1.951814e-17	0	-6.67505e-18
5.300099999995485e-10	1.6904856e-08	5.623e-08	-0.0008892652	0.12430969	-2.8814847e-17	-2.4952108e-17	2.2388533e-17	-1.9539292e-17	0	-6.7119755e-18
5.400099999995309e-10	1.14526975e-08	8.6095596e-08	-0.00092120416	0.12491778	-2.8864785e-17	-2.4914323e-17	2.2348281e-17	-1.9561245e-17	0	-6.7375007e-18
5.500099999995133e-10	4.8088675e-09	1.0393903e-07	-0.00094874226	0.12528856	-2.8905678e-17	-2.4871797e-17	2.2302343e-17	-1.9583566e-17	0	-6.7526596e-18
5.600099999994956e-10	1.1811253e-09	1.1111015e-07	-0.0009765435	0.1255078	-2.8938364e-17	-2.4825588e-17	2.2252383e-17	-1.9604849e-17	0	-6.7603126e-18
5.70009999999478e-10	-1.4764067e-09	1.0739804e-07	-0.0010049134	0.12562746	-2.896419e-17	-2.4779635e-17	2.2202676e-17	-1.9623796e-17	0	-6.7634295e-18
5.800099999994604e-10	-1.5185897e-09	9.972072e-08	-0.0010319095	0.12570994	-2.8984607e-17	-2.473801e-17	2.215751e-17	-1.9639915e-17	0	-6.7641934e-18
5.900099999994428e-10	-1.6029558e-09	8.900623e-08	-0.0010538442	0.12581085	-2.900111e-17	-2.4703365e-17	2.2119673e-17	-1.9653421e-17	0	-6.7639994e-18
6.000099999994252e-10	-6.749287e-10	7.677315e-08	-0.0010670136	0.12597016	-2.9015034e-17	-2.4676821e-17	2.2090374e-17	-1.966491e-17	0	-6.7636768e-18
6.100099999994076e-10	3.0371794e-09	6.580555e-08	-0.0010705118	0.12621576	-2.9027525e-17	-2.4658357e-17	2.2069568e-17	-1.967506e-17	0	-6.7636706e-18
6.2000999999939e-10	6.8336536e-09	5.635655e-08	-0.0010674599	0.12655728	-2.9039324e-17	-2.4646973e-17	2.2056223e-17	-1.9684407e-17	0	-6.764163e-18
6.300099999993724e-10	6.200908e-09	4.8257405e-08	-0.0010632221	0.1269915	-2.905081e-17	-2.4640951e-17	2.2048542e-17	-1.9693243e-17	0	-6.765162e-18
6.400099999993547e-10	7.550765e-09	4.0664457e-08	-0.0010619917	0.12749776	-2.906204e-17	-2.4638102e-17	2.2044269e-17	-1.9701657e-17	0	-6.7665517e-18
6.500099999993371e-10	1.3372026e-08	3.526503e-08	-0.0010648126	0.1280595	-2.907286e-17	-2.4636162e-17	2.2041076e-17	-1.9709633e-17	0	-6.7681427e-18
6.600099999993195e-10	1.2549457e-08	2.9275034e-08	-0.0010700963	0.12865007	-2.9083068e-17	-2.4633167e-17	2.2036952e-17	-1.9717115e-17	0	-6.7697367e-18
6.700099999993019e-10	1.05035785e-08	2.7334615e-08	-0.0010755738	0.12924518	-2.909251e-17	-2.4627675e-17	2.2030424e-17	-1.9724079e-17	0	-6.7711764e-18
6.800099999992843e-10	6.8336536e-09	2.5309827e-08	-0.0010802088	0.12982212	-2.9101137e-17	-2.4618893e-17	2.2020678e-17	-1.9730539e-17	0	-6.7723833e-18
6.900099999992667e-10	7.8460465e-09	2.3453774e-08	-0.0010846768	0.13036324	-2.9108995e-17	-2.4606671e-17	2.2007554e-17	-1.9736533e-17	0	-6.7733453e-18
7.000099999992491e-10	5.0197824e-09	2.1091523e-08	-0.001090354	0.13085426	-2.911613e-17	-2.4591396e-17	2.1991465e-17	-1.9742103e-17	0	-6.7740964e-18
7.100099999992315e-10	5.378338e-09	1.8391809e-08	-0.0010984081	0.13129759	-2.912262e-17	-2.4573825e-17	2.1973175e-17	-1.974728e-17	0	-6.77469e-18
7.200099999992138e-10	7.88823e-09	2.4803631e-08	-0.0011089923	0.13169491	-2.9128507e-17	-2.455486e-17	2.1953605e-17	-1.9752077e-17	0	-6.775174e-18
7.300099999991962e-10	1.0672311e-08	2.4803631e-08	-0.0011210846	0.13204971	-2.913382e-17	-2.453542e-17	2.1933675e-17	-1.9756493e-17	0	-6.7755857e-18
7.400099999991786e-10	9.4490025e-09	2.2525747e-08	-0.0011329342	0.13237302	-2.91386e-17	-2.4516285e-17	2.191417e-17	-1.9760538e-17	0	-6.775944e-18
7.50009999999161e-10	6.939111e-09	2.2272648e-08	-0.00114292	0.13266873	-2.9142844e-17	-2.4498042e-17	2.1895671e-17	-1.9764213e-17	0	-6.7762603e-18
7.600099999991434e-10	6.580555e-09	2.4044336e-08	-0.0011500343	0.1329425	-2.9146615e-17	-2.4481064e-17	2.1878532e-17	-1.9767544e-17	0	-6.7765415e-18
7.700099999991258e-10	7.698406e-09	2.4803631e-08	-0.0011539402	0.13319942	-2.914995e-17	-2.4465516e-17	2.186291e-17	-1.9770548e-17	0	-6.7767946e-18
7.800099999991082e-10	1.0419212e-08	2.2778845e-08	-0.001155098	0.13344266	-2.9152892e-17	-2.4451404e-17	2.1848793e-17	-1.9773256e-17	0	-6.7770267e-18
7.900099999990906e-10	8.141328e-09	2.0247862e-08	-0.0011543519	0.13367629	-2.9155503e-17	-2.4438616e-17	2.1836054e-17	-1.9775696e-17	0	-6.7772438e-18
8.00009999999073e-10	6.9285653e-09	1.6029558e-08	-0.0011525782	0.13390099	-2.9157812e-17	-2.4426963e-17	2.18245e-17	-1.9777897e-17	0	-6.7774527e-18
8.100099999990553e-10	4.387037e-09	1.5438996e-08	-0.0011504156	0.13411687	-2.915987e-17	-2.441624e-17	2.1813901e-17	-1.9779879e-17	0	-6.7776532e-18
8.200099999990377e-10	6.285274e-09	1.7210683e-08	-0.001148306	0.13432312	-2.9161693e-17	-2.440623e-17	2.1804052e-17	-1.9781667e-17	0	-6.777849e-18
8.300099999990201e-10	1.2022169e-09	1.6704487e-08	-0.0011467284	0.1345183	-2.9163328e-17	-2.4396769e-17	2.1794767e-17	-1.9783288e-17	0	-6.7780354e-18
8.400099999990025e-10	3.4695555e-09	1.7885611e-08	-0.0011459375	0.13470215	-2.9164767e-17	-2.4387721e-17	2.1785914e-17	-1.978475e-17	0	-6.7782083e-18
8.500099999989849e-10	1.8455083e-09	1.6704487e-08	-0.0011458596	0.13487504	-2.916605e-17	-2.4378991e-17	2.1777392e-17	-1.9786082e-17	0	-6.778368e-18
8.600099999989673e-10	1.2654915e-10	2.1513353e-08	-0.0011464304	0.13503593	-2.9167186e-17	-2.4370539e-17	2.1769152e-17	-1.9787289e-17	0	-6.778511e-18
8.700099999989497e-10	2.2357014e-09	1.923547e-08	-0.0011476902	0.13518465	-2.9168182e-17	-2.4362345e-17	2.176118e-17	-1.9788382e-17	0	-6.7786363e-18
8.800099999989321e-10	4.102301e-09	1.3625124e-08	-0.0011495764	0.13532151	-2.9169062e-17	-2.435442e-17	2.1753479e-17	-1.9789373e-17	0	-6.778746e-18
8.900099999989144e-10	4.3553996e-09	1.3498575e-08	-0.0011519253	0.13544695	-2.9169833e-17	-2.4346794e-17	2.1746074e-17	-1.9790276e-17	0	-6.7788386e-18
9.000099999988968e-10	7.61404e-09	1.4510968e-08	-0.0011545081	0.13556162	-2.9170508e-17	-2.4339495e-17	2.1738998e-17	-1.9791094e-17	0	-6.778916e-18
9.100099999988792e-10	3.18482e-09	1.4426602e-08	-0.0011571643	0.13566606	-2.91711e-17	-2.4332558e-17	2.1732275e-17	-1.9791835e-17	0	-6.77898e-18
9.200099999988616e-10	5.4732503e-09	1.3498575e-08	-0.0011598804	0.1357609	-2.917162e-17	-2.432601e-17	2.1725935e-17	-1.9792513e-17	0	-6.7790317e-18
9.30009999998844e-10	4.5874065e-09	1.6831036e-08	-0.001162527	0.13584729	-2.9172076e-17	-2.4319873e-17	2.1720001e-17	-1.9793132e-17	0	-6.779073e-18
9.400099999989161e-10	1.8033253e-09	1.6493571e-08	-0.0011649654	0.13592608	-2.9172486e-17	-2.4314157e-17	2.1714474e-17	-1.9793701e-17	0	-6.7791058e-18
9.50009999999002e-10	4.566315e-09	1.1389423e-08	-0.0011670886	0.13599838	-2.9172857e-17	-2.4308856e-17	2.1709357e-17	-1.9794227e-17	0	-6.779131e-18
9.600099999990877e-10	7.61404e-09	6.875837e-09	-0.0011689634	0.13606472	-2.917319e-17	-2.4303971e-17	2.1704637e-17	-1.9794713e-17	0	-6.7791504e-18
9.700099999991735e-10	7.5929485e-09	5.6525282e-09	-0.0011705477	0.13612609	-2.9173502e-17	-2.4299466e-17	2.1700301e-17	-1.979517e-17	0	-6.779164e-18
9.800099999992593e-10	8.341697e-09	3.3324608e-09	-0.0011718633	0.13618308	-2.91738e-17	-2.4295334e-17	2.1696314e-17	-1.9795603e-17	0	-6.7791724e-18
9.90009999999345e-10	7.824955e-09	5.272881e-09	-0.0011729161	0.13623671	-2.9174075e-17	-2.4291537e-17	2.1692658e-17	-1.9796019e-17	0	-6.779177e-18
1.0000099999994308e-09	4.0179353e-09	3.5433758e-09	-0.0011739037	0.13628735	-2.9174356e-17	-2.4288056e-17	2.1689304e-17	-1.9796427e-17	0	-6.779177e-18
1.0100099999995166e-09	5.2517892e-09	3.627742e-09	-0.0011746298	0.13633527	-2.9174634e-17	-2.4284856e-17	2.1686227e-17	-1.9796831e-17	0	-6.779174e-18
1.0200099999996024e-09	2.5309828e-09	1.7716879e-09	-0.0011752492	0.13638097	-2.9174918e-17	-2.428191e-17	2.168339e-17	-1.9797233e-17	0	-6.779166e-18
1.0300099999996882e-09	9.385728e-10	-1.94042e-09	-0.0011758188	0.13642469	-2.917521e-17	-2.4279187e-17	2.1680774e-17	-1.9797643e-17	0	-6.7791546e-18
1.040009999999774e-09	4.5768607e-09	-1.0123932e-09	-0.0011762908	0.13646668	-2.9175524e-17	-2.427667e-17	2.1678359e-17	-1.9798073e-17	0	-6.7791397e-18
1.0500099999998598e-09	6.2641825e-09	1.3920405e-09	-0.0011767433	0.1365078	-2.9175865e-17	-2.4274328e-17	2.1676112e-17	-1.9798528e-17	0	-6.7791202e-18
1.0600099999999456e-09	3.5750132e-09	-4.3026707e-09	-0.0011773071	0.13654779	-2.9176225e-17	-2.4272144e-17	2.1674023e-17	-1.9799008e-17	0	-6.7790963e-18
1.0700000000000313e-09	2.9633591e-09	-8.056962e-09	-0.001177924	0.13658653	-2.917663e-17	-2.4270095e-17	2.1672063e-17	-1.9799527e-17	0	-6.7790673e-18
1.080000000000117e-09	3.142637e-09	-7.8460465e-09	-0.0011785517	0.13662449	-2.9177072e-17	-2.4268166e-17	2.167022e-17	-1.9800097e-17	0	-6.779033e-18
1.0900000000002028e-09	6.3063657e-09	-4.218305e-09	-0.0011792537	0.13666157	-2.9177572e-17	-2.4266336e-17	2.1668474e-17	-1.9800719e-17	0	-6.7789924e-18
1.1000000000002886e-09	4.745593e-09	-7.0867516e-09	-0.0011799226	0.13669874	-2.917813e-17	-2.426459e-17	2.1666817e-17	-1.9801407e-17	0	-6.7789478e-18
1.1100000000003744e-09	6.9707484e-09	-7.171118e-09	-0.001180626	0.13673638	-2.9178753e-17	-2.4262915e-17	2.1665227e-17	-1.9802171e-17	0	-6.7788944e-18
1.1200000000004602e-09	7.044569e-09	-6.9180195e-09	-0.001181396	0.13677403	-2.9179455e-17	-2.4261293e-17	2.1663693e-17	-1.980302e-17	0	-6.7788353e-18
1.130000000000546e-09	7.582402e-09	-8.3944265e-09	-0.0011821841	0.13681178	-2.9180242e-17	-2.4259718e-17	2.1662211e-17	-1.9803963e-17	0	-6.77877e-18
1.1400000000006318e-09	4.9354165e-09	-1.0292664e-08	-0.0011830117	0.1368491	-2.9181125e-17	-2.425818e-17	2.1660762e-17	-1.9805012e-17	0	-6.778697e-18
1.1500000000007175e-09	7.930413e-09	-8.162419e-09	-0.0011837174	0.13688667	-2.9182118e-17	-2.4256678e-17	2.165935e-17	-1.980617e-17	0	-6.7786177e-18
1.1600000000008033e-09	6.538372e-09	-9.617735e-09	-0.0011843828	0.13692485	-2.918321e-17	-2.4255205e-17	2.165797e-17	-1.980744e-17	0	-6.7785354e-18
1.1700000000008891e-09	8.552613e-09	-1.2697097e-08	-0.0011849387	0.1369639	-2.9184418e-17	-2.4253764e-17	2.1656629e-17	-1.980883e-17	0	-6.778449e-18
1.1800000000009749e-09	1.0419212e-08	-8.078054e-09	-0.0011852804	0.13700472	-2.9185734e-17	-2.4252366e-17	2.165532e-17	-1.9810327e-17	0	-6.7783613e-18
1.1900000000010607e-09	9.027172e-09	-7.382033e-09	-0.001185345	0.13704632	-2.9187157e-17	-2.4251017e-17	2.1654063e-17	-1.9811929e-17	0	-6.7782753e-18
1.2000000000011465e-09	8.626433e-09	-1.0482487e-08	-0.0011852127	0.13708736	-2.9188683e-17	-2.424974e-17	2.1652867e-17	-1.9813611e-17	0	-6.7781975e-18
1.2100000000012322e-09	9.638826e-09	-9.501731e-09	-0.0011846711	0.1371272	-2.9190284e-17	-2.4248533e-17	2.1651742e-17	-1.9815365e-17	0	-6.778128e-18
1.220000000001318e-09	9.797013e-09	-1.0841043e-08	-0.0011838815	0.13716717	-2.9191942e-17	-2.4247415e-17	2.1650703e-17	-1.9817158e-17	0	-6.778071e-18
1.2300000000014038e-09	1.2686551e-08	-1.328766e-08	-0.0011828082	0.13720967	-2.9193642e-17	-2.4246398e-17	2.1649752e-17	-1.9818971e-17	0	-6.778029e-18
1.2400000000014896e-09	1.5259717e-08	-1.2707643e-08	-0.0011814422	0.13725361	-2.9195373e-17	-2.4245473e-17	2.1648888e-17	-1.9820784e-17	0	-6.7780023e-18
1.2500000000015754e-09	1.38571306e-08	-1.4162958e-08	-0.0011797972	0.13729705	-2.9197093e-17	-2.4244636e-17	2.1648109e-17	-1.9822573e-17	0	-6.777989e-18
1.2600000000016612e-09	1.4321144e-08	-1.6388114e-08	-0.0011780009	0.13734008	-2.91988e-17	-2.4243873e-17	2.16474e-17	-1.9824341e-17	0	-6.777984e-18
1.270000000001747e-09	1.390986e-08	-1.9214378e-08	-0.0011762967	0.13738573	-2.9200485e-17	-2.4243167e-17	2.1646744e-17	-1.9826078e-17	0	-6.777984e-18
1.2800000000018327e-09	1.4068046e-08	-1.826526e-08	-0.0011746248	0.13743266	-2.9202152e-17	-2.4242498e-17	2.1646127e-17	-1.98278e-17	0	-6.7779816e-18
1.2900000000019185e-09	1.5966283e-08	-1.5438996e-08	-0.0011731923	0.1374826	-2.9203807e-17	-2.424184e-17	2.1645523e-17	-1.9829518e-17	0	-6.7779713e-18
1.3000000000020043e-09	1.71685e-08	-1.910892e-08	-0.001171935	0.13753863	-2.920547e-17	-2.4241178e-17	2.1644916e-17	-1.983126e-17	0	-6.7779494e-18
1.3100000000020901e-09	1.8581632e-08	-2.4423985e-08	-0.0011711046	0.13760133	-2.9207145e-17	-2.4240493e-17	2.1644296e-17	-1.9833038e-17	0	-6.7779113e-18
1.3200000000021759e-09	1.9404201e-08	-2.0943883e-08	-0.0011708867	0.13766931	-2.9208872e-17	-2.4239773e-17	2.164364e-17	-1.9834883e-17	0	-6.7778563e-18
1.3300000000022617e-09	2.2040641e-08	-2.0964974e-08	-0.0011715424	0.13774434	-2.9210652e-17	-2.4239004e-17	2.1642944e-17	-1.9836812e-17	0	-6.777783e-18
1.3400000000023475e-09	2.3643597e-08	-2.341159e-08	-0.0011730856	0.13782549	-2.9212515e-17	-2.423817e-17	2.1642193e-17	-1.9838845e-17	0	-6.777694e-18
1.3500000000024332e-09	2.3622507e-08	-2.4339618e-08	-0.0011756363	0.13791384	-2.921448e-17	-2.4237267e-17	2.1641374e-17	-1.9840999e-17	0	-6.777588e-18
1.360000000002519e-09	2.201955e-08	-2.670187e-08	-0.0011792057	0.13801022	-2.9216552e-17	-2.4236278e-17	2.1640484e-17	-1.9843294e-17	0	-6.7774663e-18
1.3700000000026048e-09	2.1534445e-08	-2.6195671e-08	-0.0011838848	0.13811514	-2.921876e-17	-2.4235204e-17	2.1639511e-17	-1.9845739e-17	0	-6.7773323e-18
1.3800000000026906e-09	2.5014547e-08	-2.244138e-08	-0.0011895982	0.13822588	-2.9221098e-17	-2.4234031e-17	2.1638458e-17	-1.9848338e-17	0	-6.777188e-18
1.3900000000027764e-09	2.3601414e-08	-2.1386805e-08	-0.0011961774	0.13834226	-2.9223603e-17	-2.4232759e-17	2.1637304e-17	-1.9851112e-17	0	-6.777034e-18
1.4000000000028622e-09	2.3200675e-08	-1.9488567e-08	-0.0012036245	0.13846429	-2.9226253e-17	-2.4231386e-17	2.1636059e-17	-1.9854055e-17	0	-6.776873e-18
1.410000000002948e-09	2.5562926e-08	-1.6535754e-08	-0.0012116694	0.13859189	-2.922907e-17	-2.4229905e-17	2.1634725e-17	-1.9857179e-17	0	-6.776709e-18
1.4200000000030337e-09	2.6153488e-08	-1.8665999e-08	-0.0012201212	0.13872531	-2.9232047e-17	-2.4228322e-17	2.1633293e-17	-1.9860476e-17	0	-6.776543e-18
1.4300000000031195e-09	2.4297435e-08	-1.674667e-08	-0.0012288172	0.13886279	-2.923519e-17	-2.422664e-17	2.1631772e-17	-1.9863938e-17	0	-6.776381e-18
1.4400000000032053e-09	2.3559231e-08	-1.7611422e-08	-0.0012375489	0.13900459	-2.923849e-17	-2.4224863e-17	2.1630163e-17	-1.9867565e-17	0	-6.776225e-18
1.450000000003291e-09	2.4550532e-08	-1.7569239e-08	-0.00124606	0.13914904	-2.924194e-17	-2.4222992e-17	2.1628465e-17	-1.9871332e-17	0	-6.7760808e-18
1.4600000000033769e-09	2.2905395e-08	-1.2064351e-08	-0.0012541272	0.13929456	-2.9245526e-17	-2.4221038e-17	2.162669e-17	-1.9875226e-17	0	-6.775953e-18
1.4700000000034627e-09	2.0838424e-08	-1.7084133e-08	-0.0012614758	0.13944031	-2.924923e-17	-2.4218996e-17	2.1624832e-17	-1.9879216e-17	0	-6.775846e-18
1.4800000000035485e-09	2.0268955e-08	-2.0290045e-08	-0.0012677925	0.13958654	-2.9253017e-17	-2.4216872e-17	2.1622898e-17	-1.9883276e-17	0	-6.7757677e-18
1.4900000000036342e-09	1.3667307e-08	-1.771688e-08	-0.0012728835	0.1397306	-2.925688e-17	-2.4214667e-17	2.1620888e-17	-1.9887376e-17	0	-6.775721e-18
1.50000000000372e-09	1.1979985e-08	-1.7337232e-08	-0.0012764409	0.13987154	-2.9260763e-17	-2.4212377e-17	2.1618792e-17	-1.9891464e-17	0	-6.7757143e-18
1.5100000000038058e-09	1.0018473e-08	-2.117589e-08	-0.0012782678	0.14000803	-2.9264638e-17	-2.4209995e-17	2.161661e-17	-1.9895505e-17	0	-6.7757495e-18
1.5200000000038916e-09	1.2233084e-08	-1.7632514e-08	-0.0012781842	0.140141	-2.9268462e-17	-2.4207518e-17	2.1614334e-17	-1.989945e-17	0	-6.7758305e-18
1.5300000000039774e-09	1.0355938e-08	-1.7379415e-08	-0.0012760763	0.14027122	-2.927219e-17	-2.4204931e-17	2.1611955e-17	-1.9903254e-17	0	-6.7759596e-18
1.5400000000040632e-09	6.4329146e-09	-1.8940188e-08	-0.0012720055	0.14039694	-2.927578e-17	-2.4202224e-17	2.1609458e-17	-1.9906886e-17	0	-6.7761333e-18
1.550000000004149e-09	1.0292664e-08	-2.1302439e-08	-0.0012660049	0.1405169	-2.9279203e-17	-2.4199382e-17	2.1606834e-17	-1.9910304e-17	0	-6.776349e-18
1.5600000000042347e-09	6.454006e-09	-1.7084133e-08	-0.0012583559	0.14062873	-2.928241e-17	-2.4196398e-17	2.1604072e-17	-1.9913485e-17	0	-6.776599e-18
1.5700000000043205e-09	4.471403e-09	-1.0461395e-08	-0.0012494407	0.14073266	-2.928537e-17	-2.419325e-17	2.1601157e-17	-1.9916403e-17	0	-6.7768745e-18
1.5800000000044063e-09	7.0867516e-09	-9.533369e-09	-0.0012394403	0.14082964	-2.9288077e-17	-2.4189931e-17	2.1598083e-17	-1.9919063e-17	0	-6.7771656e-18
1.590000000004492e-09	1.6240473e-09	-1.0461395e-08	-0.0012288532	0.14091915	-2.929052e-17	-2.4186442e-17	2.1594845e-17	-1.992146e-17	0	-6.777461e-18
1.6000000000045779e-09	-2.0880608e-09	-1.2697097e-08	-0.0012180957	0.14099935	-2.9292686e-17	-2.4182774e-17	2.1591446e-17	-1.9923608e-17	0	-6.7777484e-18
1.6100000000046637e-09	-5.1041487e-09	-1.2570548e-08	-0.0012074943	0.1410708	-2.9294598e-17	-2.4178943e-17	2.158789e-17	-1.9925522e-17	0	-6.7780205e-18
1.6200000000047495e-09	-9.744284e-09	-9.364636e-09	-0.0011974771	0.14113364	-2.9296256e-17	-2.4174954e-17	2.1584196e-17	-1.9927228e-17	0	-6.7782695e-18
1.6300000000048352e-09	-1.2570548e-08	-1.2359632e-08	-0.0011883083	0.14118747	-2.9297692e-17	-2.417084e-17	2.1580383e-17	-1.9928745e-17	0	-6.7784908e-18
1.640000000004921e-09	-1.6156108e-08	-1.5185897e-08	-0.0011802252	0.14123276	-2.9298916e-17	-2.4166621e-17	2.1576475e-17	-1.993009e-17	0	-6.778682e-18
1.6500000000050068e-09	-1.7337232e-08	-1.5017164e-08	-0.0011733297	0.14127047	-2.929996e-17	-2.4162336e-17	2.1572506e-17	-1.9931289e-17	0	-6.778843e-18
1.6600000000050926e-09	-2.229374e-08	-1.3245477e-08	-0.0011677584	0.14130105	-2.9300855e-17	-2.4158023e-17	2.1568513e-17	-1.9932363e-17	0	-6.7789763e-18
1.6700000000051784e-09	-2.7081516e-08	-1.4131321e-08	-0.0011634706	0.14132518	-2.9301603e-17	-2.4153727e-17	2.1564532e-17	-1.9933326e-17	0	-6.7790847e-18
1.6800000000052642e-09	-3.003433e-08	-1.4384419e-08	-0.0011605273	0.14134383	-2.930223e-17	-2.414948e-17	2.1560607e-17	-1.9934188e-17	0	-6.7791707e-18
1.69000000000535e-09	-3.5222843e-08	-1.3076744e-08	-0.0011588206	0.14135784	-2.9302767e-17	-2.4145331e-17	2.1556765e-17	-1.9934963e-17	0	-6.7792385e-18
1.7000000000054357e-09	-3.8998227e-08	-1.6282655e-08	-0.0011581748	0.14136788	-2.9303224e-17	-2.4141308e-17	2.1553041e-17	-1.9935665e-17	0	-6.7792906e-18
1.7100000000055215e-09	-4.252051e-08	-2.159772e-08	-0.0011584751	0.1413747	-2.9303608e-17	-2.4137445e-17	2.1549468e-17	-1.9936297e-17	0	-6.779331e-18
1.7200000000056073e-09	-4.9122157e-08	-1.9488567e-08	-0.0011595504	0.14137886	-2.9303935e-17	-2.4133767e-17	2.1546063e-17	-1.9936873e-17	0	-6.779361e-18
1.730000000005693e-09	-5.0092368e-08	-2.3200675e-08	-0.001161195	0.14138094	-2.9304217e-17	-2.4130291e-17	2.1542847e-17	-1.993739e-17	0	-6.7793825e-18
1.7400000000057789e-09	-4.7498112e-08	-2.8979754e-08	-0.0011633593	0.14138153	-2.930446e-17	-2.4127034e-17	2.1539831e-17	-1.993786e-17	0	-6.779399e-18
1.7500000000058647e-09	-4.5178044e-08	-2.9823415e-08	-0.001165867	0.14138103	-2.9304673e-17	-2.4123991e-17	2.1537014e-17	-1.9938287e-17	0	-6.7794098e-18
1.7600000000059504e-09	-4.6190436e-08	-3.0118695e-08	-0.0011685205	0.14137983	-2.930486e-17	-2.4121172e-17	2.1534406e-17	-1.9938677e-17	0	-6.779417e-18
1.7700000000060362e-09	-5.011346e-08	-3.100454e-08	-0.0011713069	0.14137842	-2.9305027e-17	-2.4118577e-17	2.1532003e-17	-1.9939033e-17	0	-6.7794205e-18
1.780000000006122e-09	-4.773012e-08	-3.239658e-08	-0.001174118	0.14137669	-2.930518e-17	-2.4116191e-17	2.1529792e-17	-1.9939359e-17	0	-6.7794234e-18
1.7900000000062078e-09	-4.3258716e-08	-3.0287428e-08	-0.0011768736	0.14137481	-2.9305318e-17	-2.411401e-17	2.1527771e-17	-1.9939655e-17	0	-6.7794226e-18
1.8000000000062936e-09	-4.110738e-08	-2.8811021e-08	-0.0011794826	0.14137292	-2.930544e-17	-2.4112017e-17	2.1525928e-17	-1.993993e-17	0	-6.7794218e-18
1.8100000000063794e-09	-3.986298e-08	-2.9190668e-08	-0.001181907	0.1413711	-2.930556e-17	-2.41102e-17	2.1524247e-17	-1.9940185e-17	0	-6.7794205e-18
1.8200000000064652e-09	-4.0558998e-08	-2.8262642e-08	-0.0011842033	0.14136939	-2.9305672e-17	-2.4108553e-17	2.1522717e-17	-1.994042e-17	0	-6.7794184e-18
1.830000000006551e-09	-3.849203e-08	-2.632222e-08	-0.0011862662	0.14136758	-2.9305775e-17	-2.4107044e-17	2.1521322e-17	-1.9940636e-17	0	-6.7794155e-18
1.8400000000066367e-09	-3.6657067e-08	-2.4550532e-08	-0.0011881021	0.14136574	-2.9305878e-17	-2.4105673e-17	2.152005e-17	-1.994084e-17	0	-6.7794135e-18
1.8500000000067225e-09	-3.4948656e-08	-2.2947578e-08	-0.0011897946	0.14136374	-2.9305977e-17	-2.4104419e-17	2.1518885e-17	-1.9941033e-17	0	-6.779412e-18
1.8600000000068083e-09	-3.3430066e-08	-2.3453774e-08	-0.0011912887	0.14136149	-2.930607e-17	-2.410327e-17	2.151782e-17	-1.994121e-17	0	-6.7794106e-18
1.870000000006742e-09	-3.0772533e-08	-2.4381801e-08	-0.0011926151	0.14135887	-2.9306165e-17	-2.4102218e-17	2.1516837e-17	-1.9941377e-17	0	-6.7794077e-18
1.880000000006621e-09	-3.0540527e-08	-2.117589e-08	-0.0011937739	0.14135583	-2.9306258e-17	-2.4101246e-17	2.1515932e-17	-1.9941538e-17	0	-6.779407e-18
1.8900000000065e-09	-3.0266335e-08	-2.062751e-08	-0.0011947636	0.14135234	-2.9306347e-17	-2.4100346e-17	2.1515092e-17	-1.9941692e-17	0	-6.7794052e-18
1.900000000006379e-09	-2.68706e-08	-1.662012e-08	-0.001195617	0.1413485	-2.930643e-17	-2.4099508e-17	2.1514314e-17	-1.9941832e-17	0	-6.7794044e-18
1.910000000006258e-09	-2.6533137e-08	-1.5143714e-08	-0.0011964622	0.14134419	-2.9306523e-17	-2.4098728e-17	2.151358e-17	-1.9941975e-17	0	-6.779403e-18
1.920000000006137e-09	-2.5773842e-08	-1.4510968e-08	-0.0011973052	0.14133953	-2.930661e-17	-2.4098e-17	2.1512896e-17	-1.9942104e-17	0	-6.7794027e-18
1.930000000006016e-09	-2.2188283e-08	-1.3245477e-08	-0.0011980878	0.14133435	-2.9306698e-17	-2.4097313e-17	2.1512248e-17	-1.9942233e-17	0	-6.779401e-18
1.940000000005895e-09	-2.2905395e-08	-1.5185897e-08	-0.0011988181	0.14132875	-2.9306784e-17	-2.4096666e-17	2.1511638e-17	-1.9942353e-17	0	-6.7794007e-18
1.950000000005774e-09	-2.0479868e-08	-1.3920405e-08	-0.0011995515	0.1413227	-2.930687e-17	-2.4096056e-17	2.151106e-17	-1.9942474e-17	0	-6.7794002e-18
1.960000000005653e-09	-1.7527055e-08	-1.5185897e-08	-0.0012001976	0.14131628	-2.9306953e-17	-2.4095473e-17	2.151051e-17	-1.9942588e-17	0	-6.7794002e-18
1.9700000000055318e-09	-1.8708182e-08	-1.3456392e-08	-0.0012007594	0.14130938	-2.9307045e-17	-2.4094924e-17	2.1509981e-17	-1.9942703e-17	0	-6.779399e-18
1.9800000000054108e-09	-1.6388114e-08	-1.0883226e-08	-0.0012012357	0.14130221	-2.9307125e-17	-2.4094403e-17	2.1509485e-17	-1.994281e-17	0	-6.779398e-18
1.9900000000052898e-09	-1.4510968e-08	-1.3582941e-08	-0.0012020043	0.14129452	-2.9307208e-17	-2.4093897e-17	2.1509005e-17	-1.9942918e-17	0	-6.779398e-18
2.0000000000051688e-09	-1.8201984e-08	-1.0419212e-08	-0.0012027827	0.1412863	-2.9307297e-17	-2.4093415e-17	2.150854e-17	-1.9943027e-17	0	-6.779398e-18
2.0100000000050478e-09	-1.689431e-08	-8.267877e-09	-0.0012035457	0.14127769	-2.9307386e-17	-2.409296e-17	2.1508104e-17	-1.9943131e-17	0	-6.779397e-18
2.0200000000049267e-09	-1.6683394e-08	-7.33985e-09	-0.0012042257	0.14126877	-2.930747e-17	-2.409252e-17	2.150768e-17	-1.9943234e-17	0	-6.7793965e-18
2.0300000000048057e-09	-1.5860826e-08	-8.85844e-09	-0.0012048123	0.14125961	-2.930755e-17	-2.4092097e-17	2.1507275e-17	-1.9943331e-17	0	-6.779396e-18
2.0400000000046847e-09	-1.5818642e-08	-1.0123931e-08	-0.0012054465	0.14125021	-2.9307638e-17	-2.4091688e-17	2.1506881e-17	-1.9943437e-17	0	-6.779396e-18
2.0500000000045637e-09	-1.2211992e-08	-1.2908012e-08	-0.0012061233	0.14124048	-2.930772e-17	-2.4091293e-17	2.1506502e-17	-1.9943535e-17	0	-6.7793957e-18
2.0600000000044427e-09	-1.052467e-08	-7.803863e-09	-0.0012068364	0.14123043	-2.9307807e-17	-2.4090914e-17	2.1506133e-17	-1.9943632e-17	0	-6.7793957e-18
2.0700000000043217e-09	-9.427911e-09	-6.8336536e-09	-0.0012074477	0.14122014	-2.9307893e-17	-2.4090547e-17	2.1505776e-17	-1.9943732e-17	0	-6.7793945e-18
2.0800000000042007e-09	-1.0187206e-08	-6.7492874e-09	-0.0012081113	0.14120944	-2.9307982e-17	-2.409019e-17	2.1505432e-17	-1.9943827e-17	0	-6.7793945e-18
2.0900000000040797e-09	-1.2211992e-08	-7.677315e-09	-0.0012087536	0.14119844	-2.9308068e-17	-2.4089837e-17	2.150509e-17	-1.9943925e-17	0	-6.7793945e-18
2.1000000000039587e-09	-1.3118927e-08	-3.3746437e-09	-0.0012093802	0.14118744	-2.9308157e-17	-2.4089498e-17	2.1504762e-17	-1.9944023e-17	0	-6.7793945e-18
2.1100000000038377e-09	-1.0883226e-08	-2.8262641e-09	-0.0012098608	0.14117645	-2.930824e-17	-2.4089164e-17	2.1504438e-17	-1.994412e-17	0	-6.779394e-18
2.1200000000037166e-09	-7.002386e-09	-2.9528133e-09	-0.0012103412	0.14116535	-2.930833e-17	-2.408884e-17	2.1504125e-17	-1.9944216e-17	0	-6.7793936e-18
2.1300000000035956e-09	-8.415518e-09	-8.436609e-10	-0.0012108953	0.14115398	-2.9308412e-17	-2.408852e-17	2.1503812e-17	-1.9944309e-17	0	-6.7793936e-18
2.1400000000034746e-09	-7.8460465e-09	1.3498574e-09	-0.0012112835	0.14114228	-2.93085e-17	-2.408821e-17	2.1503508e-17	-1.9944403e-17	0	-6.7793936e-18
2.1500000000033536e-09	-8.120236e-09	3.2059115e-09	-0.0012117453	0.14113034	-2.930858e-17	-2.40879e-17	2.1503207e-17	-1.9944498e-17	0	-6.7793936e-18
2.1600000000032326e-09	-9.364636e-09	2.5309828e-09	-0.0012123182	0.14111836	-2.930867e-17	-2.40876e-17	2.1502917e-17	-1.9944593e-17	0	-6.7793936e-18
2.1700000000031116e-09	-6.7492874e-09	0	-0.0012128142	0.14110616	-2.930876e-17	-2.4087306e-17	2.1502626e-17	-1.9944686e-17	0	-6.7793936e-18
2.1800000000029906e-09	-5.968901e-09	2.2778845e-09	-0.0012132268	0.14109401	-2.9308842e-17	-2.4087011e-17	2.1502342e-17	-1.994478e-17	0	-6.7793936e-18
2.1900000000028696e-09	-5.7368945e-09	2.3622506e-09	-0.0012136141	0.14108177	-2.9308935e-17	-2.4086725e-17	2.1502059e-17	-1.9944876e-17	0	-6.7793932e-18
2.2000000000027486e-09	-4.0917554e-09	1.5607727e-09	-0.001213949	0.14106931	-2.930902e-17	-2.408644e-17	2.1501779e-17	-1.9944969e-17	0	-6.7793932e-18
2.2100000000026276e-09	-4.8510502e-09	5.061966e-10	-0.0012144217	0.14105679	-2.9309104e-17	-2.4086158e-17	2.1501506e-17	-1.994506e-17	0	-6.7793932e-18
2.2200000000025065e-09	-9.153721e-09	1.7716879e-09	-0.0012148954	0.14104426	-2.9309193e-17	-2.4085878e-17	2.1501232e-17	-1.9945153e-17	0	-6.7793936e-18
2.2300000000023855e-09	-6.454006e-09	-3.3746436e-10	-0.0012152792	0.14103158	-2.9309286e-17	-2.40856e-17	2.1500957e-17	-1.9945249e-17	0	-6.7793932e-18
2.2400000000022645e-09	-7.824955e-09	-2.1935185e-09	-0.001215607	0.14101884	-2.9309368e-17	-2.4085324e-17	2.1500689e-17	-1.994534e-17	0	-6.7793936e-18
2.2500000000021435e-09	-9.406819e-09	-2.4044338e-09	-0.0012159928	0.14100611	-2.930946e-17	-2.4085056e-17	2.1500424e-17	-1.9945436e-17	0	-6.7793936e-18
2.2600000000020225e-09	-9.259178e-09	4.6401352e-10	-0.0012164472	0.1409933	-2.930954e-17	-2.4084781e-17	2.1500158e-17	-1.9945525e-17	0	-6.7793936e-18
2.2700000000019015e-09	-1.0735586e-08	-1.3920405e-09	-0.001216858	0.1409805	-2.9309626e-17	-2.4084513e-17	2.1499897e-17	-1.9945616e-17	0	-6.7793936e-18
2.2800000000017805e-09	-7.740589e-09	-1.4342236e-09	-0.001217297	0.1409676	-2.9309712e-17	-2.4084247e-17	2.1499632e-17	-1.9945707e-17	0	-6.7793936e-18
2.2900000000016595e-09	-6.875837e-09	1.1389423e-09	-0.0012178435	0.14095445	-2.9309805e-17	-2.408398e-17	2.1499369e-17	-1.99458e-17	0	-6.7793936e-18
2.3000000000015385e-09	-3.986298e-09	6.1587246e-09	-0.0012182563	0.14094119	-2.9309894e-17	-2.4083721e-17	2.1499114e-17	-1.9945892e-17	0	-6.779394e-18
2.3100000000014175e-09	-3.9652064e-09	6.411823e-09	-0.001218617	0.14092775	-2.9309984e-17	-2.408346e-17	2.1498856e-17	-1.9945985e-17	0	-6.779394e-18
2.3200000000012965e-09	4.2183046e-10	4.387037e-09	-0.0012190191	0.14091426	-2.931006e-17	-2.4083201e-17	2.1498603e-17	-1.9946072e-17	0	-6.779394e-18
2.3300000000011754e-09	-5.483796e-10	3.5433758e-09	-0.0012194562	0.14090085	-2.931015e-17	-2.408294e-17	2.1498345e-17	-1.9946163e-17	0	-6.779394e-18
2.3400000000010544e-09	-2.1091524e-09	6.074359e-09	-0.0012199028	0.1408876	-2.9310235e-17	-2.408268e-17	2.1498092e-17	-1.9946254e-17	0	-6.779394e-18
2.3500000000009334e-09	-9.2802704e-10	6.6649215e-09	-0.0012203282	0.14087436	-2.9310328e-17	-2.4082424e-17	2.149784e-17	-1.9946347e-17	0	-6.779395e-18
2.3600000000008124e-09	-2.3200675e-09	8.352243e-09	-0.0012207257	0.14086102	-2.9310417e-17	-2.4082169e-17	2.1497585e-17	-1.9946438e-17	0	-6.779395e-18
2.3700000000006914e-09	-9.2802704e-10	4.8932334e-09	-0.0012210839	0.14084768	-2.9310503e-17	-2.4081914e-17	2.1497336e-17	-1.994653e-17	0	-6.779395e-18
2.3800000000005704e-09	-6.327457e-11	6.36964e-09	-0.0012215126	0.14083426	-2.9310592e-17	-2.408166e-17	2.1497082e-17	-1.9946618e-17	0	-6.779395e-18
2.3900000000004494e-09	-1.0123932e-09	5.9478094e-09	-0.0012219436	0.14082083	-2.931068e-17	-2.4081408e-17	2.1496834e-17	-1.994671e-17	0	-6.779395e-18
2.4000000000003284e-09	-2.9528133e-10	7.972596e-09	-0.001222326	0.14080733	-2.9310765e-17	-2.4081152e-17	2.1496583e-17	-1.99468e-17	0	-6.779395e-18
2.4100000000002074e-09	-4.85105e-10	8.774074e-09	-0.0012225991	0.14079376	-2.9310854e-17	-2.4080903e-17	2.1496335e-17	-1.994689e-17	0	-6.7793957e-18
2.4200000000000864e-09	-2.1513353e-09	8.141328e-09	-0.0012229763	0.14078027	-2.931094e-17	-2.408065e-17	2.1496087e-17	-1.994698e-17	0	-6.7793957e-18
2.4300099999999652e-09	-3.0160878e-09	5.779077e-09	-0.0012234055	0.14076674	-2.9311026e-17	-2.4080396e-17	2.1495837e-17	-1.994707e-17	0	-6.779396e-18
2.4400099999998442e-09	-1.3076744e-09	5.8212604e-09	-0.0012238724	0.14075339	-2.9311115e-17	-2.4080149e-17	2.1495589e-17	-1.994716e-17	0	-6.779396e-18
2.450009999999723e-09	-1.5396812e-09	6.074359e-09	-0.0012244019	0.14074005	-2.93112e-17	-2.4079896e-17	2.1495344e-17	-1.9947247e-17	0	-6.7793965e-18
2.460009999999602e-09	-5.209606e-09	1.0967592e-08	-0.0012248846	0.14072694	-2.9311287e-17	-2.4079645e-17	2.1495094e-17	-1.9947338e-17	0	-6.779396e-18
2.470009999999481e-09	-3.058271e-09	1.0883226e-08	-0.0012252652	0.1407139	-2.9311373e-17	-2.4079395e-17	2.1494846e-17	-1.9947426e-17	0	-6.779396e-18
2.48000999999936e-09	-1.1389423e-09	8.731891e-09	-0.0012256773	0.14070071	-2.9311456e-17	-2.4079145e-17	2.1494603e-17	-1.994752e-17	0	-6.779396e-18
2.490009999999239e-09	-2.657532e-09	5.779077e-09	-0.0012261042	0.1406875	-2.9311545e-17	-2.4078895e-17	2.1494351e-17	-1.9947606e-17	0	-6.779396e-18
2.500009999999118e-09	-1.8771456e-09	8.43661e-09	-0.0012264608	0.14067434	-2.9311635e-17	-2.4078647e-17	2.1494106e-17	-1.9947695e-17	0	-6.779397e-18
2.510009999998997e-09	-2.0880608e-09	9.1959045e-09	-0.0012268341	0.14066124	-2.9311714e-17	-2.4078397e-17	2.1493863e-17	-1.9947781e-17	0	-6.779397e-18
2.520009999998876e-09	-5.779077e-09	7.213301e-09	-0.0012271877	0.1406481	-2.9311803e-17	-2.4078152e-17	2.1493615e-17	-1.9947872e-17	0	-6.779397e-18
2.530009999998755e-09	-2.699715e-09	4.0073895e-09	-0.0012275447	0.14063497	-2.931189e-17	-2.4077902e-17	2.1493368e-17	-1.994796e-17	0	-6.779397e-18
2.540009999998634e-09	-1.9826032e-09	5.568162e-09	-0.0012280085	0.14062175	-2.9311975e-17	-2.4077653e-17	2.1493124e-17	-1.9948048e-17	0	-6.7793978e-18
2.550009999998513e-09	-2.9949963e-09	5.357247e-09	-0.0012284494	0.14060846	-2.9312065e-17	-2.4077406e-17	2.1492879e-17	-1.9948137e-17	0	-6.779398e-18
2.560009999998392e-09	-2.5309828e-09	6.36964e-09	-0.0012288042	0.1405953	-2.9312148e-17	-2.4077156e-17	2.1492634e-17	-1.9948226e-17	0	-6.779398e-18
2.570009999998271e-09	1.0123932e-09	6.8336536e-09	-0.0012292425	0.14058205	-2.931223e-17	-2.4076907e-17	2.1492386e-17	-1.994831e-17	0	-6.7793978e-18
2.58000999999815e-09	2.1091523e-10	8.2467855e-09	-0.0012296058	0.14056878	-2.931232e-17	-2.4076663e-17	2.1492144e-17	-1.9948398e-17	0	-6.7793986e-18
2.590009999998029e-09	-1.1389423e-09	1.107305e-08	-0.0012299845	0.14055544	-2.93124e-17	-2.4076414e-17	2.1491898e-17	-1.9948486e-17	0	-6.779398e-18
2.600009999997908e-09	-1.9615116e-09	1.0145023e-08	-0.0012304055	0.14054202	-2.9312485e-17	-2.4076167e-17	2.1491654e-17	-1.9948572e-17	0	-6.7793986e-18
2.610009999997787e-09	-3.5222845e-09	1.0313755e-08	-0.0012308497	0.14052857	-2.931257e-17	-2.4075919e-17	2.1491406e-17	-1.9948662e-17	0	-6.7793986e-18
2.620009999997666e-09	-1.2654914e-09	1.0714494e-08	-0.0012312335	0.14051518	-2.9312654e-17	-2.4075674e-17	2.1491163e-17	-1.9948744e-17	0	-6.779399e-18
2.630009999997545e-09	-3.3746436e-10	1.1705795e-08	-0.0012316499	0.14050168	-2.931274e-17	-2.4075428e-17	2.1490922e-17	-1.994883e-17	0	-6.7794e-18
2.640009999997424e-09	0	1.0545762e-08	-0.001232077	0.14048816	-2.9312826e-17	-2.4075183e-17	2.1490675e-17	-1.9948921e-17	0	-6.7794002e-18
2.650009999997303e-09	-2.2357014e-09	9.216996e-09	-0.0012325024	0.1404748	-2.9312905e-17	-2.4074935e-17	2.149043e-17	-1.9949004e-17	0	-6.7794002e-18
2.660009999997182e-09	2.1091523e-11	1.0461395e-08	-0.0012329216	0.14046174	-2.9312988e-17	-2.4074688e-17	2.1490189e-17	-1.9949088e-17	0	-6.7794e-18
2.670009999997061e-09	-2.4887998e-09	1.1431606e-08	-0.0012333401	0.14044875	-2.9313074e-17	-2.407444e-17	2.1489944e-17	-1.9949173e-17	0	-6.7794002e-18
2.68000999999694e-09	-3.5644674e-09	1.1431606e-08	-0.0012337584	0.14043576	-2.931315e-17	-2.4074195e-17	2.14897e-17	-1.9949257e-17	0	-6.7794002e-18
2.690009999996819e-09	-6.749287e-10	1.3456392e-08	-0.0012342065	0.14042306	-2.9313243e-17	-2.4073949e-17	2.1489457e-17	-1.9949345e-17	0	-6.779401e-18
2.700009999996698e-09	-1.2233083e-09	1.6113924e-08	-0.0012344737	0.1404106	-2.931332e-17	-2.4073704e-17	2.1489213e-17	-1.994943e-17	0	-6.7794007e-18
2.710009999996577e-09	-8.436609e-11	1.4405511e-08	-0.0012347439	0.14039831	-2.9313405e-17	-2.407346e-17	2.148897e-17	-1.9949512e-17	0	-6.779401e-18
2.720009999996456e-09	8.8584395e-10	1.3582941e-08	-0.0012350988	0.14038602	-2.9313484e-17	-2.4073212e-17	2.1488726e-17	-1.9949596e-17	0	-6.779401e-18
2.730009999996335e-09	-2.6364404e-09	1.4510968e-08	-0.001235667	0.14037365	-2.9313564e-17	-2.4072971e-17	2.1488486e-17	-1.9949679e-17	0	-6.7794023e-18
2.740009999996214e-09	-3.100454e-09	1.370949e-08	-0.0012361893	0.14036122	-2.9313646e-17	-2.407273e-17	2.1488246e-17	-1.9949763e-17	0	-6.779402e-18
2.750009999996093e-09	-3.1637284e-09	1.3561849e-08	-0.001236546	0.14034896	-2.9313726e-17	-2.4072483e-17	2.1488003e-17	-1.9949844e-17	0	-6.7794023e-18
2.760009999995972e-09	-1.2654915e-10	1.3730582e-08	-0.0012368637	0.14033666	-2.9313812e-17	-2.4072241e-17	2.148776e-17	-1.994993e-17	0	-6.7794023e-18
2.770009999995851e-09	-2.2778845e-09	1.0630128e-08	-0.0012372838	0.1403242	-2.9313888e-17	-2.4071995e-17	2.148752e-17	-1.995001e-17	0	-6.7794027e-18
2.78000999999573e-09	-4.471403e-09	1.3498575e-08	-0.0012376984	0.14031173	-2.9313967e-17	-2.4071752e-17	2.1487279e-17	-1.9950093e-17	0	-6.7794027e-18
2.790009999995609e-09	-4.998691e-09	1.2992379e-08	-0.0012380627	0.14029916	-2.9314047e-17	-2.4071508e-17	2.1487039e-17	-1.9950174e-17	0	-6.7794027e-18
2.800009999995488e-09	-8.225694e-10	1.2528365e-08	-0.0012384519	0.14028665	-2.9314133e-17	-2.4071268e-17	2.1486799e-17	-1.9950256e-17	0	-6.779404e-18
2.810009999995367e-09	1.8349625e-09	1.1368331e-08	-0.0012388844	0.14027414	-2.931421e-17	-2.4071022e-17	2.1486559e-17	-1.9950336e-17	0	-6.779404e-18
2.820009999995246e-09	2.5942573e-09	1.2760371e-08	-0.0012393744	0.14026159	-2.9314288e-17	-2.4070785e-17	2.1486319e-17	-1.995042e-17	0	-6.779404e-18
2.830009999995125e-09	4.6401352e-10	1.1979985e-08	-0.0012398062	0.14024901	-2.9314368e-17	-2.4070546e-17	2.148608e-17	-1.9950498e-17	0	-6.779404e-18
2.840009999995004e-09	3.4801013e-09	1.552336e-08	-0.0012401281	0.1402365	-2.9314447e-17	-2.4070304e-17	2.1485841e-17	-1.9950579e-17	0	-6.779405e-18
2.850009999994883e-09	6.1165417e-10	1.6177198e-08	-0.0012404956	0.14022417	-2.9314527e-17	-2.4070064e-17	2.1485603e-17	-1.995066e-17	0	-6.7794044e-18
2.860009999994762e-09	3.7964742e-10	1.557609e-08	-0.0012408533	0.140212	-2.9314596e-17	-2.4069821e-17	2.1485365e-17	-1.9950738e-17	0	-6.7794044e-18
2.870009999994641e-09	4.2183046e-10	1.5438996e-08	-0.0012412221	0.1401998	-2.9314682e-17	-2.4069584e-17	2.1485128e-17	-1.9950819e-17	0	-6.7794052e-18
2.8800099999945198e-09	1.7927795e-09	1.6493571e-08	-0.0012415446	0.14018765	-2.9314758e-17	-2.406935e-17	2.148489e-17	-1.9950895e-17	0	-6.779405e-18
2.8900099999943988e-09	2.9739047e-09	1.8433992e-08	-0.0012419859	0.1401754	-2.9314834e-17	-2.4069108e-17	2.1484655e-17	-1.9950974e-17	0	-6.7794052e-18
2.9000099999942778e-09	2.3833422e-09	1.495389e-08	-0.001242393	0.14016323	-2.9314907e-17	-2.406887e-17	2.1484418e-17	-1.995105e-17	0	-6.7794056e-18
2.9100099999941568e-09	3.9230232e-09	1.7411052e-08	-0.0012426852	0.14015116	-2.9314983e-17	-2.406863e-17	2.1484182e-17	-1.995113e-17	0	-6.7794052e-18
2.9200099999940357e-09	3.058271e-09	1.8665999e-08	-0.0012430417	0.14013922	-2.9315063e-17	-2.4068393e-17	2.1483947e-17	-1.995121e-17	0	-6.7794065e-18
2.9300099999939147e-09	5.9899925e-09	1.7379415e-08	-0.001243484	0.14012752	-2.931514e-17	-2.406816e-17	2.148371e-17	-1.9951282e-17	0	-6.7794065e-18
2.9400099999937937e-09	3.6488335e-09	1.4996074e-08	-0.001243907	0.14011605	-2.931521e-17	-2.406792e-17	2.1483479e-17	-1.9951365e-17	0	-6.779407e-18
2.9500099999936727e-09	4.112847e-09	1.5881916e-08	-0.001244313	0.14010468	-2.9315288e-17	-2.4067687e-17	2.1483244e-17	-1.9951438e-17	0	-6.7794065e-18
2.9600099999935517e-09	3.3957352e-09	1.7505965e-08	-0.001244646	0.14009331	-2.9315364e-17	-2.406745e-17	2.148301e-17	-1.9951515e-17	0	-6.7794073e-18
2.9700099999934307e-09	7.5929485e-10	1.8307443e-08	-0.0012449797	0.14008202	-2.9315436e-17	-2.4067215e-17	2.1482777e-17	-1.9951591e-17	0	-6.7794073e-18
2.9800099999933097e-09	-1.5607727e-09	1.8370717e-08	-0.0012453343	0.14007086	-2.931551e-17	-2.4066982e-17	2.1482546e-17	-1.9951666e-17	0	-6.7794077e-18
2.9900099999931887e-09	2.256793e-09	1.7463782e-08	-0.0012456499	0.14005971	-2.9315585e-17	-2.4066752e-17	2.1482314e-17	-1.9951739e-17	0	-6.779409e-18
3.0000099999930677e-09	3.227003e-09	1.8043798e-08	-0.0012458765	0.14004865	-2.9315655e-17	-2.4066519e-17	2.1482084e-17	-1.9951813e-17	0	-6.7794085e-18
