# t (s)	mx ()	my ()	mz ()	spinAngle (rad)	E_total (J)	E_anis (J)	E_demag (J)	E_exch (J)	E_therm (J)	E_custom (J)
0	0	0	0	0.0018746129	4.5233065e-17	-4.0712e-16	5.096131e-16	3.8080012e-18	0	-6.1068e-17
1.0000000000000124e-11	-4.3101805e-10	-1.8739915e-10	0.0014553989	0.009036794	3.3597552e-17	-3.9789293e-16	4.992393e-16	-7.313415e-18	0	-6.043542e-17
2.0009999999999403e-11	-1.4242336e-09	-2.6235883e-10	0.0045930003	0.012653701	2.9376767e-17	-3.8429464e-16	4.8275e-16	-9.640849e-18	0	-5.943774e-17
3.000999999999824e-11	-2.5111486e-09	-8.8077606e-10	0.008377849	0.016595323	2.4579991e-17	-3.7016772e-16	4.646793e-16	-1.1720481e-17	0	-5.821112e-17
4.000000000000001e-11	-3.7479833e-09	-1.8646216e-09	0.011306669	0.020591963	1.8732918e-17	-3.6014756e-16	4.513161e-16	-1.5054283e-17	0	-5.7381374e-17
5.0000000000001785e-11	-5.2096967e-09	-3.2794853e-09	0.012767391	0.024062792	1.240151e-17	-3.5297538e-16	4.4198134e-16	-1.944106e-17	0	-5.716335e-17
6.00000000000024e-11	-7.214868e-09	-4.666239e-09	0.012982774	0.026971882	6.062803e-18	-3.4565374e-16	4.329275e-16	-2.3930767e-17	0	-5.7280166e-17
7.000999999999771e-11	-9.622947e-09	-6.277872e-09	0.012499426	0.029402837	-1.2623462e-19	-3.364652e-16	4.2178779e-16	-2.8003564e-17	0	-5.7445305e-17
8.000999999999302e-11	-1.2649443e-08	-8.198713e-09	0.011931205	0.03147686	-6.1747383e-18	-3.246544e-16	4.074364e-16	-3.1470788e-17	0	-5.748595e-17
9.000999999998834e-11	-1.5767297e-08	-1.0531832e-08	0.011856284	0.03339657	-1.2233615e-17	-3.103866e-16	3.8982068e-16	-3.4345667e-17	0	-5.7322035e-17
1.0000999999998365e-10	-1.6687896e-08	-1.3192901e-08	0.01267954	0.03533015	-1.849025e-17	-2.9532857e-16	3.707074e-16	-3.6886508e-17	0	-5.69826e-17
1.1000999999997896e-10	-1.4954454e-08	-1.5104373e-08	0.014161406	0.037129395	-2.4957263e-17	-2.8165743e-16	3.5293073e-16	-3.959675e-17	0	-5.66338e-17
1.2000999999997891e-10	-1.1768667e-08	-1.6078848e-08	0.015511656	0.038526706	-3.1387484e-17	-2.6964664e-16	3.373228e-16	-4.265048e-17	0	-5.64132e-17
1.3000999999998715e-10	-8.3954825e-09	-1.5891448e-08	0.01630338	0.039536458	-3.7545467e-17	-2.5839825e-16	3.22911e-16	-4.5743558e-17	0	-5.631466e-17
1.400099999999954e-10	-6.057678e-09	-1.5029412e-08	0.01659053	0.040325616	-4.33404e-17	-2.4735514e-16	3.0891646e-16	-4.8591623e-17	0	-5.631006e-17
1.5000000000000362e-10	-3.8979024e-09	-1.24807835e-08	0.016575446	0.04105073	-4.877065e-17	-2.363566e-16	2.9506684e-16	-5.108145e-17	0	-5.6399464e-17
1.6000000000001186e-10	-1.986431e-09	-9.482397e-09	0.016417107	0.041675948	-5.3896703e-17	-2.2534825e-16	2.8125528e-16	-5.323327e-17	0	-5.6570465e-17
1.700000000000201e-10	0	-5.340876e-09	0.01622995	0.042488746	-5.87694e-17	-2.1426766e-16	2.6738456e-16	-5.5064437e-17	0	-5.6821855e-17
1.8000000000002833e-10	8.9951596e-10	-1.0119554e-09	0.016112778	0.043143187	-6.3438605e-17	-2.0309445e-16	2.5342818e-16	-5.668809e-17	0	-5.7084204e-17
1.9000000000003657e-10	1.4898233e-09	2.885947e-09	0.016046705	0.043869656	-6.797439e-17	-1.9155698e-16	2.390238e-16	-5.809754e-17	0	-5.734369e-17
2.000000000000448e-10	1.2649444e-09	5.5470153e-09	0.01616652	0.044568047	-7.2368106e-17	-1.7959904e-16	2.2411362e-16	-5.9300234e-17	0	-5.758243e-17
2.1000000000005304e-10	6.7463696e-10	6.1466925e-09	0.01636918	0.044786945	-7.669826e-17	-1.6732633e-16	2.0884451e-16	-6.052846e-17	0	-5.768798e-17
2.2000000000006128e-10	6.3715716e-10	3.4856242e-09	0.016795961	0.045317106	-8.095105e-17	-1.5418559e-16	1.924705e-16	-6.139039e-17	0	-5.784557e-17
2.3000000000006952e-10	1.12439495e-10	-1.4991933e-10	0.017498484	0.045041177	-8.5091825e-17	-1.4094185e-16	1.7603599e-16	-6.2486256e-17	0	-5.7699706e-17
2.4000000000005925e-10	-7.495966e-10	-6.2966117e-09	0.01790056	0.04502974	-8.933117e-17	-1.2654029e-16	1.5816933e-16	-6.331677e-17	0	-5.764346e-17
2.5000000000004163e-10	-1.6022628e-09	-1.3661398e-08	0.018427808	0.04564248	-9.3357497e-17	-1.1185475e-16	1.3990167e-16	-6.357472e-17	0	-5.78297e-17
2.60000000000024e-10	-2.857837e-09	-2.0801307e-08	0.018887665	0.045854744	-9.727068e-17	-9.863038e-17	1.2351588e-16	-6.459905e-17	0	-5.755714e-17
2.700000000000064e-10	-4.570197e-09	-2.7257208e-08	0.017119937	0.047248952	-1.0112809e-16	-8.60001e-17	1.0783132e-16	-6.504765e-17	0	-5.791165e-17
2.800099999999888e-10	-5.8702785e-09	-3.1689197e-08	0.010238573	0.04927665	-1.0432113e-16	-7.913648e-17	9.948299e-17	-6.5666176e-17	0	-5.900144e-17
2.9000999999997117e-10	-6.409051e-09	-3.2729265e-08	0.0020972013	0.050847523	-1.0690543e-16	-7.8302935e-17	9.854248e-17	-6.7385415e-17	0	-5.975956e-17
3.0000999999995355e-10	-6.071733e-09	-3.0874013e-08	-0.003374184	0.051783774	-1.0925081e-16	-7.9815623e-17	1.0025731e-16	-6.9689285e-17	0	-6.0003205e-17
3.1000999999993594e-10	-5.621975e-09	-2.7575787e-08	-0.0059764585	0.05233884	-1.1143595e-16	-8.219387e-17	1.02867705e-16	-7.211493e-17	0	-5.999485e-17
3.2000999999991833e-10	-5.2846563e-09	-2.5195817e-08	-0.006667522	0.05271659	-1.1341001e-16	-8.5105e-17	1.0612132e-16	-7.448744e-17	0	-5.9938884e-17
3.300099999999007e-10	-6.521491e-09	-2.4774168e-08	-0.0063132187	0.0530739	-1.1511843e-16	-8.816211e-17	1.09655066e-16	-7.668147e-17	0	-5.992994e-17
3.400099999998831e-10	-8.339263e-09	-2.6423281e-08	-0.005509143	0.053492367	-1.1654304e-16	-9.100159e-17	1.1303939e-16	-7.860152e-17	0	-5.9979336e-17
3.500099999998655e-10	-9.894675e-09	-3.0208746e-08	-0.004675239	0.054018755	-1.1770355e-16	-9.340016e-17	1.1596283e-16	-8.021039e-17	0	-6.005584e-17
3.600099999998479e-10	-1.1412609e-08	-3.7367393e-08	-0.004220375	0.05465963	-1.186431e-16	-9.522264e-17	1.1819903e-16	-8.1504534e-17	0	-6.0114934e-17
3.7000999999983027e-10	-1.2761883e-08	-4.625011e-08	-0.004323064	0.05539035	-1.1941224e-16	-9.656902e-17	1.1984314e-16	-8.255853e-17	0	-6.0127825e-17
3.8000999999981266e-10	-1.3979977e-08	-5.6238488e-08	-0.0046102856	0.056187183	-1.2005848e-16	-9.7789543e-17	1.2135343e-16	-8.352812e-17	0	-6.0094235e-17
3.9000999999979505e-10	-1.570405e-08	-6.8213296e-08	-0.0046397517	0.05702855	-1.2062293e-16	-9.9097296e-17	1.2300029e-16	-8.450048e-17	0	-6.002545e-17
4.0000999999977743e-10	-1.7315683e-08	-8.181847e-08	-0.004544142	0.057916194	-1.2113692e-16	-1.0047609e-16	1.247303e-16	-8.546213e-17	0	-5.9929004e-17
4.100099999997598e-10	-1.8627476e-08	-9.7147726e-08	-0.0047222	0.058883872	-1.2161996e-16	-1.0188152e-16	1.2647496e-16	-8.640408e-17	0	-5.980933e-17
4.200099999997422e-10	-2.0201629e-08	-1.1594386e-07	-0.0051801847	0.05998229	-1.2208318e-16	-1.0336233e-16	1.2831073e-16	-8.736283e-17	0	-5.966876e-17
4.300099999997246e-10	-2.1850742e-08	-1.3728862e-07	-0.0055380273	0.061218612	-1.2253446e-16	-1.0501789e-16	1.3037162e-16	-8.838437e-17	0	-5.950381e-17
4.40009999999707e-10	-2.4849129e-08	-1.6258282e-07	-0.00550735	0.062591955	-1.2298196e-16	-1.0691837e-16	1.3274096e-16	-8.9500486e-17	0	-5.930406e-17
4.5000999999968937e-10	-2.7697595e-08	-1.9039754e-07	-0.0051430427	0.06410369	-1.2343556e-16	-1.090808e-16	1.3543534e-16	-9.0734335e-17	0	-5.905576e-17
4.6000999999967176e-10	-2.9609067e-08	-2.2158076e-07	-0.0047008814	0.06578099	-1.2390669e-16	-1.114821e-16	1.3842803e-16	-9.210653e-17	0	-5.874608e-17
4.700099999996541e-10	-2.7997434e-08	-2.544131e-07	-0.004396362	0.06763635	-1.2440902e-16	-1.1408397e-16	1.4167649e-16	-9.36363e-17	0	-5.8365216e-17
4.800099999996365e-10	-2.1363505e-08	-2.889695e-07	-0.004296378	0.0696557	-1.2495973e-16	-1.1686387e-16	1.4515645e-16	-9.534597e-17	0	-5.790632e-17
4.900099999996189e-10	-8.170603e-09	-3.2367583e-07	-0.004335082	0.07182058	-1.2558058e-16	-1.1983473e-16	1.4888436e-16	-9.7264714e-17	0	-5.73655e-17
5.000099999996013e-10	8.695321e-09	-3.556836e-07	-0.0043633473	0.07410314	-1.2629273e-16	-1.2303563e-16	1.529057e-16	-9.9417375e-17	0	-5.67454e-17
5.100099999995837e-10	2.8372233e-08	-3.8349364e-07	-0.004204345	0.076510444	-1.2710705e-16	-1.2649765e-16	1.5725373e-16	-1.01802084e-16	0	-5.606104e-17
5.200099999995661e-10	5.4195837e-08	-4.211234e-07	-0.0037207024	0.07909107	-1.2802566e-16	-1.3021702e-16	1.6192027e-16	-1.0439289e-16	0	-5.5335997e-17
5.300099999995485e-10	9.145079e-08	-5.0073055e-07	-0.0028654633	0.08184554	-1.2905558e-16	-1.3415205e-16	1.6685076e-16	-1.0716324e-16	0	-5.4591055e-17
5.400099999995309e-10	1.1821139e-07	-6.415048e-07	-0.0017318764	0.084782526	-1.3021185e-16	-1.3820352e-16	1.7192327e-16	-1.1008645e-16	0	-5.384514e-17
5.500099999995133e-10	9.992123e-08	-7.994448e-07	-0.000639918	0.08790329	-1.3150373e-16	-1.4219875e-16	1.7692888e-16	-1.1310992e-16	0	-5.3123938e-17
5.600099999994956e-10	4.917354e-08	-8.872975e-07	-0.0001277763	0.0911345	-1.3291612e-16	-1.4593913e-16	1.8161747e-16	-1.1613344e-16	0	-5.246103e-17
5.70009999999478e-10	5.6969345e-09	-8.5720126e-07	-0.00066089013	0.09444178	-1.3441318e-16	-1.4930508e-16	1.8583493e-16	-1.1905595e-16	0	-5.188708e-17
5.800099999994604e-10	3.1857858e-10	-7.622648e-07	-0.0022091952	0.09780266	-1.3596495e-16	-1.523406e-16	1.896275e-16	-1.2182899e-16	0	-5.1422864e-17
5.900099999994428e-10	4.266142e-08	-6.9035036e-07	-0.004111849	0.101188354	-1.3755752e-16	-1.5517015e-16	1.9313499e-16	-1.244362e-16	0	-5.108615e-17
6.000099999994252e-10	1.1950445e-07	-6.662977e-07	-0.0054691914	0.10450785	-1.3918782e-16	-1.5779319e-16	1.9636545e-16	-1.2687055e-16	0	-5.0889514e-17
6.100099999994076e-10	1.9972533e-07	-6.5713857e-07	-0.0057489863	0.107767306	-1.4086006e-16	-1.6015278e-16	1.9927414e-16	-1.2915552e-16	0	-5.0825904e-17
6.2000999999939e-10	2.3876058e-07	-6.254072e-07	-0.005054214	0.111013405	-1.42579e-16	-1.6230108e-16	2.0193886e-16	-1.3135477e-16	0	-5.0862016e-17
6.300099999993724e-10	2.0187575e-07	-5.3592413e-07	-0.003976975	0.11426795	-1.4434799e-16	-1.6434885e-16	2.0449897e-16	-1.3355143e-16	0	-5.094667e-17
6.400099999993547e-10	1.1734115e-07	-4.213108e-07	-0.0031688	0.117456324	-1.4617081e-16	-1.6644375e-16	2.0712869e-16	-1.358311e-16	0	-5.102464e-17
6.500099999993371e-10	1.1103869e-07	-3.584946e-07	-0.0028836592	0.12046921	-1.4806166e-16	-1.687446e-16	2.1001696e-16	-1.3827786e-16	0	-5.1056178e-17
6.600099999993195e-10	1.03247565e-07	-8.127876e-07	-0.0030377044	0.12317068	-1.505906e-16	-1.712342e-16	2.1312907e-16	-1.4144311e-16	0	-5.104237e-17
6.700099999993019e-10	4.8330243e-08	-1.2587976e-06	-0.002688245	0.12574518	-1.52624e-16	-1.7354697e-16	2.160337e-16	-1.4413027e-16	0	-5.0980475e-17
6.800099999992843e-10	4.3858898e-07	-1.8421338e-06	-0.0018551316	0.12810276	-1.5464629e-16	-1.756463e-16	2.1867024e-16	-1.4671447e-16	0	-5.0955752e-17
6.900099999992667e-10	6.491507e-07	-2.458902e-06	-0.00045634925	0.13027014	-1.5665836e-16	-1.7742414e-16	2.2091383e-16	-1.4906468e-16	0	-5.1083366e-17
7.000099999992491e-10	4.7640614e-07	-2.8256045e-06	0.0011737415	0.13228142	-1.5864935e-16	-1.7899344e-16	2.2288923e-16	-1.5110914e-16	0	-5.1436003e-17
7.100099999992315e-10	2.0374037e-07	-2.9822702e-06	0.002072291	0.13394174	-1.6061001e-16	-1.8036284e-16	2.2457096e-16	-1.5282585e-16	0	-5.1992272e-17
7.200099999992138e-10	6.010828e-07	-3.1847737e-06	0.0016683699	0.13525434	-1.6251514e-16	-1.8138058e-16	2.2579773e-16	-1.542375e-16	0	-5.2694744e-17
7.300099999991962e-10	9.879309e-07	-3.067593e-06	0.00045364487	0.13652508	-1.6435365e-16	-1.8211192e-16	2.2668137e-16	-1.5544812e-16	0	-5.347495e-17
7.400099999991786e-10	5.3918484e-07	-2.2760753e-06	-0.00085997774	0.13786203	-1.6611977e-16	-1.8277535e-16	2.2747512e-16	-1.5657898e-16	0	-5.424058e-17
7.50009999999161e-10	-1.0007115e-07	-7.001888e-07	-0.0018931447	0.1392134	-1.6780436e-16	-1.8352087e-16	2.2834245e-16	-1.5771994e-16	0	-5.490602e-17
7.600099999991434e-10	-5.8401076e-07	1.3242749e-06	-0.002031109	0.14037462	-1.6937821e-16	-1.8424809e-16	2.291739e-16	-1.5888063e-16	0	-5.5423384e-17
7.700099999991258e-10	-1.3018807e-06	3.1796014e-06	-0.0012899567	0.14124812	-1.7080484e-16	-1.8487953e-16	2.2990856e-16	-1.6003778e-16	0	-5.579608e-17
7.800099999991082e-10	-2.0441687e-06	4.3676746e-06	-0.00079145364	0.14188246	-1.7209049e-16	-1.8551313e-16	2.306916e-16	-1.6121166e-16	0	-5.605733e-17
7.900099999990906e-10	-2.316038e-06	4.566655e-06	-0.001098467	0.14233848	-1.7324679e-16	-1.8611762e-16	2.3146218e-16	-1.6234384e-16	0	-5.6247474e-17
8.00009999999073e-10	-2.051393e-06	3.97438e-06	-0.0017132626	0.14261468	-1.7427428e-16	-1.8659284e-16	2.3207395e-16	-1.6335402e-16	0	-5.6401376e-17
8.100099999990553e-10	-1.7344354e-06	3.1751977e-06	-0.001964737	0.14274065	-1.7517675e-16	-1.8695184e-16	2.3253725e-16	-1.6421715e-16	0	-5.654503e-17
8.200099999990377e-10	-1.7459698e-06	2.5281176e-06	-0.0017289575	0.14277734	-1.7595889e-16	-1.8722548e-16	2.328914e-16	-1.6493665e-16	0	-5.6688156e-17
8.300099999990201e-10	-2.0131074e-06	1.995089e-06	-0.0013783469	0.1427573	-1.7662424e-16	-1.8742896e-16	2.331548e-16	-1.6552808e-16	0	-5.6821994e-17
8.400099999990025e-10	-2.2479373e-06	1.3759595e-06	-0.0012549312	0.14270295	-1.7717952e-16	-1.8758209e-16	2.3335175e-16	-1.6601523e-16	0	-5.693393e-17
8.500099999989849e-10	-2.1971427e-06	6.070608e-07	-0.001357624	0.14265667	-1.7763702e-16	-1.8770377e-16	2.3350642e-16	-1.6642236e-16	0	-5.701734e-17
8.600099999989673e-10	-1.8085799e-06	-1.5700302e-07	-0.0014958546	0.14260013	-1.7801409e-16	-1.878003e-16	2.3362783e-16	-1.6676874e-16	0	-5.70729e-17
8.700099999989497e-10	-1.2136953e-06	-7.403391e-07	-0.0015384118	0.14252405	-1.7832865e-16	-1.878748e-16	2.3372103e-16	-1.6706883e-16	0	-5.710605e-17
8.800099999989321e-10	-5.754513e-07	-1.1282929e-06	-0.0014847377	0.14242555	-1.7859667e-16	-1.8793463e-16	2.3379494e-16	-1.6733296e-16	0	-5.7124034e-17
8.900099999989144e-10	3.2607455e-09	-1.406768e-06	-0.0014049503	0.1423084	-1.7882955e-16	-1.8798586e-16	2.338565e-16	-1.6756566e-16	0	-5.713456e-17
9.000099999988968e-10	4.776898e-07	-1.6434157e-06	-0.0013527039	0.14218427	-1.7903452e-16	-1.8803e-16	2.339073e-16	-1.6776721e-16	0	-5.71446e-17
9.100099999988792e-10	8.6955083e-07	-1.849967e-06	-0.0013307116	0.14207575	-1.7921585e-16	-1.8806453e-16	2.3394494e-16	-1.6793695e-16	0	-5.7159345e-17
9.200099999988616e-10	1.222967e-06	-1.9946767e-06	-0.0013191492	0.14197871	-1.7937746e-16	-1.8808457e-16	2.3396487e-16	-1.6807501e-16	0	-5.7182744e-17
9.30009999998844e-10	1.5597419e-06	-2.0349862e-06	-0.0013117337	0.14187719	-1.7952387e-16	-1.8808586e-16	2.3396323e-16	-1.6818325e-16	0	-5.7218e-17
9.400099999989161e-10	1.8403534e-06	-1.9483516e-06	-0.0013177528	0.14175628	-1.7966076e-16	-1.8806745e-16	2.3393954e-16	-1.6826587e-16	0	-5.726698e-17
9.50009999999002e-10	2.033918e-06	-1.7339482e-06	-0.0013418811	0.14161578	-1.7979397e-16	-1.8803262e-16	2.3389745e-16	-1.6832959e-16	0	-5.732924e-17
9.600099999990877e-10	2.1776766e-06	-1.3983725e-06	-0.0013738432	0.14146088	-1.7992815e-16	-1.879891e-16	2.3384568e-16	-1.6838364e-16	0	-5.740108e-17
9.700099999991735e-10	2.3824523e-06	-9.2422454e-07	-0.0013998258	0.14129944	-1.8006508e-16	-1.8795019e-16	2.3379936e-16	-1.6844065e-16	0	-5.747357e-17
9.800099999992593e-10	2.7288784e-06	-3.106797e-07	-0.0014212409	0.14114046	-1.802019e-16	-1.8793443e-16	2.3378046e-16	-1.6851474e-16	0	-5.7533164e-17
9.90009999999345e-10	3.1870882e-06	3.0935854e-07	-0.001455199	0.14099593	-1.803331e-16	-1.8795545e-16	2.3380444e-16	-1.6861258e-16	0	-5.7569534e-17
1.0000099999994308e-09	3.6815877e-06	6.5163374e-07	-0.0015096065	0.1408805	-1.8045415e-16	-1.8800811e-16	2.3386318e-16	-1.6872592e-16	0	-5.7583265e-17
1.0100099999995166e-09	4.0693444e-06	5.6137293e-07	-0.0015677963	0.14078996	-1.8056338e-16	-1.8807132e-16	2.339304e-16	-1.6883929e-16	0	-5.7583206e-17
1.0200099999996024e-09	4.322446e-06	2.299903e-07	-0.0016046291	0.14071396	-1.8066212e-16	-1.881273e-16	2.3398631e-16	-1.6894293e-16	0	-5.757822e-17
1.0300099999996882e-09	4.609162e-06	-1.4190802e-07	-0.0016089609	0.14064452	-1.8075209e-16	-1.8817073e-16	2.3402676e-16	-1.6903454e-16	0	-5.7573584e-17
1.040009999999774e-09	5.014539e-06	-5.224548e-07	-0.0015879194	0.14058457	-1.8083478e-16	-1.8820291e-16	2.3405405e-16	-1.6911428e-16	0	-5.7571645e-17
1.0500099999998598e-09	5.5782825e-06	-9.083752e-07	-0.0015562803	0.14053424	-1.8091151e-16	-1.882257e-16	2.3407028e-16	-1.6918314e-16	0	-5.757294e-17
1.0600099999999456e-09	6.318556e-06	-1.1946134e-06	-0.0015247572	0.14049383	-1.8098325e-16	-1.8824141e-16	2.3407843e-16	-1.6924343e-16	0	-5.757686e-17
1.0700000000000313e-09	7.1933355e-06	-1.2193782e-06	-0.001496054	0.14046334	-1.810507e-16	-1.8825283e-16	2.3408243e-16	-1.6929786e-16	0	-5.758241e-17
1.080000000000117e-09	8.097625e-06	-8.598342e-07	-0.0014698404	0.14044102	-1.8111462e-16	-1.8826209e-16	2.340851e-16	-1.6934887e-16	0	-5.7588744e-17
1.0900000000002028e-09	8.905115e-06	-1.0609603e-07	-0.0014474436	0.1404221	-1.8117536e-16	-1.8827025e-16	2.3408793e-16	-1.6939788e-16	0	-5.75952e-17
1.1000000000002886e-09	9.503208e-06	9.4682485e-07	-0.0014302015	0.14040263	-1.8123362e-16	-1.8827768e-16	2.340913e-16	-1.6944586e-16	0	-5.760138e-17
1.1100000000003744e-09	9.839533e-06	2.1416352e-06	-0.0014169328	0.14038134	-1.8128988e-16	-1.8828466e-16	2.3409526e-16	-1.6949345e-16	0	-5.760702e-17
1.1200000000004602e-09	9.917552e-06	3.3166277e-06	-0.0014049623	0.14035626	-1.8134447e-16	-1.8829147e-16	2.3409992e-16	-1.6954091e-16	0	-5.7612044e-17
1.130000000000546e-09	9.796291e-06	4.346686e-06	-0.001392759	0.14032906	-1.8139786e-16	-1.8829823e-16	2.3410524e-16	-1.6958836e-16	0	-5.76165e-17
1.1400000000006318e-09	9.54943e-06	5.1459433e-06	-0.0013807453	0.14029758	-1.8145011e-16	-1.8830497e-16	2.34111e-16	-1.6963565e-16	0	-5.7620515e-17
1.1500000000007175e-09	9.25808e-06	5.6712047e-06	-0.001370001	0.14026347	-1.8150145e-16	-1.883117e-16	2.3411707e-16	-1.6968256e-16	0	-5.7624273e-17
1.1600000000008033e-09	8.970385e-06	5.919227e-06	-0.0013610357	0.14022493	-1.8155208e-16	-1.8831849e-16	2.3412337e-16	-1.6972904e-16	0	-5.762792e-17
1.1700000000008891e-09	8.7057215e-06	5.908845e-06	-0.0013536336	0.14018303	-1.8160206e-16	-1.883254e-16	2.3412986e-16	-1.6977502e-16	0	-5.763151e-17
1.1800000000009749e-09	8.43523e-06	5.681015e-06	-0.0013473702	0.14013678	-1.8165159e-16	-1.8833253e-16	2.3413658e-16	-1.6982051e-16	0	-5.763513e-17
1.1900000000010607e-09	8.129535e-06	5.259845e-06	-0.0013419515	0.14008841	-1.8170072e-16	-1.8833995e-16	2.3414354e-16	-1.6986546e-16	0	-5.763881e-17
1.2000000000011465e-09	7.749658e-06	4.6551827e-06	-0.0013371416	0.14003831	-1.8174946e-16	-1.8834753e-16	2.3415059e-16	-1.6990991e-16	0	-5.764259e-17
1.2100000000012322e-09	7.2824064e-06	3.8895446e-06	-0.0013327207	0.13998806	-1.8179786e-16	-1.8835535e-16	2.3415776e-16	-1.6995379e-16	0	-5.7646495e-17
1.220000000001318e-09	6.721942e-06	2.969752e-06	-0.0013285095	0.13993663	-1.8184589e-16	-1.8836335e-16	2.341651e-16	-1.699971e-16	0	-5.765051e-17
1.2300000000014038e-09	6.0739253e-06	1.9229308e-06	-0.0013244918	0.1398858	-1.818936e-16	-1.8837164e-16	2.3417263e-16	-1.7003998e-16	0	-5.7654614e-17
1.2400000000014896e-09	5.3584167e-06	7.9315754e-07	-0.0013207663	0.13983639	-1.8194076e-16	-1.8838031e-16	2.3418068e-16	-1.700824e-16	0	-5.765873e-17
1.2500000000015754e-09	4.5899114e-06	-3.728025e-07	-0.0013175188	0.1397893	-1.8198744e-16	-1.8838955e-16	2.341894e-16	-1.7012453e-16	0	-5.766277e-17
1.2600000000016612e-09	3.779485e-06	-1.5242017e-06	-0.0013149584	0.13974544	-1.8203355e-16	-1.8839944e-16	2.3419895e-16	-1.7016642e-16	0	-5.766662e-17
1.270000000001747e-09	2.929864e-06	-2.6101986e-06	-0.0013133116	0.13970439	-1.8207898e-16	-1.8841006e-16	2.3420948e-16	-1.702082e-16	0	-5.76702e-17
1.2800000000018327e-09	2.045771e-06	-3.5896028e-06	-0.0013127011	0.13966532	-1.8212366e-16	-1.8842147e-16	2.3422107e-16	-1.7024981e-16	0	-5.767345e-17
1.2900000000019185e-09	1.1176579e-06	-4.447666e-06	-0.0013131663	0.13963018	-1.8216754e-16	-1.8843366e-16	2.3423373e-16	-1.7029128e-16	0	-5.767631e-17
1.3000000000020043e-09	1.4712708e-07	-5.16852e-06	-0.001314615	0.13959904	-1.8221062e-16	-1.8844662e-16	2.3424733e-16	-1.7033256e-16	0	-5.767877e-17
1.3100000000020901e-09	-8.687544e-07	-5.7496873e-06	-0.0013169487	0.13957074	-1.8225272e-16	-1.8846019e-16	2.3426178e-16	-1.7037349e-16	0	-5.7680806e-17
1.3200000000021759e-09	-1.9274285e-06	-6.196728e-06	-0.001320004	0.13954699	-1.8229394e-16	-1.8847431e-16	2.3427693e-16	-1.7041411e-16	0	-5.768244e-17
1.3300000000022617e-09	-3.027471e-06	-6.514351e-06	-0.0013236395	0.13952576	-1.823342e-16	-1.8848884e-16	2.3429257e-16	-1.7045425e-16	0	-5.768369e-17
1.3400000000023475e-09	-4.1415306e-06	-6.720682e-06	-0.001327656	0.13950649	-1.8237351e-16	-1.8850362e-16	2.3430853e-16	-1.7049382e-16	0	-5.7684605e-17
1.3500000000024332e-09	-5.265101e-06	-6.829186e-06	-0.0013318983	0.13948964	-1.824119e-16	-1.8851855e-16	2.343246e-16	-1.705327e-16	0	-5.7685247e-17
1.360000000002519e-09	-6.3628668e-06	-6.8488207e-06	-0.001336254	0.13947433	-1.8244934e-16	-1.8853344e-16	2.3434059e-16	-1.705708e-16	0	-5.7685663e-17
1.3700000000026048e-09	-7.410531e-06	-6.800322e-06	-0.001340555	0.13946146	-1.8248573e-16	-1.8854816e-16	2.3435633e-16	-1.7060795e-16	0	-5.7685935e-17
1.3800000000026906e-09	-8.39581e-06	-6.702781e-06	-0.0013446799	0.13944998	-1.825211e-16	-1.885625e-16	2.3437163e-16	-1.7064413e-16	0	-5.768612e-17
1.3900000000027764e-09	-9.284204e-06	-6.555813e-06	-0.0013485192	0.13944048	-1.8255547e-16	-1.8857643e-16	2.3438638e-16	-1.7067911e-16	0	-5.7686286e-17
1.4000000000028622e-09	-1.0036237e-05	-6.3706157e-06	-0.0013519552	0.13943298	-1.8258883e-16	-1.8858981e-16	2.344004e-16	-1.7071295e-16	0	-5.7686464e-17
1.410000000002948e-09	-1.0654617e-05	-6.160532e-06	-0.0013549022	0.13942832	-1.8262106e-16	-1.8860251e-16	2.344137e-16	-1.7074552e-16	0	-5.76867e-17
1.4200000000030337e-09	-1.1126919e-05	-5.92633e-06	-0.0013573063	0.139427	-1.8265224e-16	-1.8861454e-16	2.3442614e-16	-1.7077684e-16	0	-5.7687e-17
1.4300000000031195e-09	-1.1437795e-05	-5.6761332e-06	-0.0013591929	0.13942908	-1.8268235e-16	-1.8862587e-16	2.3443773e-16	-1.7080685e-16	0	-5.768736e-17
1.4400000000032053e-09	-1.15811645e-05	-5.417157e-06	-0.0013605737	0.13943401	-1.8271128e-16	-1.8863643e-16	2.344485e-16	-1.7083559e-16	0	-5.7687774e-17
1.450000000003291e-09	-1.1562434e-05	-5.1463744e-06	-0.0013614908	0.13944039	-1.8273919e-16	-1.8864625e-16	2.3445838e-16	-1.7086309e-16	0	-5.768824e-17
1.4600000000033769e-09	-1.1394112e-05	-4.8746642e-06	-0.0013620942	0.1394476	-1.8276597e-16	-1.886553e-16	2.3446745e-16	-1.7088941e-16	0	-5.768872e-17
1.4700000000034627e-09	-1.1081662e-05	-4.5829024e-06	-0.0013624467	0.13945475	-1.8279163e-16	-1.8866363e-16	2.3447577e-16	-1.7091456e-16	0	-5.7689204e-17
1.4800000000035485e-09	-1.0643364e-05	-4.2925462e-06	-0.001362687	0.13946185	-1.8281623e-16	-1.8867123e-16	2.344833e-16	-1.7093866e-16	0	-5.768966e-17
1.4900000000036342e-09	-1.0093488e-05	-3.996212e-06	-0.0013628933	0.13946976	-1.8283979e-16	-1.8867816e-16	2.3449017e-16	-1.7096173e-16	0	-5.7690064e-17
1.50000000000372e-09	-9.457502e-06	-3.6916886e-06	-0.0013631553	0.13947774	-1.828623e-16	-1.8868438e-16	2.3449633e-16	-1.7098382e-16	0	-5.7690415e-17
1.5100000000038058e-09	-8.750951e-06	-3.3814865e-06	-0.0013635479	0.13948484	-1.8288389e-16	-1.8869002e-16	2.3450184e-16	-1.7100503e-16	0	-5.7690686e-17
1.5200000000038916e-09	-7.993885e-06	-3.0623833e-06	-0.0013641687	0.13949002	-1.8290451e-16	-1.88695e-16	2.3450676e-16	-1.7102539e-16	0	-5.7690885e-17
1.5300000000039774e-09	-7.2191965e-06	-2.7382953e-06	-0.0013650213	0.13949345	-1.8292427e-16	-1.8869945e-16	2.345111e-16	-1.7104492e-16	0	-5.7691e-17
1.5400000000040632e-09	-6.4321575e-06	-2.4146193e-06	-0.0013661066	0.13949518	-1.8294306e-16	-1.8870324e-16	2.345149e-16	-1.7106369e-16	0	-5.769104e-17
1.550000000004149e-09	-5.665854e-06	-2.0942418e-06	-0.0013674285	0.13949503	-1.8296109e-16	-1.8870653e-16	2.3451814e-16	-1.7108169e-16	0	-5.769101e-17
1.5600000000042347e-09	-4.9184314e-06	-1.7772187e-06	-0.0013690013	0.13949332	-1.8297828e-16	-1.8870924e-16	2.3452087e-16	-1.7109897e-16	0	-5.769093e-17
1.5700000000043205e-09	-4.2144666e-06	-1.4771176e-06	-0.0013707891	0.1394902	-1.8299473e-16	-1.8871145e-16	2.345231e-16	-1.7111556e-16	0	-5.769082e-17
1.5800000000044063e-09	-3.5696448e-06	-1.1914839e-06	-0.0013727669	0.13948612	-1.8301051e-16	-1.8871317e-16	2.3452481e-16	-1.7113145e-16	0	-5.769068e-17
1.590000000004492e-09	-2.985053e-06	-9.1345845e-07	-0.0013748886	0.13948096	-1.8302556e-16	-1.8871437e-16	2.3452606e-16	-1.7114667e-16	0	-5.769054e-17
1.6000000000045779e-09	-2.4498129e-06	-6.566092e-07	-0.0013771281	0.13947417	-1.8303996e-16	-1.8871514e-16	2.3452688e-16	-1.7116127e-16	0	-5.769041e-17
1.6100000000046637e-09	-1.9751403e-06	-4.2775733e-07	-0.001379456	0.13946544	-1.8305379e-16	-1.8871549e-16	2.3452722e-16	-1.7117522e-16	0	-5.76903e-17
1.6200000000047495e-09	-1.5639209e-06	-2.138974e-07	-0.0013818404	0.13945463	-1.8306694e-16	-1.8871543e-16	2.3452717e-16	-1.7118852e-16	0	-5.7690216e-17
1.6300000000048352e-09	-1.2067757e-06	-1.5779008e-08	-0.0013842501	0.13944204	-1.8307965e-16	-1.8871502e-16	2.3452677e-16	-1.7120123e-16	0	-5.769017e-17
1.640000000004921e-09	-9.093919e-07	1.6269995e-07	-0.0013866954	0.13942856	-1.8309177e-16	-1.8871428e-16	2.3452606e-16	-1.712134e-16	0	-5.7690163e-17
1.6500000000050068e-09	-6.5886735e-07	3.3390782e-07	-0.0013891396	0.13941427	-1.8310344e-16	-1.8871332e-16	2.345251e-16	-1.7122504e-16	0	-5.769018e-17
1.6600000000050926e-09	-4.519974e-07	4.9795705e-07	-0.0013915332	0.13939877	-1.8311468e-16	-1.8871211e-16	2.3452386e-16	-1.712362e-16	0	-5.769025e-17
1.6700000000051784e-09	-2.887259e-07	6.5177426e-07	-0.001393886	0.13938211	-1.8312545e-16	-1.8871074e-16	2.345225e-16	-1.7124687e-16	0	-5.769032e-17
1.6800000000052642e-09	-1.6716005e-07	7.857272e-07	-0.0013961907	0.1393644	-1.8313584e-16	-1.8870924e-16	2.34521e-16	-1.7125716e-16	0	-5.769042e-17
1.69000000000535e-09	-7.001233e-08	9.2571435e-07	-0.0013984436	0.13934581	-1.8314582e-16	-1.8870768e-16	2.3451947e-16	-1.712671e-16	0	-5.769053e-17
1.7000000000054357e-09	3.822943e-09	1.0722605e-06	-0.0014006475	0.13932623	-1.8315548e-16	-1.8870612e-16	2.3451793e-16	-1.7127668e-16	0	-5.7690627e-17
1.7100000000055215e-09	5.994899e-08	1.2067757e-06	-0.0014027656	0.139306	-1.831648e-16	-1.8870454e-16	2.3451645e-16	-1.7128601e-16	0	-5.7690706e-17
1.7200000000056073e-09	1.0526211e-07	1.3457509e-06	-0.001404851	0.13928546	-1.8317376e-16	-1.8870305e-16	2.345151e-16	-1.7129508e-16	0	-5.769077e-17
1.730000000005693e-09	1.4276068e-07	1.4954453e-06	-0.0014069158	0.1392645	-1.8318252e-16	-1.8870167e-16	2.3451388e-16	-1.7130394e-16	0	-5.76908e-17
1.7400000000057789e-09	1.6221271e-07	1.6487378e-06	-0.0014089706	0.13924275	-1.83191e-16	-1.8870043e-16	2.3451285e-16	-1.7131264e-16	0	-5.76908e-17
1.7500000000058647e-09	1.799032e-07	1.8112504e-06	-0.0014109908	0.13922071	-1.8319922e-16	-1.8869934e-16	2.3451206e-16	-1.7132118e-16	0	-5.769076e-17
1.7600000000059504e-09	2.000486e-07	1.964543e-06	-0.0014129971	0.13919854	-1.8320718e-16	-1.8869843e-16	2.3451153e-16	-1.7132962e-16	0	-5.769066e-17
1.7700000000060362e-09	2.0419013e-07	2.1153992e-06	-0.0014150147	0.13917583	-1.8321492e-16	-1.8869774e-16	2.3451126e-16	-1.7133794e-16	0	-5.769053e-17
1.780000000006122e-09	2.132415e-07	2.2883312e-06	-0.0014170218	0.13915312	-1.8322241e-16	-1.8869726e-16	2.3451132e-16	-1.7134614e-16	0	-5.769035e-17
1.7900000000062078e-09	2.2647188e-07	2.4628373e-06	-0.0014190611	0.1391304	-1.8322978e-16	-1.8869702e-16	2.3451166e-16	-1.7135429e-16	0	-5.769013e-17
1.8000000000062936e-09	2.3271228e-07	2.6352818e-06	-0.0014211042	0.13910773	-1.8323688e-16	-1.8869697e-16	2.3451232e-16	-1.7136231e-16	0	-5.768987e-17
1.8100000000063794e-09	2.556312e-07	2.8078016e-06	-0.0014231611	0.13908505	-1.832438e-16	-1.886972e-16	2.345133e-16	-1.713703e-16	0	-5.768959e-17
1.8200000000064652e-09	2.71785e-07	2.990216e-06	-0.0014251872	0.13906248	-1.8325052e-16	-1.8869767e-16	2.3451462e-16	-1.7137823e-16	0	-5.7689263e-17
1.830000000006551e-09	2.860461e-07	3.1809882e-06	-0.0014272116	0.13903989	-1.8325707e-16	-1.8869836e-16	2.345162e-16	-1.7138603e-16	0	-5.768892e-17
1.8400000000066367e-09	2.896254e-07	3.3792567e-06	-0.0014292357	0.13901784	-1.8326339e-16	-1.886993e-16	2.3451817e-16	-1.7139376e-16	0	-5.768855e-17
1.8500000000067225e-09	2.9833947e-07	3.574489e-06	-0.0014311982	0.13899596	-1.8326963e-16	-1.8870046e-16	2.3452047e-16	-1.7140144e-16	0	-5.768817e-17
1.8600000000068083e-09	3.1724804e-07	3.7698715e-06	-0.0014330588	0.13897458	-1.8327558e-16	-1.8870184e-16	2.3452304e-16	-1.71409e-16	0	-5.7687774e-17
1.870000000006742e-09	3.3962348e-07	3.964092e-06	-0.0014348845	0.1389539	-1.8328143e-16	-1.8870347e-16	2.345259e-16	-1.7141647e-16	0	-5.7687364e-17
1.880000000006621e-09	3.5397827e-07	4.1679823e-06	-0.0014365725	0.13893358	-1.8328702e-16	-1.8870526e-16	2.3452902e-16	-1.7142381e-16	0	-5.768696e-17
1.8900000000065e-09	3.6349815e-07	4.385215e-06	-0.0014381938	0.13891391	-1.8329248e-16	-1.8870732e-16	2.3453246e-16	-1.7143106e-16	0	-5.768655e-17
1.900000000006379e-09	3.7702836e-07	4.5963016e-06	-0.0014397119	0.1388946	-1.8329773e-16	-1.8870953e-16	2.3453612e-16	-1.7143816e-16	0	-5.768615e-17
1.910000000006258e-09	3.8714794e-07	4.8118854e-06	-0.0014410926	0.13887589	-1.8330284e-16	-1.8871193e-16	2.3454003e-16	-1.7144517e-16	0	-5.768574e-17
1.920000000006137e-09	4.080804e-07	5.0338786e-06	-0.0014422983	0.13885786	-1.8330775e-16	-1.887145e-16	2.3454416e-16	-1.7145204e-16	0	-5.7685366e-17
1.930000000006016e-09	4.1514537e-07	5.267865e-06	-0.0014433293	0.13884047	-1.8331249e-16	-1.8871722e-16	2.345485e-16	-1.7145874e-16	0	-5.7684995e-17
1.940000000005895e-09	4.3182388e-07	5.512009e-06	-0.0014442179	0.13882352	-1.8331707e-16	-1.8872009e-16	2.3455298e-16	-1.7146533e-16	0	-5.768464e-17
1.950000000005774e-09	4.428617e-07	5.748544e-06	-0.001444965	0.1388068	-1.8332151e-16	-1.8872308e-16	2.3455764e-16	-1.7147175e-16	0	-5.7684314e-17
1.960000000005653e-09	4.4749044e-07	6.007417e-06	-0.0014455264	0.13879026	-1.8332579e-16	-1.8872622e-16	2.3456243e-16	-1.7147802e-16	0	-5.7684e-17
1.9700000000055318e-09	4.5832212e-07	6.273974e-06	-0.0014459458	0.13877392	-1.8332993e-16	-1.8872942e-16	2.3456738e-16	-1.7148416e-16	0	-5.7683705e-17
1.9800000000054108e-09	4.5903423e-07	6.5532363e-06	-0.0014462412	0.13875772	-1.8333394e-16	-1.8873273e-16	2.3457238e-16	-1.7149013e-16	0	-5.768345e-17
1.9900000000052898e-09	4.539932e-07	6.839357e-06	-0.0014463856	0.13874178	-1.8333779e-16	-1.8873613e-16	2.3457752e-16	-1.7149594e-16	0	-5.768322e-17
2.0000000000051688e-09	4.4687204e-07	7.1511517e-06	-0.0014464132	0.13872598	-1.8334154e-16	-1.8873959e-16	2.3458268e-16	-1.7150165e-16	0	-5.768302e-17
2.0100000000050478e-09	4.421683e-07	7.473516e-06	-0.0014462923	0.13871035	-1.8334524e-16	-1.8874312e-16	2.345879e-16	-1.7150715e-16	0	-5.768285e-17
2.0200000000049267e-09	4.3254536e-07	7.80836e-06	-0.0014460472	0.1386949	-1.8334875e-16	-1.8874667e-16	2.3459313e-16	-1.7151253e-16	0	-5.7682725e-17
2.0300000000048057e-09	4.10704e-07	8.1550115e-06	-0.0014457229	0.1386797	-1.8335217e-16	-1.8875025e-16	2.3459843e-16	-1.7151774e-16	0	-5.768262e-17
2.0400000000046847e-09	3.992539e-07	8.508334e-06	-0.0014452789	0.13866465	-1.8335554e-16	-1.8875388e-16	2.346037e-16	-1.7152282e-16	0	-5.7682547e-17
2.0500000000045637e-09	3.6933562e-07	8.876686e-06	-0.0014447536	0.13864975	-1.833588e-16	-1.887575e-16	2.3460894e-16	-1.7152775e-16	0	-5.768251e-17
2.0600000000044427e-09	3.3255856e-07	9.268837e-06	-0.0014441627	0.13863507	-1.8336196e-16	-1.8876111e-16	2.3461415e-16	-1.7153252e-16	0	-5.76825e-17
2.0700000000043217e-09	3.0006353e-07	9.680141e-06	-0.0014434687	0.13862067	-1.8336508e-16	-1.8876471e-16	2.346193e-16	-1.7153717e-16	0	-5.768252e-17
2.0800000000042007e-09	2.5822666e-07	1.0092344e-05	-0.001442686	0.13860662	-1.8336811e-16	-1.887683e-16	2.346244e-16	-1.7154166e-16	0	-5.768256e-17
2.0900000000040797e-09	2.0752583e-07	1.0534868e-05	-0.0014418653	0.13859303	-1.8337112e-16	-1.8877181e-16	2.3462937e-16	-1.7154605e-16	0	-5.768263e-17
2.1000000000039587e-09	1.50772e-07	1.09944085e-05	-0.0014410032	0.13857983	-1.8337402e-16	-1.8877527e-16	2.3463427e-16	-1.715503e-16	0	-5.7682725e-17
2.1100000000038377e-09	9.8749986e-08	1.146092e-05	-0.0014400225	0.13856706	-1.8337688e-16	-1.8877866e-16	2.3463903e-16	-1.7155443e-16	0	-5.768284e-17
2.1200000000037166e-09	3.5090494e-08	1.194426e-05	-0.0014389852	0.1385546	-1.8337964e-16	-1.8878195e-16	2.3464366e-16	-1.7155837e-16	0	-5.768295e-17
2.1300000000035956e-09	-3.8088878e-08	1.2449938e-05	-0.0014378907	0.13854244	-1.8338242e-16	-1.8878517e-16	2.346481e-16	-1.7156228e-16	0	-5.76831e-17
2.1400000000034746e-09	-1.0664886e-07	1.2973456e-05	-0.0014367653	0.13853064	-1.8338513e-16	-1.8878827e-16	2.3465237e-16	-1.7156601e-16	0	-5.768325e-17
2.1500000000033536e-09	-1.8614358e-07	1.3521862e-05	-0.0014356151	0.13851926	-1.8338777e-16	-1.8879122e-16	2.346565e-16	-1.7156961e-16	0	-5.7683414e-17
2.1600000000032326e-09	-2.5830164e-07	1.4075738e-05	-0.0014344336	0.13850829	-1.833904e-16	-1.8879406e-16	2.346604e-16	-1.7157317e-16	0	-5.7683586e-17
2.1700000000031116e-09	-3.6194274e-07	1.4646894e-05	-0.0014332598	0.1384977	-1.8339298e-16	-1.8879676e-16	2.3466407e-16	-1.7157654e-16	0	-5.7683764e-17
2.1800000000029906e-09	-4.598588e-07	1.5244172e-05	-0.001432044	0.13848749	-1.833955e-16	-1.8879932e-16	2.3466757e-16	-1.7157984e-16	0	-5.7683936e-17
2.1900000000028696e-09	-5.6230994e-07	1.586405e-05	-0.0014307573	0.13847771	-1.8339799e-16	-1.888017e-16	2.3467085e-16	-1.7158301e-16	0	-5.7684115e-17
2.2000000000027486e-09	-6.728473e-07	1.6503795e-05	-0.0014294117	0.13846819	-1.8340045e-16	-1.8880394e-16	2.346739e-16	-1.7158607e-16	0	-5.7684294e-17
2.2100000000026276e-09	-8.0495437e-07	1.7157854e-05	-0.001428095	0.13845897	-1.8340288e-16	-1.8880603e-16	2.3467667e-16	-1.7158908e-16	0	-5.768447e-17
2.2200000000025065e-09	-9.3578706e-07	1.783148e-05	-0.0014267742	0.13844995	-1.8340523e-16	-1.8880793e-16	2.3467932e-16	-1.7159199e-16	0	-5.768465e-17
2.2300000000023855e-09	-1.0556663e-06	1.8530629e-05	-0.0014254128	0.13844119	-1.8340761e-16	-1.8880969e-16	2.346817e-16	-1.7159478e-16	0	-5.768482e-17
2.2400000000022645e-09	-1.1896286e-06	1.9245032e-05	-0.0014240493	0.1384326	-1.8340988e-16	-1.8881131e-16	2.346839e-16	-1.7159749e-16	0	-5.768499e-17
2.2500000000021435e-09	-1.3278449e-06	1.9979336e-05	-0.00142269	0.13842423	-1.8341223e-16	-1.888128e-16	2.3468588e-16	-1.7160014e-16	0	-5.768516e-17
2.2600000000020225e-09	-1.4766586e-06	2.0751982e-05	-0.0014213355	0.13841608	-1.834145e-16	-1.8881415e-16	2.3468766e-16	-1.716027e-16	0	-5.7685326e-17
2.2700000000019015e-09	-1.634205e-06	2.1548523e-05	-0.0014199484	0.13840811	-1.8341675e-16	-1.8881534e-16	2.3468927e-16	-1.7160521e-16	0	-5.7685485e-17
2.2800000000017805e-09	-1.7943375e-06	2.235745e-05	-0.0014185387	0.13840024	-1.8341898e-16	-1.8881643e-16	2.346907e-16	-1.716076e-16	0	-5.768565e-17
2.2900000000016595e-09	-1.964318e-06	2.3178989e-05	-0.0014171691	0.13839255	-1.8342117e-16	-1.8881741e-16	2.34692e-16	-1.7160996e-16	0	-5.76858e-17
2.3000000000015385e-09	-2.1309909e-06	2.4019437e-05	-0.0014158273	0.138385	-1.8342334e-16	-1.888183e-16	2.3469314e-16	-1.7161228e-16	0	-5.768595e-17
2.3100000000014175e-09	-2.3063496e-06	2.4869161e-05	-0.0014144501	0.1383775	-1.8342551e-16	-1.8881908e-16	2.3469417e-16	-1.716145e-16	0	-5.76861e-17
2.3200000000012965e-09	-2.4850347e-06	2.5759233e-05	-0.0014130751	0.13837011	-1.8342766e-16	-1.8881976e-16	2.3469507e-16	-1.716167e-16	0	-5.7686246e-17
2.3300000000011754e-09	-2.660234e-06	2.667181e-05	-0.0014117291	0.13836278	-1.834298e-16	-1.8882039e-16	2.3469586e-16	-1.716189e-16	0	-5.7686385e-17
2.3400000000010544e-09	-2.844101e-06	2.7608225e-05	-0.0014103599	0.13835552	-1.834319e-16	-1.88821e-16	2.346966e-16	-1.7162097e-16	0	-5.768652e-17
2.3500000000009334e-09	-3.022027e-06	2.8547525e-05	-0.0014090384	0.13834833	-1.8343397e-16	-1.8882148e-16	2.3469724e-16	-1.7162308e-16	0	-5.7686656e-17
2.3600000000008124e-09	-3.2170908e-06	2.9501312e-05	-0.0014077002	0.13834119	-1.8343608e-16	-1.8882196e-16	2.346978e-16	-1.7162511e-16	0	-5.768679e-17
2.3700000000006914e-09	-3.4236139e-06	3.048988e-05	-0.0014063809	0.13833414	-1.8343814e-16	-1.8882242e-16	2.3469835e-16	-1.7162714e-16	0	-5.768693e-17
2.3800000000005704e-09	-3.6339977e-06	3.150697e-05	-0.0014050647	0.13832718	-1.8344019e-16	-1.8882283e-16	2.3469883e-16	-1.7162915e-16	0	-5.7687047e-17
2.3900000000004494e-09	-3.846949e-06	3.254415e-05	-0.0014037717	0.1383203	-1.8344224e-16	-1.8882322e-16	2.3469928e-16	-1.716311e-16	0	-5.768717e-17
2.4000000000003284e-09	-4.0523005e-06	3.3581724e-05	-0.0014025244	0.1383135	-1.8344425e-16	-1.888236e-16	2.3469973e-16	-1.7163307e-16	0	-5.7687305e-17
2.4100000000002074e-09	-4.253005e-06	3.4618995e-05	-0.001401301	0.13830683	-1.8344625e-16	-1.8882397e-16	2.3470015e-16	-1.71635e-16	0	-5.7687424e-17
2.4200000000000864e-09	-4.464223e-06	3.5682337e-05	-0.001400056	0.13830024	-1.8344829e-16	-1.8882436e-16	2.3470055e-16	-1.7163695e-16	0	-5.768754e-17
2.4300099999999652e-09	-4.6839577e-06	3.6753696e-05	-0.0013988421	0.13829373	-1.8345026e-16	-1.8882473e-16	2.3470097e-16	-1.7163885e-16	0	-5.768765e-17
2.4400099999998442e-09	-4.905304e-06	3.7832142e-05	-0.0013976406	0.1382873	-1.8345226e-16	-1.8882512e-16	2.3470137e-16	-1.7164073e-16	0	-5.768777e-17
2.450009999999723e-09	-5.118817e-06	3.8937815e-05	-0.0013964745	0.13828091	-1.8345426e-16	-1.8882552e-16	2.347018e-16	-1.7164264e-16	0	-5.7687874e-17
2.460009999999602e-09	-5.3303443e-06	4.005365e-05	-0.0013954083	0.13827457	-1.8345625e-16	-1.8882594e-16	2.3470222e-16	-1.7164453e-16	0	-5.768798e-17
2.470009999999481e-09	-5.555073e-06	4.1161362e-05	-0.0013943709	0.1382683	-1.8345816e-16	-1.8882636e-16	2.3470267e-16	-1.716464e-16	0	-5.768808e-17
2.48000999999936e-09	-5.787251e-06	4.2278785e-05	-0.0013933121	0.13826224	-1.8346014e-16	-1.8882682e-16	2.3470317e-16	-1.7164832e-16	0	-5.768818e-17
2.490009999999239e-09	-6.0204416e-06	4.338577e-05	-0.0013922651	0.1382563	-1.8346206e-16	-1.8882725e-16	2.3470367e-16	-1.7165017e-16	0	-5.768827e-17
2.500009999999118e-09	-6.2293543e-06	4.4503402e-05	-0.0013912519	0.13825047	-1.8346403e-16	-1.8882774e-16	2.347042e-16	-1.7165209e-16	0	-5.7688363e-17
2.510009999998997e-09	-6.4515816e-06	4.5633777e-05	-0.0013903147	0.13824473	-1.8346593e-16	-1.8882825e-16	2.3470473e-16	-1.7165395e-16	0	-5.7688456e-17
2.520009999998876e-09	-6.672497e-06	4.6758545e-05	-0.0013894216	0.13823909	-1.834678e-16	-1.8882878e-16	2.347053e-16	-1.7165582e-16	0	-5.768854e-17
2.530009999998755e-09	-6.898332e-06	4.78749e-05	-0.0013885534	0.13823353	-1.8346973e-16	-1.888293e-16	2.347059e-16	-1.7165771e-16	0	-5.768862e-17
2.540009999998634e-09	-7.1283644e-06	4.8981605e-05	-0.0013876882	0.138228	-1.8347164e-16	-1.8882989e-16	2.3470653e-16	-1.7165959e-16	0	-5.76887e-17
2.550009999998513e-09	-7.36073e-06	5.0061622e-05	-0.0013868615	0.13822256	-1.8347352e-16	-1.8883047e-16	2.3470717e-16	-1.7166146e-16	0	-5.768877e-17
2.560009999998392e-09	-7.583519e-06	5.1125957e-05	-0.0013860974	0.13821723	-1.834754e-16	-1.8883107e-16	2.3470783e-16	-1.7166332e-16	0	-5.768884e-17
2.570009999998271e-09	-7.80851e-06	5.2177547e-05	-0.0013853488	0.13821197	-1.8347733e-16	-1.8883168e-16	2.347085e-16	-1.7166519e-16	0	-5.7688906e-17
2.58000999999815e-09	-8.04885e-06	5.320356e-05	-0.0013846136	0.13820677	-1.8347921e-16	-1.8883235e-16	2.3470918e-16	-1.7166711e-16	0	-5.768896e-17
2.590009999998029e-09	-8.281647e-06	5.421718e-05	-0.0013839268	0.13820164	-1.8348105e-16	-1.8883299e-16	2.3470994e-16	-1.71669e-16	0	-5.768901e-17
2.600009999997908e-09	-8.512186e-06	5.5207416e-05	-0.0013832827	0.13819662	-1.8348291e-16	-1.8883366e-16	2.3471069e-16	-1.7167088e-16	0	-5.7689065e-17
2.610009999997787e-09	-8.746706e-06	5.614546e-05	-0.0013826615	0.13819171	-1.8348477e-16	-1.8883435e-16	2.3471145e-16	-1.7167276e-16	0	-5.768911e-17
2.620009999997666e-09	-8.980355e-06	5.7058995e-05	-0.0013821233	0.13818689	-1.8348662e-16	-1.8883504e-16	2.3471222e-16	-1.7167467e-16	0	-5.768915e-17
2.630009999997545e-09	-9.2248265e-06	5.7947716e-05	-0.0013816152	0.13818216	-1.8348843e-16	-1.8883574e-16	2.3471301e-16	-1.7167653e-16	0	-5.7689184e-17
2.640009999997424e-09	-9.467649e-06	5.8799786e-05	-0.0013811445	0.13817753	-1.834903e-16	-1.8883647e-16	2.347138e-16	-1.7167841e-16	0	-5.768921e-17
2.650009999997303e-09	-9.702629e-06	5.960204e-05	-0.0013806922	0.13817297	-1.834921e-16	-1.8883718e-16	2.3471463e-16	-1.7168033e-16	0	-5.768924e-17
2.660009999997182e-09	-9.9234785e-06	6.0359114e-05	-0.0013802766	0.13816844	-1.8349395e-16	-1.8883792e-16	2.3471545e-16	-1.716822e-16	0	-5.768926e-17
2.670009999997061e-09	-1.0156875e-05	6.106282e-05	-0.0013798722	0.13816392	-1.8349573e-16	-1.8883868e-16	2.3471624e-16	-1.7168405e-16	0	-5.768927e-17
2.68000999999694e-09	-1.0413903e-05	6.172017e-05	-0.0013795042	0.13815948	-1.8349756e-16	-1.8883939e-16	2.347171e-16	-1.7168596e-16	0	-5.768927e-17
2.690009999996819e-09	-1.0657446e-05	6.2346204e-05	-0.0013792068	0.138155	-1.8349934e-16	-1.8884016e-16	2.3471794e-16	-1.7168785e-16	0	-5.7689277e-17
2.700009999996698e-09	-1.090991e-05	6.2912186e-05	-0.0013789576	0.13815048	-1.835011e-16	-1.888409e-16	2.3471879e-16	-1.7168973e-16	0	-5.768927e-17
2.710009999996577e-09	-1.1162918e-05	6.340733e-05	-0.0013787233	0.138146	-1.8350289e-16	-1.8884165e-16	2.347196e-16	-1.716916e-16	0	-5.768925e-17
2.720009999996456e-09	-1.1420048e-05	6.38337e-05	-0.0013784901	0.13814154	-1.8350471e-16	-1.8884242e-16	2.3472045e-16	-1.7169349e-16	0	-5.768924e-17
2.730009999996335e-09	-1.168505e-05	6.420357e-05	-0.0013782852	0.13813709	-1.8350642e-16	-1.8884316e-16	2.347213e-16	-1.7169535e-16	0	-5.768921e-17
2.740009999996214e-09	-1.1956526e-05	6.452121e-05	-0.0013781084	0.13813272	-1.835082e-16	-1.8884392e-16	2.3472215e-16	-1.7169724e-16	0	-5.768917e-17
2.750009999996093e-09	-1.2246863e-05	6.476849e-05	-0.0013779511	0.13812844	-1.8350997e-16	-1.8884467e-16	2.3472294e-16	-1.7169911e-16	0	-5.768913e-17
2.760009999995972e-09	-1.2528261e-05	6.49518e-05	-0.0013778294	0.13812421	-1.8351163e-16	-1.8884541e-16	2.3472381e-16	-1.7170096e-16	0	-5.7689085e-17
2.770009999995851e-09	-1.2807083e-05	6.5059125e-05	-0.0013777115	0.13812003	-1.835134e-16	-1.8884617e-16	2.347246e-16	-1.7170283e-16	0	-5.768903e-17
2.78000999999573e-09	-1.30905055e-05	6.509295e-05	-0.0013776309	0.13811588	-1.8351507e-16	-1.8884688e-16	2.3472546e-16	-1.7170468e-16	0	-5.768897e-17
2.790009999995609e-09	-1.33827925e-05	6.504366e-05	-0.0013775643	0.13811181	-1.8351683e-16	-1.8884761e-16	2.3472625e-16	-1.7170655e-16	0	-5.7688906e-17
2.800009999995488e-09	-1.369157e-05	6.4919695e-05	-0.0013775178	0.13810776	-1.8351849e-16	-1.8884838e-16	2.3472704e-16	-1.7170836e-16	0	-5.768883e-17
2.810009999995367e-09	-1.4013653e-05	6.472535e-05	-0.001377495	0.13810368	-1.8352018e-16	-1.8884907e-16	2.3472786e-16	-1.7171021e-16	0	-5.7688754e-17
2.820009999995246e-09	-1.4351927e-05	6.4454514e-05	-0.0013774778	0.13809964	-1.8352188e-16	-1.8884978e-16	2.3472863e-16	-1.7171207e-16	0	-5.768867e-17
2.830009999995125e-09	-1.4682537e-05	6.4108426e-05	-0.0013774725	0.13809572	-1.8352349e-16	-1.8885047e-16	2.3472943e-16	-1.717139e-16	0	-5.7688575e-17
2.840009999995004e-09	-1.5027501e-05	6.3668005e-05	-0.0013774561	0.13809183	-1.8352512e-16	-1.888512e-16	2.3473022e-16	-1.717157e-16	0	-5.7688476e-17
2.850009999994883e-09	-1.537168e-05	6.315749e-05	-0.0013774384	0.13808797	-1.835268e-16	-1.8885186e-16	2.3473094e-16	-1.7171752e-16	0	-5.7688377e-17
2.860009999994762e-09	-1.5712838e-05	6.25801e-05	-0.0013774616	0.13808417	-1.8352846e-16	-1.8885252e-16	2.3473168e-16	-1.7171935e-16	0	-5.7688264e-17
2.870009999994641e-09	-1.6059874e-05	6.192062e-05	-0.0013775028	0.13808042	-1.8353003e-16	-1.888532e-16	2.3473242e-16	-1.7172112e-16	0	-5.768815e-17
2.8800099999945198e-09	-1.6417525e-05	6.11717e-05	-0.0013775286	0.13807672	-1.8353163e-16	-1.8885388e-16	2.3473318e-16	-1.717229e-16	0	-5.7688026e-17
2.8900099999943988e-09	-1.6785483e-05	6.03495e-05	-0.0013775157	0.13807301	-1.8353325e-16	-1.888545e-16	2.3473387e-16	-1.7172468e-16	0	-5.768791e-17
2.9000099999942778e-09	-1.7147033e-05	5.944108e-05	-0.0013775291	0.1380694	-1.835348e-16	-1.8885515e-16	2.3473456e-16	-1.7172645e-16	0	-5.7687774e-17
2.9100099999941568e-09	-1.7517765e-05	5.8432182e-05	-0.0013775266	0.13806584	-1.8353634e-16	-1.8885576e-16	2.3473525e-16	-1.7172823e-16	0	-5.7687635e-17
2.9200099999940357e-09	-1.7896826e-05	5.7355144e-05	-0.0013774919	0.13806231	-1.8353792e-16	-1.888564e-16	2.3473594e-16	-1.7172996e-16	0	-5.7687497e-17
2.9300099999939147e-09	-1.8282015e-05	5.6202993e-05	-0.0013774561	0.13805886	-1.8353945e-16	-1.88857e-16	2.347366e-16	-1.7173171e-16	0	-5.768735e-17
2.9400099999937937e-09	-1.8668235e-05	5.4969063e-05	-0.0013774234	0.13805546	-1.8354102e-16	-1.8885762e-16	2.3473723e-16	-1.7173343e-16	0	-5.76872e-17
2.9500099999936727e-09	-1.9051542e-05	5.366289e-05	-0.0013774075	0.13805212	-1.8354252e-16	-1.8885818e-16	2.347379e-16	-1.7173518e-16	0	-5.7687047e-17
2.9600099999935517e-09	-1.9429779e-05	5.2265586e-05	-0.0013773574	0.13804877	-1.8354397e-16	-1.8885877e-16	2.3473856e-16	-1.7173686e-16	0	-5.7686894e-17
2.9700099999934307e-09	-1.9806574e-05	5.080541e-05	-0.001377287	0.13804547	-1.8354549e-16	-1.8885934e-16	2.3473914e-16	-1.7173856e-16	0	-5.7686736e-17
2.9800099999933097e-09	-2.0168965e-05	4.925558e-05	-0.0013772009	0.1380422	-1.8354697e-16	-1.8885989e-16	2.3473975e-16	-1.7174027e-16	0	-5.768657e-17
2.9900099999931887e-09	-2.0551814e-05	4.7632067e-05	-0.0013771016	0.138039	-1.8354843e-16	-1.8886043e-16	2.3474036e-16	-1.7174194e-16	0	-5.768641e-17
3.0000099999930677e-09	-2.0932346e-05	4.593172e-05	-0.0013770167	0.13803582	-1.8354983e-16	-1.8886095e-16	2.3474094e-16	-1.7174359e-16	0	-5.768624e-17
