# t (s)	mx ()	my ()	mz ()	spinAngle (rad)	E_total (J)	E_anis (J)	E_demag (J)	E_exch (J)	E_therm (J)	E_custom (J)
0	0	0	0	0.00309885	-5.63108e-17	-2.46288e-16	2.2253641e-16	4.384001e-18	0	-3.69432e-17
1.0000000000000124e-11	-6.1955066e-11	-4.3368545e-10	0.0015194289	0.011380057	-6.685748e-17	-2.3820906e-16	2.1598821e-16	-8.065387e-18	0	-3.6571227e-17
2.0009999999999403e-11	1.5488766e-10	-1.6418092e-09	0.004515815	0.014971909	-6.931542e-17	-2.2881134e-16	2.0777997e-16	-1.2012648e-17	0	-3.6271403e-17
3.000999999999824e-11	4.9564053e-10	-3.7095595e-09	0.0083192885	0.019429663	-7.196478e-17	-2.2064562e-16	2.0004425e-16	-1.5466385e-17	0	-3.5897015e-17
4.000000000000001e-11	6.1955066e-11	-4.344599e-09	0.011001588	0.02366444	-7.561593e-17	-2.1676101e-16	1.9595787e-16	-1.9207006e-17	0	-3.5605778e-17
5.0000000000001785e-11	-7.744383e-10	-4.187775e-09	0.011270523	0.026734486	-7.9574523e-17	-2.1438696e-16	1.9375967e-16	-2.3346733e-17	0	-3.5600504e-17
6.00000000000024e-11	-2.0445172e-09	-3.3920398e-09	0.0097233	0.028967716	-8.30702e-17	-2.1095906e-16	1.9086174e-16	-2.7231295e-17	0	-3.574159e-17
7.000999999999771e-11	-3.6863264e-09	-2.811211e-09	0.0073472694	0.030818418	-8.5923115e-17	-2.0646293e-16	1.8702915e-16	-3.058582e-17	0	-3.5903497e-17
8.000999999999302e-11	-5.6069336e-09	-1.7657193e-09	0.004863128	0.032608647	-8.822406e-17	-2.0131444e-16	1.8257225e-16	-3.3443865e-17	0	-3.603801e-17
9.000999999998834e-11	-8.7976195e-09	-1.9980508e-09	0.002685129	0.03463348	-9.0167544e-17	-1.9577401e-16	1.7767293e-16	-3.5942778e-17	0	-3.612369e-17
1.0000999999998365e-10	-1.2298081e-08	-2.8809106e-09	0.0010685506	0.03718796	-9.201426e-17	-1.9029524e-16	1.7262309e-16	-3.8204412e-17	0	-3.6137688e-17
1.1000999999997896e-10	-1.637937e-08	-3.9806127e-09	0.00021909448	0.0402014	-9.40872e-17	-1.860561e-16	1.6839622e-16	-4.0351495e-17	0	-3.6075818e-17
1.2000999999997891e-10	-1.895825e-08	-1.9554568e-10	0.00019463584	0.043001756	-9.6506705e-17	-1.8394599e-16	1.6607199e-16	-4.2606118e-17	0	-3.6026598e-17
1.3000999999998715e-10	-2.0731713e-08	4.971894e-09	0.0008743525	0.045124065	-9.897968e-17	-1.8316424e-16	1.6522258e-16	-4.496748e-17	0	-3.607053e-17
1.400099999999954e-10	-2.3248639e-08	8.627243e-09	0.0019713463	0.046667423	-1.0119871e-16	-1.828514e-16	1.6497892e-16	-4.7155118e-17	0	-3.617111e-17
1.5000000000000362e-10	-2.53706e-08	1.0342624e-08	0.0030570056	0.047802467	-1.03066704e-16	-1.825333e-16	1.6478493e-16	-4.9042013e-17	0	-3.6276327e-17
1.6000000000001186e-10	-2.7817824e-08	1.1182889e-08	0.0038114756	0.04867323	-1.0461824e-16	-1.8184483e-16	1.6426096e-16	-5.0670904e-17	0	-3.6363465e-17
1.700000000000201e-10	-3.0234073e-08	1.1376499e-08	0.0041485806	0.0493994	-1.0591678e-16	-1.8065742e-16	1.6327718e-16	-5.2106883e-17	0	-3.6429633e-17
1.8000000000002833e-10	-3.314596e-08	1.205026e-08	0.0041642124	0.050047237	-1.07022256e-16	-1.7903416e-16	1.6188903e-16	-5.3398065e-17	0	-3.6479042e-17
1.9000000000003657e-10	-3.4973635e-08	1.3242895e-08	0.0040153405	0.05065374	-1.0798065e-16	-1.7710891e-16	1.6021983e-16	-5.4575445e-17	0	-3.6516113e-17
2.000000000000448e-10	-3.692522e-08	1.4962149e-08	0.0038310634	0.051264867	-1.0882639e-16	-1.7502855e-16	1.5840551e-16	-5.5659514e-17	0	-3.6543837e-17
2.1000000000005304e-10	-3.9775152e-08	1.7238996e-08	0.0036902006	0.051908523	-1.0958543e-16	-1.7292223e-16	1.5656503e-16	-5.6664446e-17	0	-3.656379e-17
2.2000000000006128e-10	-4.2501174e-08	1.996502e-08	0.0036372053	0.052611466	-1.1027824e-16	-1.7085304e-16	1.5475612e-16	-5.760519e-17	0	-3.657613e-17
2.3000000000006952e-10	-4.6652165e-08	2.1761716e-08	0.0036921396	0.053410634	-1.10923147e-16	-1.6879589e-16	1.5295487e-16	-5.8502494e-17	0	-3.657963e-17
2.4000000000005925e-10	-5.259985e-08	2.3124729e-08	0.0038524056	0.054360136	-1.1154044e-16	-1.6667096e-16	1.5108353e-16	-5.9381364e-17	0	-3.6571643e-17
2.5000000000004163e-10	-5.991055e-08	2.3388036e-08	0.00409124	0.055527575	-1.1215694e-16	-1.644101e-16	1.4906627e-16	-6.026548e-17	0	-3.654763e-17
2.60000000000024e-10	-6.901794e-08	2.1963071e-08	0.0043499484	0.0569836	-1.1281085e-16	-1.6204677e-16	1.4690814e-16	-6.1171634e-17	0	-3.6500575e-17
2.700000000000064e-10	-7.8559026e-08	1.5674631e-08	0.004545235	0.0587721	-1.1355272e-16	-1.5976844e-16	1.447524e-16	-6.211415e-17	0	-3.6422516e-17
2.800099999999888e-10	-8.450671e-08	5.0183604e-09	0.0046015317	0.060866352	-1.1443673e-16	-1.5783895e-16	1.4283076e-16	-6.3119506e-17	0	-3.6309047e-17
2.9000999999997117e-10	-8.6675136e-08	-5.3900906e-09	0.0044368976	0.063142456	-1.1550108e-16	-1.5648275e-16	1.4136335e-16	-6.4218604e-17	0	-3.6163076e-17
3.0000999999995355e-10	-7.979813e-08	-7.713406e-09	0.003940772	0.06538273	-1.1674683e-16	-1.5580069e-16	1.40492e-16	-6.543904e-17	0	-3.599911e-17
3.1000999999993594e-10	-6.666365e-08	-4.3988098e-09	0.0031596485	0.067390844	-1.1810142e-16	-1.5565116e-16	1.4017015e-16	-6.6783254e-17	0	-3.583715e-17
3.2000999999991833e-10	-5.4458503e-08	-1.920607e-09	0.0024252692	0.06916597	-1.1944545e-16	-1.5566341e-16	1.4009421e-16	-6.820945e-17	0	-3.5666787e-17
3.300099999999007e-10	-4.6776073e-08	-3.655349e-09	0.0020576657	0.07082041	-1.2069282e-16	-1.5555321e-16	1.3997022e-16	-6.9645305e-17	0	-3.546454e-17
3.400099999998831e-10	-4.6528253e-08	-7.806338e-09	0.0020804948	0.07241206	-1.2181608e-16	-1.553194e-16	1.3975838e-16	-7.102801e-17	0	-3.522706e-17
3.500099999998655e-10	-5.036947e-08	-1.205026e-08	0.0022403635	0.07397841	-1.2281774e-16	-1.5509201e-16	1.395597e-16	-7.2316517e-17	0	-3.4968908e-17
3.600099999998479e-10	-5.7866032e-08	-1.3723047e-08	0.0021922474	0.07560594	-1.2371141e-16	-1.5493215e-16	1.3942702e-16	-7.349229e-17	0	-3.4713998e-17
3.7000999999983027e-10	-6.892501e-08	-1.1306799e-08	0.0017012155	0.077382654	-1.2451869e-16	-1.5483001e-16	1.3935169e-16	-7.455186e-17	0	-3.4488495e-17
3.8000999999981266e-10	-7.917858e-08	-4.8015174e-09	0.0007484149	0.079328015	-1.2526294e-16	-1.5476825e-16	1.3931712e-16	-7.549439e-17	0	-3.4317434e-17
3.9000999999979505e-10	-8.6861e-08	3.4385061e-09	-0.00048386998	0.08143019	-1.2596555e-16	-1.5474058e-16	1.3931666e-16	-7.632175e-17	0	-3.4219873e-17
4.0000999999977743e-10	-8.906041e-08	1.0842136e-08	-0.0016859481	0.08366645	-1.2664695e-16	-1.54737e-16	1.3933988e-16	-7.704912e-17	0	-3.4200715e-17
4.100099999997598e-10	-8.391814e-08	1.895825e-08	-0.0025341373	0.085993305	-1.2732616e-16	-1.5470922e-16	1.3934133e-16	-7.771254e-17	0	-3.4245737e-17
4.200099999997422e-10	-7.354066e-08	3.2061745e-08	-0.0028808212	0.08842217	-1.2801932e-16	-1.545605e-16	1.3923087e-16	-7.836109e-17	0	-3.4328604e-17
4.300099999997246e-10	-6.579628e-08	4.820104e-08	-0.0028920565	0.09082782	-1.2873553e-16	-1.5419613e-16	1.3892015e-16	-7.903612e-17	0	-3.442342e-17
4.40009999999707e-10	-6.167627e-08	6.0282275e-08	-0.0029179442	0.093136944	-1.2947441e-16	-1.535655e-16	1.3836152e-16	-7.9762115e-17	0	-3.4508327e-17
4.5000999999968937e-10	-5.4272636e-08	6.9079896e-08	-0.003172137	0.09533464	-1.3023701e-16	-1.5266744e-16	1.3755299e-16	-8.056236e-17	0	-3.4560188e-17
4.6000999999967176e-10	-4.2377266e-08	7.332382e-08	-0.0035947636	0.09744412	-1.3103395e-16	-1.515433e-16	1.3653163e-16	-8.1463433e-17	0	-3.455886e-17
4.700099999996541e-10	-2.825151e-08	7.645255e-08	-0.0040062205	0.09950263	-1.3188218e-16	-1.502359e-16	1.3533677e-16	-8.2479655e-17	0	-3.4503394e-17
4.800099999996365e-10	-1.3196429e-08	8.0789405e-08	-0.0042466796	0.10151983	-1.3279813e-16	-1.4878384e-16	1.3400437e-16	-8.360538e-17	0	-3.4413268e-17
4.900099999996189e-10	2.2303823e-09	8.7170775e-08	-0.00420103	0.103529155	-1.3379165e-16	-1.4724029e-16	1.3258444e-16	-8.4819365e-17	0	-3.4316405e-17
5.000099999996013e-10	2.0073442e-08	9.0113645e-08	-0.0038130367	0.105558954	-1.3486257e-16	-1.4566895e-16	1.3113689e-16	-8.608947e-17	0	-3.4241032e-17
5.100099999995837e-10	3.692522e-08	8.862672e-08	-0.0031206973	0.10763541	-1.3599845e-16	-1.4412299e-16	1.2971149e-16	-8.7373434e-17	0	-3.4213527e-17
5.200099999995661e-10	5.0493377e-08	8.1439936e-08	-0.0022877082	0.10970447	-1.371753e-16	-1.4263118e-16	1.2833511e-16	-8.862522e-17	0	-3.4254016e-17
5.300099999995485e-10	6.12116e-08	6.6106054e-08	-0.0015636216	0.11171375	-1.383652e-16	-1.4119395e-16	1.2700884e-16	-8.98148e-17	0	-3.4365305e-17
5.400099999995309e-10	6.7933726e-08	4.3105235e-08	-0.0011265076	0.11364256	-1.3954672e-16	-1.397981e-16	1.2572132e-16	-9.094853e-17	0	-3.4521423e-17
5.500099999995133e-10	7.0195085e-08	2.1599085e-08	-0.0009467232	0.11549555	-1.4070932e-16	-1.3844429e-16	1.2447357e-16	-9.2068326e-17	0	-3.4670273e-17
5.600099999994956e-10	6.791824e-08	1.0408451e-08	-0.00084419764	0.11726013	-1.4185041e-16	-1.3715555e-16	1.2328692e-16	-9.322355e-17	0	-3.475824e-17
5.70009999999478e-10	5.6301666e-08	1.28866535e-08	-0.00066445756	0.11890297	-1.4296912e-16	-1.3596786e-16	1.2219363e-16	-9.44334e-17	0	-3.4761498e-17
5.800099999994604e-10	3.3130473e-08	2.7879778e-08	-0.00036910188	0.120446675	-1.4405929e-16	-1.3492334e-16	1.2123044e-16	-9.566759e-17	0	-3.4698817e-17
5.900099999994428e-10	3.9728687e-09	4.3120725e-08	-4.05087e-06	0.12190038	-1.4510679e-16	-1.3406045e-16	1.2043186e-16	-9.685873e-17	0	-3.461947e-17
6.000099999994252e-10	-2.6811055e-08	5.0927063e-08	0.00035390555	0.123238415	-1.4609274e-16	-1.3339342e-16	1.1981211e-16	-9.793456e-17	0	-3.4576868e-17
6.100099999994076e-10	-4.8929014e-08	6.183115e-08	0.0006261367	0.124445595	-1.4699858e-16	-1.3289967e-16	1.193519e-16	-9.884704e-17	0	-3.460378e-17
6.2000999999939e-10	-5.982923e-08	8.909139e-08	0.0007494541	0.12552412	-1.4781289e-16	-1.3252482e-16	1.1900182e-16	-9.958829e-17	0	-3.47016e-17
6.300099999993724e-10	-6.098315e-08	1.3469031e-07	0.00070343085	0.12651023	-1.4854058e-16	-1.3220335e-16	1.1870187e-16	-1.00196024e-16	0	-3.4843077e-17
6.400099999993547e-10	-5.626101e-08	1.891488e-07	0.0005300579	0.12741995	-1.4920256e-16	-1.3189775e-16	1.1841719e-16	-1.0073625e-16	0	-3.4985746e-17
6.500099999993371e-10	-5.347884e-08	2.3753572e-07	0.00030118597	0.12827441	-1.498186e-16	-1.3161608e-16	1.1815392e-16	-1.01262385e-16	0	-3.509404e-17
6.600099999993195e-10	-5.867919e-08	2.7030995e-07	8.181775e-05	0.12908174	-1.5039304e-16	-1.3138402e-16	1.1793465e-16	-1.0178862e-16	0	-3.515505e-17
6.700099999993019e-10	-7.077979e-08	2.8657314e-07	-8.051742e-05	0.12984045	-1.5091728e-16	-1.3121389e-16	1.1777113e-16	-1.0229664e-16	0	-3.517788e-17
6.800099999992843e-10	-9.046988e-08	2.8979483e-07	-0.00016461064	0.13053438	-1.5138407e-16	-1.3108908e-16	1.1765056e-16	-1.0275776e-16	0	-3.5187793e-17
6.900099999992667e-10	-1.1067498e-07	2.8855573e-07	-0.00016285267	0.13116644	-1.5179726e-16	-1.3097559e-16	1.1754405e-16	-1.0314943e-16	0	-3.521631e-17
7.000099999992491e-10	-1.1974365e-07	2.8606203e-07	-6.990371e-05	0.13174213	-1.521682e-16	-1.3085812e-16	1.1743769e-16	-1.0346384e-16	0	-3.528393e-17
7.100099999992315e-10	-1.14059276e-07	2.8709977e-07	8.316774e-05	0.13225439	-1.5250562e-16	-1.3074242e-16	1.1733565e-16	-1.0370834e-16	0	-3.5390522e-17
7.200099999992138e-10	-8.6690626e-08	2.8648023e-07	0.0002073173	0.13271809	-1.5281079e-16	-1.306387e-16	1.1724541e-16	-1.0389836e-16	0	-3.5519155e-17
7.300099999991962e-10	-4.6512763e-08	2.8418788e-07	0.00021398006	0.13313252	-1.5307971e-16	-1.3055639e-16	1.1717393e-16	-1.0404934e-16	0	-3.5647904e-17
7.400099999991786e-10	-8.4413776e-10	2.739653e-07	0.000103510094	0.1335042	-1.5331049e-16	-1.3049658e-16	1.1712167e-16	-1.0417502e-16	0	-3.576057e-17
7.50009999999161e-10	3.6383113e-08	2.5587443e-07	-2.3101898e-05	0.13384968	-1.5350648e-16	-1.3045072e-16	1.1708122e-16	-1.0428712e-16	0	-3.5849882e-17
7.600099999991434e-10	6.120386e-08	2.3183586e-07	-5.6091776e-05	0.13417953	-1.5367294e-16	-1.3041081e-16	1.1704541e-16	-1.0439129e-16	0	-3.5916242e-17
7.700099999991258e-10	7.0721704e-08	2.0135396e-07	2.8787983e-05	0.13448921	-1.538143e-16	-1.3037248e-16	1.1701026e-16	-1.04486894e-16	0	-3.5965165e-17
7.800099999991082e-10	6.771302e-08	1.6746453e-07	0.00017318243	0.13475242	-1.5393477e-16	-1.3033373e-16	1.1697405e-16	-1.0457219e-16	0	-3.6002897e-17
7.900099999990906e-10	5.9132237e-08	1.3032248e-07	0.00030649986	0.13496104	-1.5403891e-16	-1.302943e-16	1.169367e-16	-1.0464853e-16	0	-3.603277e-17
8.00009999999073e-10	4.9447888e-08	9.110492e-08	0.00039343646	0.13510875	-1.5413061e-16	-1.3025497e-16	1.1689882e-16	-1.0471874e-16	0	-3.6055714e-17
8.100099999990553e-10	3.9928103e-08	5.386993e-08	0.0004325202	0.13520887	-1.5421276e-16	-1.3021718e-16	1.1686171e-16	-1.0478497e-16	0	-3.6072318e-17
8.200099999990377e-10	3.1699695e-08	2.0692992e-08	0.00043813963	0.1352742	-1.5428765e-16	-1.3018262e-16	1.1682695e-16	-1.04848365e-16	0	-3.6083597e-17
8.300099999990201e-10	2.2325121e-08	-6.288439e-09	0.00042695343	0.13533147	-1.5435692e-16	-1.3015185e-16	1.1679515e-16	-1.04909014e-16	0	-3.60912e-17
8.400099999990025e-10	1.43677665e-08	-2.862324e-08	0.0004111674	0.13540068	-1.5442153e-16	-1.301241e-16	1.1676587e-16	-1.04966176e-16	0	-3.6097123e-17
8.500099999989849e-10	1.1362946e-08	-4.547502e-08	0.000397239	0.13546856	-1.5448211e-16	-1.3009819e-16	1.1673821e-16	-1.0501913e-16	0	-3.6102993e-17
8.600099999989673e-10	1.0009615e-08	-5.885731e-08	0.00038795482	0.13553675	-1.5453882e-16	-1.3007291e-16	1.1671135e-16	-1.0506781e-16	0	-3.6109455e-17
8.700099999989497e-10	8.263257e-09	-6.765493e-08	0.00038415863	0.1356106	-1.545918e-16	-1.3004756e-16	1.1668481e-16	-1.0511285e-16	0	-3.6116185e-17
8.800099999989321e-10	1.0749204e-08	-7.005569e-08	0.0003849444	0.13569367	-1.5464123e-16	-1.3002194e-16	1.166585e-16	-1.05155296e-16	0	-3.6122488e-17
8.900099999989144e-10	1.4853727e-08	-6.8615236e-08	0.00038813267	0.13578784	-1.5468747e-16	-1.2999625e-16	1.1663259e-16	-1.0519587e-16	0	-3.6127944e-17
9.000099999988968e-10	1.9995998e-08	-6.6198986e-08	0.00039196145	0.13589783	-1.5473099e-16	-1.2997085e-16	1.1660739e-16	-1.05234844e-16	0	-3.613269e-17
9.100099999988792e-10	2.4518718e-08	-5.7432345e-08	0.0003962871	0.13602391	-1.5477227e-16	-1.2994616e-16	1.1658322e-16	-1.0527217e-16	0	-3.6137165e-17
9.200099999988616e-10	2.8460608e-08	-4.643532e-08	0.00040204648	0.13615862	-1.5481159e-16	-1.2992261e-16	1.1656043e-16	-1.0530771e-16	0	-3.6141698e-17
9.30009999998844e-10	3.0807158e-08	-3.339378e-08	0.00040995624	0.1362938	-1.5484924e-16	-1.2990056e-16	1.1653921e-16	-1.05341583e-16	0	-3.6146294e-17
9.400099999989161e-10	3.151964e-08	-2.1870138e-08	0.00041958262	0.13642217	-1.5488531e-16	-1.2988021e-16	1.1651967e-16	-1.05374095e-16	0	-3.615066e-17
9.50009999999002e-10	3.1968813e-08	-7.9612255e-09	0.00042955615	0.13653983	-1.5491982e-16	-1.298616e-16	1.1650173e-16	-1.0540558e-16	0	-3.6154384e-17
9.600099999990877e-10	2.800369e-08	8.209046e-09	0.0004383264	0.13664302	-1.5495278e-16	-1.2984462e-16	1.1648528e-16	-1.054363e-16	0	-3.615714e-17
9.700099999991735e-10	2.0987278e-08	2.0414195e-08	0.0004449336	0.13672973	-1.5498415e-16	-1.2982905e-16	1.1647005e-16	-1.05466316e-16	0	-3.615879e-17
9.800099999992593e-10	1.4358086e-08	3.2495432e-08	0.00044904448	0.13679948	-1.5501394e-16	-1.2981468e-16	1.1645578e-16	-1.05495644e-16	0	-3.6159396e-17
9.90009999999345e-10	1.0462662e-08	4.7085848e-08	0.0004507842	0.13685267	-1.550422e-16	-1.2980122e-16	1.1644231e-16	-1.055241e-16	0	-3.6159165e-17
1.0000099999994308e-09	3.9806127e-09	5.913611e-08	0.00045045212	0.13689116	-1.5506894e-16	-1.2978846e-16	1.1642939e-16	-1.0555151e-16	0	-3.6158354e-17
1.0100099999995166e-09	-1.053236e-09	6.653974e-08	0.000448619	0.13691716	-1.5509426e-16	-1.2977614e-16	1.1641684e-16	-1.0557774e-16	0	-3.6157226e-17
1.0200099999996024e-09	-3.175197e-09	7.7288945e-08	0.0004459639	0.1369349	-1.5511811e-16	-1.2976411e-16	1.1640459e-16	-1.0560263e-16	0	-3.615597e-17
1.0300099999996882e-09	-8.348445e-09	8.648927e-08	0.00044301932	0.13694562	-1.5514057e-16	-1.2975217e-16	1.1639249e-16	-1.0562615e-16	0	-3.615472e-17
1.040009999999774e-09	-1.0842136e-08	9.547276e-08	0.000440261	0.13695276	-1.5516167e-16	-1.2974026e-16	1.1638043e-16	-1.0564831e-16	0	-3.6153543e-17
1.0500099999998598e-09	-1.2514923e-08	1.02256834e-07	0.0004380684	0.13695727	-1.5518144e-16	-1.2972828e-16	1.1636842e-16	-1.0566913e-16	0	-3.6152455e-17
1.0600099999999456e-09	-1.4590418e-08	1.1161205e-07	0.00043662757	0.13696106	-1.5520001e-16	-1.2971621e-16	1.1635636e-16	-1.0568871e-16	0	-3.615146e-17
1.0700000000000313e-09	-1.42651535e-08	1.1895372e-07	0.0004360086	0.13696487	-1.5521737e-16	-1.2970406e-16	1.163443e-16	-1.0570708e-16	0	-3.6150536e-17
1.080000000000117e-09	-1.6681401e-08	1.2350742e-07	0.0004361344	0.13696955	-1.5523364e-16	-1.2969182e-16	1.163322e-16	-1.0572437e-16	0	-3.614966e-17
1.0900000000002028e-09	-1.7626215e-08	1.2676006e-07	0.0004368063	0.13697498	-1.5524884e-16	-1.2967955e-16	1.1632012e-16	-1.0574061e-16	0	-3.6148815e-17
1.1000000000002886e-09	-1.781208e-08	1.3397784e-07	0.0004378317	0.1369812	-1.5526311e-16	-1.2966726e-16	1.1630801e-16	-1.0575589e-16	0	-3.6147995e-17
1.1100000000003744e-09	-1.7626215e-08	1.3881032e-07	0.00043891044	0.13698748	-1.5527643e-16	-1.2965494e-16	1.1629593e-16	-1.05770215e-16	0	-3.6147184e-17
1.1200000000004602e-09	-1.5736587e-08	1.4376673e-07	0.0004398024	0.1369947	-1.5528887e-16	-1.2964265e-16	1.1628387e-16	-1.05783695e-16	0	-3.614638e-17
1.130000000000546e-09	-1.6913733e-08	1.4900193e-07	0.0004403927	0.1370028	-1.553005e-16	-1.296304e-16	1.1627186e-16	-1.0579637e-16	0	-3.614558e-17
1.1400000000006318e-09	-1.5783053e-08	1.5234751e-07	0.0004406234	0.13701153	-1.5531139e-16	-1.296182e-16	1.1625989e-16	-1.058083e-16	0	-3.6144792e-17
1.1500000000007175e-09	-1.5163502e-08	1.584191e-07	0.00044044736	0.1370208	-1.5532158e-16	-1.2960605e-16	1.16248e-16	-1.0581952e-16	0	-3.614402e-17
1.1600000000008033e-09	-1.55817e-08	1.6591567e-07	0.00043983196	0.1370316	-1.5533115e-16	-1.2959398e-16	1.162362e-16	-1.0583012e-16	0	-3.6143263e-17
1.1700000000008891e-09	-1.7672683e-08	1.7139868e-07	0.00043878163	0.1370438	-1.5534014e-16	-1.2958197e-16	1.1622453e-16	-1.0584017e-16	0	-3.6142532e-17
1.1800000000009749e-09	-1.8183812e-08	1.7870939e-07	0.0004373642	0.13705707	-1.553486e-16	-1.295701e-16	1.1621299e-16	-1.05849684e-16	0	-3.614181e-17
1.1900000000010607e-09	-1.7254486e-08	1.8705784e-07	0.00043563158	0.13707168	-1.5535663e-16	-1.2955832e-16	1.1620158e-16	-1.058588e-16	0	-3.6141093e-17
1.2000000000011465e-09	-1.7115086e-08	2.0119907e-07	0.00043361934	0.1370877	-1.5536424e-16	-1.2954669e-16	1.1619037e-16	-1.05867544e-16	0	-3.6140385e-17
1.2100000000012322e-09	-1.733193e-08	2.1049233e-07	0.00043134455	0.13710469	-1.5537149e-16	-1.2953519e-16	1.1617934e-16	-1.0587598e-16	0	-3.6139673e-17
1.220000000001318e-09	-1.4791771e-08	2.232241e-07	0.00042880623	0.13712278	-1.5537845e-16	-1.2952386e-16	1.161685e-16	-1.0588419e-16	0	-3.6138925e-17
1.2300000000014038e-09	-1.4946659e-08	2.3487165e-07	0.00042610295	0.13714175	-1.5538516e-16	-1.2951267e-16	1.1615789e-16	-1.05892214e-16	0	-3.6138154e-17
1.2400000000014896e-09	-1.6619445e-08	2.520177e-07	0.00042324458	0.13716121	-1.5539166e-16	-1.2950166e-16	1.1614746e-16	-1.0590012e-16	0	-3.6137334e-17
1.2500000000015754e-09	-1.4342597e-08	2.6877657e-07	0.00042019808	0.13718125	-1.5539804e-16	-1.2949082e-16	1.1613724e-16	-1.05908004e-16	0	-3.613645e-17
1.2600000000016612e-09	-1.37695135e-08	2.855509e-07	0.00041695335	0.13720214	-1.5540433e-16	-1.2948014e-16	1.1612722e-16	-1.05915925e-16	0	-3.6135484e-17
1.270000000001747e-09	-1.4497485e-08	3.080406e-07	0.0004134471	0.1372241	-1.5541056e-16	-1.2946958e-16	1.1611739e-16	-1.05923945e-16	0	-3.6134426e-17
1.2800000000018327e-09	-1.4946659e-08	3.3246636e-07	0.00040974058	0.13724674	-1.5541686e-16	-1.2945922e-16	1.1610777e-16	-1.05932144e-16	0	-3.6133254e-17
1.2900000000019185e-09	-1.6789823e-08	3.617866e-07	0.00040580222	0.13726965	-1.5542319e-16	-1.2944901e-16	1.1609837e-16	-1.0594059e-16	0	-3.613195e-17
1.3000000000020043e-09	-1.5550722e-08	3.9922296e-07	0.00040156825	0.13729227	-1.5542969e-16	-1.29439e-16	1.1608921e-16	-1.05949396e-16	0	-3.6130508e-17
1.3100000000020901e-09	-1.6526513e-08	4.399584e-07	0.00039691653	0.13731469	-1.5543644e-16	-1.2942922e-16	1.1608032e-16	-1.0595863e-16	0	-3.6128917e-17
1.3200000000021759e-09	-2.0816902e-08	4.9481963e-07	0.0003918592	0.13733605	-1.554435e-16	-1.2941973e-16	1.160718e-16	-1.059684e-16	0	-3.612717e-17
1.3300000000022617e-09	-2.6656167e-08	5.5804475e-07	0.00038628498	0.1373557	-1.5545091e-16	-1.2941066e-16	1.1606375e-16	-1.05978764e-16	0	-3.612527e-17
1.3400000000023475e-09	-3.50201e-08	6.4106456e-07	0.00038000214	0.13737285	-1.554588e-16	-1.2940208e-16	1.1605631e-16	-1.0598979e-16	0	-3.6123255e-17
1.3500000000024332e-09	-4.595517e-08	7.5028356e-07	0.00037272953	0.13738735	-1.5546727e-16	-1.2939418e-16	1.1604967e-16	-1.0600161e-16	0	-3.612116e-17
1.360000000002519e-09	-6.345748e-08	8.9759726e-07	0.00036421994	0.13739794	-1.5547654e-16	-1.2938714e-16	1.16044e-16	-1.0601428e-16	0	-3.6119126e-17
1.3700000000026048e-09	-8.729469e-08	1.1073539e-06	0.00035398535	0.1374025	-1.5548685e-16	-1.2938112e-16	1.1603961e-16	-1.0602793e-16	0	-3.611741e-17
1.3800000000026906e-09	-1.2979586e-07	1.4083703e-06	0.00034130656	0.13740014	-1.554988e-16	-1.2937638e-16	1.160368e-16	-1.0604267e-16	0	-3.6116542e-17
1.3900000000027764e-09	-2.0550495e-07	1.8664118e-06	0.00032553473	0.1373899	-1.5551346e-16	-1.2937326e-16	1.160361e-16	-1.0605858e-16	0	-3.6117736e-17
1.4000000000028622e-09	-3.2548093e-07	2.5883587e-06	0.00030597727	0.13736928	-1.5553296e-16	-1.2937221e-16	1.1603815e-16	-1.0607525e-16	0	-3.612364e-17
1.410000000002948e-09	-5.14924e-07	3.7131838e-06	0.00028241106	0.13733883	-1.5556124e-16	-1.2937331e-16	1.160431e-16	-1.06091234e-16	0	-3.6139786e-17
1.4200000000030337e-09	-7.7561543e-07	5.194731e-06	0.00025543646	0.13729648	-1.5560398e-16	-1.2937276e-16	1.1604738e-16	-1.0610385e-16	0	-3.6174746e-17
1.4300000000031195e-09	-9.8016e-07	6.097989e-06	0.00022567897	0.13724825	-1.5566449e-16	-1.2935896e-16	1.1603993e-16	-1.0611364e-16	0	-3.6231808e-17
1.4400000000032053e-09	-8.851365e-07	5.1112e-06	0.00019686786	0.13720274	-1.5573704e-16	-1.2933207e-16	1.1601998e-16	-1.0612766e-16	0	-3.6297314e-17
1.450000000003291e-09	-3.4987573e-07	2.6979571e-06	0.00018325813	0.13715182	-1.5580932e-16	-1.2931657e-16	1.1600841e-16	-1.06150037e-16	0	-3.6351114e-17
1.4600000000033769e-09	4.2690138e-07	3.703674e-07	0.00019918467	0.13708413	-1.5587111e-16	-1.2932027e-16	1.1601208e-16	-1.0618104e-16	0	-3.6381888e-17
1.4700000000034627e-09	1.003858e-06	-1.0405043e-06	0.00024185117	0.13699722	-1.5592017e-16	-1.2933062e-16	1.160208e-16	-1.062193e-16	0	-3.6391073e-17
1.4800000000035485e-09	1.083656e-06	-1.5080483e-06	0.0002932614	0.1369007	-1.559602e-16	-1.2933868e-16	1.1602733e-16	-1.0626108e-16	0	-3.6387774e-17
1.4900000000036342e-09	7.8720103e-07	-1.482213e-06	0.00033705533	0.1368011	-1.559957e-16	-1.2934259e-16	1.1603029e-16	-1.06302833e-16	0	-3.6380568e-17
1.50000000000372e-09	4.4184804e-07	-1.4317196e-06	0.00037038204	0.13670494	-1.5602957e-16	-1.2934331e-16	1.1603057e-16	-1.06342287e-16	0	-3.6374553e-17
1.5100000000038058e-09	2.149686e-07	-1.5587275e-06	0.00039751528	0.13661967	-1.560628e-16	-1.2934253e-16	1.1602964e-16	-1.063779e-16	0	-3.637201e-17
1.5200000000038916e-09	9.1786426e-08	-1.7885343e-06	0.00041897254	0.13655828	-1.5609512e-16	-1.2934153e-16	1.1602855e-16	-1.0640871e-16	0	-3.6373415e-17
1.5300000000039774e-09	4.0518614e-08	-1.9411607e-06	0.0004313504	0.1365382	-1.5612579e-16	-1.2934119e-16	1.1602804e-16	-1.06434593e-16	0	-3.6378043e-17
1.5400000000040632e-09	3.5128522e-08	-1.8784311e-06	0.00043367493	0.1365386	-1.5615408e-16	-1.2934209e-16	1.1602877e-16	-1.0645627e-16	0	-3.638451e-17
1.550000000004149e-09	2.825151e-08	-1.578584e-06	0.00043067185	0.13654658	-1.5617975e-16	-1.2934446e-16	1.160309e-16	-1.064749e-16	0	-3.63913e-17
1.5600000000042347e-09	-2.2303823e-09	-1.1174061e-06	0.00042977804	0.13655403	-1.5620291e-16	-1.2934794e-16	1.1603409e-16	-1.0649172e-16	0	-3.6397323e-17
1.5700000000043205e-09	-4.4266894e-08	-6.0538616e-07	0.00043559243	0.13655387	-1.5622392e-16	-1.2935182e-16	1.1603758e-16	-1.0650762e-16	0	-3.6402085e-17
1.5800000000044063e-09	-7.33548e-08	-1.4057605e-07	0.0004464741	0.13654166	-1.562433e-16	-1.2935523e-16	1.1604059e-16	-1.0652305e-16	0	-3.640561e-17
1.590000000004492e-09	-8.633438e-08	2.04049e-07	0.0004567334	0.13651378	-1.5626142e-16	-1.2935763e-16	1.1604251e-16	-1.06538117e-16	0	-3.6408186e-17
1.6000000000045779e-09	-8.630341e-08	4.1135064e-07	0.00046127604	0.13647223	-1.5627854e-16	-1.2935871e-16	1.1604316e-16	-1.065529e-16	0	-3.64101e-17
1.6100000000046637e-09	-8.817754e-08	5.014643e-07	0.00045859226	0.13641976	-1.5629488e-16	-1.2935851e-16	1.1604256e-16	-1.0656741e-16	0	-3.641151e-17
1.6200000000047495e-09	-1.0142044e-07	5.0412064e-07	0.00045071598	0.13636334	-1.5631047e-16	-1.2935731e-16	1.16041e-16	-1.065817e-16	0	-3.6412457e-17
1.6300000000048352e-09	-1.2411148e-07	4.6178982e-07	0.00044110417	0.13630557	-1.563254e-16	-1.2935542e-16	1.1603884e-16	-1.0659586e-16	0	-3.6412957e-17
1.640000000004921e-09	-1.6684498e-07	4.076411e-07	0.00043254026	0.13625038	-1.5633972e-16	-1.2935321e-16	1.1603643e-16	-1.06609837e-16	0	-3.6413096e-17
1.6500000000050068e-09	-2.2494335e-07	3.5242365e-07	0.0004261908	0.13620259	-1.563535e-16	-1.2935089e-16	1.16034e-16	-1.06623554e-16	0	-3.6413033e-17
1.6600000000050926e-09	-2.890204e-07	3.078431e-07	0.00042169035	0.13616312	-1.5636673e-16	-1.2934859e-16	1.1603168e-16	-1.06636836e-16	0	-3.6412964e-17
1.6700000000051784e-09	-3.4442368e-07	2.7233511e-07	0.00041783293	0.13613088	-1.5637942e-16	-1.2934629e-16	1.1602945e-16	-1.06649535e-16	0	-3.641305e-17
1.6800000000052642e-09	-3.893876e-07	2.3692391e-07	0.00041353653	0.13610506	-1.5639161e-16	-1.2934401e-16	1.1602731e-16	-1.0666155e-16	0	-3.6413374e-17
1.69000000000535e-09	-4.1167593e-07	1.94475e-07	0.00040832366	0.13608609	-1.5640324e-16	-1.2934167e-16	1.160252e-16	-1.06672835e-16	0	-3.6413946e-17
1.7000000000054357e-09	-4.23308e-07	1.6338906e-07	0.00040211657	0.1360734	-1.5641428e-16	-1.2933924e-16	1.1602308e-16	-1.06683376e-16	0	-3.641473e-17
1.7100000000055215e-09	-4.1822767e-07	1.3302333e-07	0.0003950994	0.13606879	-1.5642466e-16	-1.2933673e-16	1.1602088e-16	-1.0669318e-16	0	-3.641564e-17
1.7200000000056073e-09	-4.0061693e-07	1.07058355e-07	0.00038757068	0.13607164	-1.5643437e-16	-1.2933412e-16	1.1601863e-16	-1.0670228e-16	0	-3.6416607e-17
1.730000000005693e-09	-3.7901012e-07	9.0793215e-08	0.0003797963	0.13608155	-1.5644339e-16	-1.293314e-16	1.160163e-16	-1.0671071e-16	0	-3.6417576e-17
1.7400000000057789e-09	-3.5080507e-07	7.84235e-08	0.00037207987	0.13609675	-1.5645171e-16	-1.2932858e-16	1.1601388e-16	-1.06718495e-16	0	-3.6418506e-17
1.7500000000058647e-09	-3.1913055e-07	6.919026e-08	0.00036456977	0.13611297	-1.5645928e-16	-1.2932564e-16	1.1601138e-16	-1.0672567e-16	0	-3.641936e-17
1.7600000000059504e-09	-2.9063122e-07	6.744003e-08	0.00035750255	0.13612771	-1.5646622e-16	-1.2932262e-16	1.160088e-16	-1.0673227e-16	0	-3.6420117e-17
1.7700000000060362e-09	-2.6355684e-07	7.2580356e-08	0.0003508675	0.13614088	-1.5647249e-16	-1.2931954e-16	1.1600616e-16	-1.06738354e-16	0	-3.642077e-17
1.780000000006122e-09	-2.4043212e-07	7.133545e-08	0.0003447146	0.13615227	-1.5647819e-16	-1.293164e-16	1.1600348e-16	-1.0674397e-16	0	-3.642131e-17
1.7900000000062078e-09	-2.1792694e-07	7.148453e-08	0.00033922252	0.13616157	-1.5648333e-16	-1.2931324e-16	1.160008e-16	-1.0674915e-16	0	-3.6421735e-17
1.8000000000062936e-09	-1.9797741e-07	7.697723e-08	0.00033449367	0.13616869	-1.5648801e-16	-1.293101e-16	1.1599809e-16	-1.0675397e-16	0	-3.6422046e-17
1.8100000000063794e-09	-1.7511599e-07	8.161999e-08	0.00033062976	0.13617414	-1.5649226e-16	-1.2930699e-16	1.1599543e-16	-1.0675844e-16	0	-3.6422255e-17
1.8200000000064652e-09	-1.6160979e-07	8.8152376e-08	0.000327664	0.136178	-1.5649614e-16	-1.2930395e-16	1.1599278e-16	-1.0676261e-16	0	-3.642236e-17
1.830000000006551e-09	-1.501326e-07	9.254538e-08	0.0003255388	0.1361804	-1.5649969e-16	-1.2930097e-16	1.1599018e-16	-1.0676651e-16	0	-3.6422387e-17
1.8400000000066367e-09	-1.4283741e-07	9.701776e-08	0.00032422907	0.13618165	-1.5650293e-16	-1.2929808e-16	1.1598762e-16	-1.0677012e-16	0	-3.6422344e-17
1.8500000000067225e-09	-1.3777257e-07	1.0213292e-07	0.00032354167	0.13618186	-1.5650593e-16	-1.2929528e-16	1.1598512e-16	-1.06773526e-16	0	-3.6422258e-17
1.8600000000068083e-09	-1.3052383e-07	1.0961013e-07	0.00032327682	0.13618156	-1.5650873e-16	-1.2929256e-16	1.1598267e-16	-1.067767e-16	0	-3.642213e-17
1.870000000006742e-09	-1.283709e-07	1.1334292e-07	0.0003234513	0.13618055	-1.5651131e-16	-1.2928993e-16	1.1598028e-16	-1.06779667e-16	0	-3.642199e-17
1.880000000006621e-09	-1.2624893e-07	1.2096726e-07	0.0003239722	0.13617878	-1.5651374e-16	-1.292874e-16	1.1597793e-16	-1.0678244e-16	0	-3.6421838e-17
1.8900000000065e-09	-1.297339e-07	1.2494787e-07	0.00032472782	0.1361765	-1.5651605e-16	-1.2928494e-16	1.1597562e-16	-1.0678504e-16	0	-3.6421682e-17
1.900000000006379e-09	-1.2885104e-07	1.2803788e-07	0.00032558243	0.13617423	-1.5651819e-16	-1.2928256e-16	1.1597337e-16	-1.0678749e-16	0	-3.6421533e-17
1.910000000006258e-09	-1.2826247e-07	1.3397009e-07	0.00032655188	0.13617162	-1.5652024e-16	-1.2928028e-16	1.159712e-16	-1.06789765e-16	0	-3.642139e-17
1.920000000006137e-09	-1.2426638e-07	1.3764867e-07	0.00032753978	0.1361686	-1.5652215e-16	-1.2927807e-16	1.159691e-16	-1.0679192e-16	0	-3.6421262e-17
1.930000000006016e-09	-1.221599e-07	1.4214041e-07	0.00032845975	0.1361654	-1.5652397e-16	-1.2927594e-16	1.1596704e-16	-1.0679393e-16	0	-3.642115e-17
1.940000000005895e-09	-1.1954229e-07	1.4255086e-07	0.00032938362	0.13616207	-1.5652575e-16	-1.292739e-16	1.1596507e-16	-1.0679588e-16	0	-3.6421034e-17
1.950000000005774e-09	-1.1529838e-07	1.4105619e-07	0.00033019422	0.13615862	-1.5652741e-16	-1.2927196e-16	1.1596316e-16	-1.0679769e-16	0	-3.6420924e-17
1.960000000005653e-09	-1.138889e-07	1.429071e-07	0.0003309318	0.13615522	-1.5652904e-16	-1.292701e-16	1.1596134e-16	-1.06799446e-16	0	-3.6420815e-17
1.9700000000055318e-09	-1.1189085e-07	1.4622944e-07	0.00033160017	0.13615184	-1.5653055e-16	-1.2926833e-16	1.1595959e-16	-1.06801094e-16	0	-3.6420706e-17
1.9800000000054108e-09	-1.0730617e-07	1.4476575e-07	0.00033221036	0.13614847	-1.5653205e-16	-1.2926665e-16	1.1595794e-16	-1.0680272e-16	0	-3.6420597e-17
1.9900000000052898e-09	-1.0098675e-07	1.4399906e-07	0.0003326226	0.13614511	-1.5653345e-16	-1.2926508e-16	1.1595636e-16	-1.0680425e-16	0	-3.642048e-17
2.0000000000051688e-09	-9.799742e-08	1.4217139e-07	0.00033295917	0.1361419	-1.5653481e-16	-1.2926357e-16	1.1595485e-16	-1.0680574e-16	0	-3.6420362e-17
2.0100000000050478e-09	-9.730043e-08	1.3862446e-07	0.00033317812	0.13613886	-1.5653611e-16	-1.2926216e-16	1.1595344e-16	-1.06807155e-16	0	-3.6420243e-17
2.0200000000049267e-09	-9.615426e-08	1.398016e-07	0.00033328912	0.13613597	-1.565374e-16	-1.292608e-16	1.1595206e-16	-1.0680855e-16	0	-3.642012e-17
2.0300000000048057e-09	-9.304102e-08	1.3637084e-07	0.00033338627	0.1361332	-1.5653862e-16	-1.2925952e-16	1.1595078e-16	-1.06809895e-16	0	-3.6419995e-17
2.0400000000046847e-09	-9.156959e-08	1.353176e-07	0.00033333735	0.13613041	-1.565398e-16	-1.2925831e-16	1.1594956e-16	-1.0681117e-16	0	-3.6419872e-17
2.0500000000045637e-09	-8.864221e-08	1.3329633e-07	0.00033321045	0.13612765	-1.5654093e-16	-1.2925715e-16	1.159484e-16	-1.0681242e-16	0	-3.6419743e-17
2.0600000000044427e-09	-9.214267e-08	1.3211918e-07	0.0003330548	0.13612503	-1.5654205e-16	-1.2925605e-16	1.1594724e-16	-1.0681363e-16	0	-3.641962e-17
2.0700000000043217e-09	-9.212718e-08	1.315306e-07	0.00033289325	0.13612248	-1.565431e-16	-1.2925498e-16	1.1594617e-16	-1.0681479e-16	0	-3.64195e-17
2.0800000000042007e-09	-9.1228834e-08	1.277591e-07	0.00033274095	0.1361201	-1.5654413e-16	-1.2925399e-16	1.1594514e-16	-1.06815904e-16	0	-3.6419376e-17
2.0900000000040797e-09	-9.2467936e-08	1.2576103e-07	0.00033253725	0.13611785	-1.5654514e-16	-1.2925299e-16	1.1594413e-16	-1.06817e-16	0	-3.6419257e-17
2.1000000000039587e-09	-9.191034e-08	1.2652774e-07	0.0003323552	0.1361157	-1.5654607e-16	-1.2925208e-16	1.1594318e-16	-1.06818054e-16	0	-3.6419138e-17
2.1100000000038377e-09	-9.203425e-08	1.2258585e-07	0.00033213044	0.13611367	-1.56547e-16	-1.2925117e-16	1.1594224e-16	-1.0681906e-16	0	-3.641902e-17
2.1200000000037166e-09	-9.166252e-08	1.2037869e-07	0.00033192142	0.13611177	-1.565479e-16	-1.2925029e-16	1.1594134e-16	-1.0682003e-16	0	-3.641891e-17
2.1300000000035956e-09	-9.1801915e-08	1.1596439e-07	0.0003317498	0.13610993	-1.5654875e-16	-1.2924945e-16	1.1594048e-16	-1.06820986e-16	0	-3.6418797e-17
2.1400000000034746e-09	-9.112041e-08	1.14709806e-07	0.00033158885	0.13610809	-1.5654962e-16	-1.2924864e-16	1.1593962e-16	-1.0682189e-16	0	-3.6418688e-17
2.1500000000033536e-09	-9.263831e-08	1.13315814e-07	0.00033147694	0.13610625	-1.565504e-16	-1.2924784e-16	1.159388e-16	-1.0682279e-16	0	-3.6418575e-17
2.1600000000032326e-09	-9.398583e-08	1.09892795e-07	0.00033142764	0.13610445	-1.565512e-16	-1.2924709e-16	1.15938e-16	-1.06823646e-16	0	-3.641847e-17
2.1700000000031116e-09	-9.0113645e-08	1.059509e-07	0.0003313425	0.13610268	-1.5655195e-16	-1.2924635e-16	1.1593725e-16	-1.0682448e-16	0	-3.6418367e-17
2.1800000000029906e-09	-9.000522e-08	1.000342e-07	0.0003313058	0.13610105	-1.5655267e-16	-1.2924562e-16	1.159365e-16	-1.068253e-16	0	-3.641826e-17
2.1900000000028696e-09	-8.9432135e-08	9.787352e-08	0.00033127595	0.13609958	-1.565534e-16	-1.2924493e-16	1.1593577e-16	-1.0682606e-16	0	-3.641816e-17
2.2000000000027486e-09	-9.08571e-08	9.6464035e-08	0.00033119417	0.13609812	-1.5655406e-16	-1.2924424e-16	1.1593505e-16	-1.06826816e-16	0	-3.641806e-17
2.2100000000026276e-09	-9.0671236e-08	9.376899e-08	0.00033113422	0.13609672	-1.5655472e-16	-1.292436e-16	1.1593438e-16	-1.0682754e-16	0	-3.6417963e-17
2.2200000000025065e-09	-8.803815e-08	9.228207e-08	0.0003311787	0.1360954	-1.5655537e-16	-1.2924296e-16	1.159337e-16	-1.0682823e-16	0	-3.6417867e-17
2.2300000000023855e-09	-8.695393e-08	9.014462e-08	0.00033115415	0.13609424	-1.56556e-16	-1.2924234e-16	1.1593304e-16	-1.06828934e-16	0	-3.6417765e-17
2.2400000000022645e-09	-9.0051685e-08	8.70004e-08	0.00033110633	0.13609312	-1.5655657e-16	-1.2924173e-16	1.1593243e-16	-1.0682959e-16	0	-3.6417675e-17
2.2500000000021435e-09	-8.9478604e-08	8.150189e-08	0.00033108267	0.13609202	-1.5655715e-16	-1.2924115e-16	1.1593181e-16	-1.0683023e-16	0	-3.6417576e-17
2.2600000000020225e-09	-8.8301455e-08	7.87294e-08	0.00033112493	0.13609096	-1.5655768e-16	-1.2924058e-16	1.1593123e-16	-1.06830846e-16	0	-3.6417487e-17
2.2700000000019015e-09	-8.525017e-08	7.691721e-08	0.00033115578	0.13608998	-1.5655824e-16	-1.2924004e-16	1.1593065e-16	-1.06831455e-16	0	-3.6417394e-17
2.2800000000017805e-09	-8.506431e-08	7.3230886e-08	0.00033118165	0.13608903	-1.5655877e-16	-1.2923949e-16	1.1593008e-16	-1.06832044e-16	0	-3.6417298e-17
2.2900000000016595e-09	-8.7774836e-08	7.044291e-08	0.00033120185	0.13608818	-1.5655926e-16	-1.2923898e-16	1.1592953e-16	-1.0683259e-16	0	-3.6417215e-17
2.3000000000015385e-09	-8.53431e-08	6.9606514e-08	0.00033128884	0.13608749	-1.5655973e-16	-1.2923846e-16	1.15929e-16	-1.0683315e-16	0	-3.6417123e-17
2.3100000000014175e-09	-8.5420545e-08	6.514575e-08	0.00033137682	0.13608693	-1.5656021e-16	-1.2923797e-16	1.1592849e-16	-1.0683367e-16	0	-3.6417037e-17
2.3200000000012965e-09	-8.4104e-08	5.961626e-08	0.00033151114	0.13608652	-1.5656066e-16	-1.292375e-16	1.1592799e-16	-1.0683419e-16	0	-3.6416954e-17
2.3300000000011754e-09	-8.377874e-08	5.6069332e-08	0.00033158337	0.13608614	-1.565611e-16	-1.2923704e-16	1.159275e-16	-1.0683469e-16	0	-3.6416868e-17
2.3400000000010544e-09	-8.497137e-08	5.860949e-08	0.00033169353	0.13608584	-1.5656153e-16	-1.2923658e-16	1.1592701e-16	-1.06835174e-16	0	-3.6416792e-17
2.3500000000009334e-09	-8.5296634e-08	5.523294e-08	0.0003318156	0.13608566	-1.5656193e-16	-1.2923614e-16	1.1592656e-16	-1.0683563e-16	0	-3.641671e-17
2.3600000000008124e-09	-8.444476e-08	5.1205863e-08	0.00033191434	0.13608554	-1.5656233e-16	-1.2923571e-16	1.159261e-16	-1.06836094e-16	0	-3.6416626e-17
2.3700000000006914e-09	-8.2431214e-08	4.8789612e-08	0.00033205858	0.13608548	-1.5656271e-16	-1.2923528e-16	1.1592566e-16	-1.06836524e-16	0	-3.6416554e-17
2.3800000000005704e-09	-8.044865e-08	4.4112006e-08	0.00033222573	0.13608551	-1.5656307e-16	-1.2923489e-16	1.1592523e-16	-1.0683694e-16	0	-3.6416474e-17
2.3900000000004494e-09	-8.0789405e-08	4.2253355e-08	0.00033240343	0.13608563	-1.5656344e-16	-1.2923449e-16	1.1592481e-16	-1.0683737e-16	0	-3.64164e-17
2.4000000000003284e-09	-7.744383e-08	3.8071388e-08	0.00033254543	0.13608582	-1.5656381e-16	-1.292341e-16	1.159244e-16	-1.0683776e-16	0	-3.641633e-17
2.4100000000002074e-09	-7.690173e-08	3.752928e-08	0.00033271097	0.13608608	-1.5656415e-16	-1.2923374e-16	1.15924e-16	-1.0683817e-16	0	-3.641626e-17
2.4200000000000864e-09	-7.5987884e-08	3.6476045e-08	0.00033285073	0.1360864	-1.5656447e-16	-1.2923335e-16	1.159236e-16	-1.0683854e-16	0	-3.641619e-17
2.4300099999999652e-09	-7.7800074e-08	3.038896e-08	0.00033303016	0.13608682	-1.5656479e-16	-1.2923298e-16	1.1592321e-16	-1.068389e-16	0	-3.6416124e-17
2.4400099999998442e-09	-7.577105e-08	2.8452863e-08	0.0003332547	0.13608733	-1.5656508e-16	-1.2923262e-16	1.1592285e-16	-1.06839243e-16	0	-3.6416054e-17
2.450009999999723e-09	-7.45939e-08	2.6609701e-08	0.00033346112	0.136088	-1.5656538e-16	-1.2923228e-16	1.1592248e-16	-1.0683961e-16	0	-3.6415988e-17
2.460009999999602e-09	-7.337029e-08	2.611406e-08	0.00033367277	0.13608874	-1.5656565e-16	-1.2923194e-16	1.1592212e-16	-1.06839925e-16	0	-3.6415925e-17
2.470009999999481e-09	-7.43151e-08	2.3837211e-08	0.00033387536	0.1360896	-1.5656594e-16	-1.292316e-16	1.1592177e-16	-1.0684025e-16	0	-3.6415865e-17
2.48000999999936e-09	-7.118637e-08	2.1405475e-08	0.000334114	0.1360905	-1.5656622e-16	-1.2923126e-16	1.1592144e-16	-1.0684058e-16	0	-3.6415806e-17
2.490009999999239e-09	-6.767042e-08	2.0816902e-08	0.0003342851	0.13609147	-1.565665e-16	-1.2923094e-16	1.1592109e-16	-1.0684089e-16	0	-3.6415743e-17
2.500009999999118e-09	-6.6183496e-08	1.7626215e-08	0.00033449687	0.13609251	-1.5656675e-16	-1.2923063e-16	1.1592075e-16	-1.06841176e-16	0	-3.641569e-17
2.510009999998997e-09	-6.643132e-08	1.68208e-08	0.00033473803	0.13609362	-1.5656696e-16	-1.2923032e-16	1.1592044e-16	-1.06841454e-16	0	-3.6415627e-17
2.520009999998876e-09	-6.565688e-08	1.53029e-08	0.00033498683	0.13609475	-1.5656722e-16	-1.2923002e-16	1.1592011e-16	-1.0684174e-16	0	-3.6415578e-17
2.530009999998755e-09	-6.46656e-08	1.1848906e-08	0.0003352126	0.13609596	-1.5656745e-16	-1.292297e-16	1.159198e-16	-1.06842016e-16	0	-3.6415528e-17
2.540009999998634e-09	-6.429387e-08	1.143071e-08	0.0003353962	0.13609722	-1.5656766e-16	-1.2922941e-16	1.1591949e-16	-1.06842274e-16	0	-3.6415475e-17
2.550009999998513e-09	-6.30083e-08	9.7889e-09	0.00033559473	0.13609856	-1.565679e-16	-1.2922912e-16	1.1591919e-16	-1.06842546e-16	0	-3.6415425e-17
2.560009999998392e-09	-5.922904e-08	8.116113e-09	0.00033582893	0.13609993	-1.5656811e-16	-1.2922883e-16	1.159189e-16	-1.068428e-16	0	-3.6415382e-17
2.570009999998271e-09	-5.8950246e-08	7.0009225e-09	0.00033604365	0.13610134	-1.5656831e-16	-1.2922853e-16	1.1591859e-16	-1.0684303e-16	0	-3.6415333e-17
2.58000999999815e-09	-5.8733402e-08	7.837316e-09	0.00033627648	0.13610278	-1.5656851e-16	-1.2922824e-16	1.1591829e-16	-1.06843274e-16	0	-3.6415283e-17
2.590009999998029e-09	-5.995702e-08	4.9254276e-09	0.0003365192	0.13610427	-1.5656872e-16	-1.2922797e-16	1.1591801e-16	-1.0684351e-16	0	-3.6415243e-17
2.600009999997908e-09	-5.5403316e-08	3.7482812e-09	0.00033675984	0.13610582	-1.565689e-16	-1.2922769e-16	1.1591772e-16	-1.0684374e-16	0	-3.64152e-17
2.610009999997787e-09	-5.572858e-08	6.505282e-10	0.0003370027	0.1361074	-1.5656909e-16	-1.2922741e-16	1.1591744e-16	-1.0684395e-16	0	-3.641516e-17
2.620009999997666e-09	-5.4721813e-08	1.1771463e-09	0.0003372488	0.13610904	-1.5656926e-16	-1.2922714e-16	1.1591716e-16	-1.0684416e-16	0	-3.641512e-17
2.630009999997545e-09	-5.5047074e-08	1.4094778e-09	0.0003374866	0.1361107	-1.5656945e-16	-1.2922687e-16	1.1591687e-16	-1.0684437e-16	0	-3.641508e-17
2.640009999997424e-09	-5.1825413e-08	1.9515844e-09	0.00033774952	0.1361124	-1.5656963e-16	-1.292266e-16	1.159166e-16	-1.06844584e-16	0	-3.6415045e-17
2.650009999997303e-09	-5.0245557e-08	-7.27972e-10	0.00033800365	0.13611415	-1.5656979e-16	-1.2922634e-16	1.1591634e-16	-1.0684478e-16	0	-3.641501e-17
2.660009999997182e-09	-4.984285e-08	-4.5536974e-09	0.00033823587	0.13611597	-1.5656995e-16	-1.2922609e-16	1.1591608e-16	-1.06844974e-16	0	-3.6414975e-17
2.670009999997061e-09	-4.9780894e-08	-4.0580566e-09	0.00033845656	0.1361178	-1.565701e-16	-1.2922582e-16	1.1591582e-16	-1.0684515e-16	0	-3.641494e-17
2.68000999999694e-09	-4.6760587e-08	-3.6863264e-09	0.00033866224	0.1361197	-1.5657026e-16	-1.2922557e-16	1.1591556e-16	-1.06845345e-16	0	-3.6414906e-17
2.690009999996819e-09	-4.844886e-08	-3.5933938e-09	0.00033884376	0.13612162	-1.5657043e-16	-1.292253e-16	1.159153e-16	-1.0684553e-16	0	-3.6414873e-17
2.700009999996698e-09	-4.7008406e-08	-6.5362595e-09	0.0003390864	0.13612358	-1.5657057e-16	-1.2922505e-16	1.1591503e-16	-1.068457e-16	0	-3.6414846e-17
2.710009999996577e-09	-4.378674e-08	-6.226484e-09	0.00033932022	0.13612555	-1.5657073e-16	-1.2922482e-16	1.1591479e-16	-1.0684588e-16	0	-3.641482e-17
2.720009999996456e-09	-4.1463426e-08	-8.271001e-09	0.00033955625	0.13612758	-1.5657085e-16	-1.2922456e-16	1.1591453e-16	-1.0684603e-16	0	-3.6414784e-17
2.730009999996335e-09	-4.307426e-08	-8.178069e-09	0.0003398027	0.13612962	-1.5657098e-16	-1.2922431e-16	1.1591428e-16	-1.06846205e-16	0	-3.6414764e-17
2.740009999996214e-09	-4.1540872e-08	-8.921529e-09	0.00034003367	0.13613169	-1.5657113e-16	-1.2922406e-16	1.1591404e-16	-1.06846364e-16	0	-3.6414734e-17
2.750009999996093e-09	-4.078192e-08	-9.664991e-09	0.00034021473	0.13613378	-1.5657123e-16	-1.292238e-16	1.1591379e-16	-1.0684651e-16	0	-3.641471e-17
2.760009999995972e-09	-3.9728686e-08	-9.618524e-09	0.00034041546	0.1361359	-1.5657139e-16	-1.2922357e-16	1.1591353e-16	-1.06846675e-16	0	-3.6414684e-17
2.770009999995851e-09	-4.0472145e-08	-1.1570108e-08	0.00034067256	0.13613808	-1.5657151e-16	-1.2922332e-16	1.159133e-16	-1.0684682e-16	0	-3.6414664e-17
2.78000999999573e-09	-3.966673e-08	-1.2313569e-08	0.0003409122	0.13614029	-1.5657163e-16	-1.2922307e-16	1.1591304e-16	-1.0684698e-16	0	-3.641464e-17
2.790009999995609e-09	-3.678582e-08	-1.1895373e-08	0.00034115606	0.13614252	-1.5657175e-16	-1.2922283e-16	1.1591282e-16	-1.0684711e-16	0	-3.6414618e-17
2.800009999995488e-09	-3.7730636e-08	-1.1492665e-08	0.00034139695	0.13614477	-1.5657187e-16	-1.2922259e-16	1.1591257e-16	-1.0684725e-16	0	-3.6414598e-17
2.810009999995367e-09	-3.4369574e-08	-1.10899565e-08	0.0003415635	0.13614704	-1.5657199e-16	-1.2922235e-16	1.1591233e-16	-1.0684739e-16	0	-3.6414582e-17
2.820009999995246e-09	-3.3920397e-08	-1.1957328e-08	0.00034173595	0.13614932	-1.5657212e-16	-1.2922213e-16	1.159121e-16	-1.06847535e-16	0	-3.6414562e-17
2.830009999995125e-09	-3.4725815e-08	-1.1384243e-08	0.000341945	0.1361516	-1.5657223e-16	-1.2922189e-16	1.1591187e-16	-1.0684766e-16	0	-3.6414545e-17
2.840009999995004e-09	-3.4958145e-08	-1.3196429e-08	0.00034219146	0.13615388	-1.565723e-16	-1.2922164e-16	1.1591164e-16	-1.0684778e-16	0	-3.641453e-17
2.850009999994883e-09	-3.5097543e-08	-1.205026e-08	0.00034239131	0.13615619	-1.5657244e-16	-1.2922141e-16	1.159114e-16	-1.0684792e-16	0	-3.641451e-17
2.860009999994762e-09	-3.4307618e-08	-1.4776283e-08	0.00034259292	0.1361585	-1.5657254e-16	-1.2922118e-16	1.1591118e-16	-1.06848045e-16	0	-3.6414496e-17
2.870009999994641e-09	-3.2092725e-08	-1.4931171e-08	0.00034275648	0.13616084	-1.5657265e-16	-1.2922094e-16	1.1591094e-16	-1.06848164e-16	0	-3.641448e-17
2.8800099999945198e-09	-3.138024e-08	-1.4962149e-08	0.0003429068	0.13616316	-1.5657274e-16	-1.292207e-16	1.1591071e-16	-1.0684829e-16	0	-3.641447e-17
2.8900099999943988e-09	-3.2495432e-08	-1.5457788e-08	0.00034307197	0.13616551	-1.5657285e-16	-1.2922049e-16	1.1591049e-16	-1.0684839e-16	0	-3.6414456e-17
2.9000099999942778e-09	-3.1705504e-08	-1.4931171e-08	0.0003432732	0.13616787	-1.5657296e-16	-1.2922025e-16	1.1591026e-16	-1.0684852e-16	0	-3.641444e-17
2.9100099999941568e-09	-3.100851e-08	-1.4838238e-08	0.00034349374	0.13617025	-1.5657303e-16	-1.2922002e-16	1.1591004e-16	-1.06848614e-16	0	-3.6414433e-17
2.9200099999940357e-09	-2.8019178e-08	-1.5922451e-08	0.00034370835	0.13617264	-1.5657314e-16	-1.292198e-16	1.1590981e-16	-1.0684872e-16	0	-3.641442e-17
2.9300099999939147e-09	-2.5928195e-08	-1.5798541e-08	0.00034392075	0.13617504	-1.5657323e-16	-1.2921956e-16	1.159096e-16	-1.06848865e-16	0	-3.6414406e-17
2.9400099999937937e-09	-2.8205044e-08	-1.6511025e-08	0.00034411342	0.13617747	-1.5657333e-16	-1.2921935e-16	1.1590938e-16	-1.0684896e-16	0	-3.64144e-17
2.9500099999936727e-09	-2.8406397e-08	-1.5086059e-08	0.00034430015	0.13617988	-1.5657339e-16	-1.2921911e-16	1.1590915e-16	-1.0684905e-16	0	-3.641439e-17
2.9600099999935517e-09	-2.8236022e-08	-1.4652373e-08	0.00034444698	0.13618231	-1.565735e-16	-1.292189e-16	1.1590894e-16	-1.06849156e-16	0	-3.6414377e-17
2.9700099999934307e-09	-2.6950453e-08	-1.431162e-08	0.0003445901	0.13618474	-1.5657358e-16	-1.2921867e-16	1.1590873e-16	-1.06849256e-16	0	-3.6414373e-17
2.9800099999933097e-09	-2.6718121e-08	-1.4528463e-08	0.00034476185	0.13618718	-1.5657367e-16	-1.2921845e-16	1.1590852e-16	-1.0684936e-16	0	-3.641437e-17
2.9900099999931887e-09	-2.549451e-08	-1.4745305e-08	0.00034493458	0.13618962	-1.5657375e-16	-1.2921824e-16	1.159083e-16	-1.0684946e-16	0	-3.6414357e-17
3.0000099999930677e-09	-2.7833313e-08	-1.28866535e-08	0.00034508388	0.13619205	-1.5657383e-16	-1.29218e-16	1.159081e-16	-1.06849553e-16	0	-3.6414353e-17
