# t (s)	mx ()	my ()	mz ()	spinAngle (rad)	E_total (J)	E_anis (J)	E_demag (J)	E_exch (J)	E_therm (J)	E_custom (J)
0	0	0	0	0.016871518	-1.4881494e-17	-4.5216002e-17	3.1580902e-17	5.5360005e-18	0	-6.7824004e-18
1.0000000000000124e-11	6.749287e-10	0	0.0029640822	0.03099094	-2.3302904e-17	-4.0495203e-17	2.8595574e-17	-4.74247e-18	0	-6.6608065e-18
2.0009999999999403e-11	4.387037e-09	-6.749287e-10	0.007941278	0.03693601	-2.4154425e-17	-3.7584387e-17	2.6631123e-17	-6.544129e-18	0	-6.65703e-18
3.000999999999824e-11	1.0461395e-08	-2.9528133e-09	0.014248095	0.04467851	-2.4773227e-17	-3.5414434e-17	2.5049688e-17	-7.762248e-18	0	-6.6462324e-18
4.000000000000001e-11	1.3498575e-08	-3.9652064e-09	0.01993661	0.054413464	-2.5631224e-17	-3.4229144e-17	2.4018344e-17	-8.839631e-18	0	-6.5807913e-18
5.0000000000001785e-11	9.617735e-09	-2.5309828e-09	0.019944016	0.06299871	-2.6839688e-17	-3.3795304e-17	2.3600662e-17	-1.0108171e-17	0	-6.5368775e-18
6.00000000000024e-11	3.3746437e-09	1.1811253e-09	0.014368731	0.0687768	-2.8075046e-17	-3.322874e-17	2.3226552e-17	-1.15148695e-17	0	-6.5579867e-18
7.000999999999771e-11	-1.0123932e-09	5.2306977e-09	0.0072449036	0.07236245	-2.9076514e-17	-3.227707e-17	2.2611247e-17	-1.2806308e-17	0	-6.6043833e-18
8.000999999999302e-11	-4.387037e-09	8.9006225e-09	0.0015241518	0.074692585	-2.9807983e-17	-3.1335107e-17	2.1993993e-17	-1.3812895e-17	0	-6.6539724e-18
9.000999999998834e-11	-8.774074e-09	1.316111e-08	-0.0019746458	0.07669033	-3.0314465e-17	-3.0745992e-17	2.1615134e-17	-1.448833e-17	0	-6.695276e-18
1.0000999999998365e-10	-1.1811253e-08	1.6409205e-08	-0.0031734558	0.07841129	-3.0649543e-17	-3.037813e-17	2.1382558e-17	-1.4928676e-17	0	-6.7252977e-18
1.1000999999997896e-10	-1.46797e-08	1.7885611e-08	-0.0028332276	0.07980921	-3.0864266e-17	-3.009973e-17	2.1206039e-17	-1.5224898e-17	0	-6.7456744e-18
1.2000999999997891e-10	-1.619829e-08	1.7632514e-08	-0.0021520515	0.08095921	-3.099731e-17	-2.9936616e-17	2.11047e-17	-1.5406398e-17	0	-6.7589958e-18
1.3000999999998715e-10	-1.7885611e-08	1.8054344e-08	-0.0019215842	0.081914015	-3.1076166e-17	-2.985774e-17	2.1058409e-17	-1.5509617e-17	0	-6.7672196e-18
1.400099999999954e-10	-2.0500961e-08	1.8307443e-08	-0.002301816	0.08265376	-3.112207e-17	-2.9826654e-17	2.1041877e-17	-1.5565486e-17	0	-6.771803e-18
1.5000000000000362e-10	-2.2272648e-08	1.6704487e-08	-0.0029424718	0.08315506	-3.115072e-17	-2.9831455e-17	2.1046428e-17	-1.559169e-17	0	-6.7740017e-18
1.6000000000001186e-10	-2.0817334e-08	1.6113924e-08	-0.0033811352	0.08340801	-3.1172047e-17	-2.9865912e-17	2.1068151e-17	-1.5599323e-17	0	-6.7749608e-18
1.700000000000201e-10	-2.0221497e-08	1.3920405e-08	-0.0034017253	0.083441444	-3.1190718e-17	-2.9927888e-17	2.1106099e-17	-1.5593491e-17	0	-6.7754356e-18
1.8000000000002833e-10	-1.9135285e-08	1.0630128e-08	-0.0030930627	0.08331013	-3.120816e-17	-3.0009864e-17	2.1155743e-17	-1.5578233e-17	0	-6.775809e-18
1.9000000000003657e-10	-1.6957586e-08	9.1959045e-09	-0.00267109	0.08310333	-3.1224248e-17	-3.0095868e-17	2.1207194e-17	-1.555936e-17	0	-6.7762156e-18
2.000000000000448e-10	-1.2359632e-08	5.9899925e-09	-0.0022987276	0.0829093	-3.123847e-17	-3.0171486e-17	2.1251794e-17	-1.5542112e-17	0	-6.776662e-18
2.1000000000005304e-10	-1.0935955e-08	3.9652064e-09	-0.0020306986	0.08277773	-3.1250516e-17	-3.0230798e-17	2.1286337e-17	-1.5528956e-17	0	-6.7770978e-18
2.2000000000006128e-10	-1.0772496e-08	4.640135e-09	-0.0018558886	0.082706	-3.126046e-17	-3.0275644e-17	2.1312242e-17	-1.5519599e-17	0	-6.7774593e-18
2.3000000000006952e-10	-6.111269e-09	4.3026707e-09	-0.0017499229	0.08266405	-3.1268592e-17	-3.031098e-17	2.1332609e-17	-1.5512503e-17	0	-6.777715e-18
2.4000000000005925e-10	-5.6525282e-09	1.7295049e-09	-0.0016927469	0.082631044	-3.1275275e-17	-3.0341015e-17	2.1349993e-17	-1.5506382e-17	0	-6.7778704e-18
2.5000000000004163e-10	-5.315064e-09	4.344854e-09	-0.0016653462	0.082597144	-3.128082e-17	-3.036769e-17	2.1365592e-17	-1.5500767e-17	0	-6.7779547e-18
2.60000000000024e-10	-4.513586e-09	5.0197824e-09	-0.0016501019	0.08255907	-3.1285493e-17	-3.039133e-17	2.1379565e-17	-1.5495746e-17	0	-6.777984e-18
2.700000000000064e-10	-2.657532e-09	3.4590097e-09	-0.0016364548	0.082513586	-3.128948e-17	-3.041182e-17	2.139176e-17	-1.5491457e-17	0	-6.7779605e-18
2.800099999999888e-10	-1.2971286e-09	2.4044338e-09	-0.0016222638	0.08245493	-3.129294e-17	-3.0429384e-17	2.140219e-17	-1.5487863e-17	0	-6.7778815e-18
2.9000999999997117e-10	1.4236778e-09	2.0247863e-09	-0.001609298	0.08237937	-3.1295985e-17	-3.0444406e-17	2.1411016e-17	-1.5484852e-17	0	-6.777744e-18
3.0000999999995355e-10	2.2409743e-09	-1.2654914e-09	-0.0015987358	0.08228676	-3.129873e-17	-3.0457197e-17	2.1418394e-17	-1.5482384e-17	0	-6.777542e-18
3.1000999999993594e-10	1.2338541e-09	-3.5222845e-09	-0.0015901797	0.08217629	-3.130129e-17	-3.0467874e-17	2.1424363e-17	-1.5480505e-17	0	-6.777274e-18
3.2000999999991833e-10	-1.502771e-09	8.436609e-11	-0.0015825786	0.08204696	-3.1303757e-17	-3.0476447e-17	2.1428936e-17	-1.5479312e-17	0	-6.776936e-18
3.300099999999007e-10	-6.538372e-10	1.9826032e-09	-0.0015748598	0.08189827	-3.130623e-17	-3.0482922e-17	2.143211e-17	-1.5478895e-17	0	-6.77652e-18
3.400099999998831e-10	2.573166e-09	1.94042e-09	-0.0015665764	0.08173155	-3.1308793e-17	-3.0487303e-17	2.1433876e-17	-1.5479347e-17	0	-6.776018e-18
3.500099999998655e-10	-1.2496727e-09	8.6475245e-09	-0.0015579144	0.081548	-3.1311522e-17	-3.048955e-17	2.1434208e-17	-1.5480763e-17	0	-6.775419e-18
3.600099999998479e-10	-3.3377336e-09	1.05035785e-08	-0.0015497488	0.08134687	-3.1314517e-17	-3.0489576e-17	2.143304e-17	-1.5483273e-17	0	-6.774709e-18
3.7000999999983027e-10	1.4974981e-09	6.4012773e-09	-0.0015430656	0.08113287	-3.131785e-17	-3.0487254e-17	2.1430283e-17	-1.5487005e-17	0	-6.773872e-18
3.8000999999981266e-10	2.520437e-09	9.870833e-09	-0.0015385774	0.08091288	-3.1321617e-17	-3.0482423e-17	2.1425803e-17	-1.549211e-17	0	-6.772887e-18
3.9000999999979505e-10	2.5837117e-09	1.2211992e-08	-0.0015365202	0.08070747	-3.1325912e-17	-3.0474856e-17	2.1419437e-17	-1.5498767e-17	0	-6.771731e-18
4.0000999999977743e-10	4.5452233e-09	1.7674697e-08	-0.0015369002	0.0805303	-3.1330875e-17	-3.046427e-17	2.141096e-17	-1.5507196e-17	0	-6.7703695e-18
4.100099999997598e-10	4.6506807e-09	2.0880607e-08	-0.0015395844	0.08040921	-3.1336606e-17	-3.0450285e-17	2.1400102e-17	-1.5517662e-17	0	-6.7687606e-18
4.200099999997422e-10	5.779077e-09	2.4575579e-08	-0.0015445285	0.080424294	-3.1343286e-17	-3.0432468e-17	2.1386526e-17	-1.5530496e-17	0	-6.766847e-18
4.300099999997246e-10	4.555769e-09	2.8828158e-08	-0.0015518499	0.08056626	-3.135109e-17	-3.0410223e-17	2.1369804e-17	-1.5546115e-17	0	-6.7645573e-18
4.40009999999707e-10	-8.436609e-11	3.383344e-08	-0.0015617716	0.080813825	-3.1360247e-17	-3.0382853e-17	2.1349427e-17	-1.5565033e-17	0	-6.7617887e-18
4.5000999999968937e-10	-3.7964742e-10	4.0295355e-08	-0.001574872	0.08115415	-3.137103e-17	-3.034947e-17	2.132475e-17	-1.5587901e-17	0	-6.7584097e-18
4.6000999999967176e-10	1.4974981e-09	4.687591e-08	-0.0015918484	0.08158176	-3.1383795e-17	-3.0308966e-17	2.1294964e-17	-1.5615557e-17	0	-6.754237e-18
4.700099999996541e-10	9.385728e-10	4.9617807e-08	-0.0016137006	0.0820982	-3.139898e-17	-3.025997e-17	2.125908e-17	-1.5649061e-17	0	-6.7490295e-18
4.800099999996365e-10	7.751135e-10	5.7463854e-08	-0.001641653	0.08271328	-3.1417147e-17	-3.020078e-17	2.1215861e-17	-1.5689767e-17	0	-6.7424588e-18
4.900099999996189e-10	-2.5889846e-09	6.730305e-08	-0.0016769951	0.08342324	-3.1439014e-17	-3.012928e-17	2.1163772e-17	-1.5739414e-17	0	-6.73409e-18
5.000099999996013e-10	-3.5170116e-09	7.2217375e-08	-0.0017211142	0.08423702	-3.1465534e-17	-3.0042922e-17	2.1100937e-17	-1.5800202e-17	0	-6.72335e-18
5.100099999995837e-10	-3.7753827e-09	7.298722e-08	-0.0017751056	0.08515998	-3.1497923e-17	-2.9938664e-17	2.1025131e-17	-1.5874886e-17	0	-6.709503e-18
5.200099999995661e-10	-3.4379184e-09	7.373597e-08	-0.0018393989	0.08621122	-3.1537737e-17	-2.9813085e-17	2.0933796e-17	-1.5966804e-17	0	-6.6916397e-18
5.300099999995485e-10	-5.146332e-09	7.424216e-08	-0.0019124012	0.08740116	-3.1586884e-17	-2.9662644e-17	2.0824274e-17	-1.6079807e-17	0	-6.6687074e-18
5.400099999995309e-10	-6.6227384e-09	7.434762e-08	-0.0019885453	0.08874758	-3.164764e-17	-2.9484307e-17	2.0694221e-17	-1.6217945e-17	0	-6.6396067e-18
5.500099999995133e-10	-8.31006e-09	6.479316e-08	-0.0020545681	0.09029314	-3.172241e-17	-2.9276817e-17	2.0542544e-17	-1.6384736e-17	0	-6.6034e-18
5.600099999994956e-10	-4.7245012e-09	4.8215224e-08	-0.0020840864	0.09204929	-3.1813257e-17	-2.9042692e-17	2.0370902e-17	-1.6581818e-17	0	-6.5596514e-18
5.70009999999478e-10	-2.3622506e-09	2.68706e-08	-0.0020321894	0.09401641	-3.1920936e-17	-2.8790643e-17	2.0185554e-17	-1.6806905e-17	0	-6.508943e-18
5.800099999994604e-10	-2.8684473e-09	-2.8684473e-09	-0.001839842	0.09627083	-3.2043395e-17	-2.853617e-17	1.9997895e-17	-1.705149e-17	0	-6.453632e-18
5.900099999994428e-10	-1.9193287e-09	-3.104672e-08	-0.0014698205	0.09911235	-3.2174454e-17	-2.8296664e-17	1.9820935e-17	-1.7299808e-17	0	-6.3989183e-18
6.000099999994252e-10	-1.9984219e-09	-4.5642057e-08	-0.0009784234	0.10228604	-3.2304497e-17	-2.8081558e-17	1.9662007e-17	-1.753133e-17	0	-6.353616e-18
6.100099999994076e-10	-1.0967592e-09	-3.501193e-08	-0.0005563233	0.10552434	-3.2425543e-17	-2.788653e-17	1.9518564e-17	-1.7729094e-17	0	-6.3284834e-18
6.2000999999939e-10	2.9949963e-09	1.9066738e-08	-0.00042912914	0.10873452	-3.2538837e-17	-2.7700212e-17	1.9383136e-17	-1.7889649e-17	0	-6.332114e-18
6.300099999993724e-10	8.563158e-09	1.2190901e-07	-0.00064898457	0.11179875	-3.2655056e-17	-2.7519679e-17	1.9253916e-17	-1.8022072e-17	0	-6.367219e-18
6.400099999993547e-10	1.1811253e-08	2.4499914e-07	-0.0010289924	0.11458807	-3.2782412e-17	-2.735646e-17	1.9138228e-17	-1.8137053e-17	0	-6.4271297e-18
6.500099999993371e-10	9.82865e-09	3.334148e-07	-0.0013347545	0.117041945	-3.2917017e-17	-2.722584e-17	1.904515e-17	-1.8238714e-17	0	-6.497615e-18
6.600099999993195e-10	-4.85105e-10	3.658114e-07	-0.0014725849	0.11904721	-3.3047133e-17	-2.7134337e-17	1.8978193e-17	-1.8324072e-17	0	-6.5669182e-18
6.700099999993019e-10	-1.6240472e-08	3.6108688e-07	-0.0014529779	0.12048961	-3.3163282e-17	-2.7075772e-17	1.8933205e-17	-1.8390849e-17	0	-6.6298667e-18
6.800099999992843e-10	-2.7861903e-08	3.2902776e-07	-0.0012805965	0.121417396	-3.3262405e-17	-2.703641e-17	1.8901287e-17	-1.8444733e-17	0	-6.6825473e-18
6.900099999992667e-10	-4.1929948e-08	2.6929658e-07	-0.00097379123	0.121981144	-3.3345546e-17	-2.700385e-17	1.8874602e-17	-1.849684e-17	0	-6.719458e-18
7.000099999992491e-10	-5.7537676e-08	1.7902485e-07	-0.00062496006	0.122373	-3.3414867e-17	-2.6972977e-17	1.88505e-17	-1.8554978e-17	0	-6.737413e-18
7.100099999992315e-10	-6.289492e-08	8.1497646e-08	-0.00035685676	0.12268538	-3.3472926e-17	-2.6945177e-17	1.8830533e-17	-1.8618936e-17	0	-6.7393424e-18
7.200099999992138e-10	-5.8950807e-08	2.8684473e-09	-0.00023048226	0.122965746	-3.3522576e-17	-2.6921958e-17	1.8815558e-17	-1.8683706e-17	0	-6.7324722e-18
7.300099999991962e-10	-5.2370254e-08	-4.0495724e-08	-0.00022445363	0.12322529	-3.3566268e-17	-2.6901459e-17	1.8803475e-17	-1.8744389e-17	0	-6.723894e-18
7.400099999991786e-10	-4.6063885e-08	-6.6649214e-08	-0.0002767606	0.12351818	-3.360545e-17	-2.6880557e-17	1.8791193e-17	-1.8797982e-17	0	-6.7181057e-18
7.50009999999161e-10	-3.9673154e-08	-7.5929485e-08	-0.00032355072	0.12385883	-3.3640787e-17	-2.6857119e-17	1.8776477e-17	-1.884317e-17	0	-6.7169766e-18
7.600099999991434e-10	-3.227003e-08	-7.626695e-08	-0.00032282888	0.12426078	-3.3672604e-17	-2.6830497e-17	1.8758362e-17	-1.8879913e-17	0	-6.720555e-18
7.700099999991258e-10	-2.4845814e-08	-5.8212603e-08	-0.00026609335	0.12472057	-3.3701102e-17	-2.680108e-17	1.8736901e-17	-1.890911e-17	0	-6.727813e-18
7.800099999991082e-10	-1.6556847e-08	-2.8684472e-08	-0.00017050117	0.12524058	-3.3726367e-17	-2.6769687e-17	1.8712761e-17	-1.8932229e-17	0	-6.737212e-18
7.900099999990906e-10	-3.7964742e-09	2.8684473e-09	-5.8546357e-05	0.12579432	-3.3748383e-17	-2.673713e-17	1.8686807e-17	-1.8950908e-17	0	-6.747156e-18
8.00009999999073e-10	5.937264e-09	3.2059116e-08	5.5227396e-05	0.1263216	-3.3767147e-17	-2.6704143e-17	1.8659947e-17	-1.8966623e-17	0	-6.7563252e-18
8.100099999990553e-10	1.8992917e-08	6.040612e-08	0.0001641393	0.12677136	-3.3782725e-17	-2.6671507e-17	1.8633085e-17	-1.8980447e-17	0	-6.7638567e-18
8.200099999990377e-10	2.5112096e-08	8.2003844e-08	0.00026379287	0.12712687	-3.3795357e-17	-2.6640124e-17	1.8607133e-17	-1.8992978e-17	0	-6.7693918e-18
8.300099999990201e-10	3.1104722e-08	9.955199e-08	0.0003491015	0.12737672	-3.3805373e-17	-2.6610867e-17	1.8582922e-17	-1.9004412e-17	0	-6.7730152e-18
8.400099999990025e-10	3.368316e-08	1.1203817e-07	0.00041479905	0.12752599	-3.381319e-17	-2.6584443e-17	1.856109e-17	-1.9014728e-17	0	-6.7751092e-18
8.500099999989849e-10	3.7880376e-08	1.1878746e-07	0.00045752677	0.12758522	-3.3819253e-17	-2.656131e-17	1.8542056e-17	-1.9023827e-17	0	-6.776173e-18
8.600099999989673e-10	3.9525514e-08	1.2553674e-07	0.00047736024	0.12757014	-3.3824014e-17	-2.6541665e-17	1.8525972e-17	-1.9031647e-17	0	-6.7766714e-18
8.700099999989497e-10	4.4376566e-08	1.305987e-07	0.00047725206	0.1274988	-3.3827813e-17	-2.6525417e-17	1.8512777e-17	-1.9038237e-17	0	-6.7769352e-18
8.800099999989321e-10	4.570533e-08	1.2722407e-07	0.00046180244	0.12738693	-3.3830946e-17	-2.6512255e-17	1.8502197e-17	-1.904374e-17	0	-6.777148e-18
8.900099999989144e-10	4.5968974e-08	1.2199337e-07	0.00043610792	0.127253	-3.3833623e-17	-2.650173e-17	1.8493846e-17	-1.9048361e-17	0	-6.777378e-18
9.000099999988968e-10	4.1297202e-08	1.1575028e-07	0.0004050143	0.12711297	-3.383599e-17	-2.6493323e-17	1.848729e-17	-1.905233e-17	0	-6.7776226e-18
9.100099999988792e-10	3.6214146e-08	1.0900099e-07	0.00037253872	0.12697637	-3.3838152e-17	-2.6486547e-17	1.8482113e-17	-1.9055864e-17	0	-6.777853e-18
9.200099999988616e-10	3.22173e-08	1.02251704e-07	0.00034170866	0.12684412	-3.3840174e-17	-2.6480961e-17	1.8477951e-17	-1.9059118e-17	0	-6.7780466e-18
9.30009999998844e-10	2.950704e-08	9.28027e-08	0.00031428091	0.12671795	-3.3842116e-17	-2.6476218e-17	1.847451e-17	-1.9062215e-17	0	-6.7781926e-18
9.400099999989161e-10	2.3021398e-08	7.947286e-08	0.00029118484	0.12660052	-3.3843996e-17	-2.6472038e-17	1.8471555e-17	-1.9065218e-17	0	-6.7782964e-18
9.50009999999002e-10	1.2633823e-08	6.9180196e-08	0.00027273872	0.12649266	-3.3845835e-17	-2.6468206e-17	1.8468905e-17	-1.9068163e-17	0	-6.7783712e-18
9.600099999990877e-10	9.0799e-09	5.2981907e-08	0.00025887837	0.12639059	-3.384763e-17	-2.6464555e-17	1.846642e-17	-1.9071064e-17	0	-6.77843e-18
9.700099999991735e-10	5.4205214e-09	4.859487e-08	0.00024910946	0.12629145	-3.384938e-17	-2.6460959e-17	1.8463991e-17	-1.9073925e-17	0	-6.778486e-18
9.800099999992593e-10	9.111538e-09	5.1294585e-08	0.0002427064	0.12619442	-3.385108e-17	-2.6457329e-17	1.846154e-17	-1.9076745e-17	0	-6.7785416e-18
9.90009999999345e-10	1.0545762e-08	4.5051493e-08	0.00023902753	0.12610346	-3.3852724e-17	-2.6453598e-17	1.8459005e-17	-1.9079531e-17	0	-6.7786004e-18
1.0000099999994308e-09	9.965745e-09	4.1001922e-08	0.00023730731	0.12602724	-3.3854315e-17	-2.6449725e-17	1.8456347e-17	-1.9082281e-17	0	-6.7786595e-18
1.0100099999995166e-09	8.426063e-09	3.9145867e-08	0.0002366037	0.12596233	-3.3855857e-17	-2.6445685e-17	1.8453543e-17	-1.9084999e-17	0	-6.778717e-18
1.0200099999996024e-09	1.4236778e-09	4.167685e-08	0.00023611168	0.12591027	-3.3857343e-17	-2.6441464e-17	1.845058e-17	-1.9087692e-17	0	-6.7787716e-18
1.0300099999996882e-09	7.3293043e-09	4.4207834e-08	0.00023522683	0.12586477	-3.3858795e-17	-2.6437056e-17	1.8447453e-17	-1.909037e-17	0	-6.7788212e-18
1.040009999999774e-09	9.7021005e-09	5.0788387e-08	0.00023361713	0.12582695	-3.3860208e-17	-2.6432475e-17	1.844417e-17	-1.9093037e-17	0	-6.778867e-18
1.0500099999998598e-09	1.1695249e-08	5.095712e-08	0.0002313568	0.12579904	-3.3861595e-17	-2.6427732e-17	1.8440748e-17	-1.90957e-17	0	-6.7789097e-18
1.0600099999999456e-09	3.944115e-09	5.095712e-08	0.000228405	0.12577955	-3.3862958e-17	-2.6422842e-17	1.8437197e-17	-1.9098366e-17	0	-6.7789486e-18
1.0700000000000313e-09	8.43661e-09	5.2306977e-08	0.00022485065	0.12577242	-3.386431e-17	-2.6417833e-17	1.8433546e-17	-1.9101041e-17	0	-6.7789838e-18
1.080000000000117e-09	1.316111e-08	5.39943e-08	0.0002208161	0.1257774	-3.3865668e-17	-2.6412702e-17	1.8429796e-17	-1.9103748e-17	0	-6.7790148e-18
1.0900000000002028e-09	1.1948348e-08	5.593472e-08	0.00021663374	0.12579256	-3.3867044e-17	-2.6407483e-17	1.8425974e-17	-1.9106496e-17	0	-6.7790388e-18
1.1000000000002886e-09	1.4352781e-08	5.6440918e-08	0.00021250486	0.12581621	-3.386844e-17	-2.6402176e-17	1.8422091e-17	-1.9109305e-17	0	-6.7790537e-18
1.1100000000003744e-09	9.744284e-09	5.416303e-08	0.00020874702	0.12584813	-3.3869883e-17	-2.6396786e-17	1.841815e-17	-1.911219e-17	0	-6.7790582e-18
1.1200000000004602e-09	7.740589e-09	5.4922328e-08	0.00020544595	0.12588686	-3.38714e-17	-2.6391333e-17	1.8414164e-17	-1.9115183e-17	0	-6.77905e-18
1.130000000000546e-09	9.533369e-09	5.0788387e-08	0.00020277138	0.12593207	-3.3873003e-17	-2.6385817e-17	1.8410134e-17	-1.9118291e-17	0	-6.779026e-18
1.1400000000006318e-09	5.842352e-09	5.0788387e-08	0.00020082369	0.12598434	-3.38747e-17	-2.6380246e-17	1.8406069e-17	-1.9121539e-17	0	-6.7789867e-18
1.1500000000007175e-09	4.787776e-09	4.125502e-08	0.00019961558	0.12604214	-3.387653e-17	-2.637465e-17	1.8401986e-17	-1.9124932e-17	0	-6.7789337e-18
1.1600000000008033e-09	1.0229389e-08	4.3532904e-08	0.00019912946	0.12610427	-3.3878476e-17	-2.6369059e-17	1.8397913e-17	-1.9128459e-17	0	-6.7788704e-18
1.1700000000008891e-09	8.120236e-09	4.7582475e-08	0.00019918346	0.12616734	-3.388056e-17	-2.636354e-17	1.8393883e-17	-1.91321e-17	0	-6.778803e-18
1.1800000000009749e-09	8.478793e-09	4.7751207e-08	0.00019985922	0.12623289	-3.388274e-17	-2.6358162e-17	1.8389954e-17	-1.9135793e-17	0	-6.7787393e-18
1.1900000000010607e-09	4.566315e-09	4.8426138e-08	0.0002007849	0.12629998	-3.3884987e-17	-2.6353008e-17	1.8386187e-17	-1.9139475e-17	0	-6.7786905e-18
1.2000000000011465e-09	3.891386e-09	4.6232618e-08	0.00020175544	0.12636562	-3.3887264e-17	-2.6348179e-17	1.838264e-17	-1.9143055e-17	0	-6.778667e-18
1.2100000000012322e-09	-2.530983e-10	4.387037e-08	0.00020259083	0.12642716	-3.38895e-17	-2.6343744e-17	1.8379366e-17	-1.9146447e-17	0	-6.778677e-18
1.220000000001318e-09	3.88084e-09	4.3701636e-08	0.00020313465	0.12648547	-3.3891628e-17	-2.6339742e-17	1.8376406e-17	-1.9149574e-17	0	-6.7787203e-18
1.2300000000014038e-09	2.741898e-10	4.252051e-08	0.00020342048	0.1265428	-3.3893606e-17	-2.6336182e-17	1.8373763e-17	-1.9152398e-17	0	-6.77879e-18
1.2400000000014896e-09	-3.4695555e-09	5.0450925e-08	0.00020356324	0.12659767	-3.389541e-17	-2.6333038e-17	1.837142e-17	-1.9154916e-17	0	-6.7788762e-18
1.2500000000015754e-09	3.4801012e-10	4.6063885e-08	0.00020378832	0.12665214	-3.3897038e-17	-2.6330259e-17	1.8369344e-17	-1.9157157e-17	0	-6.778962e-18
1.2600000000016612e-09	-4.9775997e-09	4.083319e-08	0.00020457005	0.12670982	-3.3898497e-17	-2.632778e-17	1.8367493e-17	-1.915917e-17	0	-6.779035e-18
1.270000000001747e-09	-9.860287e-09	4.1508116e-08	0.00020620608	0.12677169	-3.389982e-17	-2.6325549e-17	1.836583e-17	-1.9161014e-17	0	-6.779087e-18
1.2800000000018327e-09	-8.43661e-09	4.1508116e-08	0.00020869523	0.12683757	-3.390105e-17	-2.632351e-17	1.8364313e-17	-1.9162739e-17	0	-6.7791165e-18
1.2900000000019185e-09	-8.942806e-09	4.2183046e-08	0.00021214613	0.12690692	-3.3902216e-17	-2.6321618e-17	1.8362918e-17	-1.9164393e-17	0	-6.7791265e-18
1.3000000000020043e-09	-1.1979985e-08	3.9652065e-08	0.00021613884	0.12697949	-3.3903357e-17	-2.6319851e-17	1.8361621e-17	-1.9166008e-17	0	-6.7791194e-18
1.3100000000020901e-09	-1.3329843e-08	4.0495724e-08	0.00022024882	0.12705743	-3.3904502e-17	-2.6318176e-17	1.8360394e-17	-1.916762e-17	0	-6.779101e-18
1.3200000000021759e-09	-1.2401816e-08	4.3026706e-08	0.00022393765	0.12713939	-3.3905654e-17	-2.6316579e-17	1.8359237e-17	-1.9169237e-17	0	-6.7790714e-18
1.3300000000022617e-09	-1.9889306e-08	3.3408973e-08	0.00022673387	0.12722467	-3.3906848e-17	-2.6315047e-17	1.8358124e-17	-1.917089e-17	0	-6.779034e-18
1.3400000000023475e-09	-2.0258408e-08	3.4421365e-08	0.0002284077	0.12731346	-3.3908082e-17	-2.6313565e-17	1.8357057e-17	-1.9172589e-17	0	-6.7789875e-18
1.3500000000024332e-09	-1.9963126e-08	3.9483332e-08	0.00022875461	0.12740688	-3.3909382e-17	-2.6312122e-17	1.8356025e-17	-1.9174351e-17	0	-6.778932e-18
1.360000000002519e-09	-2.3422137e-08	2.9021937e-08	0.00022767406	0.12750462	-3.391074e-17	-2.6310708e-17	1.8355024e-17	-1.9176187e-17	0	-6.7788688e-18
1.3700000000026048e-09	-2.1829727e-08	3.4927563e-08	0.00022503964	0.12760758	-3.3912172e-17	-2.6309307e-17	1.8354036e-17	-1.9178106e-17	0	-6.7787972e-18
1.3800000000026906e-09	-2.2525747e-08	3.7627277e-08	0.0002209936	0.12771584	-3.391369e-17	-2.6307894e-17	1.8353053e-17	-1.9180133e-17	0	-6.778718e-18
1.3900000000027764e-09	-2.4455622e-08	3.374644e-08	0.00021583428	0.12782949	-3.39153e-17	-2.630645e-17	1.8352059e-17	-1.9182274e-17	0	-6.778631e-18
1.4000000000028622e-09	-2.3169038e-08	3.155292e-08	0.00020966357	0.12795073	-3.3917012e-17	-2.6304956e-17	1.835103e-17	-1.9184545e-17	0	-6.7785412e-18
1.410000000002948e-09	-1.808598e-08	3.172165e-08	0.00020263149	0.12807958	-3.3918822e-17	-2.6303377e-17	1.8349955e-17	-1.9186954e-17	0	-6.7784465e-18
1.4200000000030337e-09	-1.8982371e-08	3.3071508e-08	0.00019497814	0.12821546	-3.392075e-17	-2.6301701e-17	1.834881e-17	-1.918951e-17	0	-6.7783497e-18
1.4300000000031195e-09	-2.007913e-08	2.8515739e-08	0.00018696555	0.12835978	-3.3922793e-17	-2.6299903e-17	1.8347586e-17	-1.9192226e-17	0	-6.7782517e-18
1.4400000000032053e-09	-1.59241e-08	2.9528133e-08	0.00017883013	0.12851313	-3.392496e-17	-2.6297973e-17	1.8346264e-17	-1.9195097e-17	0	-6.7781533e-18
1.450000000003291e-09	-1.6240472e-08	3.087799e-08	0.00017082109	0.12867637	-3.3927256e-17	-2.6295908e-17	1.8344846e-17	-1.9198132e-17	0	-6.7780557e-18
1.4600000000033769e-09	-1.3372026e-08	2.9696865e-08	0.00016302972	0.12884472	-3.3929675e-17	-2.6293696e-17	1.8343317e-17	-1.9201334e-17	0	-6.7779593e-18
1.4700000000034627e-09	-1.2085443e-08	3.172165e-08	0.00015564228	0.12901796	-3.393223e-17	-2.6291352e-17	1.8341685e-17	-1.9204699e-17	0	-6.7778646e-18
1.4800000000035485e-09	-6.074359e-09	2.9865596e-08	0.00014880845	0.12919924	-3.3934913e-17	-2.6288882e-17	1.833996e-17	-1.9208219e-17	0	-6.777774e-18
1.4900000000036342e-09	-5.2306977e-09	2.5816025e-08	0.00014259575	0.12938584	-3.3937745e-17	-2.6286294e-17	1.8338141e-17	-1.9211902e-17	0	-6.7776863e-18
1.50000000000372e-09	8.014779e-10	2.5984757e-08	0.00013717759	0.12957253	-3.3940713e-17	-2.6283608e-17	1.8336233e-17	-1.9215735e-17	0	-6.7776036e-18
1.5100000000038058e-09	-8.436609e-11	2.159772e-08	0.00013255584	0.12975693	-3.394382e-17	-2.6280835e-17	1.8334253e-17	-1.921971e-17	0	-6.7775263e-18
1.5200000000038916e-09	7.8460465e-09	2.244138e-08	0.00012871971	0.12993707	-3.3947066e-17	-2.6277991e-17	1.8332207e-17	-1.9223828e-17	0	-6.777453e-18
1.5300000000039774e-09	1.9193287e-08	2.007913e-08	0.0001257475	0.13011354	-3.395045e-17	-2.6275091e-17	1.8330104e-17	-1.9228078e-17	0	-6.777387e-18
1.5400000000040632e-09	2.007913e-08	1.9741666e-08	0.0001236736	0.13028823	-3.3953977e-17	-2.6272141e-17	1.832795e-17	-1.9232457e-17	0	-6.7773265e-18
1.550000000004149e-09	1.786452e-08	1.7210683e-08	0.0001224832	0.1304585	-3.3957643e-17	-2.6269162e-17	1.832575e-17	-1.923696e-17	0	-6.7772727e-18
1.5600000000042347e-09	2.657532e-08	1.0967592e-08	0.00012219872	0.13062409	-3.3961452e-17	-2.626616e-17	1.8323513e-17	-1.924158e-17	0	-6.7772264e-18
1.5700000000043205e-09	3.281841e-08	8.267877e-09	0.0001226985	0.13078214	-3.3965386e-17	-2.6263142e-17	1.8321245e-17	-1.9246302e-17	0	-6.7771855e-18
1.5800000000044063e-09	4.4566388e-08	4.555769e-09	0.000123869	0.13093312	-3.396946e-17	-2.6260116e-17	1.8318942e-17	-1.9251133e-17	0	-6.777152e-18
1.590000000004492e-09	4.8953424e-08	2.0247863e-09	0.00012566667	0.13107947	-3.397365e-17	-2.6257082e-17	1.8316616e-17	-1.925606e-17	0	-6.7771247e-18
1.6000000000045779e-09	5.5892535e-08	3.3746437e-09	0.0001280215	0.13122004	-3.3977966e-17	-2.6254053e-17	1.8314267e-17	-1.9261073e-17	0	-6.777104e-18
1.6100000000046637e-09	6.044831e-08	1.1811253e-09	0.00013078432	0.13135147	-3.3982403e-17	-2.625103e-17	1.8311894e-17	-1.926618e-17	0	-6.777088e-18
1.6200000000047495e-09	6.198799e-08	-6.074359e-09	0.0001338139	0.13147289	-3.3986942e-17	-2.6248009e-17	1.8309506e-17	-1.9271358e-17	0	-6.777078e-18
1.6300000000048352e-09	7.228065e-08	-1.3498574e-09	0.00013698793	0.13158461	-3.399159e-17	-2.6244997e-17	1.8307095e-17	-1.9276612e-17	0	-6.777073e-18
1.640000000004921e-09	7.820737e-08	-7.0867516e-09	0.00014021214	0.1316896	-3.3996332e-17	-2.6241997e-17	1.8304672e-17	-1.9281934e-17	0	-6.777072e-18
1.6500000000050068e-09	8.729781e-08	-1.2486182e-08	0.00014337696	0.13178785	-3.400116e-17	-2.6239004e-17	1.8302233e-17	-1.9287316e-17	0	-6.777073e-18
1.6600000000050926e-09	9.360418e-08	-1.13050564e-08	0.00014638867	0.13187736	-3.4006067e-17	-2.623602e-17	1.8299781e-17	-1.9292752e-17	0	-6.777077e-18
1.6700000000051784e-09	9.923561e-08	-1.1642521e-08	0.00014918481	0.13195676	-3.4011056e-17	-2.6233047e-17	1.8297315e-17	-1.9298241e-17	0	-6.7770833e-18
1.6800000000052642e-09	1.08304974e-07	-1.8223076e-08	0.00015171521	0.13202773	-3.40161e-17	-2.623008e-17	1.8294843e-17	-1.9303777e-17	0	-6.777089e-18
1.69000000000535e-09	1.1775398e-07	-1.687322e-08	0.00015397208	0.13209152	-3.4021207e-17	-2.622712e-17	1.829236e-17	-1.930935e-17	0	-6.7770945e-18
1.7000000000054357e-09	1.216559e-07	-1.552336e-08	0.00015607972	0.13214915	-3.4026372e-17	-2.6224168e-17	1.8289868e-17	-1.931497e-17	0	-6.7770994e-18
1.7100000000055215e-09	1.3085182e-07	-1.9910399e-08	0.00015804959	0.1321983	-3.4031577e-17	-2.6221218e-17	1.828737e-17	-1.9320628e-17	0	-6.7771007e-18
1.7200000000056073e-09	1.3895095e-07	-2.9021937e-08	0.00016002788	0.13224	-3.4036825e-17	-2.6218262e-17	1.8284857e-17	-1.932632e-17	0	-6.7771e-18
1.730000000005693e-09	1.4675481e-07	-3.155292e-08	0.00016211071	0.13227642	-3.4042105e-17	-2.62153e-17	1.8282338e-17	-1.9332046e-17	0	-6.777096e-18
1.7400000000057789e-09	1.5137387e-07	-3.1384186e-08	0.00016436599	0.13230744	-3.404742e-17	-2.6212321e-17	1.8279801e-17	-1.933781e-17	0	-6.777089e-18
1.7500000000058647e-09	1.5987375e-07	-3.070926e-08	0.00016704208	0.13233119	-3.405276e-17	-2.6209319e-17	1.8277246e-17	-1.9343605e-17	0	-6.777079e-18
1.7600000000059504e-09	1.6229927e-07	-3.8302208e-08	0.00017030029	0.13235141	-3.4058116e-17	-2.6206278e-17	1.8274666e-17	-1.9349437e-17	0	-6.7770676e-18
1.7700000000060362e-09	1.6706596e-07	-3.712108e-08	0.00017429731	0.13237259	-3.4063486e-17	-2.6203193e-17	1.8272056e-17	-1.9355293e-17	0	-6.777055e-18
1.780000000006122e-09	1.726763e-07	-4.2183046e-08	0.00017921366	0.13239455	-3.406886e-17	-2.6200051e-17	1.8269407e-17	-1.9361171e-17	0	-6.777044e-18
1.7900000000062078e-09	1.7744298e-07	-4.5895156e-08	0.00018526481	0.13241945	-3.4074226e-17	-2.6196838e-17	1.8266714e-17	-1.9367064e-17	0	-6.7770382e-18
1.8000000000062936e-09	1.7805463e-07	-4.538896e-08	0.00019258467	0.13245213	-3.4079563e-17	-2.6193546e-17	1.8263976e-17	-1.9372955e-17	0	-6.77704e-18
1.8100000000063794e-09	1.818933e-07	-4.682318e-08	0.00020125296	0.13249773	-3.4084864e-17	-2.6190161e-17	1.826118e-17	-1.9378833e-17	0	-6.7770544e-18
1.8200000000064652e-09	1.8081762e-07	-5.137895e-08	0.0002114517	0.13255467	-3.4090105e-17	-2.618668e-17	1.8258326e-17	-1.9384667e-17	0	-6.777085e-18
1.830000000006551e-09	1.8107073e-07	-5.3488105e-08	0.00022326183	0.13262172	-3.409525e-17	-2.6183097e-17	1.8255406e-17	-1.9390425e-17	0	-6.777137e-18
1.8400000000066367e-09	1.7858193e-07	-6.133415e-08	0.00023663307	0.13269703	-3.410028e-17	-2.6179423e-17	1.8252435e-17	-1.9396077e-17	0	-6.777214e-18
1.8500000000067225e-09	1.7969978e-07	-6.023739e-08	0.00025143553	0.13277921	-3.410515e-17	-2.6175652e-17	1.8249406e-17	-1.9401582e-17	0	-6.7773215e-18
1.8600000000068083e-09	1.8159801e-07	-6.040612e-08	0.00026745547	0.13286866	-3.410983e-17	-2.617181e-17	1.8246337e-17	-1.9406898e-17	0	-6.77746e-18
1.870000000006742e-09	1.7651496e-07	-6.023739e-08	0.00028442565	0.13296351	-3.411429e-17	-2.6167902e-17	1.824323e-17	-1.9411987e-17	0	-6.777628e-18
1.880000000006621e-09	1.7309813e-07	-5.964683e-08	0.0003020156	0.13306022	-3.4118484e-17	-2.6163956e-17	1.8240107e-17	-1.941681e-17	0	-6.7778253e-18
1.8900000000065e-09	1.689431e-07	-5.6609647e-08	0.00031982223	0.13315828	-3.4122398e-17	-2.615999e-17	1.8236977e-17	-1.9421344e-17	0	-6.778043e-18
1.900000000006379e-09	1.6238364e-07	-5.445831e-08	0.00033737297	0.13325873	-3.412602e-17	-2.615604e-17	1.8233868e-17	-1.942557e-17	0	-6.778275e-18
1.910000000006258e-09	1.6259455e-07	-5.4036484e-08	0.00035435497	0.13336037	-3.412933e-17	-2.6152137e-17	1.8230801e-17	-1.9429485e-17	0	-6.7785094e-18
1.920000000006137e-09	1.517746e-07	-4.7540293e-08	0.00037030177	0.13346379	-3.4132344e-17	-2.6148307e-17	1.8227793e-17	-1.9433093e-17	0	-6.7787373e-18
1.930000000006016e-09	1.540314e-07	-4.40391e-08	0.0003848704	0.13356559	-3.413507e-17	-2.614459e-17	1.8224873e-17	-1.9436405e-17	0	-6.7789503e-18
1.940000000005895e-09	1.4858978e-07	-4.5009312e-08	0.00039791391	0.13366537	-3.4137535e-17	-2.614102e-17	1.8222068e-17	-1.9439444e-17	0	-6.7791405e-18
1.950000000005774e-09	1.46333e-07	-4.40391e-08	0.00040929392	0.13376479	-3.4139775e-17	-2.6137637e-17	1.8219404e-17	-1.9442235e-17	0	-6.7793064e-18
1.960000000005653e-09	1.4131321e-07	-3.560249e-08	0.0004188532	0.13386208	-3.41418e-17	-2.6134462e-17	1.8216901e-17	-1.9444793e-17	0	-6.779444e-18
1.9700000000055318e-09	1.3867677e-07	-2.9443767e-08	0.00042665034	0.13395546	-3.414366e-17	-2.6131534e-17	1.8214585e-17	-1.9447147e-17	0	-6.7795582e-18
1.9800000000054108e-09	1.3971025e-07	-2.8515739e-08	0.00043275242	0.13404652	-3.414537e-17	-2.6128869e-17	1.8212462e-17	-1.9449312e-17	0	-6.779651e-18
1.9900000000052898e-09	1.3418428e-07	-1.535463e-08	0.00043724108	0.13413581	-3.4146962e-17	-2.6126475e-17	1.8210552e-17	-1.9451313e-17	0	-6.779727e-18
2.0000000000051688e-09	1.2625385e-07	-1.6071741e-08	0.00044029305	0.13422094	-3.414845e-17	-2.6124366e-17	1.8208853e-17	-1.9453147e-17	0	-6.7797894e-18
2.0100000000050478e-09	1.209177e-07	-1.2127626e-08	0.00044210465	0.13430347	-3.4149854e-17	-2.6122521e-17	1.8207357e-17	-1.945485e-17	0	-6.7798436e-18
2.0200000000049267e-09	1.17479786e-07	-5.1252402e-09	0.000442947	0.13438404	-3.415119e-17	-2.6120938e-17	1.820606e-17	-1.9456421e-17	0	-6.7798908e-18
2.0300000000048057e-09	1.1224909e-07	3.9230232e-09	0.00044298888	0.13446145	-3.4152458e-17	-2.6119594e-17	1.820495e-17	-1.945788e-17	0	-6.7799325e-18
2.0400000000046847e-09	1.0891662e-07	1.1283965e-08	0.00044238623	0.13453774	-3.415367e-17	-2.6118463e-17	1.8204004e-17	-1.9459239e-17	0	-6.7799706e-18
2.0500000000045637e-09	1.00775296e-07	1.3625124e-08	0.00044136713	0.13461193	-3.4154833e-17	-2.6117528e-17	1.8203206e-17	-1.9460506e-17	0	-6.7800057e-18
2.0600000000044427e-09	9.8117766e-08	2.0964974e-08	0.00044003292	0.13468589	-3.4155955e-17	-2.6116752e-17	1.8202531e-17	-1.94617e-17	0	-6.7800392e-18
2.0700000000043217e-09	9.788576e-08	2.341159e-08	0.00043859347	0.13475756	-3.4157037e-17	-2.6116115e-17	1.8201969e-17	-1.946282e-17	0	-6.7800678e-18
2.0800000000042007e-09	8.831021e-08	3.129982e-08	0.0004371413	0.13482745	-3.4158073e-17	-2.6115584e-17	1.8201489e-17	-1.9463887e-17	0	-6.780094e-18
2.0900000000040797e-09	8.55894e-08	3.321915e-08	0.00043548841	0.13489406	-3.4159082e-17	-2.6115149e-17	1.820109e-17	-1.9464903e-17	0	-6.7801174e-18
2.1000000000039587e-09	7.9557225e-08	3.3662072e-08	0.000433758	0.13495906	-3.4160058e-17	-2.6114783e-17	1.8200745e-17	-1.946588e-17	0	-6.780139e-18
2.1100000000038377e-09	7.976814e-08	2.9275034e-08	0.00043207326	0.13502179	-3.4161004e-17	-2.6114467e-17	1.820044e-17	-1.9466822e-17	0	-6.780157e-18
2.1200000000037166e-09	8.343807e-08	3.227003e-08	0.0004302815	0.13508311	-3.4161927e-17	-2.6114193e-17	1.8200174e-17	-1.9467737e-17	0	-6.7801724e-18
2.1300000000035956e-09	7.976814e-08	3.7606185e-08	0.00042848373	0.13514243	-3.416283e-17	-2.6113946e-17	1.819993e-17	-1.946863e-17	0	-6.7801857e-18
2.1400000000034746e-09	7.179555e-08	3.799638e-08	0.00042663259	0.13519998	-3.4163707e-17	-2.611371e-17	1.8199704e-17	-1.9469502e-17	0	-6.780197e-18
2.1500000000033536e-09	6.561573e-08	3.261804e-08	0.0004248129	0.1352557	-3.4164568e-17	-2.6113488e-17	1.819949e-17	-1.9470361e-17	0	-6.780207e-18
2.1600000000032326e-09	6.7935794e-08	2.9422676e-08	0.0004229614	0.13530935	-3.4165415e-17	-2.6113276e-17	1.8199282e-17	-1.9471205e-17	0	-6.7802146e-18
2.1700000000031116e-09	6.972858e-08	2.3422137e-08	0.000421044	0.13536079	-3.4166242e-17	-2.6113056e-17	1.8199075e-17	-1.947204e-17	0	-6.780222e-18
2.1800000000029906e-09	6.504626e-08	1.8244167e-08	0.00041918745	0.13541068	-3.4167053e-17	-2.6112836e-17	1.8198872e-17	-1.9472864e-17	0	-6.7802266e-18
2.1900000000028696e-09	6.8674e-08	2.084897e-08	0.00041735207	0.1354589	-3.4167866e-17	-2.6112616e-17	1.8198665e-17	-1.9473685e-17	0	-6.7802316e-18
2.2000000000027486e-09	6.89271e-08	1.7996342e-08	0.00041549787	0.1355062	-3.416866e-17	-2.611239e-17	1.819846e-17	-1.9474495e-17	0	-6.780235e-18
2.2100000000026276e-09	6.451897e-08	1.1442151e-08	0.0004137347	0.13555223	-3.4169445e-17	-2.6112156e-17	1.8198251e-17	-1.9475304e-17	0	-6.7802374e-18
2.2200000000025065e-09	6.1460696e-08	5.742167e-09	0.00041211452	0.13559869	-3.4170222e-17	-2.611192e-17	1.8198045e-17	-1.9476106e-17	0	-6.780239e-18
2.2300000000023855e-09	6.004757e-08	2.1829727e-09	0.0004105815	0.13564436	-3.4170997e-17	-2.6111685e-17	1.8197835e-17	-1.9476906e-17	0	-6.7802402e-18
2.2400000000022645e-09	5.1421132e-08	-6.0717222e-09	0.00040914316	0.1356901	-3.4171758e-17	-2.6111438e-17	1.8197623e-17	-1.9477703e-17	0	-6.7802415e-18
2.2500000000021435e-09	5.831806e-08	-4.885324e-09	0.00040772048	0.13573666	-3.4172525e-17	-2.6111202e-17	1.8197418e-17	-1.9478495e-17	0	-6.7802415e-18
2.2600000000020225e-09	5.5006694e-08	2.2014278e-10	0.00040649355	0.13578214	-3.4173283e-17	-2.6110964e-17	1.8197208e-17	-1.9479288e-17	0	-6.780241e-18
2.2700000000019015e-09	6.044831e-08	-8.410245e-09	0.00040538557	0.13582669	-3.4174037e-17	-2.6110722e-17	1.8197004e-17	-1.9480079e-17	0	-6.7802402e-18
2.2800000000017805e-09	5.968901e-08	-1.9667846e-08	0.00040438946	0.13586994	-3.417479e-17	-2.611049e-17	1.8196804e-17	-1.948087e-17	0	-6.780239e-18
2.2900000000016595e-09	5.3319372e-08	-2.1144253e-08	0.0004034675	0.13591272	-3.417555e-17	-2.6110259e-17	1.8196604e-17	-1.9481657e-17	0	-6.7802374e-18
2.3000000000015385e-09	5.8128236e-08	-2.6675504e-08	0.0004027347	0.13595471	-3.4176304e-17	-2.6110034e-17	1.8196412e-17	-1.9482448e-17	0	-6.780235e-18
2.3100000000014175e-09	5.4036484e-08	-2.5246553e-08	0.0004020678	0.13599628	-3.4177058e-17	-2.610981e-17	1.8196226e-17	-1.948324e-17	0	-6.7802316e-18
2.3200000000012965e-09	6.403386e-08	-2.9148485e-08	0.00040150186	0.13603882	-3.4177813e-17	-2.6109595e-17	1.8196044e-17	-1.9484031e-17	0	-6.7802283e-18
2.3300000000011754e-09	6.570009e-08	-3.8281115e-08	0.00040105017	0.13608082	-3.417857e-17	-2.6109389e-17	1.8195872e-17	-1.9484828e-17	0	-6.7802245e-18
2.3400000000010544e-09	6.9264566e-08	-3.1384186e-08	0.0004006507	0.13612354	-3.417933e-17	-2.610919e-17	1.8195704e-17	-1.9485626e-17	0	-6.78022e-18
2.3500000000009334e-09	5.9604645e-08	-4.2942343e-08	0.00040031763	0.13616616	-3.41801e-17	-2.6108998e-17	1.8195542e-17	-1.9486426e-17	0	-6.7802146e-18
2.3600000000008124e-09	6.5447e-08	-4.9480715e-08	0.00040003558	0.13620865	-3.4180873e-17	-2.6108816e-17	1.8195391e-17	-1.9487239e-17	0	-6.7802096e-18
2.3700000000006914e-09	6.6564844e-08	-5.4057573e-08	0.00039994254	0.13625142	-3.418165e-17	-2.6108644e-17	1.8195247e-17	-1.9488053e-17	0	-6.780204e-18
2.3800000000005704e-09	6.603756e-08	-6.485644e-08	0.00039988675	0.13629334	-3.4182435e-17	-2.6108477e-17	1.8195111e-17	-1.9488873e-17	0	-6.780197e-18
2.3900000000004494e-09	6.757724e-08	-7.228065e-08	0.0003999286	0.1363352	-3.4183226e-17	-2.6108322e-17	1.8194987e-17	-1.9489704e-17	0	-6.7801894e-18
2.4000000000003284e-09	6.02163e-08	-6.1861435e-08	0.00040008375	0.13637665	-3.418403e-17	-2.6108176e-17	1.8194868e-17	-1.9490537e-17	0	-6.780181e-18
2.4100000000002074e-09	6.8505265e-08	-7.4558535e-08	0.00040023855	0.13641798	-3.418484e-17	-2.6108039e-17	1.8194759e-17	-1.9491388e-17	0	-6.7801724e-18
2.4200000000000864e-09	6.117596e-08	-9.037718e-08	0.0004004688	0.13646069	-3.4185664e-17	-2.6107906e-17	1.8194653e-17	-1.9492248e-17	0	-6.7801625e-18
2.4300099999999652e-09	5.635655e-08	-8.909059e-08	0.0004007915	0.13650383	-3.4186498e-17	-2.6107787e-17	1.819456e-17	-1.949312e-17	0	-6.7801517e-18
2.4400099999998442e-09	6.5468086e-08	-8.164529e-08	0.0004012917	0.1365464	-3.4187338e-17	-2.610767e-17	1.8194475e-17	-1.9494005e-17	0	-6.78014e-18
2.450009999999723e-09	7.498036e-08	-7.8291734e-08	0.00040187247	0.13658884	-3.41882e-17	-2.6107565e-17	1.8194397e-17	-1.9494902e-17	0	-6.780128e-18
2.460009999999602e-09	7.658332e-08	-8.841567e-08	0.0004025619	0.13663125	-3.4189072e-17	-2.6107461e-17	1.8194324e-17	-1.949582e-17	0	-6.7801145e-18
2.470009999999481e-09	8.406027e-08	-1.0231498e-07	0.00040343578	0.13667277	-3.4189965e-17	-2.6107367e-17	1.8194256e-17	-1.9496755e-17	0	-6.7800996e-18
2.48000999999936e-09	8.177184e-08	-1.0033238e-07	0.0004043505	0.13671324	-3.4190872e-17	-2.6107276e-17	1.8194195e-17	-1.9497709e-17	0	-6.7800843e-18
2.490009999999239e-09	8.5800316e-08	-1.0990793e-07	0.0004053573	0.13675337	-3.41918e-17	-2.6107187e-17	1.8194139e-17	-1.9498685e-17	0	-6.780066e-18
2.500009999999118e-09	9.470094e-08	-1.2684443e-07	0.00040656704	0.1367938	-3.4192748e-17	-2.6107097e-17	1.8194084e-17	-1.9499688e-17	0	-6.780048e-18
2.510009999998997e-09	1.1145816e-07	-1.2074896e-07	0.0004079799	0.13683587	-3.4193724e-17	-2.6107011e-17	1.8194031e-17	-1.9500717e-17	0	-6.780028e-18
2.520009999998876e-09	1.1082541e-07	-1.318642e-07	0.0004095083	0.13687797	-3.4194723e-17	-2.6106925e-17	1.8193982e-17	-1.9501772e-17	0	-6.7800057e-18
2.530009999998755e-09	1.1490662e-07	-1.3831821e-07	0.000411268	0.13691974	-3.4195742e-17	-2.610683e-17	1.8193927e-17	-1.950286e-17	0	-6.779983e-18
2.540009999998634e-09	1.14758976e-07	-1.4087028e-07	0.00041314802	0.13696043	-3.4196795e-17	-2.6106727e-17	1.8193869e-17	-1.9503982e-17	0	-6.7799574e-18
2.550009999998513e-09	1.0967592e-07	-1.5447432e-07	0.00041528637	0.13699993	-3.4197877e-17	-2.6106616e-17	1.819381e-17	-1.950514e-17	0	-6.77993e-18
2.560009999998392e-09	9.809668e-08	-1.7160063e-07	0.00041763292	0.1370387	-3.419899e-17	-2.610649e-17	1.8193742e-17	-1.9506342e-17	0	-6.7799015e-18
2.570009999998271e-09	9.179031e-08	-1.7834992e-07	0.0004202286	0.13707694	-3.420014e-17	-2.610635e-17	1.8193662e-17	-1.950758e-17	0	-6.7798697e-18
2.58000999999815e-09	1.11740256e-07	-1.7195919e-07	0.00042303672	0.13711527	-3.420132e-17	-2.6106189e-17	1.8193575e-17	-1.9508868e-17	0	-6.779837e-18
2.590009999998029e-09	1.2571866e-07	-1.7706334e-07	0.0004262013	0.13715392	-3.4202545e-17	-2.6106004e-17	1.8193464e-17	-1.9510203e-17	0	-6.779801e-18
2.600009999997908e-09	1.1963112e-07	-1.826104e-07	0.00042965077	0.1371921	-3.4203806e-17	-2.610579e-17	1.8193338e-17	-1.9511593e-17	0	-6.7797638e-18
2.610009999997787e-09	1.2848956e-07	-2.0074911e-07	0.0004334044	0.13722849	-3.4205116e-17	-2.610554e-17	1.8193187e-17	-1.9513038e-17	0	-6.7797237e-18
2.620009999997666e-09	1.2319295e-07	-2.0036947e-07	0.0004374657	0.13726285	-3.4206466e-17	-2.6105246e-17	1.8193004e-17	-1.9514544e-17	0	-6.7796823e-18
2.630009999997545e-09	1.3623279e-07	-1.9769085e-07	0.00044180633	0.13729648	-3.4207866e-17	-2.6104905e-17	1.8192792e-17	-1.9516112e-17	0	-6.7796376e-18
2.640009999997424e-09	1.4689192e-07	-2.0167714e-07	0.00044645727	0.1373287	-3.4209315e-17	-2.610451e-17	1.8192537e-17	-1.9517752e-17	0	-6.7795917e-18
2.650009999997303e-09	1.4556315e-07	-2.2329596e-07	0.00045154008	0.13736175	-3.4210817e-17	-2.6104053e-17	1.8192241e-17	-1.9519459e-17	0	-6.779544e-18
2.660009999997182e-09	1.4292144e-07	-2.2059625e-07	0.00045705715	0.1373943	-3.4212375e-17	-2.6103527e-17	1.8191889e-17	-1.952124e-17	0	-6.7794954e-18
2.670009999997061e-09	1.5058293e-07	-2.2513092e-07	0.0004628141	0.13742566	-3.4213983e-17	-2.6102917e-17	1.8191478e-17	-1.9523097e-17	0	-6.7794453e-18
2.68000999999694e-09	1.7073589e-07	-2.5109458e-07	0.0004688126	0.13745576	-3.4215644e-17	-2.610222e-17	1.8191005e-17	-1.9525034e-17	0	-6.7793945e-18
2.690009999996819e-09	1.6960749e-07	-2.4384966e-07	0.00047515906	0.13748384	-3.4217362e-17	-2.6101428e-17	1.8190461e-17	-1.952705e-17	0	-6.779344e-18
2.700009999996698e-09	1.7272903e-07	-2.4855305e-07	0.00048165352	0.13751134	-3.421914e-17	-2.6100528e-17	1.8189834e-17	-1.952915e-17	0	-6.7792944e-18
2.710009999996577e-09	1.8465629e-07	-2.520015e-07	0.00048840704	0.13753669	-3.422096e-17	-2.6099507e-17	1.8189121e-17	-1.9531329e-17	0	-6.7792464e-18
2.720009999996456e-09	1.8655453e-07	-2.5685785e-07	0.00049525686	0.13756011	-3.422284e-17	-2.6098367e-17	1.8188315e-17	-1.9533589e-17	0	-6.7792005e-18
2.730009999996335e-09	1.8396027e-07	-2.644086e-07	0.0005020837	0.13758248	-3.422477e-17	-2.6097093e-17	1.8187405e-17	-1.9535925e-17	0	-6.779158e-18
2.740009999996214e-09	2.0709767e-07	-2.6206746e-07	0.0005088245	0.13760334	-3.4226745e-17	-2.6095677e-17	1.8186388e-17	-1.9538335e-17	0	-6.779121e-18
2.750009999996093e-09	2.2638586e-07	-2.7563456e-07	0.000515357	0.13762246	-3.4228757e-17	-2.6094109e-17	1.8185256e-17	-1.9540815e-17	0	-6.779088e-18
2.760009999995972e-09	2.2554221e-07	-2.9570052e-07	0.0005215247	0.13764018	-3.4230808e-17	-2.6092397e-17	1.8184014e-17	-1.954336e-17	0	-6.779061e-18
2.770009999995851e-09	2.389986e-07	-3.085703e-07	0.0005271287	0.1376545	-3.4232886e-17	-2.6090524e-17	1.8182646e-17	-1.9545965e-17	0	-6.7790417e-18
2.78000999999573e-09	2.459799e-07	-3.1453263e-07	0.0005321899	0.13766581	-3.4234984e-17	-2.6088497e-17	1.8181157e-17	-1.9548617e-17	0	-6.7790284e-18
2.790009999995609e-09	2.4465112e-07	-3.1923602e-07	0.0005365099	0.1376758	-3.4237105e-17	-2.6086315e-17	1.8179547e-17	-1.9551312e-17	0	-6.7790235e-18
2.800009999995488e-09	2.5568198e-07	-3.3671563e-07	0.0005399803	0.13768457	-3.423923e-17	-2.6083981e-17	1.8177818e-17	-1.9554042e-17	0	-6.7790243e-18
2.810009999995367e-09	2.633804e-07	-3.3642297e-07	0.0005423762	0.13769116	-3.4241353e-17	-2.60815e-17	1.8175975e-17	-1.9556796e-17	0	-6.779032e-18
2.820009999995246e-09	2.617669e-07	-3.7258175e-07	0.00054365245	0.1376938	-3.4243477e-17	-2.6078884e-17	1.8174022e-17	-1.9559569e-17	0	-6.779046e-18
2.830009999995125e-09	2.6603792e-07	-3.8721927e-07	0.000543842	0.13769299	-3.4245592e-17	-2.6076141e-17	1.817197e-17	-1.9562355e-17	0	-6.779064e-18
2.840009999995004e-09	2.8624362e-07	-3.9537642e-07	0.0005429483	0.13768835	-3.4247696e-17	-2.6073289e-17	1.8169823e-17	-1.9565144e-17	0	-6.7790855e-18
2.850009999994883e-09	2.9196997e-07	-4.0045947e-07	0.00054106937	0.13768142	-3.424977e-17	-2.6070334e-17	1.81676e-17	-1.956793e-17	0	-6.7791074e-18
2.860009999994762e-09	2.8722437e-07	-4.2640733e-07	0.00053808256	0.1376718	-3.425184e-17	-2.60673e-17	1.8165305e-17	-1.9570713e-17	0	-6.779131e-18
2.870009999994641e-09	2.9302453e-07	-4.3044636e-07	0.0005342303	0.13765833	-3.4253887e-17	-2.6064206e-17	1.8162956e-17	-1.9573485e-17	0	-6.7791554e-18
2.8800099999945198e-09	3.017037e-07	-4.491229e-07	0.00052959775	0.13764106	-3.425591e-17	-2.6061061e-17	1.816057e-17	-1.9576242e-17	0	-6.7791773e-18
2.8900099999943988e-09	3.0033274e-07	-4.8004307e-07	0.0005244174	0.13762154	-3.4257917e-17	-2.6057892e-17	1.8158153e-17	-1.957898e-17	0	-6.779199e-18
2.9000099999942778e-09	3.076726e-07	-4.840505e-07	0.00051884307	0.13760014	-3.4259902e-17	-2.6054712e-17	1.8155724e-17	-1.9581696e-17	0	-6.779219e-18
2.9100099999941568e-09	3.1195418e-07	-5.1716415e-07	0.00051294576	0.137576	-3.4261874e-17	-2.6051532e-17	1.815329e-17	-1.9584393e-17	0	-6.779237e-18
2.9200099999940357e-09	3.3047255e-07	-5.4125064e-07	0.00050704315	0.13754867	-3.4263826e-17	-2.6048372e-17	1.8150866e-17	-1.9587061e-17	0	-6.7792534e-18
2.9300099999939147e-09	3.1672087e-07	-5.538845e-07	0.0005013017	0.13751882	-3.4265755e-17	-2.6045244e-17	1.8148458e-17	-1.9589703e-17	0	-6.7792687e-18
2.9400099999937937e-09	3.2471453e-07	-5.8102927e-07	0.0004957172	0.137486	-3.4267674e-17	-2.6042147e-17	1.8146073e-17	-1.9592317e-17	0	-6.7792828e-18
2.9500099999936727e-09	3.24936e-07	-5.8929714e-07	0.00049050327	0.13745055	-3.4269577e-17	-2.6039101e-17	1.8143719e-17	-1.9594898e-17	0	-6.7792973e-18
2.9600099999935517e-09	3.3531305e-07	-6.18994e-07	0.00048569762	0.13741413	-3.4271463e-17	-2.60361e-17	1.8141398e-17	-1.9597447e-17	0	-6.779311e-18
2.9700099999934307e-09	3.2972378e-07	-6.5624164e-07	0.00048143102	0.13737594	-3.4273335e-17	-2.6033154e-17	1.8139111e-17	-1.9599964e-17	0	-6.7793254e-18
2.9800099999933097e-09	3.312951e-07	-6.497033e-07	0.00047763923	0.13733539	-3.4275185e-17	-2.6030256e-17	1.8136858e-17	-1.9602447e-17	0	-6.7793407e-18
2.9900099999931887e-09	3.245669e-07	-6.972014e-07	0.00047435603	0.13729383	-3.427702e-17	-2.6027412e-17	1.8134643e-17	-1.9604895e-17	0	-6.779356e-18
3.0000099999930677e-09	3.2760408e-07	-7.260546e-07	0.00047153316	0.1372501	-3.4278838e-17	-2.6024616e-17	1.8132459e-17	-1.9607309e-17	0	-6.7793717e-18
