# t (s)	mx ()	my ()	mz ()	spinAngle (rad)	E_total (J)	E_anis (J)	E_demag (J)	E_exch (J)	E_therm (J)	E_custom (J)
0	0	0	0	0.0042178794	-3.8512318e-17	-1.8097603e-16	1.6340209e-16	6.2080004e-18	0	-2.7146402e-17
1.0000000000000124e-11	8.431388e-11	-3.899517e-10	0.00041406666	0.007146235	-4.3867234e-17	-1.7822774e-16	1.611492e-16	2.095911e-19	0	-2.6998257e-17
2.0009999999999403e-11	1.1593159e-10	-1.0117666e-09	0.0009546784	0.0076398985	-4.4578497e-17	-1.7674338e-16	1.5985854e-16	-6.867757e-19	0	-2.7006878e-17
3.000999999999824e-11	-4.6372636e-10	-2.0024546e-09	0.0014433757	0.007866349	-4.4877463e-17	-1.7584371e-16	1.590904e-16	-1.0866473e-18	0	-2.703752e-17
4.000000000000001e-11	-1.075002e-09	-3.0774567e-09	0.001831287	0.008003747	-4.5045804e-17	-1.7513862e-16	1.5849184e-16	-1.3415896e-18	0	-2.7057429e-17
5.0000000000001785e-11	-1.9602977e-09	-3.7941246e-09	0.002153445	0.008069211	-4.5151693e-17	-1.7450742e-16	1.579509e-16	-1.5179479e-18	0	-2.7077223e-17
6.00000000000024e-11	-2.7612796e-09	-4.6372635e-09	0.0024083108	0.00807603	-4.5221468e-17	-1.7398229e-16	1.5749458e-16	-1.6390459e-18	0	-2.7094713e-17
7.000999999999771e-11	-3.3409375e-09	-5.058833e-09	0.0025820115	0.00802312	-4.5269266e-17	-1.736049e-16	1.5716138e-16	-1.7181952e-18	0	-2.7107531e-17
8.000999999999302e-11	-3.8046637e-09	-5.10099e-09	0.0026689742	0.007939795	-4.5303802e-17	-1.7339348e-16	1.569696e-16	-1.764859e-18	0	-2.7115063e-17
9.000999999998834e-11	-3.7414285e-09	-4.7215774e-09	0.0026769603	0.0078263	-4.533088e-17	-1.7333682e-16	1.5691125e-16	-1.787371e-18	0	-2.7117947e-17
1.0000999999998365e-10	-3.2882415e-09	-4.2367727e-09	0.0026219583	0.0077124597	-4.535395e-17	-1.7340095e-16	1.5695792e-16	-1.7930908e-18	0	-2.7117826e-17
1.1000999999997896e-10	-2.9720644e-09	-3.3725553e-09	0.0025238437	0.0076258737	-4.537485e-17	-1.7353974e-16	1.5706987e-16	-1.7886162e-18	0	-2.7116385e-17
1.2000999999997891e-10	-2.2975533e-09	-2.3186317e-09	0.0024021924	0.007532271	-4.5394534e-17	-1.737053e-16	1.5720556e-16	-1.7803766e-18	0	-2.711442e-17
1.3000999999998715e-10	-1.1645855e-09	-1.1803943e-09	0.0022728287	0.0074615604	-4.5413377e-17	-1.7385347e-16	1.5732634e-16	-1.773097e-18	0	-2.7113149e-17
1.400099999999954e-10	-1.2647082e-10	-1.4754929e-10	0.0021475556	0.0074550114	-4.543123e-17	-1.7395178e-16	1.5740387e-16	-1.7702296e-18	0	-2.7113098e-17
1.5000000000000362e-10	6.6924144e-10	5.2696175e-10	0.0020341452	0.007488143	-4.544789e-17	-1.739836e-16	1.5742355e-16	-1.7741277e-18	0	-2.7113718e-17
1.6000000000001186e-10	1.6704688e-09	1.075002e-09	0.0019359476	0.007526953	-4.5463544e-17	-1.7394354e-16	1.5738042e-16	-1.7859878e-18	0	-2.7114431e-17
1.700000000000201e-10	2.2501268e-09	1.075002e-09	0.001853433	0.00756045	-4.5478344e-17	-1.738335e-16	1.5727624e-16	-1.8059578e-18	0	-2.7115126e-17
1.8000000000002833e-10	2.48199e-09	1.032845e-09	0.0017847467	0.0076461476	-4.5492396e-17	-1.736628e-16	1.5711932e-16	-1.8330819e-18	0	-2.7115847e-17
1.9000000000003657e-10	2.1552735e-09	6.9558953e-10	0.0017269402	0.0077837617	-4.550573e-17	-1.7344553e-16	1.5692192e-16	-1.865584e-18	0	-2.711654e-17
2.000000000000448e-10	2.134195e-09	-1.2647082e-10	0.001677308	0.007933095	-4.5518455e-17	-1.7319587e-16	1.5669613e-16	-1.901639e-18	0	-2.7117083e-17
2.1000000000005304e-10	2.06569e-09	-1.2857867e-09	0.001633998	0.008066294	-4.553068e-17	-1.7292559e-16	1.5645219e-16	-1.939855e-18	0	-2.711745e-17
2.2000000000006128e-10	1.1276982e-09	-2.1289255e-09	0.0015956541	0.008175532	-4.5542424e-17	-1.7264502e-16	1.561994e-16	-1.9791121e-18	0	-2.7117707e-17
2.3000000000006952e-10	4.7426557e-10	-3.267163e-09	0.0015608384	0.008265557	-4.5553776e-17	-1.7236469e-16	1.559471e-16	-2.0182185e-18	0	-2.7117972e-17
2.4000000000005925e-10	8.642173e-10	-4.257851e-09	0.0015281232	0.008346325	-4.556469e-17	-1.7209469e-16	1.5570422e-16	-2.0558722e-18	0	-2.7118345e-17
2.5000000000004163e-10	3.7941247e-10	-5.3960885e-09	0.0014966854	0.008428951	-4.5575144e-17	-1.7184275e-16	1.5547741e-16	-2.0909496e-18	0	-2.7118857e-17
2.60000000000024e-10	-4.0049095e-10	-6.2181487e-09	0.0014667724	0.008516424	-4.5585126e-17	-1.7161286e-16	1.5527e-16	-2.122799e-18	0	-2.7119467e-17
2.700000000000064e-10	-7.16668e-10	-6.808346e-09	0.0014396756	0.008605564	-4.5594616e-17	-1.7140497e-16	1.5508183e-16	-2.1513628e-18	0	-2.7120116e-17
2.800099999999888e-10	-1.1803943e-09	-6.576483e-09	0.0014171476	0.008691494	-4.560366e-17	-1.71216e-16	1.5491015e-16	-2.1770749e-18	0	-2.7120753e-17
2.9000999999997117e-10	-1.833827e-09	-6.3024626e-09	0.0014007839	0.0087737	-4.5612297e-17	-1.710423e-16	1.5475189e-16	-2.2005066e-18	0	-2.7121343e-17
3.0000999999995355e-10	-1.3911791e-09	-6.492169e-09	0.001391396	0.008850177	-4.5620526e-17	-1.7088018e-16	1.546038e-16	-2.2222755e-18	0	-2.7121879e-17
3.1000999999993594e-10	-1.1487766e-09	-6.9558954e-09	0.0013889149	0.0089233	-4.562844e-17	-1.7072718e-16	1.5446391e-16	-2.2428026e-18	0	-2.7122372e-17
3.2000999999991833e-10	-8.325996e-10	-7.16668e-09	0.001392568	0.008993487	-4.563604e-17	-1.7058205e-16	1.5433116e-16	-2.2623206e-18	0	-2.712284e-17
3.300099999999007e-10	-1.1382374e-09	-7.546093e-09	0.0014012	0.009062339	-4.5643317e-17	-1.7044413e-16	1.5420503e-16	-2.2809266e-18	0	-2.712329e-17
3.400099999998831e-10	-9.801489e-10	-7.9044264e-09	0.0014135088	0.009130327	-4.565035e-17	-1.7031295e-16	1.5408502e-16	-2.2986793e-18	0	-2.7123724e-17
3.500099999998655e-10	-9.379919e-10	-9.105899e-09	0.001428218	0.009199944	-4.5657094e-17	-1.7018753e-16	1.5397025e-16	-2.3156745e-18	0	-2.7124144e-17
3.600099999998479e-10	-1.4544145e-09	-8.916193e-09	0.0014441916	0.009268506	-4.5663566e-17	-1.7006634e-16	1.5385935e-16	-2.3320699e-18	0	-2.7124528e-17
3.7000999999983027e-10	-7.693642e-10	-9.92796e-09	0.0014604606	0.009337495	-4.566985e-17	-1.6994751e-16	1.5375061e-16	-2.348075e-18	0	-2.712488e-17
3.8000999999981266e-10	-1.2752475e-09	-1.0117666e-08	0.0014761284	0.009404216	-4.567583e-17	-1.6982903e-16	1.5364231e-16	-2.3639194e-18	0	-2.7125193e-17
3.9000999999979505e-10	-1.6704688e-09	-1.0771099e-08	0.0014904067	0.009471593	-4.568162e-17	-1.6970931e-16	1.5353293e-16	-2.3798015e-18	0	-2.7125467e-17
4.0000999999977743e-10	-1.8180181e-09	-1.0476e-08	0.0015025937	0.009539306	-4.5687243e-17	-1.6958717e-16	1.5342148e-16	-2.3958546e-18	0	-2.7125707e-17
4.100099999997598e-10	-2.2132394e-09	-1.129806e-08	0.0015120314	0.009604907	-4.5692627e-17	-1.694623e-16	1.5330771e-16	-2.4121323e-18	0	-2.7125919e-17
4.200099999997422e-10	-2.439833e-09	-1.0518157e-08	0.0015184083	0.009671792	-4.5697894e-17	-1.6933523e-16	1.5319204e-16	-2.4285893e-18	0	-2.71261e-17
4.300099999997246e-10	-1.7758611e-09	-9.864724e-09	0.0015213268	0.009735402	-4.5702973e-17	-1.692069e-16	1.5307532e-16	-2.4451161e-18	0	-2.7126268e-17
4.40009999999707e-10	-1.5492676e-09	-1.0518157e-08	0.0015208069	0.009800245	-4.570789e-17	-1.6907875e-16	1.5295885e-16	-2.4615625e-18	0	-2.7126422e-17
4.5000999999968937e-10	-2.1605433e-09	-1.0813255e-08	0.0015169617	0.00986334	-4.5712714e-17	-1.689523e-16	1.528439e-16	-2.4777575e-18	0	-2.7126563e-17
4.6000999999967176e-10	-2.5979214e-09	-1.0876491e-08	0.0015101519	0.00992377	-4.571737e-17	-1.6882885e-16	1.5273174e-16	-2.4935523e-18	0	-2.7126702e-17
4.700099999996541e-10	-2.6558873e-09	-1.1403452e-08	0.0015009545	0.009983281	-4.5721932e-17	-1.6870938e-16	1.5262312e-16	-2.5088483e-18	0	-2.712683e-17
4.800099999996365e-10	-3.3251286e-09	-1.2878945e-08	0.0014900675	0.010041666	-4.572637e-17	-1.6859439e-16	1.5251855e-16	-2.523581e-18	0	-2.7126955e-17
4.900099999996189e-10	-3.0142213e-09	-1.22676695e-08	0.0014781384	0.01009845	-4.5730703e-17	-1.6848401e-16	1.5241813e-16	-2.5377438e-18	0	-2.7127072e-17
5.000099999996013e-10	-3.788855e-09	-1.4185811e-08	0.0014658908	0.01015374	-4.5734942e-17	-1.683781e-16	1.5232171e-16	-2.5513414e-18	0	-2.7127183e-17
5.100099999995837e-10	-4.850683e-09	-1.5324048e-08	0.0014540377	0.01020911	-4.5739064e-17	-1.6827599e-16	1.522287e-16	-2.5644677e-18	0	-2.7127287e-17
5.200099999995661e-10	-3.2697978e-09	-1.612503e-08	0.0014430552	0.010262836	-4.5743104e-17	-1.6817698e-16	1.5213845e-16	-2.5771927e-18	0	-2.7127387e-17
5.300099999995485e-10	-1.9313149e-09	-1.5682382e-08	0.001433419	0.010314522	-4.574708e-17	-1.6808049e-16	1.5205046e-16	-2.5895803e-18	0	-2.7127476e-17
5.400099999995309e-10	-2.6716962e-09	-1.6230421e-08	0.001425565	0.010365456	-4.5750956e-17	-1.679857e-16	1.5196404e-16	-2.601728e-18	0	-2.712756e-17
5.500099999995133e-10	-3.074822e-09	-1.6356893e-08	0.0014196318	0.010416808	-4.575477e-17	-1.6789203e-16	1.5187859e-16	-2.61371e-18	0	-2.7127636e-17
5.600099999994956e-10	-2.7876277e-09	-1.6546599e-08	0.0014156299	0.010468762	-4.5758483e-17	-1.6779899e-16	1.5179378e-16	-2.6255767e-18	0	-2.7127704e-17
5.70009999999478e-10	-1.1962032e-09	-1.5893166e-08	0.0014134964	0.010518855	-4.5762143e-17	-1.6770633e-16	1.5170932e-16	-2.6373643e-18	0	-2.7127765e-17
5.800099999994604e-10	-9.432616e-10	-1.597748e-08	0.0014132228	0.010569038	-4.5765723e-17	-1.6761395e-16	1.5162514e-16	-2.6490844e-18	0	-2.712782e-17
5.900099999994428e-10	3.873169e-10	-1.7326503e-08	0.001414419	0.010618055	-4.576926e-17	-1.6752194e-16	1.5154129e-16	-2.6607315e-18	0	-2.712787e-17
6.000099999994252e-10	5.2696177e-11	-1.7305425e-08	0.0014167028	0.010667849	-4.5772704e-17	-1.6743042e-16	1.5145791e-16	-2.6722895e-18	0	-2.7127914e-17
6.100099999994076e-10	4.4001308e-10	-1.6504442e-08	0.001419773	0.010717274	-4.5776142e-17	-1.6733958e-16	1.5137514e-16	-2.6837474e-18	0	-2.7127956e-17
6.2000999999939e-10	6.5606737e-10	-1.6356893e-08	0.0014232672	0.0107649565	-4.5779477e-17	-1.6724953e-16	1.5129313e-16	-2.6950907e-18	0	-2.7127992e-17
6.300099999993724e-10	-1.2159642e-09	-1.6504442e-08	0.0014268862	0.010812396	-4.5782802e-17	-1.6716044e-16	1.5121198e-16	-2.7063075e-18	0	-2.7128027e-17
6.400099999993547e-10	-3.346207e-09	-1.779023e-08	0.0014304061	0.010860165	-4.5786048e-17	-1.6707242e-16	1.5113183e-16	-2.7173886e-18	0	-2.712806e-17
6.500099999993371e-10	-2.3080926e-09	-1.8253955e-08	0.0014335685	0.010906529	-4.5789238e-17	-1.6698561e-16	1.5105278e-16	-2.7283144e-18	0	-2.7128086e-17
6.600099999993195e-10	-1.605916e-09	-1.8549054e-08	0.001436149	0.010952939	-4.5792394e-17	-1.6690006e-16	1.5097486e-16	-2.739079e-18	0	-2.7128118e-17
6.700099999993019e-10	-1.7495131e-09	-1.8064249e-08	0.0014380073	0.010998127	-4.5795515e-17	-1.6681575e-16	1.5089806e-16	-2.7496834e-18	0	-2.7128138e-17
6.800099999992843e-10	-1.2844693e-09	-1.8001014e-08	0.0014390036	0.011043143	-4.57986e-17	-1.6673264e-16	1.5082236e-16	-2.7601346e-18	0	-2.712816e-17
6.900099999992667e-10	-1.9866457e-09	-1.8169642e-08	0.0014391936	0.011088193	-4.580161e-17	-1.6665062e-16	1.5074764e-16	-2.770448e-18	0	-2.712818e-17
7.000099999992491e-10	-1.8167007e-09	-1.8296113e-08	0.0014386245	0.011132319	-4.580458e-17	-1.6656958e-16	1.5067382e-16	-2.78063e-18	0	-2.7128196e-17
7.100099999992315e-10	-8.194255e-10	-1.8127485e-08	0.0014374163	0.011175642	-4.5807558e-17	-1.6648946e-16	1.5060082e-16	-2.7906975e-18	0	-2.7128214e-17
7.200099999992138e-10	-4.9534404e-10	-1.8675525e-08	0.0014356372	0.011218973	-4.581045e-17	-1.6641008e-16	1.505285e-16	-2.8006594e-18	0	-2.7128224e-17
7.300099999991962e-10	-5.9283196e-11	-2.0066704e-08	0.0014334205	0.01126197	-4.5813316e-17	-1.6633142e-16	1.5045686e-16	-2.8105236e-18	0	-2.7128235e-17
7.400099999991786e-10	-2.8719416e-10	-1.9676753e-08	0.0014309011	0.011304692	-4.5816184e-17	-1.6625343e-16	1.5038579e-16	-2.8202967e-18	0	-2.7128243e-17
7.50009999999161e-10	-9.327223e-10	-2.0488272e-08	0.0014281962	0.01134674	-4.5818993e-17	-1.661761e-16	1.5031534e-16	-2.8299815e-18	0	-2.7128248e-17
7.600099999991434e-10	-7.6409457e-10	-2.0846608e-08	0.0014254319	0.0113885095	-4.5821746e-17	-1.6609938e-16	1.5024546e-16	-2.8395808e-18	0	-2.7128255e-17
7.700099999991258e-10	-1.6098681e-09	-2.1247098e-08	0.001422735	0.011430386	-4.582448e-17	-1.6602326e-16	1.5017611e-16	-2.8490952e-18	0	-2.7128257e-17
7.800099999991082e-10	-1.2357253e-09	-2.1331411e-08	0.0014201952	0.011471835	-4.5827235e-17	-1.6594777e-16	1.5010733e-16	-2.8585267e-18	0	-2.712826e-17
7.900099999990906e-10	-5.954668e-10	-2.1963766e-08	0.0014178886	0.01151256	-4.5829912e-17	-1.6587287e-16	1.500391e-16	-2.867875e-18	0	-2.712826e-17
8.00009999999073e-10	-3.1617705e-11	-2.3038767e-08	0.0014158833	0.011553242	-4.5832546e-17	-1.6579861e-16	1.4997147e-16	-2.8771422e-18	0	-2.7128263e-17
8.100099999990553e-10	-5.8492755e-10	-2.3955682e-08	0.0014142	0.011593607	-4.5835193e-17	-1.6572496e-16	1.4990436e-16	-2.8863283e-18	0	-2.7128263e-17
8.200099999990377e-10	-1.7020865e-09	-2.3386564e-08	0.001412867	0.011633393	-4.5837807e-17	-1.6565192e-16	1.4983781e-16	-2.895434e-18	0	-2.7128258e-17
8.300099999990201e-10	-1.6283118e-09	-2.3902986e-08	0.0014118565	0.011673392	-4.5840378e-17	-1.6557948e-16	1.4977182e-16	-2.9044605e-18	0	-2.7128257e-17
8.400099999990025e-10	-1.8759838e-09	-2.372382e-08	0.0014111421	0.01171269	-4.5842952e-17	-1.6550768e-16	1.4970639e-16	-2.9134091e-18	0	-2.7128255e-17
8.500099999989849e-10	-2.7928972e-09	-2.3671122e-08	0.0014106742	0.0117521295	-4.584546e-17	-1.6543644e-16	1.4964151e-16	-2.9222812e-18	0	-2.712825e-17
8.600099999989673e-10	-1.9076016e-09	-2.3112543e-08	0.0014103982	0.011790822	-4.584796e-17	-1.6536578e-16	1.4957714e-16	-2.9310777e-18	0	-2.7128247e-17
8.700099999989497e-10	-2.3765976e-09	-2.2121855e-08	0.0014102838	0.0118292365	-4.5850426e-17	-1.6529565e-16	1.4951328e-16	-2.9398036e-18	0	-2.7128242e-17
8.800099999989321e-10	-2.371328e-09	-2.3249553e-08	0.0014102667	0.011867937	-4.5852918e-17	-1.6522612e-16	1.494499e-16	-2.9484599e-18	0	-2.7128234e-17
8.900099999989144e-10	-2.919368e-09	-2.2069159e-08	0.0014102904	0.011906135	-4.5855336e-17	-1.6515704e-16	1.4938698e-16	-2.957048e-18	0	-2.712823e-17
9.000099999988968e-10	-1.5703461e-09	-2.2933376e-08	0.0014103185	0.011943892	-4.5857742e-17	-1.650885e-16	1.4932455e-16	-2.9655713e-18	0	-2.7128222e-17
9.100099999988792e-10	-2.3818671e-09	-2.372382e-08	0.0014103075	0.011981169	-4.5860147e-17	-1.6502043e-16	1.4926253e-16	-2.9740311e-18	0	-2.7128214e-17
9.200099999988616e-10	-2.0288027e-09	-2.23221e-08	0.0014102346	0.012018527	-4.5862526e-17	-1.6495284e-16	1.4920095e-16	-2.9824286e-18	0	-2.7128205e-17
9.30009999998844e-10	-2.7823581e-09	-2.1816216e-08	0.0014100653	0.012055711	-4.586489e-17	-1.648857e-16	1.4913976e-16	-2.990767e-18	0	-2.7128196e-17
9.400099999989161e-10	-2.3818671e-09	-2.4092692e-08	0.0014097942	0.012092624	-4.586721e-17	-1.6481899e-16	1.4907902e-16	-2.9990477e-18	0	-2.7128187e-17
9.50009999999002e-10	-1.8022093e-09	-2.4018917e-08	0.0014094054	0.012129418	-4.586951e-17	-1.6475274e-16	1.4901868e-16	-3.007271e-18	0	-2.7128177e-17
9.600099999990877e-10	4.3210865e-10	-2.2806905e-08	0.0014089042	0.012165739	-4.587183e-17	-1.6468691e-16	1.4895866e-16	-3.0154375e-18	0	-2.7128164e-17
9.700099999991735e-10	1.0012273e-09	-2.3660583e-08	0.0014083076	0.0122019425	-4.5874103e-17	-1.6462149e-16	1.4889905e-16	-3.0235505e-18	0	-2.7128153e-17
9.800099999992593e-10	-4.7426557e-10	-2.4018917e-08	0.001407624	0.012238016	-4.587638e-17	-1.6455648e-16	1.4883984e-16	-3.031609e-18	0	-2.712814e-17
9.90009999999345e-10	-1.5914245e-09	-2.2385336e-08	0.0014068524	0.012273676	-4.5878623e-17	-1.6449189e-16	1.48781e-16	-3.0396147e-18	0	-2.712813e-17
1.0000099999994308e-09	5.5857946e-10	-2.2569772e-08	0.0014060216	0.012309285	-4.588086e-17	-1.6442769e-16	1.4872252e-16	-3.047567e-18	0	-2.7128114e-17
1.0100099999995166e-09	1.7811308e-09	-2.079391e-08	0.0014051622	0.0123447785	-4.588308e-17	-1.6436391e-16	1.4866441e-16	-3.0554691e-18	0	-2.7128101e-17
1.0200099999996024e-09	-1.970837e-09	-2.274367e-08	0.0014042909	0.012379922	-4.588528e-17	-1.643005e-16	1.4860664e-16	-3.0633205e-18	0	-2.7128086e-17
1.0300099999996882e-09	-6.534326e-10	-2.1689747e-08	0.0014034088	0.012415091	-4.5887434e-17	-1.6423749e-16	1.4854924e-16	-3.0711219e-18	0	-2.7128071e-17
1.040009999999774e-09	2.7928972e-09	-2.1689747e-08	0.0014025461	0.01244982	-4.5889615e-17	-1.6417485e-16	1.4849217e-16	-3.0788738e-18	0	-2.7128058e-17
1.0500099999998598e-09	1.5176499e-09	-2.2348448e-08	0.0014017181	0.012484096	-4.589177e-17	-1.641126e-16	1.4843546e-16	-3.0865783e-18	0	-2.7128045e-17
1.0600099999999456e-09	-3.2039276e-09	-2.1294525e-08	0.0014009242	0.012518754	-4.589391e-17	-1.640507e-16	1.4837906e-16	-3.0942362e-18	0	-2.7128033e-17
1.0700000000000313e-09	-7.5882495e-10	-2.4082153e-08	0.001400179	0.01255301	-4.5896024e-17	-1.6398923e-16	1.4832304e-16	-3.1018404e-18	0	-2.7128015e-17
1.080000000000117e-09	1.6019638e-09	-2.3613156e-08	0.0013994907	0.01258711	-4.5898135e-17	-1.6392803e-16	1.4826731e-16	-3.1094073e-18	0	-2.7128e-17
1.0900000000002028e-09	1.3701006e-10	-2.2269404e-08	0.0013988536	0.012620924	-4.5900252e-17	-1.6386717e-16	1.4821185e-16	-3.116929e-18	0	-2.7127984e-17
1.1000000000002886e-09	-3.9627523e-09	-2.1947958e-08	0.0013982656	0.012654597	-4.5902327e-17	-1.6380667e-16	1.4815674e-16	-3.1244078e-18	0	-2.712797e-17
1.1100000000003744e-09	2.824515e-09	-2.315997e-08	0.0013977163	0.012688155	-4.5904388e-17	-1.6374648e-16	1.4810192e-16	-3.1318441e-18	0	-2.7127956e-17
1.1200000000004602e-09	2.3502496e-09	-2.0872955e-08	0.0013972204	0.012721663	-4.5906443e-17	-1.6368664e-16	1.4804738e-16	-3.139239e-18	0	-2.7127937e-17
1.130000000000546e-09	-8.1152113e-10	-2.079391e-08	0.0013967504	0.012754695	-4.590847e-17	-1.6362711e-16	1.4799315e-16	-3.1465922e-18	0	-2.7127923e-17
1.1400000000006318e-09	-4.0576054e-09	-2.576316e-08	0.0013963126	0.0127878515	-4.5910506e-17	-1.635679e-16	1.479392e-16	-3.1539048e-18	0	-2.7127903e-17
1.1500000000007175e-09	8.2206036e-10	-1.9787414e-08	0.0013958856	0.0128208725	-4.591252e-17	-1.6350899e-16	1.4788553e-16	-3.1611776e-18	0	-2.7127888e-17
1.1600000000008033e-09	8.4313884e-10	-1.909446e-08	0.0013954794	0.012853456	-4.591451e-17	-1.6345037e-16	1.4783214e-16	-3.1684117e-18	0	-2.712787e-17
1.1700000000008891e-09	-5.606873e-09	-2.4917387e-08	0.0013950625	0.01288597	-4.5916498e-17	-1.6339207e-16	1.4777905e-16	-3.1756065e-18	0	-2.7127855e-17
1.1800000000009749e-09	-8.4313884e-10	-1.7973349e-08	0.0013946557	0.012918437	-4.5918506e-17	-1.6333406e-16	1.4772617e-16	-3.1827643e-18	0	-2.7127837e-17
1.1900000000010607e-09	1.3279436e-09	-1.8865231e-08	0.0013942469	0.0129507305	-4.5920465e-17	-1.6327636e-16	1.4767359e-16	-3.1898839e-18	0	-2.7127818e-17
1.2000000000011465e-09	-2.6558873e-09	-2.122075e-08	0.00139382	0.012982849	-4.5922417e-17	-1.6321893e-16	1.4762126e-16	-3.1969672e-18	0	-2.71278e-17
1.2100000000012322e-09	-2.466181e-09	-1.999293e-08	0.001393389	0.013014873	-4.5924353e-17	-1.6316179e-16	1.4756923e-16	-3.2040138e-18	0	-2.7127782e-17
1.220000000001318e-09	1.3279436e-09	-1.9431715e-08	0.0013929493	0.013046552	-4.5926315e-17	-1.6310492e-16	1.475174e-16	-3.211025e-18	0	-2.7127764e-17
1.2300000000014038e-09	-2.2343178e-09	-2.4252097e-08	0.0013924824	0.013078326	-4.5928227e-17	-1.6304832e-16	1.4746584e-16	-3.2180012e-18	0	-2.7127744e-17
1.2400000000014896e-09	-1.8549055e-09	-2.1729269e-08	0.0013919991	0.013109874	-4.5930166e-17	-1.6299204e-16	1.4741453e-16	-3.2249423e-18	0	-2.712773e-17
1.2500000000015754e-09	-2.0235331e-09	-2.0227427e-08	0.0013915213	0.013141231	-4.5932026e-17	-1.6293595e-16	1.4736348e-16	-3.231849e-18	0	-2.7127709e-17
1.2600000000016612e-09	-3.3303984e-09	-2.2461744e-08	0.0013910229	0.013172559	-4.5933915e-17	-1.6288016e-16	1.4731266e-16	-3.238722e-18	0	-2.7127691e-17
1.270000000001747e-09	-3.941674e-09	-1.9323688e-08	0.0013905114	0.01320367	-4.593579e-17	-1.6282464e-16	1.4726206e-16	-3.2455614e-18	0	-2.7127674e-17
1.2800000000018327e-09	-3.8784385e-09	-2.1644954e-08	0.0013900049	0.01323466	-4.5937694e-17	-1.6276937e-16	1.4721172e-16	-3.2523687e-18	0	-2.7127653e-17
1.2900000000019185e-09	-5.6279514e-09	-2.0293298e-08	0.0013895006	0.013265459	-4.5939533e-17	-1.6271435e-16	1.4716159e-16	-3.2591441e-18	0	-2.7127631e-17
1.3000000000020043e-09	-4.4686357e-09	-2.1152244e-08	0.0013889902	0.013296253	-4.594141e-17	-1.626596e-16	1.4711169e-16	-3.2658867e-18	0	-2.7127615e-17
1.3100000000020901e-09	-6.2392274e-09	-2.1700286e-08	0.0013884944	0.013326675	-4.5943223e-17	-1.6260506e-16	1.4706203e-16	-3.2725989e-18	0	-2.7127597e-17
1.3200000000021759e-09	-4.3210866e-09	-1.929207e-08	0.0013879874	0.013357198	-4.5945095e-17	-1.6255081e-16	1.4701257e-16	-3.2792794e-18	0	-2.7127577e-17
1.3300000000022617e-09	-5.64903e-09	-2.3639505e-08	0.0013874985	0.01338771	-4.5946912e-17	-1.6249677e-16	1.4696335e-16	-3.2859293e-18	0	-2.7127559e-17
1.3400000000023475e-09	-6.2603056e-09	-2.0609475e-08	0.0013870264	0.01341779	-4.5948745e-17	-1.6244297e-16	1.4691432e-16	-3.2925488e-18	0	-2.712754e-17
1.3500000000024332e-09	-4.700499e-09	-2.3196856e-08	0.0013865695	0.0134478705	-4.5950548e-17	-1.623894e-16	1.4686552e-16	-3.2991385e-18	0	-2.7127519e-17
1.360000000002519e-09	-6.7872676e-09	-2.2722592e-08	0.0013861194	0.013477834	-4.5952338e-17	-1.6233607e-16	1.4681695e-16	-3.305699e-18	0	-2.71275e-17
1.3700000000026048e-09	-5.859815e-09	-2.1536927e-08	0.0013856661	0.013507518	-4.595411e-17	-1.6228296e-16	1.4676856e-16	-3.3122297e-18	0	-2.7127481e-17
1.3800000000026906e-09	-7.1456014e-09	-2.45248e-08	0.0013852393	0.013537254	-4.5955892e-17	-1.6223009e-16	1.4672039e-16	-3.3187324e-18	0	-2.712746e-17
1.3900000000027764e-09	-7.9044264e-09	-2.2501267e-08	0.0013848076	0.0135669345	-4.5957682e-17	-1.6217743e-16	1.466724e-16	-3.325206e-18	0	-2.7127443e-17
1.4000000000028622e-09	-8.937271e-09	-2.5178233e-08	0.0013843824	0.013596426	-4.5959432e-17	-1.62125e-16	1.4662465e-16	-3.3316525e-18	0	-2.712742e-17
1.410000000002948e-09	-9.0426635e-09	-2.3876638e-08	0.0013839591	0.013625853	-4.59612e-17	-1.6207279e-16	1.4657707e-16	-3.3380716e-18	0	-2.7127403e-17
1.4200000000030337e-09	-9.864724e-09	-2.5520759e-08	0.0013835505	0.013655133	-4.596295e-17	-1.6202078e-16	1.4652966e-16	-3.3444637e-18	0	-2.7127382e-17
1.4300000000031195e-09	-9.548547e-09	-2.6063528e-08	0.0013831392	0.013684163	-4.596469e-17	-1.6196897e-16	1.4648248e-16	-3.3508288e-18	0	-2.7127362e-17
1.4400000000032053e-09	-9.169135e-09	-2.5721004e-08	0.0013827364	0.013713088	-4.5966423e-17	-1.6191739e-16	1.4643548e-16	-3.3571675e-18	0	-2.7127342e-17
1.450000000003291e-09	-1.0138744e-08	-2.5699926e-08	0.0013823353	0.013742141	-4.5968127e-17	-1.6186602e-16	1.4638868e-16	-3.3634802e-18	0	-2.712732e-17
1.4600000000033769e-09	-8.895115e-09	-2.6469289e-08	0.0013819184	0.013770924	-4.5969874e-17	-1.6181484e-16	1.4634201e-16	-3.369768e-18	0	-2.7127302e-17
1.4700000000034627e-09	-9.358841e-09	-2.7349316e-08	0.0013815009	0.013799646	-4.5971575e-17	-1.6176386e-16	1.462956e-16	-3.3760295e-18	0	-2.7127282e-17
1.4800000000035485e-09	-6.555404e-09	-2.7528483e-08	0.0013810832	0.013828316	-4.5973253e-17	-1.6171306e-16	1.4624933e-16	-3.382266e-18	0	-2.7127259e-17
1.4900000000036342e-09	-9.485312e-09	-2.6495638e-08	0.0013806656	0.013856822	-4.5974957e-17	-1.6166248e-16	1.4620325e-16	-3.3884778e-18	0	-2.7127241e-17
1.50000000000372e-09	-8.979429e-09	-2.6748578e-08	0.0013802573	0.013885227	-4.597665e-17	-1.616121e-16	1.4615733e-16	-3.3946649e-18	0	-2.712722e-17
1.5100000000038058e-09	-8.431388e-09	-2.882481e-08	0.0013798464	0.01391346	-4.5978338e-17	-1.615619e-16	1.461116e-16	-3.4008284e-18	0	-2.71272e-17
1.5200000000038916e-09	-9.548547e-09	-2.6643187e-08	0.0013794303	0.013941546	-4.598e-17	-1.615119e-16	1.4606604e-16	-3.4069671e-18	0	-2.712718e-17
1.5300000000039774e-09	-1.0286294e-08	-2.8371621e-08	0.0013790134	0.013969711	-4.5981637e-17	-1.6146206e-16	1.4602065e-16	-3.4130818e-18	0	-2.7127158e-17
1.5400000000040632e-09	-1.13191385e-08	-2.988927e-08	0.0013785936	0.013997725	-4.5983334e-17	-1.6141245e-16	1.4597542e-16	-3.4191734e-18	0	-2.7127138e-17
1.550000000004149e-09	-1.0918647e-08	-2.9162063e-08	0.0013781851	0.014025598	-4.5984975e-17	-1.61363e-16	1.4593038e-16	-3.4252414e-18	0	-2.712712e-17
1.5600000000042347e-09	-1.281571e-08	-2.798167e-08	0.001377766	0.014053404	-4.5986607e-17	-1.6131372e-16	1.4588549e-16	-3.4312862e-18	0	-2.7127097e-17
1.5700000000043205e-09	-9.991195e-09	-2.9583633e-08	0.0013773404	0.014080953	-4.5988264e-17	-1.6126464e-16	1.4584077e-16	-3.4373077e-18	0	-2.7127079e-17
1.5800000000044063e-09	-1.16985515e-08	-3.0774565e-08	0.0013769184	0.014108601	-4.598989e-17	-1.6121574e-16	1.4579622e-16	-3.443308e-18	0	-2.7127059e-17
1.590000000004492e-09	-1.3110808e-08	-3.0563783e-08	0.0013765064	0.01413602	-4.599152e-17	-1.6116701e-16	1.4575183e-16	-3.449285e-18	0	-2.7127037e-17
1.6000000000045779e-09	-1.171963e-08	-3.3725552e-08	0.001376092	0.014163373	-4.5993128e-17	-1.6111845e-16	1.457076e-16	-3.45524e-18	0	-2.7127018e-17
1.6100000000046637e-09	-1.1635316e-08	-3.418928e-08	0.00137568	0.014190696	-4.599475e-17	-1.6107009e-16	1.4566351e-16	-3.4611727e-18	0	-2.7126994e-17
1.6200000000047495e-09	-1.30264945e-08	-3.3177514e-08	0.0013752694	0.01421801	-4.599633e-17	-1.6102189e-16	1.4561959e-16	-3.4670843e-18	0	-2.7126976e-17
1.6300000000048352e-09	-1.323728e-08	-3.4948105e-08	0.0013748459	0.014245156	-4.599794e-17	-1.6097383e-16	1.4557581e-16	-3.4729745e-18	0	-2.7126955e-17
1.640000000004921e-09	-1.2900024e-08	-3.364124e-08	0.0013744433	0.0142720835	-4.5999547e-17	-1.6092599e-16	1.4553222e-16	-3.4788425e-18	0	-2.7126938e-17
1.6500000000050068e-09	-1.2478455e-08	-3.235545e-08	0.001374029	0.014299013	-4.6001112e-17	-1.6087828e-16	1.4548876e-16	-3.4846902e-18	0	-2.7126915e-17
1.6600000000050926e-09	-1.1551002e-08	-3.5991487e-08	0.001373626	0.014325765	-4.600269e-17	-1.6083074e-16	1.4544546e-16	-3.4905173e-18	0	-2.7126892e-17
1.6700000000051784e-09	-1.2562769e-08	-3.337776e-08	0.0013732244	0.014352519	-4.60043e-17	-1.6078337e-16	1.4540227e-16	-3.4963237e-18	0	-2.7126874e-17
1.6800000000052642e-09	-1.1551002e-08	-3.5791242e-08	0.001372826	0.0143792275	-4.6005857e-17	-1.6073616e-16	1.4535927e-16	-3.50211e-18	0	-2.7126854e-17
1.69000000000535e-09	-1.2773553e-08	-3.433683e-08	0.0013724312	0.014405824	-4.6007422e-17	-1.6068911e-16	1.453164e-16	-3.5078757e-18	0	-2.7126834e-17
1.7000000000054357e-09	-1.2731396e-08	-3.5643694e-08	0.0013720245	0.014432417	-4.6008987e-17	-1.6064223e-16	1.4527367e-16	-3.5136217e-18	0	-2.7126812e-17
1.7100000000055215e-09	-1.2141199e-08	-3.6845165e-08	0.001371627	0.01445876	-4.6010532e-17	-1.6059547e-16	1.452311e-16	-3.519348e-18	0	-2.7126793e-17
1.7200000000056073e-09	-1.3195122e-08	-3.8362817e-08	0.0013712221	0.014485067	-4.601207e-17	-1.605489e-16	1.4518865e-16	-3.5250533e-18	0	-2.7126771e-17
1.730000000005693e-09	-1.2689239e-08	-3.6318205e-08	0.0013708187	0.014511302	-4.601361e-17	-1.6050249e-16	1.4514636e-16	-3.5307402e-18	0	-2.7126751e-17
1.7400000000057789e-09	-1.2141199e-08	-3.7741e-08	0.0013704218	0.014537444	-4.6015128e-17	-1.6045619e-16	1.451042e-16	-3.5364085e-18	0	-2.7126731e-17
1.7500000000058647e-09	-1.2604925e-08	-3.6571148e-08	0.0013700154	0.01456341	-4.601666e-17	-1.604101e-16	1.450622e-16	-3.5420565e-18	0	-2.712671e-17
1.7600000000059504e-09	-1.2351983e-08	-3.8267963e-08	0.001369612	0.014589435	-4.6018188e-17	-1.6036412e-16	1.450203e-16	-3.547686e-18	0	-2.712669e-17
1.7700000000060362e-09	-1.3658849e-08	-3.8626297e-08	0.0013692068	0.0146153215	-4.60197e-17	-1.603183e-16	1.4497856e-16	-3.5532966e-18	0	-2.7126669e-17
1.780000000006122e-09	-1.3658849e-08	-3.978561e-08	0.0013688063	0.014641175	-4.602121e-17	-1.6027265e-16	1.4493695e-16	-3.5588883e-18	0	-2.712665e-17
1.7900000000062078e-09	-1.4797086e-08	-3.984885e-08	0.0013684161	0.014666915	-4.6022744e-17	-1.6022713e-16	1.4489548e-16	-3.564462e-18	0	-2.7126626e-17
1.8000000000062936e-09	-1.5050029e-08	-3.996478e-08	0.0013680145	0.014692561	-4.6024233e-17	-1.6018173e-16	1.4485414e-16	-3.5700176e-18	0	-2.7126607e-17
1.8100000000063794e-09	-1.542944e-08	-4.0038554e-08	0.0013676147	0.014718101	-4.602572e-17	-1.6013649e-16	1.4481292e-16	-3.575554e-18	0	-2.7126587e-17
1.8200000000064652e-09	-1.5050029e-08	-4.0196642e-08	0.0013672172	0.014743561	-4.60272e-17	-1.6009141e-16	1.4477184e-16	-3.581073e-18	0	-2.7126568e-17
1.830000000006551e-09	-1.542944e-08	-3.9205954e-08	0.0013668193	0.014768882	-4.602869e-17	-1.6004647e-16	1.4473088e-16	-3.586575e-18	0	-2.7126548e-17
1.8400000000066367e-09	-1.3911791e-08	-4.0302034e-08	0.0013664162	0.014794368	-4.603017e-17	-1.6000165e-16	1.4469008e-16	-3.5920587e-18	0	-2.7126526e-17
1.8500000000067225e-09	-1.3195122e-08	-4.1440273e-08	0.0013660009	0.014819699	-4.603167e-17	-1.59957e-16	1.4464935e-16	-3.5975255e-18	0	-2.7126505e-17
1.8600000000068083e-09	-1.323728e-08	-4.1904e-08	0.0013655978	0.014844843	-4.603313e-17	-1.5991246e-16	1.4460879e-16	-3.6029738e-18	0	-2.7126485e-17
1.870000000006742e-09	-1.323728e-08	-4.2325567e-08	0.0013651857	0.014869963	-4.6034596e-17	-1.5986806e-16	1.4456835e-16	-3.6084054e-18	0	-2.7126467e-17
1.880000000006621e-09	-1.2900024e-08	-4.1798607e-08	0.0013647791	0.014894978	-4.6036072e-17	-1.5982383e-16	1.4452803e-16	-3.6138193e-18	0	-2.7126444e-17
1.8900000000065e-09	-1.281571e-08	-4.365351e-08	0.0013643776	0.014919901	-4.6037518e-17	-1.597797e-16	1.4448782e-16	-3.619217e-18	0	-2.7126424e-17
1.900000000006379e-09	-1.0623549e-08	-4.3864297e-08	0.001363974	0.014944752	-4.6038947e-17	-1.5973571e-16	1.4444777e-16	-3.6245975e-18	0	-2.7126404e-17
1.910000000006258e-09	-1.1761786e-08	-4.5866752e-08	0.0013635708	0.014969533	-4.6040423e-17	-1.5969186e-16	1.4440779e-16	-3.6299613e-18	0	-2.7126384e-17
1.920000000006137e-09	-1.1972571e-08	-4.4960377e-08	0.0013631616	0.014994277	-4.6041866e-17	-1.5964815e-16	1.4436796e-16	-3.635309e-18	0	-2.7126364e-17
1.930000000006016e-09	-1.1635316e-08	-4.574028e-08	0.001362753	0.015018966	-4.6043275e-17	-1.5960454e-16	1.4432825e-16	-3.64064e-18	0	-2.7126346e-17
1.940000000005895e-09	-1.2183356e-08	-4.641479e-08	0.0013623484	0.015043571	-4.6044724e-17	-1.5956109e-16	1.4428865e-16	-3.645955e-18	0	-2.7126324e-17
1.950000000005774e-09	-1.1593158e-08	-4.698391e-08	0.0013619397	0.015068142	-4.604615e-17	-1.5951777e-16	1.4424918e-16	-3.651254e-18	0	-2.7126303e-17
1.960000000005653e-09	-1.3068652e-08	-4.6372634e-08	0.0013615304	0.015092637	-4.604756e-17	-1.5947456e-16	1.4420982e-16	-3.6565354e-18	0	-2.7126285e-17
1.9700000000055318e-09	-1.3152966e-08	-4.6140773e-08	0.0013611251	0.015116987	-4.6048992e-17	-1.5943149e-16	1.4417057e-16	-3.6618024e-18	0	-2.7126263e-17
1.9800000000054108e-09	-1.3532378e-08	-4.656234e-08	0.0013607292	0.015141244	-4.605039e-17	-1.5938853e-16	1.4413144e-16	-3.667053e-18	0	-2.7126247e-17
1.9900000000052898e-09	-1.433336e-08	-4.6920675e-08	0.0013603246	0.015165419	-4.60518e-17	-1.593457e-16	1.4409241e-16	-3.672288e-18	0	-2.7126225e-17
2.0000000000051688e-09	-1.542944e-08	-4.7110383e-08	0.0013599196	0.015189619	-4.60532e-17	-1.5930301e-16	1.4405352e-16	-3.6775065e-18	0	-2.7126202e-17
2.0100000000050478e-09	-1.4417674e-08	-4.7510873e-08	0.0013595163	0.015213728	-4.6054617e-17	-1.5926044e-16	1.4401473e-16	-3.6827115e-18	0	-2.7126182e-17
2.0200000000049267e-09	-1.4080419e-08	-4.73844e-08	0.001359108	0.015237835	-4.6055997e-17	-1.5921801e-16	1.4397604e-16	-3.6878996e-18	0	-2.712616e-17
2.0300000000048057e-09	-1.4797086e-08	-4.7869207e-08	0.0013586853	0.015261766	-4.6057417e-17	-1.5917568e-16	1.4393749e-16	-3.693073e-18	0	-2.7126142e-17
2.0400000000046847e-09	-1.3532378e-08	-4.7321166e-08	0.001358265	0.015285681	-4.6058783e-17	-1.5913346e-16	1.4389904e-16	-3.6982306e-18	0	-2.7126121e-17
2.0500000000045637e-09	-1.3743163e-08	-4.727901e-08	0.0013578442	0.015309534	-4.6060176e-17	-1.5909136e-16	1.4386066e-16	-3.7033736e-18	0	-2.7126104e-17
2.0600000000044427e-09	-1.3110808e-08	-4.7763812e-08	0.0013574397	0.015333159	-4.606155e-17	-1.5904939e-16	1.4382242e-16	-3.708502e-18	0	-2.7126086e-17
2.0700000000043217e-09	-1.2562769e-08	-4.7869207e-08	0.0013570209	0.015356875	-4.606292e-17	-1.5900754e-16	1.4378428e-16	-3.7136154e-18	0	-2.7126061e-17
2.0800000000042007e-09	-1.3152966e-08	-4.7510873e-08	0.0013566035	0.0153805185	-4.6064312e-17	-1.5896582e-16	1.4374627e-16	-3.7187137e-18	0	-2.7126043e-17
2.0900000000040797e-09	-1.3448064e-08	-4.7236853e-08	0.0013561794	0.015404035	-4.6065675e-17	-1.589242e-16	1.4370835e-16	-3.723797e-18	0	-2.7126025e-17
2.1000000000039587e-09	-1.3321594e-08	-4.8206463e-08	0.0013557739	0.015427588	-4.6067055e-17	-1.588827e-16	1.4367054e-16	-3.7288665e-18	0	-2.7126002e-17
2.1100000000038377e-09	-1.3068652e-08	-4.8206463e-08	0.0013553649	0.015451109	-4.60684e-17	-1.5884134e-16	1.4363285e-16	-3.73392e-18	0	-2.7125984e-17
2.1200000000037166e-09	-1.30264945e-08	-4.8712344e-08	0.001354937	0.01547442	-4.606975e-17	-1.5880007e-16	1.4359525e-16	-3.73896e-18	0	-2.7125965e-17
2.1300000000035956e-09	-1.3701006e-08	-4.961872e-08	0.0013545213	0.015497773	-4.6071108e-17	-1.5875891e-16	1.4355775e-16	-3.7439865e-18	0	-2.7125946e-17
2.1400000000034746e-09	-1.4038261e-08	-5.0335387e-08	0.0013540955	0.015520929	-4.6072445e-17	-1.5871787e-16	1.4352035e-16	-3.748998e-18	0	-2.7125924e-17
2.1500000000033536e-09	-1.3321594e-08	-5.07148e-08	0.0013536833	0.015544106	-4.6073765e-17	-1.5867695e-16	1.4348308e-16	-3.7539963e-18	0	-2.7125903e-17
2.1600000000032326e-09	-1.3658849e-08	-5.0504013e-08	0.0013532515	0.015567202	-4.6075145e-17	-1.5863614e-16	1.4344586e-16	-3.75898e-18	0	-2.7125884e-17
2.1700000000031116e-09	-1.3743163e-08	-5.084127e-08	0.0013528275	0.015590151	-4.6076455e-17	-1.5859543e-16	1.434088e-16	-3.7639497e-18	0	-2.7125865e-17
2.1800000000029906e-09	-1.3827477e-08	-5.111529e-08	0.0013524039	0.015613253	-4.6077772e-17	-1.5855483e-16	1.4337181e-16	-3.7689054e-18	0	-2.7125846e-17
2.1900000000028696e-09	-1.34059075e-08	-5.0630486e-08	0.0013519699	0.015636202	-4.6079122e-17	-1.5851438e-16	1.4333492e-16	-3.773848e-18	0	-2.7125825e-17
2.2000000000027486e-09	-1.3110808e-08	-5.128392e-08	0.0013515309	0.015659077	-4.608046e-17	-1.5847397e-16	1.4329812e-16	-3.7787765e-18	0	-2.7125805e-17
2.2100000000026276e-09	-1.3532378e-08	-5.0630486e-08	0.0013510986	0.015681872	-4.6081755e-17	-1.5843373e-16	1.4326145e-16	-3.7836912e-18	0	-2.7125788e-17
2.2200000000025065e-09	-1.3827477e-08	-5.0377544e-08	0.0013506684	0.015704615	-4.6083062e-17	-1.5839356e-16	1.4322487e-16	-3.7885923e-18	0	-2.7125769e-17
2.2300000000023855e-09	-1.4249046e-08	-5.1368232e-08	0.0013502227	0.015727298	-4.6084356e-17	-1.5835352e-16	1.4318838e-16	-3.793481e-18	0	-2.7125747e-17
2.2400000000022645e-09	-1.46284584e-08	-5.250647e-08	0.0013497729	0.01574991	-4.608569e-17	-1.583136e-16	1.4315198e-16	-3.798355e-18	0	-2.7125727e-17
2.2500000000021435e-09	-1.433336e-08	-5.2569707e-08	0.0013493379	0.015772458	-4.6086993e-17	-1.5827377e-16	1.4311568e-16	-3.803216e-18	0	-2.712571e-17
2.2600000000020225e-09	-1.4291203e-08	-5.2443234e-08	0.001348901	0.015794903	-4.6088284e-17	-1.5823401e-16	1.4307951e-16	-3.8080637e-18	0	-2.7125692e-17
2.2700000000019015e-09	-1.4797086e-08	-5.2569707e-08	0.0013484549	0.015817387	-4.6089574e-17	-1.581944e-16	1.4304339e-16	-3.812899e-18	0	-2.712567e-17
2.2800000000017805e-09	-1.4459831e-08	-5.307559e-08	0.0013480211	0.015839798	-4.609085e-17	-1.5815487e-16	1.4300738e-16	-3.81772e-18	0	-2.712565e-17
2.2900000000016595e-09	-1.4923558e-08	-5.3518235e-08	0.0013476007	0.015862174	-4.609217e-17	-1.5811547e-16	1.4297147e-16	-3.822529e-18	0	-2.7125633e-17
2.3000000000015385e-09	-1.5513754e-08	-5.31599e-08	0.0013471494	0.015884455	-4.6093442e-17	-1.5807616e-16	1.4293566e-16	-3.827324e-18	0	-2.7125613e-17
2.3100000000014175e-09	-1.46284584e-08	-5.4108433e-08	0.0013466959	0.015906705	-4.6094736e-17	-1.5803695e-16	1.4289992e-16	-3.8321077e-18	0	-2.7125597e-17
2.3200000000012965e-09	-1.5471597e-08	-5.4761866e-08	0.0013462501	0.01592884	-4.6096026e-17	-1.5799786e-16	1.4286428e-16	-3.836878e-18	0	-2.7125575e-17
2.3300000000011754e-09	-1.475493e-08	-5.524667e-08	0.0013457948	0.015950834	-4.6097273e-17	-1.5795885e-16	1.4282876e-16	-3.841636e-18	0	-2.7125555e-17
2.3400000000010544e-09	-1.4501988e-08	-5.471971e-08	0.001345335	0.015972871	-4.609856e-17	-1.5791995e-16	1.427933e-16	-3.84638e-18	0	-2.7125537e-17
2.3500000000009334e-09	-1.3827477e-08	-5.461432e-08	0.0013448786	0.01599481	-4.6099818e-17	-1.5788117e-16	1.4275797e-16	-3.8511122e-18	0	-2.7125519e-17
2.3600000000008124e-09	-1.4501988e-08	-5.40452e-08	0.0013444222	0.01601674	-4.610108e-17	-1.5784245e-16	1.427227e-16	-3.855832e-18	0	-2.71255e-17
2.3700000000006914e-09	-1.4839244e-08	-5.31599e-08	0.0013439577	0.01603867	-4.6102356e-17	-1.5780385e-16	1.4268752e-16	-3.8605388e-18	0	-2.7125479e-17
2.3800000000005704e-09	-1.5766696e-08	-5.372902e-08	0.0013435056	0.01606044	-4.6103606e-17	-1.5776535e-16	1.4265245e-16	-3.865234e-18	0	-2.7125461e-17
2.3900000000004494e-09	-1.5935324e-08	-5.4888336e-08	0.0013430595	0.016082224	-4.6104834e-17	-1.5772694e-16	1.4261744e-16	-3.869916e-18	0	-2.7125444e-17
2.4000000000003284e-09	-1.5766696e-08	-5.51202e-08	0.0013426113	0.016103875	-4.6106124e-17	-1.5768866e-16	1.4258255e-16	-3.874586e-18	0	-2.7125424e-17
2.4100000000002074e-09	-1.4839244e-08	-5.4930496e-08	0.0013421515	0.016125584	-4.6107368e-17	-1.5765047e-16	1.4254774e-16	-3.8792434e-18	0	-2.7125403e-17
2.4200000000000864e-09	-1.5176498e-08	-5.471971e-08	0.0013416851	0.0161472	-4.610859e-17	-1.5761236e-16	1.4251302e-16	-3.883889e-18	0	-2.7125385e-17
2.4300099999999652e-09	-1.5935324e-08	-5.4972652e-08	0.0013412277	0.01616871	-4.6109837e-17	-1.575743e-16	1.4247834e-16	-3.888527e-18	0	-2.7125368e-17
2.4400099999998442e-09	-1.5598069e-08	-5.566824e-08	0.0013407681	0.016190113	-4.6111058e-17	-1.5753639e-16	1.4244382e-16	-3.893148e-18	0	-2.7125347e-17
2.450009999999723e-09	-1.5724538e-08	-5.581579e-08	0.0013402988	0.016211584	-4.6112325e-17	-1.5749859e-16	1.4240935e-16	-3.8977574e-18	0	-2.712533e-17
2.460009999999602e-09	-1.5808853e-08	-5.7017264e-08	0.0013398199	0.016232885	-4.6113526e-17	-1.5746086e-16	1.4237499e-16	-3.902355e-18	0	-2.7125309e-17
2.470009999999481e-09	-1.5134342e-08	-5.7544224e-08	0.0013393317	0.016254257	-4.6114767e-17	-1.5742324e-16	1.423407e-16	-3.90694e-18	0	-2.7125295e-17
2.48000999999936e-09	-1.4417674e-08	-5.6153045e-08	0.0013388385	0.01627555	-4.6115997e-17	-1.5738572e-16	1.423065e-16	-3.9115134e-18	0	-2.7125274e-17
2.490009999999239e-09	-1.34059075e-08	-5.748099e-08	0.0013383394	0.016296765	-4.611723e-17	-1.5734828e-16	1.4227238e-16	-3.916075e-18	0	-2.7125254e-17
2.500009999999118e-09	-1.37853196e-08	-5.764962e-08	0.0013378484	0.016317947	-4.6118423e-17	-1.5731093e-16	1.4223837e-16	-3.920625e-18	0	-2.7125236e-17
2.510009999998997e-09	-1.3321594e-08	-5.7249125e-08	0.0013373555	0.016338961	-4.6119634e-17	-1.572737e-16	1.4220443e-16	-3.925163e-18	0	-2.712522e-17
2.520009999998876e-09	-1.30264945e-08	-5.7122655e-08	0.0013368672	0.016359976	-4.612086e-17	-1.5723657e-16	1.4217059e-16	-3.9296894e-18	0	-2.71252e-17
2.530009999998755e-09	-1.281571e-08	-5.7712853e-08	0.0013363768	0.01638093	-4.6122066e-17	-1.5719948e-16	1.421368e-16	-3.9342046e-18	0	-2.7125183e-17
2.540009999998634e-09	-1.3658849e-08	-5.84506e-08	0.0013358749	0.016401887	-4.6123257e-17	-1.5716252e-16	1.4210313e-16	-3.9387073e-18	0	-2.7125161e-17
2.550009999998513e-09	-1.3996105e-08	-5.9188345e-08	0.0013353978	0.016422804	-4.612447e-17	-1.5712564e-16	1.4206951e-16	-3.943199e-18	0	-2.7125148e-17
2.560009999998392e-09	-1.3574535e-08	-5.942021e-08	0.0013349015	0.016443623	-4.6125672e-17	-1.5708888e-16	1.42036e-16	-3.9476798e-18	0	-2.7125127e-17
2.570009999998271e-09	-1.4459831e-08	-5.8408443e-08	0.001334396	0.016464511	-4.612686e-17	-1.5705218e-16	1.4200257e-16	-3.9521486e-18	0	-2.7125108e-17
2.58000999999815e-09	-1.4839244e-08	-5.8766776e-08	0.00133391	0.016485224	-4.6128058e-17	-1.5701558e-16	1.4196923e-16	-3.956605e-18	0	-2.712509e-17
2.590009999998029e-09	-1.3911791e-08	-5.8387364e-08	0.0013334126	0.01650585	-4.6129255e-17	-1.5697907e-16	1.4193595e-16	-3.9610516e-18	0	-2.7125072e-17
2.600009999997908e-09	-1.2604925e-08	-5.745991e-08	0.0013329161	0.016526477	-4.6130414e-17	-1.5694266e-16	1.419028e-16	-3.9654857e-18	0	-2.7125056e-17
2.610009999997787e-09	-1.2689239e-08	-5.7839323e-08	0.0013323968	0.016547132	-4.6131605e-17	-1.5690634e-16	1.418697e-16	-3.969909e-18	0	-2.7125036e-17
2.620009999997666e-09	-1.2056885e-08	-5.7101577e-08	0.0013318936	0.016567545	-4.613279e-17	-1.5687012e-16	1.4183666e-16	-3.9743208e-18	0	-2.7125016e-17
2.630009999997545e-09	-1.2604925e-08	-5.7544224e-08	0.0013313744	0.016588034	-4.6133964e-17	-1.5683397e-16	1.4180373e-16	-3.9787226e-18	0	-2.7125003e-17
2.640009999997424e-09	-1.1551002e-08	-5.7628537e-08	0.0013308496	0.016608529	-4.613514e-17	-1.567979e-16	1.4177087e-16	-3.9831112e-18	0	-2.7124981e-17
2.650009999997303e-09	-1.2014728e-08	-5.9378053e-08	0.0013303153	0.016628789	-4.6136306e-17	-1.5676195e-16	1.417381e-16	-3.98749e-18	0	-2.7124965e-17
2.660009999997182e-09	-1.1635316e-08	-5.911457e-08	0.0013298059	0.016649097	-4.613746e-17	-1.5672607e-16	1.4170541e-16	-3.9918582e-18	0	-2.7124946e-17
2.670009999997061e-09	-1.1466688e-08	-5.955722e-08	0.0013292754	0.016669458	-4.613862e-17	-1.5669028e-16	1.416728e-16	-3.9962146e-18	0	-2.712493e-17
2.68000999999694e-09	-1.11294325e-08	-6.0453054e-08	0.0013287623	0.0166897	-4.6139784e-17	-1.5665456e-16	1.4164025e-16	-4.00056e-18	0	-2.712491e-17
2.690009999996819e-09	-9.822568e-09	-6.133835e-08	0.0013282594	0.01670987	-4.6140972e-17	-1.5661899e-16	1.416078e-16	-4.0048946e-18	0	-2.7124892e-17
2.700009999996698e-09	-9.021585e-09	-6.093786e-08	0.0013277357	0.016730048	-4.6142097e-17	-1.5658342e-16	1.4157542e-16	-4.009218e-18	0	-2.7124875e-17
2.710009999996577e-09	-9.105899e-09	-6.161237e-08	0.0013272057	0.016750105	-4.6143248e-17	-1.5654801e-16	1.4154315e-16	-4.01353e-18	0	-2.7124859e-17
2.720009999996456e-09	-9.485312e-09	-6.166506e-08	0.0013266698	0.01677014	-4.614442e-17	-1.5651267e-16	1.4151092e-16	-4.0178325e-18	0	-2.712484e-17
2.730009999996335e-09	-9.6117825e-09	-6.096948e-08	0.0013261345	0.016790066	-4.6145564e-17	-1.5647741e-16	1.4147879e-16	-4.0221223e-18	0	-2.7124822e-17
2.740009999996214e-09	-9.569626e-09	-6.2086635e-08	0.001325597	0.016809952	-4.6146696e-17	-1.5644222e-16	1.4144675e-16	-4.0264025e-18	0	-2.7124806e-17
2.750009999996093e-09	-9.527469e-09	-6.323541e-08	0.0013250404	0.016829804	-4.6147834e-17	-1.5640714e-16	1.4141476e-16	-4.030672e-18	0	-2.7124788e-17
2.760009999995972e-09	-1.0033352e-08	-6.3867766e-08	0.0013244959	0.016849779	-4.614895e-17	-1.563721e-16	1.4138286e-16	-4.0349308e-18	0	-2.7124771e-17
2.770009999995851e-09	-1.0707863e-08	-6.277168e-08	0.0013239367	0.016869506	-4.6150097e-17	-1.5633722e-16	1.4135105e-16	-4.0391788e-18	0	-2.7124754e-17
2.78000999999573e-09	-1.11294325e-08	-6.323541e-08	0.0013233657	0.016889233	-4.6151222e-17	-1.5630235e-16	1.413193e-16	-4.0434164e-18	0	-2.7124736e-17
2.790009999995609e-09	-1.0792177e-08	-6.390992e-08	0.0013227931	0.016909046	-4.6152367e-17	-1.5626763e-16	1.4128762e-16	-4.047642e-18	0	-2.712472e-17
2.800009999995488e-09	-9.949038e-09	-6.4057474e-08	0.0013222204	0.016928751	-4.6153502e-17	-1.5623298e-16	1.4125603e-16	-4.0518578e-18	0	-2.7124702e-17
2.810009999995367e-09	-9.696096e-09	-6.4247175e-08	0.001321646	0.016948208	-4.615461e-17	-1.5619838e-16	1.4122452e-16	-4.056063e-18	0	-2.7124687e-17
2.820009999995246e-09	-9.190213e-09	-6.502708e-08	0.0013210846	0.016967691	-4.615574e-17	-1.561639e-16	1.4119309e-16	-4.060257e-18	0	-2.7124667e-17
2.830009999995125e-09	-9.316684e-09	-6.53011e-08	0.0013205159	0.016987255	-4.6156824e-17	-1.561295e-16	1.4116176e-16	-4.064441e-18	0	-2.712465e-17
2.840009999995004e-09	-8.13629e-09	-6.474252e-08	0.0013199588	0.017006552	-4.6157945e-17	-1.5609519e-16	1.4113046e-16	-4.068614e-18	0	-2.7124632e-17
2.850009999994883e-09	-7.546093e-09	-6.532218e-08	0.0013193837	0.017025892	-4.6159067e-17	-1.5606094e-16	1.4109926e-16	-4.072777e-18	0	-2.7124617e-17
2.860009999994762e-09	-7.461779e-09	-6.5132475e-08	0.0013188063	0.017045375	-4.6160205e-17	-1.560268e-16	1.4106814e-16	-4.0769296e-18	0	-2.71246e-17
2.870009999994641e-09	-7.482857e-09	-6.48163e-08	0.0013182317	0.017064735	-4.616128e-17	-1.5599272e-16	1.4103709e-16	-4.081072e-18	0	-2.7124582e-17
2.8800099999945198e-09	-7.799034e-09	-6.523786e-08	0.0013176629	0.017083902	-4.616238e-17	-1.5595872e-16	1.410061e-16	-4.0852027e-18	0	-2.7124566e-17
2.8900099999943988e-09	-8.8529575e-09	-6.487953e-08	0.0013170907	0.01710308	-4.6163484e-17	-1.5592483e-16	1.4097521e-16	-4.089324e-18	0	-2.7124551e-17
2.9000099999942778e-09	-7.862269e-09	-6.4394726e-08	0.0013165239	0.01712246	-4.6164583e-17	-1.55891e-16	1.4094439e-16	-4.0934348e-18	0	-2.7124531e-17
2.9100099999941568e-09	-8.325996e-09	-6.493223e-08	0.001315934	0.017141497	-4.6165685e-17	-1.5585728e-16	1.4091365e-16	-4.0975343e-18	0	-2.7124516e-17
2.9200099999940357e-09	-9.021585e-09	-6.436311e-08	0.0013153151	0.017160458	-4.616676e-17	-1.5582361e-16	1.4088297e-16	-4.1016247e-18	0	-2.7124498e-17
2.9300099999939147e-09	-8.705408e-09	-6.542757e-08	0.0013147106	0.017179485	-4.6167855e-17	-1.5579003e-16	1.4085237e-16	-4.1057048e-18	0	-2.7124481e-17
2.9400099999937937e-09	-8.347074e-09	-6.5511884e-08	0.0013141013	0.017198334	-4.6168907e-17	-1.5575655e-16	1.4082187e-16	-4.109773e-18	0	-2.7124463e-17
2.9500099999936727e-09	-8.178446e-09	-6.579644e-08	0.0013134977	0.017217388	-4.617002e-17	-1.5572316e-16	1.4079142e-16	-4.1138326e-18	0	-2.7124447e-17
2.9600099999935517e-09	-8.325996e-09	-6.573321e-08	0.0013128868	0.017236382	-4.61711e-17	-1.5568983e-16	1.4076103e-16	-4.1178813e-18	0	-2.712443e-17
2.9700099999934307e-09	-7.841191e-09	-6.597561e-08	0.0013122713	0.017255323	-4.6172173e-17	-1.556566e-16	1.4073077e-16	-4.121919e-18	0	-2.7124414e-17
2.9800099999933097e-09	-7.377465e-09	-6.563835e-08	0.0013116512	0.017273959	-4.617325e-17	-1.5562342e-16	1.4070051e-16	-4.1259467e-18	0	-2.7124399e-17
2.9900099999931887e-09	-7.546093e-09	-6.582806e-08	0.0013110195	0.017292837	-4.6174307e-17	-1.5559034e-16	1.4067039e-16	-4.1299656e-18	0	-2.7124382e-17
3.0000099999930677e-09	-7.124523e-09	-6.7277206e-08	0.0013103851	0.017311418	-4.61754e-17	-1.5555736e-16	1.406403e-16	-4.133973e-18	0	-2.7124367e-17
