# t (s)	mx ()	my ()	mz ()	spinAngle (rad)	E_total (J)	E_anis (J)	E_demag (J)	E_exch (J)	E_therm (J)	E_custom (J)
0	0	0	0	0.03796091	-3.0510838e-18	-2.0096e-17	1.3915317e-17	6.144001e-18	0	-3.0144e-18
1.0000000000000124e-11	1.5185897e-09	7.5929485e-10	0.0022280992	0.043778233	-9.4977134e-18	-1.7166686e-17	1.2053435e-17	-1.4448406e-18	0	-2.9396218e-18
2.0009999999999403e-11	7.972596e-09	-4.555769e-09	0.004615196	0.040851492	-9.966393e-18	-1.6347392e-17	1.1512531e-17	-2.1511678e-18	0	-2.9803642e-18
3.000999999999824e-11	8.589523e-09	-5.315064e-09	0.005613873	0.042035475	-1.01107535e-17	-1.6280198e-17	1.1473653e-17	-2.303299e-18	0	-3.0009091e-18
4.000000000000001e-11	6.3828223e-09	-2.2778845e-09	0.0053688902	0.04366698	-1.0190979e-17	-1.6446198e-17	1.1589462e-17	-2.3337524e-18	0	-3.000491e-18
5.0000000000001785e-11	-9.4911856e-11	0	0.0038909905	0.04205018	-1.02469794e-17	-1.6762132e-17	1.17819115e-17	-2.2672897e-18	0	-2.999469e-18
6.00000000000024e-11	-4.9354165e-09	6.8336536e-09	0.0026682273	0.042054694	-1.02912e-17	-1.6741034e-17	1.175233e-17	-2.3041472e-18	0	-2.9983488e-18
7.000999999999771e-11	-3.4168268e-09	9.111538e-09	0.002550119	0.044004664	-1.0330276e-17	-1.651674e-17	1.1595582e-17	-2.4102914e-18	0	-2.9988242e-18
8.000999999999302e-11	3.4168268e-09	9.111538e-09	0.002888217	0.045793135	-1.03676105e-17	-1.6297855e-17	1.1442409e-17	-2.5124656e-18	0	-2.9996994e-18
9.000999999998834e-11	1.02504805e-08	4.555769e-09	0.00328918	0.047397587	-1.0404405e-17	-1.6124043e-17	1.1320418e-17	-2.6003353e-18	0	-3.0004446e-18
1.0000999999998365e-10	1.1389423e-08	4.555769e-09	0.003500425	0.04899021	-1.0438035e-17	-1.5979856e-17	1.1219666e-17	-2.6761818e-18	0	-3.001662e-18
1.1000999999997896e-10	8.731891e-09	4.555769e-09	0.0033485782	0.050428938	-1.0467617e-17	-1.5823932e-17	1.111011e-17	-2.7512887e-18	0	-3.0025058e-18
1.2000999999997891e-10	8.731891e-09	4.555769e-09	0.0028889377	0.051573023	-1.0494303e-17	-1.5685163e-17	1.1010728e-17	-2.8167448e-18	0	-3.0031235e-18
1.3000999999998715e-10	5.6947114e-09	1.5185897e-09	0.002319351	0.05251046	-1.0518659e-17	-1.5591827e-17	1.0941782e-17	-2.8647403e-18	0	-3.0038735e-18
1.400099999999954e-10	7.5929485e-09	3.0371794e-09	0.0018483377	0.05342517	-1.0540789e-17	-1.5523708e-17	1.0890859e-17	-2.9031775e-18	0	-3.0047621e-18
1.5000000000000362e-10	1.2148718e-08	0	0.0015809141	0.05436727	-1.0560734e-17	-1.544951e-17	1.0836973e-17	-2.9425393e-18	0	-3.0056573e-18
1.6000000000001186e-10	1.2148718e-08	3.0371794e-09	0.0014846204	0.055304248	-1.0578613e-17	-1.5365345e-17	1.0776955e-17	-2.9837451e-18	0	-3.0064785e-18
1.700000000000201e-10	1.2908012e-08	7.5929485e-09	0.001453512	0.05616224	-1.0594451e-17	-1.5287282e-17	1.0721266e-17	-3.0212085e-18	0	-3.0072248e-18
1.8000000000002833e-10	1.328766e-08	3.0371794e-09	0.0013951086	0.056915868	-1.0608342e-17	-1.5225293e-17	1.0676453e-17	-3.0515905e-18	0	-3.007912e-18
1.9000000000003657e-10	1.1579246e-08	0	0.001281714	0.057561453	-1.062045e-17	-1.5176789e-17	1.0640759e-17	-3.075866e-18	0	-3.0085535e-18
2.000000000000448e-10	1.2528365e-08	-3.0371794e-09	0.0011367949	0.058139	-1.0630952e-17	-1.5135175e-17	1.0609839e-17	-3.0964638e-18	0	-3.0091511e-18
2.1000000000005304e-10	1.0060656e-08	-6.074359e-09	0.0009889269	0.058662012	-1.06400085e-17	-1.5097088e-17	1.0581553e-17	-3.114774e-18	0	-3.0096983e-18
2.2000000000006128e-10	9.111538e-09	-6.074359e-09	0.00084594556	0.059145316	-1.0647749e-17	-1.5062755e-17	1.0556117e-17	-3.1309198e-18	0	-3.0101915e-18
2.3000000000006952e-10	1.6324838e-08	-9.111538e-09	0.00070126954	0.059590872	-1.0654309e-17	-1.5033094e-17	1.0534099e-17	-3.1446818e-18	0	-3.0106332e-18
2.4000000000005925e-10	2.2399197e-08	-9.111538e-09	0.000550179	0.059985816	-1.06598145e-17	-1.5008016e-17	1.051535e-17	-3.156124e-18	0	-3.0110243e-18
2.5000000000004163e-10	2.0880607e-08	-1.8223076e-08	0.0003976822	0.060328647	-1.0664389e-17	-1.4986663e-17	1.0499234e-17	-3.1655931e-18	0	-3.0113661e-18
2.60000000000024e-10	1.5755369e-08	-1.5185897e-08	0.0002545308	0.06063301	-1.06681575e-17	-1.49683e-17	1.0485252e-17	-3.1734472e-18	0	-3.0116627e-18
2.700000000000064e-10	1.4616425e-08	-1.5185897e-08	0.0001297483	0.06090088	-1.0671236e-17	-1.4952529e-17	1.047316e-17	-3.1799521e-18	0	-3.0119172e-18
2.800099999999888e-10	1.8982371e-08	-2.1260256e-08	2.674844e-05	0.06113827	-1.067373e-17	-1.493903e-17	1.0462763e-17	-3.1853278e-18	0	-3.0121344e-18
2.9000999999997117e-10	1.5755369e-08	-2.2778845e-08	-5.6470275e-05	0.061346933	-1.0675727e-17	-1.4927538e-17	1.04538705e-17	-3.1897414e-18	0	-3.012318e-18
3.0000999999995355e-10	1.7653605e-08	-1.9741666e-08	-0.00012524416	0.061528105	-1.0677311e-17	-1.4917744e-17	1.0446254e-17	-3.1933506e-18	0	-3.0124702e-18
3.1000999999993594e-10	1.9741666e-08	-1.6704487e-08	-0.00018483363	0.06168665	-1.0678558e-17	-1.490939e-17	1.0439717e-17	-3.196289e-18	0	-3.0125957e-18
3.2000999999991833e-10	1.5755369e-08	-1.5185897e-08	-0.00023882253	0.061825223	-1.06795295e-17	-1.4902263e-17	1.0434104e-17	-3.1986733e-18	0	-3.0126977e-18
3.300099999999007e-10	1.38571306e-08	-1.9741666e-08	-0.0002887644	0.061945017	-1.0680277e-17	-1.4896196e-17	1.0429302e-17	-3.200604e-18	0	-3.0127796e-18
3.400099999998831e-10	1.5755369e-08	-1.6704487e-08	-0.00033502062	0.062048823	-1.06808505e-17	-1.4891046e-17	1.04252054e-17	-3.202166e-18	0	-3.0128443e-18
3.500099999998655e-10	1.16741585e-08	-1.6704487e-08	-0.0003774303	0.062138125	-1.0681283e-17	-1.488668e-17	1.0421723e-17	-3.2034296e-18	0	-3.0128958e-18
3.600099999998479e-10	1.38571306e-08	-1.5185897e-08	-0.0004157124	0.062215984	-1.0681608e-17	-1.4882984e-17	1.0418764e-17	-3.2044518e-18	0	-3.012935e-18
3.7000999999983027e-10	1.2908012e-08	-1.8223076e-08	-0.00044954507	0.0622823	-1.0681853e-17	-1.487986e-17	1.0416253e-17	-3.2052792e-18	0	-3.0129659e-18
3.8000999999981266e-10	9.681009e-09	-2.2778845e-08	-0.00047855923	0.062339045	-1.0682031e-17	-1.4877214e-17	1.0414123e-17	-3.2059477e-18	0	-3.0129895e-18
3.9000999999979505e-10	5.789623e-09	-1.6704487e-08	-0.000502679	0.06238716	-1.0682162e-17	-1.4874989e-17	1.0412323e-17	-3.206489e-18	0	-3.013007e-18
4.0000999999977743e-10	7.213301e-09	-1.5185897e-08	-0.0005221124	0.062428392	-1.0682257e-17	-1.4873116e-17	1.0410808e-17	-3.2069265e-18	0	-3.0130207e-18
4.100099999997598e-10	3.227003e-09	-1.6704487e-08	-0.00053740764	0.062463492	-1.0682323e-17	-1.4871548e-17	1.0409536e-17	-3.2072822e-18	0	-3.0130306e-18
4.200099999997422e-10	2.3727964e-09	-1.6704487e-08	-0.000549406	0.0624933	-1.0682372e-17	-1.4870236e-17	1.04084716e-17	-3.2075698e-18	0	-3.013038e-18
4.300099999997246e-10	-8.542067e-10	-1.3667307e-08	-0.0005589382	0.0625185	-1.0682404e-17	-1.4869144e-17	1.0407586e-17	-3.207803e-18	0	-3.0130436e-18
4.40009999999707e-10	-5.315064e-09	-2.1260256e-08	-0.0005667331	0.06253977	-1.0682426e-17	-1.4868236e-17	1.0406849e-17	-3.2079921e-18	0	-3.0130478e-18
4.5000999999968937e-10	-4.555769e-09	-1.6704487e-08	-0.0005733344	0.06255768	-1.0682445e-17	-1.4867483e-17	1.0406237e-17	-3.2081462e-18	0	-3.0130507e-18
4.6000999999967176e-10	3.321915e-09	-9.111538e-09	-0.0005789623	0.0625728	-1.06824544e-17	-1.4866866e-17	1.0405734e-17	-3.2082709e-18	0	-3.013053e-18
4.700099999996541e-10	1.07250395e-08	-6.074359e-09	-0.0005838537	0.06258558	-1.06824635e-17	-1.4866358e-17	1.0405321e-17	-3.2083712e-18	0	-3.0130544e-18
4.800099999996365e-10	1.3002924e-08	-9.111538e-09	-0.00058807083	0.06259642	-1.0682467e-17	-1.4865944e-17	1.0404985e-17	-3.2084518e-18	0	-3.0130554e-18
4.900099999996189e-10	7.877684e-09	-1.1389423e-08	-0.00059157267	0.06260562	-1.0682472e-17	-1.4865607e-17	1.04047095e-17	-3.2085182e-18	0	-3.013056e-18
5.000099999996013e-10	2.8473557e-09	-6.074359e-09	-0.00059434865	0.06261329	-1.0682474e-17	-1.486534e-17	1.0404491e-17	-3.2085687e-18	0	-3.0130567e-18
5.100099999995837e-10	2.2778845e-09	-8.352243e-09	-0.0005965096	0.06261987	-1.0682474e-17	-1.4865119e-17	1.0404313e-17	-3.208611e-18	0	-3.013057e-18
5.200099999995661e-10	3.5117387e-09	-6.8336536e-09	-0.00059810263	0.06262533	-1.0682476e-17	-1.4864947e-17	1.0404171e-17	-3.2086446e-18	0	-3.0130573e-18
5.300099999995485e-10	5.789623e-09	-5.315064e-09	-0.00059920055	0.062629975	-1.0682478e-17	-1.4864806e-17	1.0404058e-17	-3.2086723e-18	0	-3.0130575e-18
5.400099999995309e-10	2.8473557e-10	-7.5929485e-09	-0.0006000282	0.062633924	-1.0682476e-17	-1.486469e-17	1.0403968e-17	-3.2086952e-18	0	-3.0130575e-18
5.500099999995133e-10	-1.993149e-09	-2.2778845e-09	-0.00060042605	0.062637255	-1.0682478e-17	-1.4864606e-17	1.0403897e-17	-3.208713e-18	0	-3.0130577e-18
5.600099999994956e-10	1.8033253e-09	3.7964742e-09	-0.00060069334	0.06263993	-1.0682477e-17	-1.4864546e-17	1.040385e-17	-3.2087227e-18	0	-3.0130581e-18
5.70009999999478e-10	2.4677083e-09	0	-0.0006010745	0.06264214	-1.06824784e-17	-1.48645e-17	1.0403811e-17	-3.2087312e-18	0	-3.0130581e-18
5.800099999994604e-10	3.5117387e-09	-1.5185897e-09	-0.0006011428	0.06264403	-1.06824784e-17	-1.4864455e-17	1.04037765e-17	-3.2087405e-18	0	-3.0130581e-18
5.900099999994428e-10	5.6947114e-10	2.2778845e-09	-0.0006013737	0.06264569	-1.0682478e-17	-1.4864429e-17	1.0403756e-17	-3.2087459e-18	0	-3.0130581e-18
6.000099999994252e-10	1.1389423e-09	1.5185897e-09	-0.00060160295	0.062646985	-1.06824784e-17	-1.4864414e-17	1.0403743e-17	-3.2087494e-18	0	-3.0130581e-18
6.100099999994076e-10	1.7084134e-09	-5.315064e-09	-0.0006014906	0.062648036	-1.0682479e-17	-1.48644e-17	1.0403733e-17	-3.2087527e-18	0	-3.0130585e-18
6.2000999999939e-10	2.0880608e-09	-1.5185897e-09	-0.00060124457	0.06264885	-1.0682478e-17	-1.4864394e-17	1.0403728e-17	-3.2087533e-18	0	-3.0130585e-18
6.300099999993724e-10	-6.64383e-10	2.2778845e-09	-0.0006010942	0.06264946	-1.0682478e-17	-1.4864394e-17	1.0403726e-17	-3.2087533e-18	0	-3.0130585e-18
6.400099999993547e-10	-2.657532e-09	1.5185897e-09	-0.0006009029	0.06264993	-1.0682479e-17	-1.4864391e-17	1.0403725e-17	-3.208753e-18	0	-3.0130585e-18
6.500099999993371e-10	-4.8405044e-09	7.5929485e-10	-0.00060099707	0.06265027	-1.0682478e-17	-1.4864394e-17	1.0403728e-17	-3.208752e-18	0	-3.0130585e-18
6.600099999993195e-10	-6.548918e-09	-1.5185897e-09	-0.0006012309	0.06265053	-1.06824784e-17	-1.4864396e-17	1.0403728e-17	-3.2087517e-18	0	-3.0130583e-18
6.700099999993019e-10	6.64383e-10	-1.5185897e-09	-0.0006014663	0.06265069	-1.0682478e-17	-1.48644e-17	1.040373e-17	-3.2087506e-18	0	-3.0130583e-18
6.800099999992843e-10	9.491186e-10	-4.555769e-09	-0.0006011109	0.062650785	-1.0682478e-17	-1.4864401e-17	1.0403733e-17	-3.20875e-18	0	-3.0130585e-18
6.900099999992667e-10	1.2338541e-09	-1.5185897e-09	-0.0006006356	0.06265087	-1.0682477e-17	-1.4864404e-17	1.04037335e-17	-3.2087496e-18	0	-3.0130585e-18
7.000099999992491e-10	4.460857e-09	4.555769e-09	-0.0006003547	0.06265089	-1.0682478e-17	-1.4864404e-17	1.04037335e-17	-3.2087494e-18	0	-3.0130585e-18
7.100099999992315e-10	3.7964742e-10	6.074359e-09	-0.0006002757	0.062650904	-1.06824784e-17	-1.4864404e-17	1.0403734e-17	-3.2087498e-18	0	-3.0130585e-18
7.200099999992138e-10	-1.328766e-09	3.0371794e-09	-0.00060040026	0.062650934	-1.06824784e-17	-1.4864404e-17	1.04037335e-17	-3.2087498e-18	0	-3.0130585e-18
7.300099999991962e-10	2.4677083e-09	4.555769e-09	-0.0006006599	0.06265094	-1.068248e-17	-1.4864404e-17	1.0403733e-17	-3.2087496e-18	0	-3.0130585e-18
7.400099999991786e-10	2.657532e-09	9.111538e-09	-0.00060102437	0.062650934	-1.0682478e-17	-1.4864404e-17	1.04037335e-17	-3.2087498e-18	0	-3.0130585e-18
7.50009999999161e-10	4.3659454e-09	-1.5185897e-09	-0.0006012992	0.06265095	-1.0682476e-17	-1.4864401e-17	1.04037335e-17	-3.20875e-18	0	-3.0130583e-18
7.600099999991434e-10	4.8405044e-09	6.8336536e-09	-0.0006014876	0.06265094	-1.0682476e-17	-1.4864401e-17	1.04037335e-17	-3.20875e-18	0	-3.0130583e-18
7.700099999991258e-10	3.7015624e-09	-7.5929485e-10	-0.0006016121	0.06265094	-1.0682475e-17	-1.4864403e-17	1.04037335e-17	-3.2087506e-18	0	-3.0130583e-18
7.800099999991082e-10	1.328766e-09	1.5185897e-09	-0.000601691	0.06265094	-1.0682475e-17	-1.4864403e-17	1.0403733e-17	-3.2087504e-18	0	-3.0130583e-18
7.900099999990906e-10	2.8473557e-10	6.074359e-09	-0.00060173357	0.062650934	-1.06824784e-17	-1.4864403e-17	1.0403733e-17	-3.2087504e-18	0	-3.0130583e-18
8.00009999999073e-10	4.0812096e-09	4.555769e-09	-0.00060175936	0.062650934	-1.0682479e-17	-1.4864404e-17	1.0403733e-17	-3.2087498e-18	0	-3.0130583e-18
8.100099999990553e-10	6.074359e-09	1.1389423e-08	-0.00060175784	0.062650934	-1.0682479e-17	-1.4864404e-17	1.0403733e-17	-3.20875e-18	0	-3.0130583e-18
8.200099999990377e-10	6.7387416e-09	8.352243e-09	-0.00060176244	0.06265093	-1.0682478e-17	-1.4864404e-17	1.0403733e-17	-3.2087498e-18	0	-3.0130583e-18
8.300099999990201e-10	4.6506807e-09	4.555769e-09	-0.0006017715	0.062650934	-1.0682479e-17	-1.4864404e-17	1.0403733e-17	-3.20875e-18	0	-3.0130583e-18
8.400099999990025e-10	4.0812096e-09	1.5185897e-09	-0.0006017685	0.062650934	-1.0682479e-17	-1.4864404e-17	1.0403732e-17	-3.20875e-18	0	-3.0130583e-18
8.500099999989849e-10	5.315064e-09	7.5929485e-10	-0.0006017685	0.06265094	-1.0682479e-17	-1.4864404e-17	1.0403733e-17	-3.2087504e-18	0	-3.0130583e-18
8.600099999989673e-10	5.315064e-09	7.5929485e-10	-0.0006017685	0.06265094	-1.0682478e-17	-1.4864404e-17	1.0403733e-17	-3.2087504e-18	0	-3.0130583e-18
8.700099999989497e-10	5.315064e-09	7.5929485e-10	-0.0006017685	0.06265094	-1.0682479e-17	-1.4864404e-17	1.0403733e-17	-3.2087504e-18	0	-3.0130583e-18
8.800099999989321e-10	5.315064e-09	7.5929485e-10	-0.0006017685	0.06265094	-1.0682477e-17	-1.4864404e-17	1.0403733e-17	-3.2087504e-18	0	-3.0130583e-18
8.900099999989144e-10	5.315064e-09	7.5929485e-10	-0.0006017685	0.06265094	-1.0682479e-17	-1.4864404e-17	1.0403733e-17	-3.2087498e-18	0	-3.0130583e-18
9.000099999988968e-10	5.315064e-09	7.5929485e-10	-0.0006017685	0.06265094	-1.0682477e-17	-1.4864404e-17	1.0403733e-17	-3.2087504e-18	0	-3.0130583e-18
9.100099999988792e-10	5.315064e-09	7.5929485e-10	-0.0006017685	0.06265094	-1.0682479e-17	-1.4864404e-17	1.0403733e-17	-3.2087504e-18	0	-3.0130583e-18
9.200099999988616e-10	5.315064e-09	7.5929485e-10	-0.0006017685	0.06265094	-1.0682477e-17	-1.4864404e-17	1.0403733e-17	-3.2087504e-18	0	-3.0130583e-18
9.30009999998844e-10	5.315064e-09	7.5929485e-10	-0.0006017685	0.06265094	-1.0682479e-17	-1.4864404e-17	1.0403733e-17	-3.2087504e-18	0	-3.0130583e-18
9.400099999989161e-10	5.315064e-09	7.5929485e-10	-0.0006017685	0.06265094	-1.0682477e-17	-1.4864404e-17	1.0403733e-17	-3.2087504e-18	0	-3.0130583e-18
9.50009999999002e-10	5.315064e-09	7.5929485e-10	-0.0006017685	0.06265094	-1.0682479e-17	-1.4864404e-17	1.0403733e-17	-3.2087498e-18	0	-3.0130583e-18
9.600099999990877e-10	5.315064e-09	7.5929485e-10	-0.0006017685	0.06265094	-1.0682479e-17	-1.4864404e-17	1.0403733e-17	-3.2087504e-18	0	-3.0130583e-18
9.700099999991735e-10	5.315064e-09	7.5929485e-10	-0.0006017685	0.06265094	-1.0682479e-17	-1.4864404e-17	1.0403733e-17	-3.2087504e-18	0	-3.0130583e-18
9.800099999992593e-10	5.315064e-09	7.5929485e-10	-0.0006017685	0.06265094	-1.0682477e-17	-1.4864401e-17	1.0403733e-17	-3.2087504e-18	0	-3.0130583e-18
9.90009999999345e-10	5.315064e-09	7.5929485e-10	-0.0006017685	0.06265094	-1.0682479e-17	-1.4864404e-17	1.0403733e-17	-3.2087498e-18	0	-3.0130583e-18
1.0000099999994308e-09	5.315064e-09	7.5929485e-10	-0.0006017685	0.06265094	-1.0682477e-17	-1.4864404e-17	1.0403733e-17	-3.2087504e-18	0	-3.0130583e-18
1.0100099999995166e-09	5.315064e-09	7.5929485e-10	-0.0006017685	0.06265094	-1.0682479e-17	-1.4864404e-17	1.0403733e-17	-3.2087498e-18	0	-3.0130583e-18
1.0200099999996024e-09	5.315064e-09	7.5929485e-10	-0.0006017685	0.06265094	-1.0682479e-17	-1.4864404e-17	1.0403733e-17	-3.2087498e-18	0	-3.0130583e-18
1.0300099999996882e-09	5.315064e-09	7.5929485e-10	-0.0006017685	0.06265094	-1.0682479e-17	-1.4864404e-17	1.0403733e-17	-3.2087504e-18	0	-3.0130583e-18
1.040009999999774e-09	5.315064e-09	7.5929485e-10	-0.0006017685	0.06265094	-1.0682477e-17	-1.4864404e-17	1.0403733e-17	-3.2087504e-18	0	-3.0130583e-18
1.0500099999998598e-09	5.315064e-09	7.5929485e-10	-0.0006017685	0.06265094	-1.0682479e-17	-1.4864404e-17	1.0403733e-17	-3.2087498e-18	0	-3.0130583e-18
1.0600099999999456e-09	5.315064e-09	7.5929485e-10	-0.0006017685	0.06265094	-1.06824784e-17	-1.4864404e-17	1.0403733e-17	-3.2087504e-18	0	-3.0130583e-18
1.0700000000000313e-09	5.4099756e-09	7.5929485e-10	-0.0006017685	0.06265094	-1.0682479e-17	-1.4864404e-17	1.0403733e-17	-3.2087504e-18	0	-3.0130583e-18
1.080000000000117e-09	5.4099756e-09	7.5929485e-10	-0.0006017685	0.062650934	-1.0682479e-17	-1.4864404e-17	1.0403733e-17	-3.2087498e-18	0	-3.0130583e-18
1.0900000000002028e-09	5.4099756e-09	7.5929485e-10	-0.0006017685	0.062650934	-1.0682477e-17	-1.4864404e-17	1.0403733e-17	-3.2087504e-18	0	-3.0130583e-18
1.1000000000002886e-09	5.4099756e-09	7.5929485e-10	-0.0006017685	0.06265094	-1.0682478e-17	-1.4864404e-17	1.0403733e-17	-3.2087504e-18	0	-3.0130583e-18
1.1100000000003744e-09	5.4099756e-09	7.5929485e-10	-0.0006017685	0.06265094	-1.0682479e-17	-1.4864404e-17	1.0403733e-17	-3.2087504e-18	0	-3.0130583e-18
1.1200000000004602e-09	5.4099756e-09	7.5929485e-10	-0.0006017685	0.06265094	-1.0682478e-17	-1.4864404e-17	1.0403733e-17	-3.2087504e-18	0	-3.0130583e-18
1.130000000000546e-09	5.4099756e-09	7.5929485e-10	-0.0006017685	0.062650934	-1.0682479e-17	-1.4864404e-17	1.0403733e-17	-3.2087504e-18	0	-3.0130583e-18
1.1400000000006318e-09	5.4099756e-09	7.5929485e-10	-0.0006017685	0.06265094	-1.0682477e-17	-1.4864404e-17	1.0403733e-17	-3.2087504e-18	0	-3.0130583e-18
1.1500000000007175e-09	5.4099756e-09	7.5929485e-10	-0.0006017685	0.062650934	-1.0682479e-17	-1.4864404e-17	1.0403733e-17	-3.2087504e-18	0	-3.0130583e-18
1.1600000000008033e-09	5.4099756e-09	7.5929485e-10	-0.0006017685	0.06265094	-1.0682478e-17	-1.4864404e-17	1.0403733e-17	-3.2087504e-18	0	-3.0130583e-18
1.1700000000008891e-09	5.4099756e-09	1.5185897e-09	-0.0006017685	0.062650934	-1.0682479e-17	-1.4864404e-17	1.0403733e-17	-3.2087504e-18	0	-3.0130583e-18
1.1800000000009749e-09	5.4099756e-09	7.5929485e-10	-0.0006017685	0.06265094	-1.0682479e-17	-1.4864404e-17	1.0403733e-17	-3.2087504e-18	0	-3.0130583e-18
1.1900000000010607e-09	5.4099756e-09	7.5929485e-10	-0.0006017685	0.062650934	-1.0682479e-17	-1.4864404e-17	1.0403733e-17	-3.2087498e-18	0	-3.0130583e-18
1.2000000000011465e-09	5.4099756e-09	7.5929485e-10	-0.0006017685	0.06265094	-1.0682479e-17	-1.4864404e-17	1.0403733e-17	-3.2087504e-18	0	-3.0130583e-18
1.2100000000012322e-09	5.4099756e-09	7.5929485e-10	-0.0006017685	0.062650934	-1.0682479e-17	-1.4864404e-17	1.0403733e-17	-3.2087498e-18	0	-3.0130583e-18
1.220000000001318e-09	5.4099756e-09	7.5929485e-10	-0.0006017685	0.062650934	-1.0682478e-17	-1.4864404e-17	1.0403733e-17	-3.2087504e-18	0	-3.0130583e-18
1.2300000000014038e-09	5.4099756e-09	7.5929485e-10	-0.0006017685	0.062650934	-1.0682479e-17	-1.4864404e-17	1.0403733e-17	-3.2087504e-18	0	-3.0130583e-18
1.2400000000014896e-09	5.4099756e-09	7.5929485e-10	-0.0006017685	0.06265094	-1.0682479e-17	-1.4864404e-17	1.0403733e-17	-3.2087504e-18	0	-3.0130583e-18
1.2500000000015754e-09	5.4099756e-09	7.5929485e-10	-0.0006017685	0.062650934	-1.0682479e-17	-1.4864404e-17	1.0403732e-17	-3.2087504e-18	0	-3.0130583e-18
1.2600000000016612e-09	5.4099756e-09	7.5929485e-10	-0.0006017685	0.06265094	-1.0682479e-17	-1.4864401e-17	1.0403733e-17	-3.2087504e-18	0	-3.0130583e-18
1.270000000001747e-09	5.4099756e-09	7.5929485e-10	-0.0006017685	0.062650934	-1.0682479e-17	-1.4864404e-17	1.0403733e-17	-3.2087504e-18	0	-3.0130583e-18
1.2800000000018327e-09	5.4099756e-09	7.5929485e-10	-0.0006017685	0.06265094	-1.0682479e-17	-1.4864404e-17	1.0403733e-17	-3.2087504e-18	0	-3.0130583e-18
1.2900000000019185e-09	5.4099756e-09	7.5929485e-10	-0.0006017685	0.062650934	-1.0682479e-17	-1.4864404e-17	1.0403733e-17	-3.2087504e-18	0	-3.0130583e-18
1.3000000000020043e-09	5.4099756e-09	7.5929485e-10	-0.0006017685	0.062650934	-1.0682479e-17	-1.4864404e-17	1.0403733e-17	-3.2087504e-18	0	-3.0130583e-18
1.3100000000020901e-09	5.4099756e-09	7.5929485e-10	-0.0006017685	0.06265094	-1.0682478e-17	-1.4864404e-17	1.0403733e-17	-3.2087504e-18	0	-3.0130583e-18
1.3200000000021759e-09	5.4099756e-09	7.5929485e-10	-0.0006017685	0.06265094	-1.0682479e-17	-1.4864404e-17	1.0403733e-17	-3.2087504e-18	0	-3.0130583e-18
1.3300000000022617e-09	5.4099756e-09	7.5929485e-10	-0.0006017685	0.062650934	-1.0682478e-17	-1.4864404e-17	1.0403733e-17	-3.2087504e-18	0	-3.0130583e-18
1.3400000000023475e-09	5.4099756e-09	7.5929485e-10	-0.0006017685	0.062650934	-1.0682478e-17	-1.4864404e-17	1.0403733e-17	-3.2087504e-18	0	-3.0130583e-18
1.3500000000024332e-09	5.4099756e-09	7.5929485e-10	-0.0006017685	0.062650934	-1.0682478e-17	-1.4864404e-17	1.0403733e-17	-3.2087504e-18	0	-3.0130583e-18
1.360000000002519e-09	5.4099756e-09	7.5929485e-10	-0.0006017685	0.06265094	-1.0682479e-17	-1.4864404e-17	1.0403733e-17	-3.2087504e-18	0	-3.0130583e-18
1.3700000000026048e-09	5.4099756e-09	7.5929485e-10	-0.0006017685	0.062650934	-1.0682478e-17	-1.4864404e-17	1.0403733e-17	-3.2087504e-18	0	-3.0130583e-18
1.3800000000026906e-09	5.4099756e-09	7.5929485e-10	-0.0006017685	0.062650934	-1.0682479e-17	-1.4864404e-17	1.0403733e-17	-3.2087504e-18	0	-3.0130583e-18
1.3900000000027764e-09	5.4099756e-09	7.5929485e-10	-0.0006017685	0.062650934	-1.0682479e-17	-1.4864404e-17	1.0403733e-17	-3.2087504e-18	0	-3.0130583e-18
1.4000000000028622e-09	5.4099756e-09	7.5929485e-10	-0.0006017685	0.06265094	-1.0682478e-17	-1.4864404e-17	1.0403733e-17	-3.2087498e-18	0	-3.0130583e-18
1.410000000002948e-09	5.4099756e-09	7.5929485e-10	-0.0006017685	0.062650934	-1.0682479e-17	-1.4864404e-17	1.0403733e-17	-3.2087504e-18	0	-3.0130583e-18
1.4200000000030337e-09	5.4099756e-09	7.5929485e-10	-0.0006017685	0.062650934	-1.0682478e-17	-1.4864404e-17	1.0403733e-17	-3.2087498e-18	0	-3.0130583e-18
1.4300000000031195e-09	5.4099756e-09	7.5929485e-10	-0.0006017685	0.06265094	-1.0682479e-17	-1.4864404e-17	1.0403733e-17	-3.2087504e-18	0	-3.0130583e-18
1.4400000000032053e-09	5.4099756e-09	7.5929485e-10	-0.0006017685	0.06265094	-1.0682479e-17	-1.4864404e-17	1.0403733e-17	-3.2087498e-18	0	-3.0130583e-18
1.450000000003291e-09	5.4099756e-09	7.5929485e-10	-0.0006017685	0.06265094	-1.0682479e-17	-1.4864404e-17	1.0403733e-17	-3.2087504e-18	0	-3.0130583e-18
1.4600000000033769e-09	5.4099756e-09	7.5929485e-10	-0.0006017685	0.062650934	-1.0682479e-17	-1.4864404e-17	1.0403733e-17	-3.2087504e-18	0	-3.0130583e-18
1.4700000000034627e-09	5.4099756e-09	7.5929485e-10	-0.0006017685	0.06265094	-1.0682478e-17	-1.4864404e-17	1.0403733e-17	-3.2087504e-18	0	-3.0130583e-18
1.4800000000035485e-09	5.4099756e-09	7.5929485e-10	-0.0006017685	0.062650934	-1.0682479e-17	-1.4864404e-17	1.0403733e-17	-3.2087504e-18	0	-3.0130583e-18
1.4900000000036342e-09	5.4099756e-09	7.5929485e-10	-0.0006017685	0.06265094	-1.0682477e-17	-1.4864404e-17	1.0403733e-17	-3.2087504e-18	0	-3.0130583e-18
1.50000000000372e-09	5.4099756e-09	7.5929485e-10	-0.0006017685	0.062650934	-1.0682479e-17	-1.4864404e-17	1.0403733e-17	-3.2087504e-18	0	-3.0130583e-18
1.5100000000038058e-09	5.4099756e-09	7.5929485e-10	-0.0006017685	0.06265094	-1.0682479e-17	-1.4864404e-17	1.0403733e-17	-3.2087504e-18	0	-3.0130583e-18
1.5200000000038916e-09	5.4099756e-09	7.5929485e-10	-0.0006017685	0.062650934	-1.0682478e-17	-1.4864404e-17	1.0403733e-17	-3.2087504e-18	0	-3.0130583e-18
1.5300000000039774e-09	5.4099756e-09	7.5929485e-10	-0.0006017685	0.062650934	-1.0682479e-17	-1.4864404e-17	1.0403733e-17	-3.2087504e-18	0	-3.0130583e-18
1.5400000000040632e-09	5.4099756e-09	7.5929485e-10	-0.0006017685	0.06265094	-1.0682479e-17	-1.4864404e-17	1.0403733e-17	-3.2087504e-18	0	-3.0130583e-18
1.550000000004149e-09	5.4099756e-09	7.5929485e-10	-0.0006017685	0.06265094	-1.0682477e-17	-1.4864404e-17	1.0403733e-17	-3.2087504e-18	0	-3.0130583e-18
1.5600000000042347e-09	5.4099756e-09	7.5929485e-10	-0.0006017685	0.062650934	-1.0682479e-17	-1.4864404e-17	1.0403733e-17	-3.2087498e-18	0	-3.0130583e-18
1.5700000000043205e-09	5.4099756e-09	7.5929485e-10	-0.0006017685	0.06265094	-1.0682479e-17	-1.4864401e-17	1.0403733e-17	-3.2087504e-18	0	-3.0130583e-18
1.5800000000044063e-09	5.4099756e-09	7.5929485e-10	-0.0006017685	0.06265094	-1.0682478e-17	-1.4864404e-17	1.0403732e-17	-3.2087504e-18	0	-3.0130583e-18
1.590000000004492e-09	5.4099756e-09	7.5929485e-10	-0.0006017685	0.06265094	-1.0682479e-17	-1.4864401e-17	1.0403733e-17	-3.2087504e-18	0	-3.0130583e-18
1.6000000000045779e-09	5.4099756e-09	7.5929485e-10	-0.0006017685	0.062650934	-1.0682479e-17	-1.4864404e-17	1.0403733e-17	-3.2087504e-18	0	-3.0130583e-18
1.6100000000046637e-09	5.4099756e-09	7.5929485e-10	-0.0006017685	0.06265094	-1.0682479e-17	-1.4864404e-17	1.0403733e-17	-3.2087504e-18	0	-3.0130583e-18
1.6200000000047495e-09	5.4099756e-09	7.5929485e-10	-0.0006017685	0.062650934	-1.0682479e-17	-1.4864404e-17	1.0403733e-17	-3.2087504e-18	0	-3.0130583e-18
1.6300000000048352e-09	5.4099756e-09	7.5929485e-10	-0.0006017685	0.062650934	-1.0682479e-17	-1.4864404e-17	1.0403733e-17	-3.2087504e-18	0	-3.0130583e-18
1.640000000004921e-09	5.4099756e-09	7.5929485e-10	-0.0006017685	0.062650934	-1.0682479e-17	-1.4864404e-17	1.0403733e-17	-3.2087498e-18	0	-3.0130583e-18
1.6500000000050068e-09	5.4099756e-09	7.5929485e-10	-0.0006017685	0.06265094	-1.0682478e-17	-1.4864404e-17	1.0403733e-17	-3.2087504e-18	0	-3.0130583e-18
1.6600000000050926e-09	5.4099756e-09	7.5929485e-10	-0.0006017685	0.062650934	-1.0682478e-17	-1.4864404e-17	1.0403733e-17	-3.2087498e-18	0	-3.0130583e-18
1.6700000000051784e-09	5.4099756e-09	7.5929485e-10	-0.0006017685	0.062650934	-1.0682479e-17	-1.4864404e-17	1.0403733e-17	-3.2087504e-18	0	-3.0130583e-18
1.6800000000052642e-09	5.4099756e-09	7.5929485e-10	-0.0006017685	0.06265094	-1.0682478e-17	-1.4864404e-17	1.0403733e-17	-3.2087504e-18	0	-3.0130583e-18
1.69000000000535e-09	5.4099756e-09	7.5929485e-10	-0.0006017685	0.062650934	-1.0682479e-17	-1.4864404e-17	1.0403732e-17	-3.2087504e-18	0	-3.0130583e-18
1.7000000000054357e-09	5.4099756e-09	7.5929485e-10	-0.0006017685	0.06265094	-1.0682478e-17	-1.4864404e-17	1.0403733e-17	-3.2087504e-18	0	-3.0130583e-18
1.7100000000055215e-09	5.4099756e-09	7.5929485e-10	-0.0006017685	0.062650934	-1.0682479e-17	-1.4864404e-17	1.0403733e-17	-3.2087504e-18	0	-3.0130583e-18
1.7200000000056073e-09	5.4099756e-09	7.5929485e-10	-0.0006017685	0.06265094	-1.0682479e-17	-1.4864404e-17	1.0403733e-17	-3.2087504e-18	0	-3.0130583e-18
1.730000000005693e-09	5.4099756e-09	7.5929485e-10	-0.0006017685	0.06265094	-1.0682478e-17	-1.4864404e-17	1.0403733e-17	-3.2087504e-18	0	-3.0130583e-18
1.7400000000057789e-09	5.4099756e-09	7.5929485e-10	-0.0006017685	0.062650934	-1.0682479e-17	-1.4864404e-17	1.0403733e-17	-3.2087504e-18	0	-3.0130583e-18
1.7500000000058647e-09	5.4099756e-09	7.5929485e-10	-0.0006017685	0.062650934	-1.0682478e-17	-1.4864404e-17	1.0403733e-17	-3.2087504e-18	0	-3.0130583e-18
1.7600000000059504e-09	5.4099756e-09	7.5929485e-10	-0.0006017685	0.06265094	-1.0682478e-17	-1.4864404e-17	1.0403733e-17	-3.2087504e-18	0	-3.0130583e-18
1.7700000000060362e-09	5.4099756e-09	7.5929485e-10	-0.0006017685	0.062650934	-1.0682479e-17	-1.4864404e-17	1.0403733e-17	-3.2087504e-18	0	-3.0130583e-18
1.780000000006122e-09	5.4099756e-09	7.5929485e-10	-0.0006017685	0.06265094	-1.0682479e-17	-1.4864404e-17	1.0403733e-17	-3.2087504e-18	0	-3.0130583e-18
1.7900000000062078e-09	5.4099756e-09	7.5929485e-10	-0.0006017685	0.062650934	-1.0682478e-17	-1.4864404e-17	1.0403732e-17	-3.2087504e-18	0	-3.0130583e-18
1.8000000000062936e-09	5.4099756e-09	7.5929485e-10	-0.0006017685	0.062650934	-1.0682479e-17	-1.4864404e-17	1.0403733e-17	-3.2087504e-18	0	-3.0130583e-18
1.8100000000063794e-09	5.4099756e-09	7.5929485e-10	-0.0006017685	0.062650934	-1.0682479e-17	-1.4864404e-17	1.0403733e-17	-3.2087504e-18	0	-3.0130583e-18
1.8200000000064652e-09	5.4099756e-09	7.5929485e-10	-0.0006017685	0.06265094	-1.0682478e-17	-1.4864404e-17	1.0403733e-17	-3.2087504e-18	0	-3.0130583e-18
1.830000000006551e-09	5.4099756e-09	7.5929485e-10	-0.0006017685	0.06265094	-1.0682479e-17	-1.4864404e-17	1.0403733e-17	-3.2087498e-18	0	-3.0130583e-18
1.8400000000066367e-09	5.4099756e-09	7.5929485e-10	-0.0006017685	0.06265094	-1.0682478e-17	-1.4864404e-17	1.0403733e-17	-3.2087504e-18	0	-3.0130583e-18
1.8500000000067225e-09	5.4099756e-09	7.5929485e-10	-0.0006017685	0.06265094	-1.0682479e-17	-1.4864404e-17	1.0403733e-17	-3.2087498e-18	0	-3.0130583e-18
1.8600000000068083e-09	5.4099756e-09	7.5929485e-10	-0.0006017685	0.062650934	-1.0682477e-17	-1.4864404e-17	1.0403733e-17	-3.2087504e-18	0	-3.0130583e-18
1.870000000006742e-09	5.4099756e-09	7.5929485e-10	-0.0006017685	0.062650934	-1.0682478e-17	-1.4864404e-17	1.0403733e-17	-3.2087498e-18	0	-3.0130583e-18
1.880000000006621e-09	5.4099756e-09	7.5929485e-10	-0.0006017685	0.062650934	-1.0682479e-17	-1.4864404e-17	1.0403733e-17	-3.2087504e-18	0	-3.0130583e-18
1.8900000000065e-09	5.4099756e-09	7.5929485e-10	-0.0006017685	0.06265094	-1.0682479e-17	-1.4864404e-17	1.0403733e-17	-3.2087504e-18	0	-3.0130583e-18
1.900000000006379e-09	5.4099756e-09	7.5929485e-10	-0.0006017685	0.062650934	-1.0682479e-17	-1.4864404e-17	1.0403733e-17	-3.2087504e-18	0	-3.0130583e-18
1.910000000006258e-09	5.4099756e-09	7.5929485e-10	-0.0006017685	0.062650934	-1.0682479e-17	-1.4864404e-17	1.0403733e-17	-3.2087504e-18	0	-3.0130583e-18
1.920000000006137e-09	5.4099756e-09	7.5929485e-10	-0.0006017685	0.06265094	-1.0682478e-17	-1.4864404e-17	1.0403733e-17	-3.2087504e-18	0	-3.0130583e-18
1.930000000006016e-09	5.4099756e-09	7.5929485e-10	-0.0006017685	0.062650934	-1.0682479e-17	-1.4864404e-17	1.0403733e-17	-3.2087498e-18	0	-3.0130583e-18
1.940000000005895e-09	5.4099756e-09	7.5929485e-10	-0.0006017685	0.06265094	-1.0682479e-17	-1.4864404e-17	1.0403733e-17	-3.2087498e-18	0	-3.0130583e-18
1.950000000005774e-09	5.4099756e-09	7.5929485e-10	-0.0006017685	0.062650934	-1.0682477e-17	-1.4864404e-17	1.0403733e-17	-3.2087504e-18	0	-3.0130583e-18
1.960000000005653e-09	5.4099756e-09	7.5929485e-10	-0.0006017685	0.06265094	-1.0682479e-17	-1.4864404e-17	1.0403733e-17	-3.2087504e-18	0	-3.0130583e-18
1.9700000000055318e-09	5.4099756e-09	7.5929485e-10	-0.0006017685	0.06265094	-1.0682477e-17	-1.4864404e-17	1.0403733e-17	-3.2087504e-18	0	-3.0130583e-18
1.9800000000054108e-09	5.4099756e-09	7.5929485e-10	-0.0006017685	0.062650934	-1.0682479e-17	-1.4864404e-17	1.0403733e-17	-3.2087504e-18	0	-3.0130583e-18
1.9900000000052898e-09	5.4099756e-09	7.5929485e-10	-0.0006017685	0.06265094	-1.0682479e-17	-1.4864404e-17	1.0403733e-17	-3.2087504e-18	0	-3.0130583e-18
2.0000000000051688e-09	5.4099756e-09	7.5929485e-10	-0.0006017685	0.062650934	-1.0682479e-17	-1.4864404e-17	1.0403733e-17	-3.2087504e-18	0	-3.0130583e-18
2.0100000000050478e-09	5.4099756e-09	7.5929485e-10	-0.0006017685	0.06265094	-1.0682479e-17	-1.4864404e-17	1.0403733e-17	-3.2087504e-18	0	-3.0130583e-18
2.0200000000049267e-09	5.4099756e-09	7.5929485e-10	-0.0006017685	0.06265094	-1.0682479e-17	-1.4864404e-17	1.0403733e-17	-3.2087504e-18	0	-3.0130583e-18
2.0300000000048057e-09	5.4099756e-09	7.5929485e-10	-0.0006017685	0.06265094	-1.0682477e-17	-1.4864404e-17	1.0403733e-17	-3.2087504e-18	0	-3.0130583e-18
2.0400000000046847e-09	5.4099756e-09	7.5929485e-10	-0.0006017685	0.062650934	-1.0682479e-17	-1.4864404e-17	1.0403733e-17	-3.2087504e-18	0	-3.0130583e-18
2.0500000000045637e-09	5.4099756e-09	7.5929485e-10	-0.0006017685	0.06265094	-1.0682479e-17	-1.4864404e-17	1.0403733e-17	-3.2087504e-18	0	-3.0130583e-18
2.0600000000044427e-09	5.4099756e-09	7.5929485e-10	-0.0006017685	0.06265094	-1.0682478e-17	-1.4864404e-17	1.0403733e-17	-3.2087504e-18	0	-3.0130583e-18
2.0700000000043217e-09	5.4099756e-09	7.5929485e-10	-0.0006017685	0.062650934	-1.0682479e-17	-1.4864404e-17	1.0403733e-17	-3.2087504e-18	0	-3.0130583e-18
2.0800000000042007e-09	5.4099756e-09	7.5929485e-10	-0.0006017685	0.062650934	-1.0682479e-17	-1.4864404e-17	1.0403733e-17	-3.2087504e-18	0	-3.0130583e-18
2.0900000000040797e-09	5.4099756e-09	7.5929485e-10	-0.0006017685	0.06265094	-1.0682478e-17	-1.4864404e-17	1.0403733e-17	-3.2087504e-18	0	-3.0130583e-18
2.1000000000039587e-09	5.4099756e-09	7.5929485e-10	-0.0006017685	0.062650934	-1.0682479e-17	-1.4864404e-17	1.0403733e-17	-3.2087504e-18	0	-3.0130583e-18
2.1100000000038377e-09	5.4099756e-09	7.5929485e-10	-0.0006017685	0.062650934	-1.0682479e-17	-1.4864404e-17	1.0403733e-17	-3.2087504e-18	0	-3.0130583e-18
2.1200000000037166e-09	5.4099756e-09	7.5929485e-10	-0.0006017685	0.062650934	-1.0682479e-17	-1.4864404e-17	1.0403733e-17	-3.2087504e-18	0	-3.0130583e-18
2.1300000000035956e-09	5.4099756e-09	7.5929485e-10	-0.0006017685	0.062650934	-1.0682477e-17	-1.4864404e-17	1.0403733e-17	-3.2087504e-18	0	-3.0130583e-18
2.1400000000034746e-09	5.4099756e-09	7.5929485e-10	-0.0006017685	0.06265094	-1.0682479e-17	-1.4864404e-17	1.0403733e-17	-3.2087498e-18	0	-3.0130583e-18
2.1500000000033536e-09	5.4099756e-09	1.5185897e-09	-0.0006017685	0.06265094	-1.0682477e-17	-1.4864404e-17	1.0403733e-17	-3.2087504e-18	0	-3.0130583e-18
2.1600000000032326e-09	5.4099756e-09	7.5929485e-10	-0.0006017685	0.062650934	-1.0682479e-17	-1.4864404e-17	1.0403733e-17	-3.2087504e-18	0	-3.0130583e-18
2.1700000000031116e-09	5.4099756e-09	1.5185897e-09	-0.0006017685	0.062650934	-1.0682479e-17	-1.4864404e-17	1.0403733e-17	-3.2087504e-18	0	-3.0130583e-18
2.1800000000029906e-09	5.4099756e-09	7.5929485e-10	-0.0006017685	0.062650934	-1.0682479e-17	-1.4864404e-17	1.0403733e-17	-3.2087504e-18	0	-3.0130583e-18
2.1900000000028696e-09	5.4099756e-09	7.5929485e-10	-0.0006017685	0.06265094	-1.0682479e-17	-1.4864404e-17	1.0403733e-17	-3.2087504e-18	0	-3.0130583e-18
2.2000000000027486e-09	5.4099756e-09	7.5929485e-10	-0.0006017685	0.062650934	-1.0682479e-17	-1.4864404e-17	1.0403733e-17	-3.2087504e-18	0	-3.0130583e-18
2.2100000000026276e-09	5.4099756e-09	1.5185897e-09	-0.0006017685	0.06265094	-1.0682479e-17	-1.4864404e-17	1.0403733e-17	-3.2087504e-18	0	-3.0130583e-18
2.2200000000025065e-09	5.4099756e-09	7.5929485e-10	-0.0006017685	0.06265094	-1.0682477e-17	-1.4864404e-17	1.0403733e-17	-3.2087504e-18	0	-3.0130583e-18
2.2300000000023855e-09	5.4099756e-09	7.5929485e-10	-0.0006017685	0.062650934	-1.0682479e-17	-1.4864404e-17	1.0403733e-17	-3.2087504e-18	0	-3.0130583e-18
2.2400000000022645e-09	5.4099756e-09	7.5929485e-10	-0.0006017685	0.06265094	-1.0682479e-17	-1.4864404e-17	1.0403733e-17	-3.2087504e-18	0	-3.0130583e-18
2.2500000000021435e-09	5.4099756e-09	7.5929485e-10	-0.0006017685	0.062650934	-1.0682479e-17	-1.4864404e-17	1.0403733e-17	-3.2087504e-18	0	-3.0130583e-18
2.2600000000020225e-09	5.4099756e-09	7.5929485e-10	-0.0006017685	0.062650934	-1.0682478e-17	-1.4864404e-17	1.0403733e-17	-3.2087504e-18	0	-3.0130583e-18
2.2700000000019015e-09	5.4099756e-09	7.5929485e-10	-0.0006017685	0.062650934	-1.0682479e-17	-1.4864404e-17	1.0403733e-17	-3.2087504e-18	0	-3.0130583e-18
2.2800000000017805e-09	5.4099756e-09	7.5929485e-10	-0.0006017685	0.06265094	-1.0682477e-17	-1.4864404e-17	1.0403733e-17	-3.2087504e-18	0	-3.0130583e-18
2.2900000000016595e-09	5.4099756e-09	7.5929485e-10	-0.0006017685	0.062650934	-1.0682479e-17	-1.4864404e-17	1.0403733e-17	-3.2087504e-18	0	-3.0130583e-18
2.3000000000015385e-09	5.4099756e-09	7.5929485e-10	-0.0006017685	0.06265094	-1.0682478e-17	-1.4864404e-17	1.0403733e-17	-3.2087504e-18	0	-3.0130583e-18
2.3100000000014175e-09	5.4099756e-09	7.5929485e-10	-0.0006017685	0.062650934	-1.0682479e-17	-1.4864404e-17	1.0403733e-17	-3.2087498e-18	0	-3.0130583e-18
2.3200000000012965e-09	5.4099756e-09	7.5929485e-10	-0.0006017685	0.06265094	-1.0682478e-17	-1.4864404e-17	1.0403733e-17	-3.2087504e-18	0	-3.0130583e-18
2.3300000000011754e-09	5.4099756e-09	7.5929485e-10	-0.0006017685	0.06265094	-1.0682479e-17	-1.4864404e-17	1.0403733e-17	-3.2087504e-18	0	-3.0130583e-18
2.3400000000010544e-09	5.4099756e-09	7.5929485e-10	-0.0006017685	0.06265094	-1.0682477e-17	-1.4864404e-17	1.0403733e-17	-3.2087504e-18	0	-3.0130583e-18
2.3500000000009334e-09	5.4099756e-09	7.5929485e-10	-0.0006017685	0.062650934	-1.0682479e-17	-1.4864404e-17	1.0403733e-17	-3.2087504e-18	0	-3.0130583e-18
2.3600000000008124e-09	5.4099756e-09	7.5929485e-10	-0.0006017685	0.06265094	-1.0682478e-17	-1.4864404e-17	1.0403733e-17	-3.2087504e-18	0	-3.0130583e-18
2.3700000000006914e-09	5.4099756e-09	7.5929485e-10	-0.0006017685	0.062650934	-1.0682479e-17	-1.4864404e-17	1.0403733e-17	-3.2087504e-18	0	-3.0130583e-18
2.3800000000005704e-09	5.4099756e-09	7.5929485e-10	-0.0006017685	0.06265094	-1.0682478e-17	-1.4864404e-17	1.0403733e-17	-3.2087504e-18	0	-3.0130583e-18
2.3900000000004494e-09	5.4099756e-09	7.5929485e-10	-0.0006017685	0.062650934	-1.0682479e-17	-1.4864404e-17	1.0403732e-17	-3.2087504e-18	0	-3.0130583e-18
2.4000000000003284e-09	5.4099756e-09	7.5929485e-10	-0.0006017685	0.06265094	-1.0682478e-17	-1.4864404e-17	1.0403733e-17	-3.2087504e-18	0	-3.0130583e-18
2.4100000000002074e-09	5.4099756e-09	7.5929485e-10	-0.0006017685	0.062650934	-1.0682479e-17	-1.4864404e-17	1.0403733e-17	-3.2087504e-18	0	-3.0130583e-18
2.4200000000000864e-09	5.4099756e-09	7.5929485e-10	-0.0006017685	0.062650934	-1.0682479e-17	-1.4864404e-17	1.0403733e-17	-3.2087504e-18	0	-3.0130583e-18
2.4300099999999652e-09	5.315064e-09	7.5929485e-10	-0.0006017685	0.06265094	-1.0682477e-17	-1.4864404e-17	1.0403733e-17	-3.2087504e-18	0	-3.0130583e-18
2.4400099999998442e-09	5.315064e-09	7.5929485e-10	-0.0006017685	0.06265094	-1.0682478e-17	-1.4864404e-17	1.0403733e-17	-3.2087504e-18	0	-3.0130583e-18
2.450009999999723e-09	5.315064e-09	7.5929485e-10	-0.0006017685	0.06265094	-1.0682479e-17	-1.4864401e-17	1.0403733e-17	-3.2087504e-18	0	-3.0130583e-18
2.460009999999602e-09	5.315064e-09	7.5929485e-10	-0.0006017685	0.06265094	-1.0682479e-17	-1.4864404e-17	1.0403733e-17	-3.2087504e-18	0	-3.0130583e-18
2.470009999999481e-09	5.315064e-09	7.5929485e-10	-0.0006017685	0.06265094	-1.0682479e-17	-1.4864404e-17	1.0403733e-17	-3.2087504e-18	0	-3.0130583e-18
2.48000999999936e-09	5.315064e-09	7.5929485e-10	-0.0006017685	0.06265094	-1.0682479e-17	-1.4864404e-17	1.0403733e-17	-3.2087498e-18	0	-3.0130583e-18
2.490009999999239e-09	5.315064e-09	7.5929485e-10	-0.0006017685	0.06265094	-1.0682479e-17	-1.4864404e-17	1.0403733e-17	-3.2087504e-18	0	-3.0130583e-18
2.500009999999118e-09	5.315064e-09	7.5929485e-10	-0.0006017685	0.06265094	-1.0682479e-17	-1.4864404e-17	1.0403733e-17	-3.2087504e-18	0	-3.0130583e-18
2.510009999998997e-09	5.315064e-09	7.5929485e-10	-0.0006017685	0.06265094	-1.0682479e-17	-1.4864404e-17	1.0403733e-17	-3.2087504e-18	0	-3.0130583e-18
2.520009999998876e-09	5.315064e-09	7.5929485e-10	-0.0006017685	0.06265094	-1.0682479e-17	-1.4864404e-17	1.0403733e-17	-3.2087504e-18	0	-3.0130583e-18
2.530009999998755e-09	5.315064e-09	7.5929485e-10	-0.0006017685	0.06265094	-1.0682479e-17	-1.4864404e-17	1.0403733e-17	-3.2087504e-18	0	-3.0130583e-18
2.540009999998634e-09	5.315064e-09	7.5929485e-10	-0.0006017685	0.06265094	-1.0682479e-17	-1.4864404e-17	1.0403733e-17	-3.2087504e-18	0	-3.0130583e-18
2.550009999998513e-09	5.315064e-09	7.5929485e-10	-0.0006017685	0.06265094	-1.0682479e-17	-1.4864404e-17	1.0403733e-17	-3.2087504e-18	0	-3.0130583e-18
2.560009999998392e-09	5.315064e-09	7.5929485e-10	-0.0006017685	0.06265094	-1.0682479e-17	-1.4864404e-17	1.0403733e-17	-3.2087504e-18	0	-3.0130583e-18
2.570009999998271e-09	5.315064e-09	7.5929485e-10	-0.0006017685	0.06265094	-1.0682478e-17	-1.4864404e-17	1.0403733e-17	-3.2087504e-18	0	-3.0130583e-18
2.58000999999815e-09	5.315064e-09	7.5929485e-10	-0.0006017685	0.06265094	-1.06824784e-17	-1.4864404e-17	1.0403733e-17	-3.2087504e-18	0	-3.0130583e-18
2.590009999998029e-09	5.315064e-09	7.5929485e-10	-0.0006017685	0.06265094	-1.0682479e-17	-1.4864404e-17	1.0403733e-17	-3.2087504e-18	0	-3.0130583e-18
2.600009999997908e-09	5.315064e-09	7.5929485e-10	-0.0006017685	0.06265094	-1.0682479e-17	-1.4864404e-17	1.0403733e-17	-3.2087504e-18	0	-3.0130583e-18
2.610009999997787e-09	5.315064e-09	7.5929485e-10	-0.0006017685	0.06265094	-1.0682478e-17	-1.4864404e-17	1.0403733e-17	-3.2087504e-18	0	-3.0130583e-18
2.620009999997666e-09	5.315064e-09	7.5929485e-10	-0.0006017685	0.06265094	-1.0682479e-17	-1.4864404e-17	1.0403733e-17	-3.2087504e-18	0	-3.0130583e-18
2.630009999997545e-09	5.315064e-09	7.5929485e-10	-0.0006017685	0.06265094	-1.0682479e-17	-1.4864404e-17	1.0403733e-17	-3.2087504e-18	0	-3.0130583e-18
2.640009999997424e-09	5.315064e-09	7.5929485e-10	-0.0006017685	0.06265094	-1.0682479e-17	-1.4864404e-17	1.0403733e-17	-3.2087504e-18	0	-3.0130583e-18
2.650009999997303e-09	5.315064e-09	7.5929485e-10	-0.0006017685	0.06265094	-1.0682478e-17	-1.4864404e-17	1.0403733e-17	-3.2087498e-18	0	-3.0130583e-18
2.660009999997182e-09	5.315064e-09	7.5929485e-10	-0.0006017685	0.06265094	-1.0682479e-17	-1.4864404e-17	1.0403733e-17	-3.2087504e-18	0	-3.0130583e-18
2.670009999997061e-09	5.315064e-09	7.5929485e-10	-0.0006017685	0.06265094	-1.0682479e-17	-1.4864404e-17	1.0403733e-17	-3.2087504e-18	0	-3.0130583e-18
2.68000999999694e-09	5.315064e-09	7.5929485e-10	-0.0006017685	0.06265094	-1.0682477e-17	-1.4864404e-17	1.0403733e-17	-3.2087504e-18	0	-3.0130583e-18
2.690009999996819e-09	5.315064e-09	7.5929485e-10	-0.0006017685	0.06265094	-1.0682479e-17	-1.4864404e-17	1.0403733e-17	-3.2087504e-18	0	-3.0130583e-18
2.700009999996698e-09	5.315064e-09	7.5929485e-10	-0.0006017685	0.06265094	-1.0682479e-17	-1.4864404e-17	1.0403733e-17	-3.2087504e-18	0	-3.0130583e-18
2.710009999996577e-09	5.315064e-09	7.5929485e-10	-0.0006017685	0.06265094	-1.0682479e-17	-1.4864404e-17	1.0403733e-17	-3.2087504e-18	0	-3.0130583e-18
2.720009999996456e-09	5.315064e-09	7.5929485e-10	-0.0006017685	0.06265094	-1.0682479e-17	-1.4864404e-17	1.0403733e-17	-3.2087504e-18	0	-3.0130583e-18
2.730009999996335e-09	5.315064e-09	7.5929485e-10	-0.0006017685	0.06265094	-1.0682479e-17	-1.4864404e-17	1.0403733e-17	-3.2087504e-18	0	-3.0130583e-18
2.740009999996214e-09	5.315064e-09	7.5929485e-10	-0.0006017685	0.06265094	-1.0682478e-17	-1.4864404e-17	1.0403733e-17	-3.2087504e-18	0	-3.0130583e-18
2.750009999996093e-09	5.315064e-09	7.5929485e-10	-0.0006017685	0.06265094	-1.0682479e-17	-1.4864404e-17	1.0403733e-17	-3.2087504e-18	0	-3.0130583e-18
2.760009999995972e-09	5.315064e-09	7.5929485e-10	-0.0006017685	0.06265094	-1.0682478e-17	-1.4864404e-17	1.0403733e-17	-3.2087498e-18	0	-3.0130583e-18
2.770009999995851e-09	5.315064e-09	7.5929485e-10	-0.0006017685	0.06265094	-1.0682479e-17	-1.4864404e-17	1.0403733e-17	-3.2087504e-18	0	-3.0130583e-18
2.78000999999573e-09	5.315064e-09	7.5929485e-10	-0.0006017685	0.06265094	-1.0682479e-17	-1.4864404e-17	1.0403733e-17	-3.2087498e-18	0	-3.0130583e-18
2.790009999995609e-09	5.315064e-09	7.5929485e-10	-0.0006017685	0.06265094	-1.0682477e-17	-1.4864404e-17	1.0403733e-17	-3.2087504e-18	0	-3.0130583e-18
2.800009999995488e-09	5.315064e-09	7.5929485e-10	-0.0006017685	0.06265094	-1.0682479e-17	-1.4864404e-17	1.0403733e-17	-3.2087498e-18	0	-3.0130583e-18
2.810009999995367e-09	5.315064e-09	7.5929485e-10	-0.0006017685	0.06265094	-1.0682479e-17	-1.4864404e-17	1.0403733e-17	-3.2087504e-18	0	-3.0130583e-18
2.820009999995246e-09	5.315064e-09	7.5929485e-10	-0.0006017685	0.06265094	-1.0682479e-17	-1.4864404e-17	1.0403733e-17	-3.2087498e-18	0	-3.0130583e-18
2.830009999995125e-09	5.315064e-09	7.5929485e-10	-0.0006017685	0.06265094	-1.0682479e-17	-1.4864404e-17	1.0403733e-17	-3.2087504e-18	0	-3.0130583e-18
2.840009999995004e-09	5.315064e-09	7.5929485e-10	-0.0006017685	0.06265094	-1.0682479e-17	-1.4864404e-17	1.0403733e-17	-3.2087498e-18	0	-3.0130583e-18
2.850009999994883e-09	5.315064e-09	7.5929485e-10	-0.0006017685	0.06265094	-1.0682479e-17	-1.4864404e-17	1.0403733e-17	-3.2087504e-18	0	-3.0130583e-18
2.860009999994762e-09	5.315064e-09	7.5929485e-10	-0.0006017685	0.06265094	-1.0682478e-17	-1.4864404e-17	1.0403733e-17	-3.2087498e-18	0	-3.0130583e-18
2.870009999994641e-09	5.315064e-09	7.5929485e-10	-0.0006017685	0.06265094	-1.0682477e-17	-1.4864404e-17	1.0403733e-17	-3.2087504e-18	0	-3.0130583e-18
2.8800099999945198e-09	5.315064e-09	7.5929485e-10	-0.0006017685	0.06265094	-1.0682479e-17	-1.4864404e-17	1.0403733e-17	-3.2087498e-18	0	-3.0130583e-18
2.8900099999943988e-09	5.315064e-09	3.7964742e-09	-0.0006017685	0.06265094	-1.0682479e-17	-1.4864404e-17	1.0403733e-17	-3.2087504e-18	0	-3.0130583e-18
2.9000099999942778e-09	5.315064e-09	7.5929485e-10	-0.0006017685	0.06265094	-1.0682479e-17	-1.4864404e-17	1.0403733e-17	-3.2087504e-18	0	-3.0130583e-18
2.9100099999941568e-09	5.315064e-09	7.5929485e-10	-0.0006017685	0.06265094	-1.0682479e-17	-1.4864404e-17	1.0403733e-17	-3.2087504e-18	0	-3.0130583e-18
2.9200099999940357e-09	5.315064e-09	7.5929485e-10	-0.0006017685	0.06265094	-1.0682479e-17	-1.4864404e-17	1.0403733e-17	-3.2087498e-18	0	-3.0130583e-18
2.9300099999939147e-09	5.315064e-09	7.5929485e-10	-0.0006017685	0.06265094	-1.0682477e-17	-1.4864404e-17	1.0403733e-17	-3.2087504e-18	0	-3.0130583e-18
2.9400099999937937e-09	5.315064e-09	7.5929485e-10	-0.0006017685	0.06265094	-1.0682479e-17	-1.4864404e-17	1.0403733e-17	-3.2087498e-18	0	-3.0130583e-18
2.9500099999936727e-09	5.315064e-09	7.5929485e-10	-0.0006017685	0.06265094	-1.0682479e-17	-1.4864404e-17	1.0403733e-17	-3.2087504e-18	0	-3.0130583e-18
2.9600099999935517e-09	5.315064e-09	7.5929485e-10	-0.0006017685	0.06265094	-1.0682479e-17	-1.4864404e-17	1.0403733e-17	-3.2087504e-18	0	-3.0130583e-18
2.9700099999934307e-09	5.315064e-09	7.5929485e-10	-0.0006017685	0.06265094	-1.0682479e-17	-1.4864404e-17	1.0403733e-17	-3.2087504e-18	0	-3.0130583e-18
2.9800099999933097e-09	5.315064e-09	7.5929485e-10	-0.0006017685	0.06265094	-1.0682479e-17	-1.4864404e-17	1.0403733e-17	-3.2087498e-18	0	-3.0130583e-18
2.9900099999931887e-09	5.315064e-09	7.5929485e-10	-0.0006017685	0.06265094	-1.0682477e-17	-1.4864404e-17	1.0403733e-17	-3.2087504e-18	0	-3.0130583e-18
3.0000099999930677e-09	5.315064e-09	7.5929485e-10	-0.0006017685	0.06265094	-1.0682478e-17	-1.4864404e-17	1.0403733e-17	-3.2087504e-18	0	-3.0130583e-18
