# t (s)	mx ()	my ()	mz ()	spinAngle (rad)	E_total (J)	E_anis (J)	E_demag (J)	E_exch (J)	E_therm (J)	E_custom (J)
0	0	0	0	0.0015184366	-2.6455846e-16	-5.02704e-16	3.0843117e-16	5.120001e-18	0	-7.54056e-17
1.0000000000000124e-11	2.3998178e-10	-2.4282742e-10	0.00044742858	0.0050216387	-2.726783e-16	-4.966721e-16	3.051456e-16	-5.8960938e-18	0	-7.525572e-17
2.0009999999999403e-11	7.6262985e-10	0	0.00074038777	0.0052172467	-2.7341678e-16	-4.944289e-16	3.0387903e-16	-7.502134e-18	0	-7.5364796e-17
3.000999999999824e-11	9.37162e-10	4.6288975e-10	0.0006827435	0.004888702	-2.7362743e-16	-4.951708e-16	3.0430323e-16	-7.368813e-18	0	-7.539106e-17
4.000000000000001e-11	2.1531962e-10	6.829521e-11	0.00046169056	0.004464205	-2.7373881e-16	-4.967846e-16	3.0521816e-16	-6.7870206e-18	0	-7.538534e-17
5.0000000000001785e-11	-4.7996357e-10	-4.1735962e-10	0.0003276338	0.0042885523	-2.7379909e-16	-4.97557e-16	3.0565655e-16	-6.503112e-18	0	-7.5395554e-17
6.00000000000024e-11	-3.300935e-10	-4.0977127e-10	0.00034446758	0.004358865	-2.738316e-16	-4.9730675e-16	3.05511e-16	-6.637642e-18	0	-7.539822e-17
7.000999999999771e-11	2.4662158e-10	1.5176714e-11	0.00041831253	0.004440834	-2.7385774e-16	-4.967518e-16	3.05189e-16	-6.8977975e-18	0	-7.5397175e-17
8.000999999999302e-11	5.1600824e-10	3.5665276e-10	0.00046138474	0.0044661746	-2.7387873e-16	-4.9641335e-16	3.0498954e-16	-7.056687e-18	0	-7.539822e-17
9.000999999998834e-11	4.0123435e-10	3.680353e-10	0.0004537666	0.0044630207	-2.7389607e-16	-4.963623e-16	3.0495465e-16	-7.089623e-18	0	-7.539874e-17
1.0000999999998365e-10	6.450103e-11	5.3118496e-11	0.00042340637	0.004465257	-2.739118e-16	-4.9640816e-16	3.049757e-16	-7.080394e-18	0	-7.539897e-17
1.1000999999997896e-10	7.588357e-12	1.5176714e-11	0.0004014674	0.004498674	-2.739261e-16	-4.9638407e-16	3.049572e-16	-7.099839e-18	0	-7.53994e-17
1.2000999999997891e-10	6.260394e-11	7.588357e-11	0.00039681367	0.004548344	-2.7393935e-16	-4.962698e-16	3.0488718e-16	-7.157101e-18	0	-7.539964e-17
1.3000999999998715e-10	2.0298854e-10	2.655925e-10	0.00040106525	0.0045903446	-2.7395163e-16	-4.961297e-16	3.0480253e-16	-7.2247245e-18	0	-7.5399756e-17
1.400099999999954e-10	2.3334196e-10	3.1871097e-10	0.00040459094	0.0046245153	-2.7396322e-16	-4.9601794e-16	3.0473426e-16	-7.279637e-18	0	-7.539992e-17
1.5000000000000362e-10	-4.3633052e-11	4.553014e-10	0.00040467572	0.0046549337	-2.7397408e-16	-4.959414e-16	3.046864e-16	-7.319008e-18	0	-7.540009e-17
1.6000000000001186e-10	-1.7832638e-10	4.9703736e-10	0.00040372726	0.0046851784	-2.7398443e-16	-4.9587823e-16	3.0464633e-16	-7.352297e-18	0	-7.540023e-17
1.700000000000201e-10	7.0192296e-11	5.3497917e-10	0.00040416795	0.004715704	-2.7399417e-16	-4.9580973e-16	3.046034e-16	-7.387505e-18	0	-7.540037e-17
1.8000000000002833e-10	2.105769e-10	5.084199e-10	0.00040596095	0.0047466257	-2.740036e-16	-4.957331e-16	3.045559e-16	-7.4258725e-18	0	-7.540048e-17
1.9000000000003657e-10	1.2710498e-10	9.637213e-10	0.0004075551	0.004776916	-2.7401256e-16	-4.9565557e-16	3.04508e-16	-7.464409e-18	0	-7.540057e-17
2.000000000000448e-10	5.31185e-10	8.9542607e-10	0.0004078326	0.0048057283	-2.7402111e-16	-4.95583e-16	3.0446308e-16	-7.500555e-18	0	-7.540064e-17
2.1000000000005304e-10	3.4337314e-10	9.106028e-10	0.00040685263	0.00483381	-2.7402945e-16	-4.9551613e-16	3.0442147e-16	-7.534067e-18	0	-7.540072e-17
2.2000000000006128e-10	2.466216e-11	7.740124e-10	0.0004054366	0.004861077	-2.7403742e-16	-4.9545233e-16	3.0438177e-16	-7.566069e-18	0	-7.540079e-17
2.3000000000006952e-10	2.276507e-11	9.333678e-10	0.00040432904	0.0048877583	-2.7404523e-16	-4.9538934e-16	3.0434254e-16	-7.597582e-18	0	-7.540085e-17
2.4000000000005925e-10	5.273908e-10	1.2558731e-09	0.0004037198	0.0049139466	-2.740527e-16	-4.953267e-16	3.043037e-16	-7.62875e-18	0	-7.5400914e-17
2.5000000000004163e-10	7.7970363e-10	1.3696984e-09	0.00040353058	0.004939467	-2.7406005e-16	-4.952652e-16	3.0426543e-16	-7.659355e-18	0	-7.5400954e-17
2.60000000000024e-10	2.6938665e-10	1.0016631e-09	0.00040359763	0.0049643423	-2.7406715e-16	-4.9520516e-16	3.0422821e-16	-7.689133e-18	0	-7.5401e-17
2.700000000000064e-10	-1.3469333e-10	9.0301444e-10	0.0004037462	0.0049891486	-2.7407403e-16	-4.951468e-16	3.04192e-16	-7.718119e-18	0	-7.5401033e-17
2.800099999999888e-10	-8.3471924e-11	1.4304052e-09	0.000403896	0.0050131907	-2.7408072e-16	-4.950896e-16	3.041564e-16	-7.746496e-18	0	-7.5401066e-17
2.9000999999997117e-10	2.7128375e-10	1.8060289e-09	0.00040398753	0.0050369967	-2.740874e-16	-4.950336e-16	3.0412157e-16	-7.774274e-18	0	-7.540111e-17
3.0000999999995355e-10	8.9732316e-10	1.9653843e-09	0.00040400555	0.005060214	-2.7409383e-16	-4.949786e-16	3.040874e-16	-7.801529e-18	0	-7.540113e-17
3.1000999999993594e-10	9.902805e-10	1.8136173e-09	0.0004039223	0.0050830906	-2.7410015e-16	-4.9492453e-16	3.0405386e-16	-7.828279e-18	0	-7.5401166e-17
3.2000999999991833e-10	7.398648e-10	1.8857067e-09	0.00040376632	0.0051053525	-2.7410627e-16	-4.948713e-16	3.0402082e-16	-7.8545555e-18	0	-7.540119e-17
3.300099999999007e-10	4.666839e-10	2.0943864e-09	0.0004035806	0.005127392	-2.741124e-16	-4.948191e-16	3.0398835e-16	-7.8803785e-18	0	-7.540122e-17
3.400099999998831e-10	5.7102384e-10	2.534511e-09	0.00040340278	0.0051493454	-2.7411836e-16	-4.9476777e-16	3.0395642e-16	-7.905775e-18	0	-7.540124e-17
3.500099999998655e-10	6.639812e-10	2.6293656e-09	0.000403257	0.0051707127	-2.7412413e-16	-4.9471706e-16	3.0392498e-16	-7.930767e-18	0	-7.540126e-17
3.600099999998479e-10	8.2143964e-10	2.509849e-09	0.00040315255	0.005191557	-2.7412988e-16	-4.9466724e-16	3.03894e-16	-7.955375e-18	0	-7.5401285e-17
3.7000999999983027e-10	9.0111735e-10	2.4775986e-09	0.00040308974	0.0052124495	-2.7413554e-16	-4.9461806e-16	3.0386346e-16	-7.979616e-18	0	-7.54013e-17
3.8000999999981266e-10	1.06237e-09	2.6028064e-09	0.00040304984	0.0052330587	-2.7414105e-16	-4.9456957e-16	3.0383334e-16	-8.003508e-18	0	-7.540131e-17
3.9000999999979505e-10	1.1610186e-09	2.8152802e-09	0.00040301986	0.0052532363	-2.7414658e-16	-4.945218e-16	3.0380364e-16	-8.027064e-18	0	-7.540133e-17
4.0000999999977743e-10	9.978689e-10	2.8797813e-09	0.00040298892	0.0052728504	-2.7415198e-16	-4.944746e-16	3.0377434e-16	-8.050301e-18	0	-7.5401344e-17
4.100099999997598e-10	9.106028e-10	3.0106806e-09	0.0004029499	0.0052927057	-2.7415725e-16	-4.94428e-16	3.037454e-16	-8.0732315e-18	0	-7.5401364e-17
4.200099999997422e-10	9.56133e-10	3.1112262e-09	0.0004029001	0.0053122714	-2.7416246e-16	-4.94382e-16	3.037168e-16	-8.09587e-18	0	-7.540137e-17
4.300099999997246e-10	1.0965175e-09	3.0581078e-09	0.00040284023	0.0053312303	-2.741676e-16	-4.943366e-16	3.0368858e-16	-8.118225e-18	0	-7.540138e-17
4.40009999999707e-10	1.1989604e-09	3.1396825e-09	0.00040277926	0.005350158	-2.7417273e-16	-4.942917e-16	3.0366065e-16	-8.140309e-18	0	-7.54014e-17
4.5000999999968937e-10	1.2369021e-09	3.3568992e-09	0.0004027186	0.0053690546	-2.7417774e-16	-4.942473e-16	3.0363307e-16	-8.1621336e-18	0	-7.54014e-17
4.6000999999967176e-10	1.4114343e-09	3.297141e-09	0.00040266363	0.005387591	-2.7418269e-16	-4.942034e-16	3.036058e-16	-8.1837064e-18	0	-7.540141e-17
4.700099999996541e-10	1.3772867e-09	3.342671e-09	0.00040261363	0.0054057087	-2.741875e-16	-4.941599e-16	3.0357883e-16	-8.205036e-18	0	-7.540143e-17
4.800099999996365e-10	1.3734925e-09	3.3957896e-09	0.0004025696	0.005423653	-2.7419243e-16	-4.94117e-16	3.0355212e-16	-8.226133e-18	0	-7.540143e-17
4.900099999996189e-10	1.3962577e-09	3.465982e-09	0.00040253	0.005441736	-2.741972e-16	-4.940745e-16	3.0352573e-16	-8.247004e-18	0	-7.5401444e-17
5.000099999996013e-10	1.339345e-09	3.5172034e-09	0.00040249492	0.0054594805	-2.742019e-16	-4.940324e-16	3.034996e-16	-8.267659e-18	0	-7.540146e-17
5.100099999995837e-10	1.3810809e-09	3.5399683e-09	0.000402459	0.005477039	-2.7420661e-16	-4.939908e-16	3.0347372e-16	-8.288101e-18	0	-7.5401463e-17
5.200099999995661e-10	1.5024946e-09	3.553248e-09	0.00040242524	0.0054940716	-2.742112e-16	-4.939495e-16	3.034481e-16	-8.3083386e-18	0	-7.5401463e-17
5.300099999995485e-10	1.6428793e-09	3.7220889e-09	0.00040239064	0.0055112788	-2.742158e-16	-4.9390867e-16	3.034227e-16	-8.328379e-18	0	-7.540147e-17
5.400099999995309e-10	1.6732327e-09	3.9459453e-09	0.00040235632	0.0055283527	-2.742203e-16	-4.9386817e-16	3.0339757e-16	-8.348228e-18	0	-7.5401477e-17
5.500099999995133e-10	1.5821724e-09	4.046491e-09	0.00040232213	0.005545214	-2.742248e-16	-4.9382804e-16	3.0337263e-16	-8.367891e-18	0	-7.540148e-17
5.600099999994956e-10	1.5669956e-09	3.9184376e-09	0.00040228813	0.005561642	-2.7422917e-16	-4.937883e-16	3.0334796e-16	-8.387372e-18	0	-7.540148e-17
5.70009999999478e-10	1.4379936e-09	3.951637e-09	0.0004022552	0.0055779843	-2.742336e-16	-4.937489e-16	3.0332348e-16	-8.4066796e-18	0	-7.540148e-17
5.800099999994604e-10	1.4987005e-09	3.9212833e-09	0.00040222515	0.005594539	-2.7423793e-16	-4.9370983e-16	3.0329923e-16	-8.425817e-18	0	-7.5401497e-17
5.900099999994428e-10	1.5669956e-09	3.9838874e-09	0.0004021959	0.00561072	-2.7424222e-16	-4.936711e-16	3.0327517e-16	-8.444789e-18	0	-7.54015e-17
6.000099999994252e-10	1.4076401e-09	4.0351087e-09	0.00040216927	0.0056266086	-2.7424653e-16	-4.936327e-16	3.0325127e-16	-8.4635995e-18	0	-7.54015e-17
6.100099999994076e-10	1.4417878e-09	3.9004155e-09	0.00040214194	0.005642347	-2.742507e-16	-4.9359453e-16	3.032276e-16	-8.482255e-18	0	-7.54015e-17
6.2000999999939e-10	1.4721412e-09	3.8890327e-09	0.00040211584	0.0056581204	-2.742549e-16	-4.935568e-16	3.0320415e-16	-8.500757e-18	0	-7.540151e-17
6.300099999993724e-10	1.5404364e-09	3.93646e-09	0.00040209125	0.005673848	-2.7425908e-16	-4.935193e-16	3.0318083e-16	-8.519111e-18	0	-7.540151e-17
6.400099999993547e-10	1.5556131e-09	3.8871355e-09	0.0004020667	0.0056892224	-2.742632e-16	-4.934821e-16	3.031577e-16	-8.53732e-18	0	-7.5401516e-17
6.500099999993371e-10	1.4531704e-09	3.8966212e-09	0.00040204232	0.0057044136	-2.7426736e-16	-4.934452e-16	3.0313475e-16	-8.555389e-18	0	-7.540153e-17
6.600099999993195e-10	1.3962577e-09	3.748648e-09	0.00040201872	0.005719526	-2.7427136e-16	-4.934085e-16	3.0311198e-16	-8.573321e-18	0	-7.540153e-17
6.700099999993019e-10	1.3127857e-09	3.9231804e-09	0.000401996	0.0057346458	-2.7427533e-16	-4.933721e-16	3.0308938e-16	-8.591119e-18	0	-7.540153e-17
6.800099999992843e-10	1.3127857e-09	4.0939185e-09	0.00040197428	0.005749509	-2.7427935e-16	-4.933359e-16	3.030669e-16	-8.608786e-18	0	-7.540153e-17
6.900099999992667e-10	1.2938148e-09	3.919386e-09	0.00040195306	0.005764334	-2.7428332e-16	-4.933001e-16	3.0304465e-16	-8.626327e-18	0	-7.5401536e-17
7.000099999992491e-10	1.4417878e-09	4.037006e-09	0.000401934	0.005778985	-2.7428721e-16	-4.9326445e-16	3.0302254e-16	-8.643742e-18	0	-7.5401536e-17
7.100099999992315e-10	1.2255196e-09	4.0597707e-09	0.00040191397	0.005793317	-2.7429113e-16	-4.932291e-16	3.0300052e-16	-8.661036e-18	0	-7.5401536e-17
7.200099999992138e-10	1.0775466e-09	4.2191264e-09	0.0004018955	0.0058078147	-2.7429497e-16	-4.9319393e-16	3.0297868e-16	-8.6782115e-18	0	-7.5401536e-17
7.300099999991962e-10	1.3431392e-09	4.272245e-09	0.000401876	0.0058221202	-2.7429884e-16	-4.9315905e-16	3.02957e-16	-8.6952705e-18	0	-7.5401536e-17
7.400099999991786e-10	1.3583159e-09	4.2191264e-09	0.00040185748	0.0058364277	-2.7430267e-16	-4.9312437e-16	3.0293548e-16	-8.712219e-18	0	-7.540154e-17
7.50009999999161e-10	1.1989604e-09	4.173596e-09	0.00040183956	0.005850292	-2.7430646e-16	-4.9308985e-16	3.0291404e-16	-8.729053e-18	0	-7.540154e-17
7.600099999991434e-10	1.3507275e-09	4.2039496e-09	0.000401821	0.0058641215	-2.7431022e-16	-4.9305566e-16	3.028928e-16	-8.7457814e-18	0	-7.540154e-17
7.700099999991258e-10	1.2103429e-09	4.325363e-09	0.00040180355	0.005878127	-2.743139e-16	-4.9302156e-16	3.0287164e-16	-8.762403e-18	0	-7.5401536e-17
7.800099999991082e-10	1.1610186e-09	4.2191264e-09	0.00040178836	0.005891941	-2.7431763e-16	-4.929878e-16	3.028506e-16	-8.778923e-18	0	-7.5401536e-17
7.900099999990906e-10	1.1989604e-09	3.9459453e-09	0.00040177235	0.0059055053	-2.743213e-16	-4.929541e-16	3.028297e-16	-8.795339e-18	0	-7.5401536e-17
8.00009999999073e-10	1.0585758e-09	4.0749475e-09	0.0004017578	0.005918906	-2.7432496e-16	-4.929207e-16	3.0280896e-16	-8.811657e-18	0	-7.5401536e-17
8.100099999990553e-10	1.1686069e-09	3.892827e-09	0.00040174386	0.0059322054	-2.7432861e-16	-4.928875e-16	3.027883e-16	-8.827879e-18	0	-7.540154e-17
8.200099999990377e-10	9.14397e-10	3.7790016e-09	0.00040173018	0.005945667	-2.7433216e-16	-4.9285443e-16	3.0276777e-16	-8.844005e-18	0	-7.540154e-17
8.300099999990201e-10	8.9163193e-10	3.824532e-09	0.00040171694	0.005958815	-2.7433576e-16	-4.9282156e-16	3.0274736e-16	-8.86004e-18	0	-7.5401536e-17
8.400099999990025e-10	7.891891e-10	3.8472967e-09	0.00040170338	0.0059718518	-2.743394e-16	-4.927889e-16	3.0272703e-16	-8.875983e-18	0	-7.5401536e-17
8.500099999989849e-10	9.902805e-10	4.0142405e-09	0.00040169034	0.0059847436	-2.7434293e-16	-4.927564e-16	3.0270686e-16	-8.891837e-18	0	-7.5401536e-17
8.600099999989673e-10	1.3924635e-09	3.7790016e-09	0.00040167815	0.0059976242	-2.7434645e-16	-4.9272404e-16	3.0268677e-16	-8.907604e-18	0	-7.540154e-17
8.700099999989497e-10	1.1420477e-09	3.915592e-09	0.0004016637	0.006010483	-2.7434992e-16	-4.926919e-16	3.0266682e-16	-8.923285e-18	0	-7.540154e-17
8.800099999989321e-10	1.1534302e-09	3.801767e-09	0.00040165105	0.006023187	-2.743534e-16	-4.9265993e-16	3.0264696e-16	-8.9388834e-18	0	-7.5401536e-17
8.900099999989144e-10	1.320374e-09	3.870062e-09	0.00040164025	0.006035804	-2.7435688e-16	-4.9262817e-16	3.0262716e-16	-8.9544e-18	0	-7.5401536e-17
9.000099999988968e-10	1.06237e-09	3.801767e-09	0.00040162884	0.0060482505	-2.7436032e-16	-4.925965e-16	3.026075e-16	-8.9698365e-18	0	-7.540153e-17
9.100099999988792e-10	1.2027546e-09	3.6120578e-09	0.00040161866	0.006060584	-2.743637e-16	-4.9256496e-16	3.0258796e-16	-8.985193e-18	0	-7.540153e-17
9.200099999988616e-10	1.2444905e-09	3.680353e-09	0.00040160771	0.0060729547	-2.743672e-16	-4.9253367e-16	3.0256848e-16	-9.0004745e-18	0	-7.5401536e-17
9.30009999998844e-10	1.3165798e-09	3.8397086e-09	0.00040159863	0.0060850373	-2.743706e-16	-4.9250244e-16	3.0254908e-16	-9.015681e-18	0	-7.5401536e-17
9.400099999989161e-10	1.4304052e-09	3.824532e-09	0.00040158804	0.0060973256	-2.7437393e-16	-4.9247136e-16	3.025298e-16	-9.030811e-18	0	-7.540153e-17
9.50009999999002e-10	1.1648128e-09	3.467879e-09	0.0004015786	0.0061093867	-2.743773e-16	-4.924405e-16	3.0251056e-16	-9.045872e-18	0	-7.540153e-17
9.600099999990877e-10	1.1799894e-09	3.407172e-09	0.00040157037	0.006121228	-2.7438063e-16	-4.9240974e-16	3.0249148e-16	-9.0608595e-18	0	-7.540153e-17
9.700099999991735e-10	8.612785e-10	3.3692305e-09	0.00040156106	0.006132963	-2.74384e-16	-4.923791e-16	3.0247242e-16	-9.075779e-18	0	-7.540153e-17
9.800099999992593e-10	9.14397e-10	3.3085235e-09	0.00040155108	0.0061448333	-2.7438724e-16	-4.923486e-16	3.0245352e-16	-9.090633e-18	0	-7.5401516e-17
9.90009999999345e-10	8.802494e-10	3.384407e-09	0.0004015428	0.0061565638	-2.7439055e-16	-4.923182e-16	3.0243462e-16	-9.105417e-18	0	-7.5401516e-17
1.0000099999994308e-09	8.9542607e-10	3.4602907e-09	0.00040153638	0.006168162	-2.743938e-16	-4.9228803e-16	3.0241588e-16	-9.120137e-18	0	-7.5401516e-17
1.0100099999995166e-09	9.78898e-10	3.5134091e-09	0.00040152832	0.0061796596	-2.743971e-16	-4.922579e-16	3.0239717e-16	-9.1347946e-18	0	-7.540151e-17
1.0200099999996024e-09	9.257795e-10	3.4830556e-09	0.00040152087	0.0061909026	-2.7440035e-16	-4.9222795e-16	3.023785e-16	-9.149388e-18	0	-7.540151e-17
1.0300099999996882e-09	7.170997e-10	3.445114e-09	0.0004015155	0.0062022856	-2.7440358e-16	-4.921981e-16	3.0235998e-16	-9.163921e-18	0	-7.540151e-17
1.040009999999774e-09	6.4121614e-10	3.467879e-09	0.00040150923	0.006213564	-2.7440673e-16	-4.9216834e-16	3.0234153e-16	-9.178394e-18	0	-7.540151e-17
1.0500099999998598e-09	9.37162e-10	3.300935e-09	0.00040150175	0.0062248064	-2.7440993e-16	-4.9213874e-16	3.023231e-16	-9.192808e-18	0	-7.540151e-17
1.0600099999999456e-09	1.0244282e-09	3.3464653e-09	0.00040149453	0.006235936	-2.744131e-16	-4.9210925e-16	3.0230476e-16	-9.207167e-18	0	-7.54015e-17
1.0700000000000313e-09	1.1268709e-09	3.4602907e-09	0.0004014863	0.0062465724	-2.7441628e-16	-4.920798e-16	3.022865e-16	-9.221454e-18	0	-7.5401497e-17
1.080000000000117e-09	1.1079001e-09	3.763825e-09	0.00040147925	0.0062573673	-2.7441943e-16	-4.920506e-16	3.022683e-16	-9.2357015e-18	0	-7.5401497e-17
1.0900000000002028e-09	1.1382535e-09	4.0673593e-09	0.0004014735	0.006268371	-2.744226e-16	-4.9202143e-16	3.022502e-16	-9.249895e-18	0	-7.5401497e-17
1.1000000000002886e-09	9.675155e-10	3.9914756e-09	0.0004014689	0.0062791617	-2.7442578e-16	-4.9199236e-16	3.022321e-16	-9.264036e-18	0	-7.5401497e-17
1.1100000000003744e-09	1.0244282e-09	4.037006e-09	0.00040146447	0.0062898602	-2.7442885e-16	-4.919634e-16	3.0221416e-16	-9.278126e-18	0	-7.540148e-17
1.1200000000004602e-09	8.2523377e-10	3.6879413e-09	0.00040146094	0.0063002873	-2.7443198e-16	-4.919345e-16	3.0219618e-16	-9.292168e-18	0	-7.540148e-17
1.130000000000546e-09	1.1135913e-09	3.9687107e-09	0.0004014574	0.0063106534	-2.7443502e-16	-4.919057e-16	3.0217834e-16	-9.3061574e-18	0	-7.540148e-17
1.1400000000006318e-09	1.0794438e-09	4.2267145e-09	0.0004014538	0.0063212486	-2.7443815e-16	-4.9187706e-16	3.021605e-16	-9.320102e-18	0	-7.5401477e-17
1.1500000000007175e-09	9.940747e-10	4.1811847e-09	0.00040144724	0.006331417	-2.744412e-16	-4.918485e-16	3.0214274e-16	-9.334e-18	0	-7.5401477e-17
1.1600000000008033e-09	1.0775466e-09	4.0521826e-09	0.00040144412	0.0063418257	-2.7444426e-16	-4.9181994e-16	3.0212503e-16	-9.347852e-18	0	-7.5401477e-17
1.1700000000008891e-09	6.2793654e-10	3.915592e-09	0.00040144133	0.006352028	-2.744473e-16	-4.917915e-16	3.0210735e-16	-9.361661e-18	0	-7.5401463e-17
1.1800000000009749e-09	8.2143964e-10	4.0066523e-09	0.00040143906	0.006362017	-2.7445032e-16	-4.917632e-16	3.0208977e-16	-9.3754255e-18	0	-7.5401463e-17
1.1900000000010607e-09	7.8160073e-10	3.9914756e-09	0.00040143685	0.0063718967	-2.744533e-16	-4.917349e-16	3.020722e-16	-9.38915e-18	0	-7.5401463e-17
1.2000000000011465e-09	6.9812883e-10	4.1584194e-09	0.00040143417	0.0063818414	-2.7445638e-16	-4.917068e-16	3.020547e-16	-9.4028325e-18	0	-7.540146e-17
1.2100000000012322e-09	4.8755194e-10	3.9307686e-09	0.00040143036	0.0063918983	-2.744594e-16	-4.9167875e-16	3.0203723e-16	-9.416477e-18	0	-7.540146e-17
1.220000000001318e-09	4.382276e-10	4.1204777e-09	0.00040142966	0.0064016264	-2.744623e-16	-4.9165064e-16	3.0201984e-16	-9.4300815e-18	0	-7.5401444e-17
1.2300000000014038e-09	5.122141e-10	4.424012e-09	0.0004014265	0.006411417	-2.7446536e-16	-4.9162274e-16	3.020025e-16	-9.44365e-18	0	-7.540144e-17
1.2400000000014896e-09	4.2874215e-10	4.2646566e-09	0.0004014241	0.0064208615	-2.744683e-16	-4.9159484e-16	3.0198517e-16	-9.457182e-18	0	-7.540143e-17
1.2500000000015754e-09	4.666839e-10	4.0521826e-09	0.00040142232	0.006430134	-2.7447126e-16	-4.9156705e-16	3.019679e-16	-9.470679e-18	0	-7.540143e-17
1.2600000000016612e-09	6.2034816e-10	4.1811847e-09	0.00040142215	0.0064398143	-2.7447425e-16	-4.915393e-16	3.0195068e-16	-9.484142e-18	0	-7.540143e-17
1.270000000001747e-09	1.0377078e-09	4.128066e-09	0.0004014226	0.006449293	-2.7447716e-16	-4.915116e-16	3.0193347e-16	-9.497571e-18	0	-7.540141e-17
1.2800000000018327e-09	7.33225e-10	3.824532e-09	0.0004014224	0.006458636	-2.7448015e-16	-4.9148404e-16	3.019163e-16	-9.510971e-18	0	-7.540141e-17
1.2900000000019185e-09	5.283393e-10	3.6462053e-09	0.00040142145	0.006467883	-2.7448306e-16	-4.9145646e-16	3.0189917e-16	-9.524339e-18	0	-7.540141e-17
1.3000000000020043e-09	1.3469333e-10	3.5817043e-09	0.00040142133	0.0064767455	-2.74486e-16	-4.9142893e-16	3.018821e-16	-9.537679e-18	0	-7.540141e-17
1.3100000000020901e-09	5.150597e-10	3.9004155e-09	0.000401421	0.006485618	-2.7448886e-16	-4.914015e-16	3.0186505e-16	-9.550988e-18	0	-7.54014e-17
1.3200000000021759e-09	6.763123e-10	4.257068e-09	0.00040141976	0.0064948965	-2.7449183e-16	-4.9137414e-16	3.01848e-16	-9.5642725e-18	0	-7.54014e-17
1.3300000000022617e-09	6.525987e-10	4.2229207e-09	0.00040142072	0.006503815	-2.7449466e-16	-4.9134677e-16	3.01831e-16	-9.5775306e-18	0	-7.540138e-17
1.3400000000023475e-09	7.427104e-10	4.2210235e-09	0.00040142154	0.006512746	-2.7449757e-16	-4.913195e-16	3.01814e-16	-9.590764e-18	0	-7.540138e-17
1.3500000000024332e-09	8.802494e-10	3.9819903e-09	0.00040142267	0.0065213838	-2.7450046e-16	-4.9129224e-16	3.0179712e-16	-9.603973e-18	0	-7.540137e-17
1.360000000002519e-09	7.360706e-10	3.7296775e-09	0.0004014243	0.006529934	-2.745033e-16	-4.91265e-16	3.0178018e-16	-9.617162e-18	0	-7.5401364e-17
1.3700000000026048e-09	7.996231e-10	3.89093e-09	0.00040142497	0.0065384964	-2.7450623e-16	-4.912378e-16	3.017633e-16	-9.630327e-18	0	-7.5401364e-17
1.3800000000026906e-09	1.0149427e-09	3.802715e-09	0.0004014277	0.006546987	-2.745091e-16	-4.912107e-16	3.0174643e-16	-9.6434726e-18	0	-7.540136e-17
1.3900000000027764e-09	8.2049106e-10	3.9819903e-09	0.00040143324	0.0065554124	-2.7451197e-16	-4.9118355e-16	3.0172955e-16	-9.656601e-18	0	-7.5401344e-17
1.4000000000028622e-09	7.7116674e-10	4.2665533e-09	0.00040143554	0.006563907	-2.7451478e-16	-4.911565e-16	3.017127e-16	-9.66971e-18	0	-7.540134e-17
1.410000000002948e-09	7.256366e-10	4.3500257e-09	0.0004014392	0.006572177	-2.745177e-16	-4.9112945e-16	3.016959e-16	-9.682805e-18	0	-7.540133e-17
1.4200000000030337e-09	7.5693857e-10	4.0749475e-09	0.00040144267	0.0065802378	-2.7452047e-16	-4.911024e-16	3.016791e-16	-9.695882e-18	0	-7.540133e-17
1.4300000000031195e-09	1.0765981e-09	3.9203347e-09	0.00040144307	0.0065883277	-2.7452333e-16	-4.910754e-16	3.0166237e-16	-9.708947e-18	0	-7.5401324e-17
1.4400000000032053e-09	9.362136e-10	4.0085495e-09	0.00040144727	0.0065964856	-2.7452616e-16	-4.910484e-16	3.0164556e-16	-9.721999e-18	0	-7.540131e-17
1.450000000003291e-09	9.68464e-10	3.9269747e-09	0.0004014516	0.0066044084	-2.74529e-16	-4.9102145e-16	3.0162883e-16	-9.735038e-18	0	-7.5401305e-17
1.4600000000033769e-09	6.402676e-10	4.0066523e-09	0.00040145643	0.006612311	-2.7453182e-16	-4.909945e-16	3.0161207e-16	-9.748069e-18	0	-7.54013e-17
1.4700000000034627e-09	8.8783775e-10	4.4069384e-09	0.00040146074	0.0066199657	-2.7453465e-16	-4.909676e-16	3.0159537e-16	-9.761092e-18	0	-7.540129e-17
1.4800000000035485e-09	6.9812883e-10	4.488513e-09	0.00040146662	0.006627785	-2.745374e-16	-4.909406e-16	3.015786e-16	-9.7741034e-18	0	-7.540129e-17
1.4900000000036342e-09	7.1615114e-10	4.2627595e-09	0.00040147206	0.00663561	-2.7454019e-16	-4.9091367e-16	3.0156183e-16	-9.787113e-18	0	-7.540127e-17
1.50000000000372e-09	6.763123e-10	4.2039496e-09	0.00040147873	0.006643095	-2.7454305e-16	-4.908868e-16	3.0154513e-16	-9.8001174e-18	0	-7.5401265e-17
1.5100000000038058e-09	6.127598e-10	4.1773904e-09	0.00040148484	0.006650497	-2.7454585e-16	-4.908599e-16	3.0152838e-16	-9.8131166e-18	0	-7.540125e-17
1.5200000000038916e-09	7.322764e-10	4.276039e-09	0.00040149273	0.006657814	-2.745486e-16	-4.9083293e-16	3.0151167e-16	-9.826115e-18	0	-7.540124e-17
1.5300000000039774e-09	1.0661642e-09	4.2950097e-09	0.00040150108	0.0066649676	-2.7455144e-16	-4.9080604e-16	3.0149492e-16	-9.839113e-18	0	-7.540123e-17
1.5400000000040632e-09	1.0680612e-09	4.367099e-09	0.0004015097	0.0066724396	-2.7455427e-16	-4.907791e-16	3.014782e-16	-9.852111e-18	0	-7.540122e-17
1.550000000004149e-09	1.2606157e-09	4.553014e-09	0.00040151522	0.0066796383	-2.74557e-16	-4.9075215e-16	3.0146146e-16	-9.865111e-18	0	-7.5401205e-17
1.5600000000042347e-09	1.1230767e-09	4.7351345e-09	0.00040152186	0.0066868877	-2.745598e-16	-4.907252e-16	3.014447e-16	-9.878116e-18	0	-7.5401205e-17
1.5700000000043205e-09	1.0661642e-09	4.8034297e-09	0.00040153108	0.006693823	-2.745626e-16	-4.906982e-16	3.0142792e-16	-9.8911255e-18	0	-7.540119e-17
1.5800000000044063e-09	1.0841865e-09	4.826195e-09	0.00040153874	0.006700558	-2.7456544e-16	-4.906712e-16	3.0141112e-16	-9.904141e-18	0	-7.540119e-17
1.590000000004492e-09	1.0756496e-09	4.484719e-09	0.00040154773	0.006707297	-2.745682e-16	-4.9064415e-16	3.0139433e-16	-9.917167e-18	0	-7.5401186e-17
1.6000000000045779e-09	1.3298596e-09	4.871725e-09	0.00040155576	0.0067141536	-2.7457097e-16	-4.906171e-16	3.0137753e-16	-9.9302e-18	0	-7.5401166e-17
1.6100000000046637e-09	1.2776895e-09	5.152494e-09	0.00040156493	0.006720808	-2.7457372e-16	-4.9059e-16	3.0136072e-16	-9.943247e-18	0	-7.540115e-17
1.6200000000047495e-09	1.1780924e-09	5.0159037e-09	0.00040157436	0.006727441	-2.7457653e-16	-4.905629e-16	3.0134383e-16	-9.956305e-18	0	-7.540114e-17
1.6300000000048352e-09	1.1354079e-09	4.917255e-09	0.0004015844	0.006734131	-2.745793e-16	-4.9053573e-16	3.0132692e-16	-9.969379e-18	0	-7.540113e-17
1.640000000004921e-09	8.9827173e-10	4.659251e-09	0.00040159468	0.006740395	-2.7458211e-16	-4.905086e-16	3.0131005e-16	-9.982468e-18	0	-7.540112e-17
1.6500000000050068e-09	8.593814e-10	4.7503113e-09	0.00040160684	0.006746822	-2.745849e-16	-4.904813e-16	3.0129311e-16	-9.995576e-18	0	-7.54011e-17
1.6600000000050926e-09	9.219853e-10	4.8565485e-09	0.0004016187	0.006753341	-2.745877e-16	-4.9045405e-16	3.0127615e-16	-1.0008706e-17	0	-7.54011e-17
1.6700000000051784e-09	1.1069515e-09	4.955197e-09	0.0004016297	0.0067598224	-2.7459045e-16	-4.904267e-16	3.0125913e-16	-1.0021854e-17	0	-7.5401086e-17
1.6800000000052642e-09	9.0775715e-10	5.0310804e-09	0.00040164508	0.006765824	-2.745932e-16	-4.9039925e-16	3.0124213e-16	-1.0035028e-17	0	-7.5401066e-17
1.69000000000535e-09	9.703611e-10	5.000727e-09	0.0004016599	0.0067719123	-2.7459604e-16	-4.9037183e-16	3.0122506e-16	-1.00482245e-17	0	-7.540105e-17
1.7000000000054357e-09	9.646699e-10	5.205613e-09	0.0004016723	0.006777954	-2.745988e-16	-4.903443e-16	3.012079e-16	-1.00614494e-17	0	-7.5401047e-17
1.7100000000055215e-09	1.4304052e-09	5.4560285e-09	0.00040168533	0.006784217	-2.7460157e-16	-4.903166e-16	3.0119078e-16	-1.00747025e-17	0	-7.540103e-17
1.7200000000056073e-09	1.4759354e-09	5.3497913e-09	0.00040169957	0.0067904033	-2.7460443e-16	-4.90289e-16	3.0117358e-16	-1.0087988e-17	0	-7.5401013e-17
1.730000000005693e-09	1.3507275e-09	5.3497913e-09	0.0004017146	0.0067966073	-2.7460718e-16	-4.9026124e-16	3.0115634e-16	-1.0101306e-17	0	-7.5400994e-17
1.7400000000057789e-09	1.1363565e-09	5.2359663e-09	0.00040172908	0.0068026697	-2.7461001e-16	-4.902334e-16	3.0113903e-16	-1.0114656e-17	0	-7.540099e-17
1.7500000000058647e-09	1.4237654e-09	5.069022e-09	0.000401742	0.0068088435	-2.7461282e-16	-4.902055e-16	3.011217e-16	-1.0128045e-17	0	-7.540097e-17
1.7600000000059504e-09	1.1420477e-09	5.0538453e-09	0.0004017588	0.0068150708	-2.7461563e-16	-4.9017744e-16	3.0110423e-16	-1.01414725e-17	0	-7.5400954e-17
1.7700000000060362e-09	1.5660471e-09	4.9020783e-09	0.00040177276	0.0068216277	-2.7461843e-16	-4.901493e-16	3.0108678e-16	-1.0154942e-17	0	-7.540094e-17
1.780000000006122e-09	1.4873179e-09	4.765488e-09	0.00040179014	0.0068281977	-2.7462132e-16	-4.9012116e-16	3.0106923e-16	-1.0168454e-17	0	-7.540092e-17
1.7900000000062078e-09	1.4697699e-09	4.98555e-09	0.00040180574	0.0068348427	-2.7462402e-16	-4.9009284e-16	3.0105168e-16	-1.018201e-17	0	-7.540091e-17
1.8000000000062936e-09	1.6893579e-09	4.909667e-09	0.0004018245	0.006841573	-2.746269e-16	-4.900644e-16	3.0103397e-16	-1.0195614e-17	0	-7.540088e-17
1.8100000000063794e-09	1.7405793e-09	4.765488e-09	0.00040184174	0.0068487683	-2.7462979e-16	-4.900359e-16	3.0101624e-16	-1.0209269e-17	0	-7.5400874e-17
1.8200000000064652e-09	1.4896893e-09	4.98555e-09	0.00040186252	0.0068564164	-2.7463257e-16	-4.900072e-16	3.0099845e-16	-1.0222974e-17	0	-7.5400855e-17
1.830000000006551e-09	1.5584588e-09	4.9400204e-09	0.0004018816	0.0068641184	-2.7463542e-16	-4.8997844e-16	3.0098056e-16	-1.0236732e-17	0	-7.540084e-17
1.8400000000066367e-09	1.797492e-09	5.2435545e-09	0.00040190254	0.0068721403	-2.746383e-16	-4.8994953e-16	3.0096259e-16	-1.02505495e-17	0	-7.5400815e-17
1.8500000000067225e-09	1.938825e-09	5.3877334e-09	0.00040192343	0.006880335	-2.7464114e-16	-4.8992047e-16	3.0094456e-16	-1.0264426e-17	0	-7.540079e-17
1.8600000000068083e-09	1.6694385e-09	5.49397e-09	0.00040194418	0.0068889936	-2.74644e-16	-4.8989125e-16	3.009264e-16	-1.02783635e-17	0	-7.5400775e-17
1.870000000006742e-09	1.3858237e-09	5.281496e-09	0.0004019653	0.006897934	-2.7464689e-16	-4.898619e-16	3.009082e-16	-1.0292365e-17	0	-7.540075e-17
1.880000000006621e-09	1.7216084e-09	5.1676707e-09	0.0004019871	0.0069074095	-2.746498e-16	-4.898325e-16	3.0088987e-16	-1.0306435e-17	0	-7.540074e-17
1.8900000000065e-09	1.7861095e-09	5.144906e-09	0.00040201008	0.0069169984	-2.746527e-16	-4.8980284e-16	3.0087145e-16	-1.0320572e-17	0	-7.5400716e-17
1.900000000006379e-09	1.6580559e-09	5.106964e-09	0.00040203307	0.0069266083	-2.7465562e-16	-4.897731e-16	3.0085295e-16	-1.0334781e-17	0	-7.540069e-17
1.910000000006258e-09	1.7054832e-09	5.1980242e-09	0.00040205446	0.0069367383	-2.746585e-16	-4.8974307e-16	3.0083429e-16	-1.0349066e-17	0	-7.540067e-17
1.920000000006137e-09	1.7955949e-09	5.2435545e-09	0.00040207637	0.006947218	-2.7466137e-16	-4.897129e-16	3.0081562e-16	-1.0363431e-17	0	-7.540065e-17
1.930000000006016e-09	1.9331339e-09	5.281496e-09	0.00040209794	0.0069581633	-2.7466436e-16	-4.8968256e-16	3.007967e-16	-1.0377873e-17	0	-7.540062e-17
1.940000000005895e-09	1.8686328e-09	5.281496e-09	0.0004021219	0.006969142	-2.7466732e-16	-4.896521e-16	3.0077777e-16	-1.03924e-17	0	-7.54006e-17
1.950000000005774e-09	1.722557e-09	5.2663194e-09	0.00040214558	0.0069804383	-2.7467029e-16	-4.896214e-16	3.0075866e-16	-1.04070116e-17	0	-7.540058e-17
1.960000000005653e-09	1.6495191e-09	4.977962e-09	0.00040217233	0.006992087	-2.7467328e-16	-4.895905e-16	3.007395e-16	-1.0421712e-17	0	-7.5400563e-17
1.9700000000055318e-09	1.6504675e-09	4.9476085e-09	0.00040220097	0.0070042918	-2.7467624e-16	-4.8955937e-16	3.0072015e-16	-1.04365055e-17	0	-7.540054e-17
1.9800000000054108e-09	1.4911121e-09	5.0766107e-09	0.00040223	0.00701668	-2.7467923e-16	-4.8952803e-16	3.0070067e-16	-1.0451396e-17	0	-7.540051e-17
1.9900000000052898e-09	1.6997919e-09	5.038669e-09	0.0004022592	0.007029381	-2.7468222e-16	-4.894965e-16	3.0068113e-16	-1.0466384e-17	0	-7.5400484e-17
2.0000000000051688e-09	1.8572504e-09	5.1752593e-09	0.00040228767	0.0070422194	-2.7468524e-16	-4.894647e-16	3.0066139e-16	-1.04814735e-17	0	-7.5400464e-17
2.0100000000050478e-09	1.8866553e-09	5.106964e-09	0.00040231887	0.00705544	-2.7468834e-16	-4.8943274e-16	3.0064145e-16	-1.0496666e-17	0	-7.5400425e-17
2.0200000000049267e-09	2.0545476e-09	4.8110183e-09	0.00040234652	0.0070691267	-2.746914e-16	-4.894005e-16	3.0062147e-16	-1.0511972e-17	0	-7.5400405e-17
2.0300000000048057e-09	2.009966e-09	4.7958415e-09	0.0004023754	0.0070830216	-2.746945e-16	-4.89368e-16	3.0060125e-16	-1.0527383e-17	0	-7.540037e-17
2.0400000000046847e-09	2.1664759e-09	4.6744275e-09	0.0004024027	0.0070972103	-2.7469763e-16	-4.893352e-16	3.005809e-16	-1.0542913e-17	0	-7.5400345e-17
2.0500000000045637e-09	2.2290798e-09	4.7806648e-09	0.0004024305	0.0071116555	-2.7470075e-16	-4.8930224e-16	3.0056043e-16	-1.0558563e-17	0	-7.540031e-17
2.0600000000044427e-09	2.468113e-09	4.545426e-09	0.00040245947	0.0071266266	-2.7470385e-16	-4.89269e-16	3.005397e-16	-1.0574332e-17	0	-7.540029e-17
2.0700000000043217e-09	2.5885782e-09	4.826195e-09	0.0004024937	0.0071420823	-2.74707e-16	-4.8923543e-16	3.0051887e-16	-1.0590229e-17	0	-7.540026e-17
2.0800000000042007e-09	2.6326854e-09	4.6744275e-09	0.0004025275	0.0071577346	-2.7471018e-16	-4.8920155e-16	3.004979e-16	-1.0606255e-17	0	-7.5400226e-17
2.0900000000040797e-09	2.6099205e-09	4.89449e-09	0.0004025627	0.0071733464	-2.7471338e-16	-4.8916746e-16	3.0047665e-16	-1.0622415e-17	0	-7.5400186e-17
2.1000000000039587e-09	2.4154687e-09	4.9476085e-09	0.000402594	0.0071896673	-2.7471658e-16	-4.89133e-16	3.0045527e-16	-1.0638711e-17	0	-7.540016e-17
2.1100000000038377e-09	2.1033977e-09	4.6440745e-09	0.00040262786	0.0072063967	-2.7471984e-16	-4.8909826e-16	3.0043375e-16	-1.0655148e-17	0	-7.5400133e-17
2.1200000000037166e-09	2.140865e-09	4.84896e-09	0.00040266424	0.007223489	-2.747231e-16	-4.8906317e-16	3.004119e-16	-1.067173e-17	0	-7.5400094e-17
2.1300000000035956e-09	2.1470308e-09	4.613721e-09	0.0004026971	0.0072408067	-2.747264e-16	-4.890278e-16	3.0038989e-16	-1.06884614e-17	0	-7.540006e-17
2.1400000000034746e-09	1.7638186e-09	4.8869016e-09	0.00040273	0.007258492	-2.7472976e-16	-4.889921e-16	3.003677e-16	-1.0705346e-17	0	-7.540003e-17
2.1500000000033536e-09	1.875747e-09	4.826195e-09	0.00040276017	0.007276548	-2.7473302e-16	-4.8895596e-16	3.0034528e-16	-1.0722389e-17	0	-7.539999e-17
2.1600000000032326e-09	1.9919437e-09	4.5833675e-09	0.00040279434	0.0072950833	-2.747364e-16	-4.8891954e-16	3.0032268e-16	-1.0739594e-17	0	-7.539995e-17
2.1700000000031116e-09	2.133751e-09	4.704781e-09	0.00040283386	0.0073139346	-2.747398e-16	-4.8888275e-16	3.0029983e-16	-1.0756962e-17	0	-7.5399915e-17
2.1800000000029906e-09	2.4268514e-09	4.8641366e-09	0.00040287388	0.0073328847	-2.7474318e-16	-4.888456e-16	3.0027678e-16	-1.0774499e-17	0	-7.539988e-17
2.1900000000028696e-09	2.5259743e-09	4.9476085e-09	0.00040291378	0.0073524434	-2.7474665e-16	-4.8880805e-16	3.0025349e-16	-1.0792214e-17	0	-7.539984e-17
2.2000000000027486e-09	2.182127e-09	5.0159037e-09	0.00040295458	0.007372432	-2.747501e-16	-4.887701e-16	3.0022993e-16	-1.0810107e-17	0	-7.5399796e-17
2.2100000000026276e-09	1.7130716e-09	4.792047e-09	0.0004029957	0.0073930155	-2.7475367e-16	-4.887318e-16	3.0020605e-16	-1.08281805e-17	0	-7.5399756e-17
2.2200000000025065e-09	1.9829325e-09	4.7275464e-09	0.0004030371	0.007413582	-2.7475719e-16	-4.8869306e-16	3.0018204e-16	-1.0846445e-17	0	-7.5399716e-17
2.2300000000023855e-09	2.2731872e-09	4.5909556e-09	0.00040307335	0.007434567	-2.7476076e-16	-4.886539e-16	3.001577e-16	-1.0864901e-17	0	-7.539968e-17
2.2400000000022645e-09	2.6153746e-09	4.6023385e-09	0.00040311017	0.007456124	-2.7476436e-16	-4.886143e-16	3.0013313e-16	-1.0883555e-17	0	-7.539964e-17
2.2500000000021435e-09	2.5914237e-09	4.442983e-09	0.00040314748	0.007477999	-2.7476799e-16	-4.885742e-16	3.0010825e-16	-1.0902408e-17	0	-7.539959e-17
2.2600000000020225e-09	2.4221085e-09	4.3746877e-09	0.00040318712	0.0075003454	-2.7477164e-16	-4.8853377e-16	3.0008313e-16	-1.0921472e-17	0	-7.539954e-17
2.2700000000019015e-09	2.1868696e-09	4.5643964e-09	0.00040323017	0.0075228326	-2.7477532e-16	-4.8849285e-16	3.0005772e-16	-1.0940746e-17	0	-7.53995e-17
2.2800000000017805e-09	2.0042747e-09	4.325363e-09	0.00040327126	0.0075460062	-2.7477913e-16	-4.8845145e-16	3.00032e-16	-1.0960236e-17	0	-7.539945e-17
2.2900000000016595e-09	2.27129e-09	4.34054e-09	0.00040331655	0.0075695575	-2.7478294e-16	-4.884096e-16	3.00006e-16	-1.0979947e-17	0	-7.5399405e-17
2.3000000000015385e-09	2.1166773e-09	3.9649164e-09	0.00040335875	0.0075933295	-2.747867e-16	-4.8836717e-16	2.999797e-16	-1.0999885e-17	0	-7.5399366e-17
2.3100000000014175e-09	2.448668e-09	4.0408e-09	0.00040339984	0.0076174675	-2.7479064e-16	-4.8832434e-16	2.9995305e-16	-1.1020056e-17	0	-7.5399306e-17
2.3200000000012965e-09	2.5643903e-09	4.021829e-09	0.00040343948	0.0076422556	-2.747945e-16	-4.8828093e-16	2.9992613e-16	-1.1040461e-17	0	-7.539926e-17
2.3300000000011754e-09	2.1655273e-09	3.8548853e-09	0.0004034777	0.0076674125	-2.747984e-16	-4.8823704e-16	2.998989e-16	-1.1061109e-17	0	-7.53992e-17
2.3400000000010544e-09	2.0275142e-09	4.103404e-09	0.0004035166	0.0076929526	-2.7480242e-16	-4.881925e-16	2.9987126e-16	-1.1082007e-17	0	-7.539916e-17
2.3500000000009334e-09	2.12474e-09	3.809355e-09	0.0004035594	0.0077187466	-2.7480653e-16	-4.881476e-16	2.9984336e-16	-1.11031535e-17	0	-7.53991e-17
2.3600000000008124e-09	2.1427622e-09	3.885239e-09	0.00040360473	0.0077451603	-2.7481055e-16	-4.88102e-16	2.9981507e-16	-1.1124558e-17	0	-7.5399055e-17
2.3700000000006914e-09	2.4164173e-09	3.9744017e-09	0.00040365127	0.007772031	-2.7481465e-16	-4.880559e-16	2.9978648e-16	-1.1146225e-17	0	-7.5399e-17
2.3800000000005704e-09	2.563916e-09	3.3161118e-09	0.0004036975	0.0077993376	-2.7481883e-16	-4.8800924e-16	2.9975752e-16	-1.1168161e-17	0	-7.539895e-17
2.3900000000004494e-09	2.305912e-09	3.6499996e-09	0.0004037462	0.007826881	-2.7482307e-16	-4.879619e-16	2.9972814e-16	-1.1190371e-17	0	-7.539889e-17
2.4000000000003284e-09	2.1764355e-09	3.9895784e-09	0.00040378963	0.007854977	-2.748273e-16	-4.8791406e-16	2.9969842e-16	-1.1212859e-17	0	-7.539883e-17
2.4100000000002074e-09	2.2025206e-09	4.0853814e-09	0.00040383232	0.007883604	-2.7483162e-16	-4.8786567e-16	2.9966837e-16	-1.1235633e-17	0	-7.539878e-17
2.4200000000000864e-09	2.4631333e-09	4.596647e-09	0.0004038714	0.0079126125	-2.7483604e-16	-4.878165e-16	2.9963788e-16	-1.1258695e-17	0	-7.539872e-17
2.4300099999999652e-09	2.3853526e-09	4.2124864e-09	0.00040390802	0.007941848	-2.7484049e-16	-4.8776673e-16	2.9960696e-16	-1.1282077e-17	0	-7.539866e-17
2.4400099999998442e-09	2.4097775e-09	4.376585e-09	0.00040394563	0.007971833	-2.7484496e-16	-4.8771633e-16	2.995757e-16	-1.1305734e-17	0	-7.5398605e-17
2.450009999999723e-09	2.5259743e-09	4.1811847e-09	0.00040398742	0.008002192	-2.7484946e-16	-4.876653e-16	2.995441e-16	-1.13297e-17	0	-7.539854e-17
2.460009999999602e-09	2.7474594e-09	4.169802e-09	0.00040403	0.008032723	-2.7485404e-16	-4.876136e-16	2.9951196e-16	-1.1353978e-17	0	-7.539848e-17
2.470009999999481e-09	2.9196203e-09	4.28837e-09	0.00040407624	0.008063697	-2.7485872e-16	-4.875612e-16	2.9947946e-16	-1.1378569e-17	0	-7.539842e-17
2.48000999999936e-09	3.249951e-09	4.1631623e-09	0.0004041189	0.008095373	-2.7486344e-16	-4.8750817e-16	2.9944656e-16	-1.14034855e-17	0	-7.5398366e-17
2.490009999999239e-09	3.2947696e-09	4.3044954e-09	0.00040416216	0.008127517	-2.7486828e-16	-4.874544e-16	2.9941315e-16	-1.1428731e-17	0	-7.5398294e-17
2.500009999999118e-09	2.9964524e-09	4.8546513e-09	0.00040420366	0.008159914	-2.7487307e-16	-4.873999e-16	2.993794e-16	-1.14543074e-17	0	-7.5398234e-17
2.510009999998997e-09	2.931477e-09	4.915358e-09	0.0004042451	0.008192777	-2.7487802e-16	-4.873447e-16	2.9934515e-16	-1.1480223e-17	0	-7.539817e-17
2.520009999998876e-09	3.260622e-09	4.8167093e-09	0.00040428512	0.008226149	-2.7488294e-16	-4.8728884e-16	2.9931047e-16	-1.15064835e-17	0	-7.53981e-17
2.530009999998755e-09	2.8688731e-09	4.64028e-09	0.00040432374	0.008260052	-2.7488803e-16	-4.872322e-16	2.992753e-16	-1.1533092e-17	0	-7.5398036e-17
2.540009999998634e-09	2.805795e-09	4.6288977e-09	0.00040436027	0.008293971	-2.7489306e-16	-4.871747e-16	2.9923967e-16	-1.1560057e-17	0	-7.539797e-17
2.550009999998513e-09	2.5444709e-09	4.977962e-09	0.0004044001	0.008328795	-2.748983e-16	-4.871166e-16	2.9920356e-16	-1.1587381e-17	0	-7.5397897e-17
2.560009999998392e-09	2.851325e-09	5.205613e-09	0.00040443637	0.008364095	-2.7490346e-16	-4.870576e-16	2.9916703e-16	-1.1615072e-17	0	-7.539783e-17
2.570009999998271e-09	2.9082377e-09	5.772842e-09	0.00040447034	0.008399626	-2.7490883e-16	-4.8699783e-16	2.9912995e-16	-1.1643132e-17	0	-7.5397764e-17
2.58000999999815e-09	2.915826e-09	5.6685026e-09	0.00040450337	0.008435275	-2.749142e-16	-4.8693727e-16	2.9909234e-16	-1.16715706e-17	0	-7.539769e-17
2.590009999998029e-09	3.1795215e-09	5.5015588e-09	0.00040453623	0.008472116	-2.7491963e-16	-4.8687597e-16	2.9905433e-16	-1.1700388e-17	0	-7.5397625e-17
2.600009999997908e-09	3.060005e-09	5.2018185e-09	0.0004045676	0.008509001	-2.7492522e-16	-4.868138e-16	2.9901573e-16	-1.1729591e-17	0	-7.539755e-17
2.610009999997787e-09	2.9167746e-09	5.5888245e-09	0.0004046001	0.008546224	-2.749308e-16	-4.867508e-16	2.9897666e-16	-1.1759185e-17	0	-7.5397486e-17
2.620009999997666e-09	2.7953608e-09	5.406704e-09	0.00040462578	0.008583966	-2.749365e-16	-4.8668697e-16	2.989371e-16	-1.1789179e-17	0	-7.5397414e-17
2.630009999997545e-09	2.4396567e-09	5.744386e-09	0.00040465567	0.008622409	-2.7494226e-16	-4.8662233e-16	2.98897e-16	-1.1819566e-17	0	-7.539734e-17
2.640009999997424e-09	2.5269227e-09	5.789916e-09	0.00040468568	0.008660855	-2.749481e-16	-4.8655685e-16	2.9885636e-16	-1.1850363e-17	0	-7.539727e-17
2.650009999997303e-09	2.4301712e-09	5.95686e-09	0.00040471257	0.008699822	-2.7495402e-16	-4.864904e-16	2.9881517e-16	-1.1881573e-17	0	-7.53972e-17
2.660009999997182e-09	2.5458937e-09	5.6077956e-09	0.00040473454	0.0087398365	-2.7496e-16	-4.864231e-16	2.9877348e-16	-1.1913196e-17	0	-7.539713e-17
2.670009999997061e-09	3.0827698e-09	5.6002074e-09	0.00040475876	0.008779569	-2.7496616e-16	-4.8635504e-16	2.9873118e-16	-1.1945238e-17	0	-7.5397056e-17
2.68000999999694e-09	3.1301972e-09	5.8354463e-09	0.0004047812	0.008819872	-2.7497233e-16	-4.86286e-16	2.9868838e-16	-1.1977703e-17	0	-7.5396983e-17
2.690009999996819e-09	3.3312886e-09	6.3286896e-09	0.00040480503	0.008860887	-2.7497858e-16	-4.862161e-16	2.98645e-16	-1.2010597e-17	0	-7.53969e-17
2.700009999996698e-09	3.5703218e-09	6.6322237e-09	0.00040482607	0.008902309	-2.7498498e-16	-4.8614524e-16	2.9860103e-16	-1.2043926e-17	0	-7.539683e-17
2.710009999996577e-09	3.661382e-09	6.9661112e-09	0.0004048451	0.008943859	-2.749914e-16	-4.860735e-16	2.985566e-16	-1.207769e-17	0	-7.539676e-17
2.720009999996456e-09	3.911798e-09	7.0723485e-09	0.00040486027	0.008985907	-2.7499795e-16	-4.860008e-16	2.9851143e-16	-1.2111895e-17	0	-7.5396686e-17
2.730009999996335e-09	3.953534e-09	6.7991675e-09	0.00040487677	0.009028551	-2.7500452e-16	-4.859272e-16	2.9846582e-16	-1.2146546e-17	0	-7.539661e-17
2.740009999996214e-09	3.9876813e-09	6.821933e-09	0.00040488987	0.009071377	-2.7501124e-16	-4.858527e-16	2.9841958e-16	-1.21816465e-17	0	-7.539654e-17
2.750009999996093e-09	3.790384e-09	6.8598744e-09	0.00040490134	0.0091146035	-2.7501807e-16	-4.8577715e-16	2.9837273e-16	-1.22171996e-17	0	-7.539647e-17
2.760009999995972e-09	3.809355e-09	7.2924107e-09	0.0004049107	0.009158711	-2.75025e-16	-4.857007e-16	2.9832532e-16	-1.2253209e-17	0	-7.539639e-17
2.770009999995851e-09	3.5172034e-09	7.740124e-09	0.0004049184	0.009202883	-2.75032e-16	-4.856233e-16	2.982773e-16	-1.2289681e-17	0	-7.5396315e-17
2.78000999999573e-09	3.7562367e-09	8.028481e-09	0.00040492433	0.009247344	-2.7503914e-16	-4.8554496e-16	2.982287e-16	-1.2326617e-17	0	-7.539624e-17
2.790009999995609e-09	3.934563e-09	7.649064e-09	0.0004049242	0.009292368	-2.7504632e-16	-4.854656e-16	2.9817947e-16	-1.236402e-17	0	-7.539617e-17
2.800009999995488e-09	4.621309e-09	7.740124e-09	0.00040492642	0.009337918	-2.7505365e-16	-4.853853e-16	2.9812963e-16	-1.2401894e-17	0	-7.53961e-17
2.810009999995367e-09	4.276039e-09	8.043658e-09	0.00040492433	0.009383446	-2.7506103e-16	-4.853039e-16	2.9807918e-16	-1.2440244e-17	0	-7.5396024e-17
2.820009999995246e-09	3.99527e-09	8.149895e-09	0.00040492255	0.009429652	-2.7506847e-16	-4.8522155e-16	2.980281e-16	-1.2479071e-17	0	-7.539596e-17
2.830009999995125e-09	3.6499996e-09	7.937421e-09	0.00040492072	0.009476403	-2.7507607e-16	-4.851383e-16	2.9797648e-16	-1.2518379e-17	0	-7.539587e-17
2.840009999995004e-09	4.037006e-09	7.770478e-09	0.00040491796	0.009523359	-2.7508385e-16	-4.8505395e-16	2.979241e-16	-1.2558174e-17	0	-7.539581e-17
2.850009999994883e-09	4.2001553e-09	7.785654e-09	0.00040491132	0.009570284	-2.7509163e-16	-4.849686e-16	2.978712e-16	-1.25984546e-17	0	-7.5395726e-17
2.860009999994762e-09	3.8207375e-09	7.466943e-09	0.00040490483	0.009618156	-2.7509947e-16	-4.848822e-16	2.9781763e-16	-1.2639227e-17	0	-7.539565e-17
2.870009999994641e-09	3.5399683e-09	7.7553e-09	0.00040489322	0.009666413	-2.7510754e-16	-4.8479486e-16	2.9776345e-16	-1.2680494e-17	0	-7.539558e-17
2.8800099999945198e-09	3.2174632e-09	7.846361e-09	0.00040487805	0.009714533	-2.7511564e-16	-4.847064e-16	2.9770858e-16	-1.2722256e-17	0	-7.539551e-17
2.8900099999943988e-09	3.445114e-09	7.649064e-09	0.00040486324	0.009763189	-2.751239e-16	-4.84617e-16	2.9765304e-16	-1.2764519e-17	0	-7.5395435e-17
2.9000099999942778e-09	3.5437626e-09	7.7553e-09	0.000404845	0.009812431	-2.751322e-16	-4.8452646e-16	2.975969e-16	-1.2807287e-17	0	-7.539537e-17
2.9100099999941568e-09	3.4564964e-09	7.876714e-09	0.00040482476	0.009861802	-2.7514063e-16	-4.844349e-16	2.9754015e-16	-1.2850558e-17	0	-7.539528e-17
2.9200099999940357e-09	3.384407e-09	8.3016625e-09	0.00040480407	0.0099114245	-2.751492e-16	-4.843424e-16	2.974827e-16	-1.2894337e-17	0	-7.5395217e-17
2.9300099999939147e-09	3.300935e-09	7.907068e-09	0.00040478437	0.009961648	-2.7515786e-16	-4.8424874e-16	2.974246e-16	-1.2938627e-17	0	-7.5395144e-17
2.9400099999937937e-09	2.9556648e-09	7.649064e-09	0.00040476385	0.010012039	-2.7516667e-16	-4.8415403e-16	2.9736582e-16	-1.2983431e-17	0	-7.539507e-17
2.9500099999936727e-09	2.7356026e-09	7.6718285e-09	0.00040473696	0.010062638	-2.7517554e-16	-4.840582e-16	2.9730642e-16	-1.3028753e-17	0	-7.5395e-17
2.9600099999935517e-09	3.0884613e-09	7.603534e-09	0.00040470978	0.010113833	-2.7518451e-16	-4.8396133e-16	2.9724633e-16	-1.3074594e-17	0	-7.539492e-17
2.9700099999934307e-09	3.74106e-09	7.861537e-09	0.00040468105	0.010165238	-2.751937e-16	-4.8386344e-16	2.9718559e-16	-1.3120958e-17	0	-7.539485e-17
2.9800099999933097e-09	4.1356545e-09	7.967775e-09	0.00040464956	0.010216527	-2.7520288e-16	-4.837644e-16	2.9712412e-16	-1.3167845e-17	0	-7.539478e-17
2.9900099999931887e-09	4.0104466e-09	7.8539495e-09	0.00040461987	0.010268633	-2.7521228e-16	-4.8366434e-16	2.97062e-16	-1.3215261e-17	0	-7.53947e-17
3.0000099999930677e-09	4.2001553e-09	7.861537e-09	0.00040458885	0.010321004	-2.7522178e-16	-4.8356317e-16	2.9699919e-16	-1.3263207e-17	0	-7.539463e-17
