# t (s)	mx ()	my ()	mz ()	spinAngle (rad)	E_total (J)	E_anis (J)	E_demag (J)	E_exch (J)	E_therm (J)	E_custom (J)
0	0	0	0	0.016871518	-2.1973633e-17	-4.5216e-17	2.3720766e-17	6.3040005e-18	0	-6.7824004e-18
1.0000000000000124e-11	-6.749287e-10	-4.2183045e-11	7.4680866e-06	0.017006766	-2.7179785e-17	-4.2914878e-17	2.2619803e-17	-1.747275e-19	0	-6.709984e-18
2.0009999999999403e-11	-6.749287e-10	-5.272881e-10	-0.00093724235	0.014151319	-2.7576842e-17	-4.3498722e-17	2.292816e-17	-2.747027e-19	0	-6.7315772e-18
3.000999999999824e-11	2.530983e-10	-2.9528133e-10	-0.0015576677	0.01182443	-2.7750245e-17	-4.4190695e-17	2.3290678e-17	-1.0751944e-19	0	-6.7427078e-18
4.000000000000001e-11	-9.4911856e-11	8.436609e-11	-0.0013310724	0.009960501	-2.7850433e-17	-4.4526183e-17	2.3467104e-17	-4.1940678e-20	0	-6.7494145e-18
5.0000000000001785e-11	-8.436609e-11	3.7964742e-10	-0.0005799436	0.008312279	-2.7927245e-17	-4.476095e-17	2.3593924e-17	-2.31692e-21	0	-6.7579064e-18
6.00000000000024e-11	4.6401352e-10	5.9583555e-10	0.00023791724	0.0065650363	-2.8403744e-17	-4.493349e-17	2.3689867e-17	-3.806348e-19	0	-6.779489e-18
7.000999999999771e-11	8.436609e-11	1.7136863e-10	0.00041880034	0.0057543116	-2.8466074e-17	-4.4975246e-17	2.3710997e-17	-4.2050657e-19	0	-6.7813193e-18
8.000999999999302e-11	-2.1091523e-10	-1.634593e-10	0.00042553485	0.0053240405	-2.8473022e-17	-4.4989735e-17	2.3718519e-17	-4.1980745e-19	0	-6.781998e-18
9.000999999998834e-11	1.05457615e-10	5.2728807e-11	0.00042199506	0.0050362786	-2.847452e-17	-4.49971e-17	2.372205e-17	-4.1739216e-19	0	-6.7820758e-18
1.0000999999998365e-10	1.8455083e-10	2.7682626e-10	0.0004360392	0.0049406774	-2.8474938e-17	-4.499137e-17	2.3719278e-17	-4.2072978e-19	0	-6.7821188e-18
1.1000999999997896e-10	1.6609575e-10	-1.3182202e-11	0.00044075295	0.004884598	-2.8475064e-17	-4.498936e-17	2.3718324e-17	-4.2190572e-19	0	-6.7821246e-18
1.2000999999997891e-10	6.722923e-11	1.3182203e-10	0.00043433357	0.0048423246	-2.8475107e-17	-4.499204e-17	2.3719657e-17	-4.2059012e-19	0	-6.7821333e-18
1.3000999999998715e-10	-2.5178007e-10	1.634593e-10	0.0004330586	0.004824067	-2.8475123e-17	-4.499347e-17	2.3720319e-17	-4.1983697e-19	0	-6.7821353e-18
1.400099999999954e-10	3.0319063e-11	1.9509659e-10	0.00043560786	0.0048395856	-2.8475123e-17	-4.499187e-17	2.3719553e-17	-4.2067446e-19	0	-6.7821337e-18
1.5000000000000362e-10	3.1571373e-10	1.00184736e-10	0.0004359796	0.0048400396	-2.8475133e-17	-4.4991508e-17	2.3719386e-17	-4.2087606e-19	0	-6.7821337e-18
1.6000000000001186e-10	5.648574e-10	-5.3256094e-10	0.0004353132	0.0048315474	-2.8475133e-17	-4.4992283e-17	2.3719748e-17	-4.20465e-19	0	-6.782134e-18
1.700000000000201e-10	-2.9791777e-10	-3.1637284e-10	0.0004349376	0.0048319586	-2.847513e-17	-4.4992233e-17	2.3719727e-17	-4.2049315e-19	0	-6.782135e-18
1.8000000000002833e-10	-4.9235527e-10	6.459279e-10	0.00043521207	0.0048350315	-2.847513e-17	-4.4991985e-17	2.3719611e-17	-4.206251e-19	0	-6.782135e-18
1.9000000000003657e-10	2.8869024e-10	4.6664994e-10	0.00043541737	0.0048342734	-2.847513e-17	-4.4992044e-17	2.3719639e-17	-4.2059068e-19	0	-6.7821337e-18
2.000000000000448e-10	3.5526035e-10	-2.6364403e-12	0.00043530355	0.00483408	-2.8475133e-17	-4.4992114e-17	2.371967e-17	-4.2055444e-19	0	-6.782134e-18
2.1000000000005304e-10	4.6533175e-10	-3.269186e-10	0.00043520756	0.0048354543	-2.8475137e-17	-4.4992087e-17	2.3719656e-17	-4.2057031e-19	0	-6.782134e-18
2.2000000000006128e-10	7.84341e-11	-3.585559e-10	0.0004352352	0.004834069	-2.8475133e-17	-4.4992064e-17	2.3719647e-17	-4.2057978e-19	0	-6.782134e-18
2.3000000000006952e-10	7.250211e-11	-9.7548296e-11	0.000435301	0.004834476	-2.847513e-17	-4.4992074e-17	2.3719654e-17	-4.2057517e-19	0	-6.782134e-18
2.4000000000005925e-10	-3.3087327e-10	-5.3783383e-10	0.00043531024	0.004834611	-2.8475127e-17	-4.4992074e-17	2.3719656e-17	-4.2057427e-19	0	-6.782134e-18
2.5000000000004163e-10	4.2183045e-11	-5.3783383e-10	0.00043530785	0.0048344904	-2.8475127e-17	-4.4992074e-17	2.3719654e-17	-4.2057427e-19	0	-6.782134e-18
2.60000000000024e-10	9.2275415e-12	-3.1109998e-10	0.00043530719	0.0048341253	-2.847513e-17	-4.4992074e-17	2.3719656e-17	-4.2057417e-19	0	-6.782134e-18
2.700000000000064e-10	1.3907223e-10	-7.171118e-10	0.0004353069	0.0048343586	-2.847513e-17	-4.4992074e-17	2.3719656e-17	-4.2057417e-19	0	-6.782134e-18
2.800099999999888e-10	8.50252e-11	-8.1202367e-10	0.00043530687	0.0048347753	-2.847513e-17	-4.4992074e-17	2.3719656e-17	-4.2057417e-19	0	-6.782134e-18
2.9000999999997117e-10	4.3501265e-11	-7.0656603e-10	0.00043530687	0.0048348117	-2.8475127e-17	-4.4992074e-17	2.3719654e-17	-4.2057414e-19	0	-6.782134e-18
3.0000999999995355e-10	6.788834e-11	-7.751135e-10	0.0004353069	0.004834774	-2.8475127e-17	-4.4992074e-17	2.3719656e-17	-4.2057414e-19	0	-6.782134e-18
3.1000999999993594e-10	2.2080189e-10	-7.3293044e-10	0.0004353069	0.0048347367	-2.8475127e-17	-4.4992074e-17	2.3719654e-17	-4.2057414e-19	0	-6.782134e-18
3.2000999999991833e-10	2.2739298e-10	-6.9338385e-10	0.0004353069	0.004834718	-2.8475127e-17	-4.4992074e-17	2.3719656e-17	-4.2057414e-19	0	-6.782134e-18
3.300099999999007e-10	3.453737e-10	-7.2238465e-10	0.0004353069	0.0048347167	-2.8475127e-17	-4.4992074e-17	2.3719656e-17	-4.2057417e-19	0	-6.782134e-18
3.400099999998831e-10	2.939631e-10	-7.4347617e-10	0.00043530687	0.0048347274	-2.8475127e-17	-4.4992074e-17	2.3719656e-17	-4.2057414e-19	0	-6.782134e-18
3.500099999998655e-10	2.1025612e-10	-6.8283806e-10	0.00043530692	0.004834727	-2.8475127e-17	-4.4992074e-17	2.3719654e-17	-4.2057417e-19	0	-6.782134e-18
3.600099999998479e-10	3.3680525e-10	-7.5402196e-10	0.00043530692	0.0048347283	-2.8475127e-17	-4.4992074e-17	2.3719656e-17	-4.2057414e-19	0	-6.782134e-18
3.7000999999983027e-10	2.8934932e-10	-7.4874906e-10	0.00043530692	0.004834729	-2.8475127e-17	-4.4992074e-17	2.3719654e-17	-4.2057417e-19	0	-6.782134e-18
3.8000999999981266e-10	1.6807307e-10	-7.3820333e-10	0.00043530687	0.004834729	-2.8475127e-17	-4.4992074e-17	2.3719656e-17	-4.2057414e-19	0	-6.782134e-18
3.9000999999979505e-10	2.544165e-10	-7.0656603e-10	0.00043530692	0.004834729	-2.8475127e-17	-4.4992074e-17	2.3719654e-17	-4.2057417e-19	0	-6.782134e-18
4.0000999999977743e-10	3.2823683e-10	-7.2765755e-10	0.00043530692	0.004834729	-2.847513e-17	-4.4992074e-17	2.3719656e-17	-4.2057414e-19	0	-6.782134e-18
4.100099999997598e-10	2.9857689e-10	-7.5402196e-10	0.00043530692	0.004834729	-2.8475127e-17	-4.4992074e-17	2.3719656e-17	-4.2057417e-19	0	-6.782134e-18
4.200099999997422e-10	2.735307e-10	-7.751135e-10	0.00043530692	0.004834729	-2.8475127e-17	-4.4992074e-17	2.3719656e-17	-4.2057414e-19	0	-6.782134e-18
4.300099999997246e-10	2.801218e-10	-7.5402196e-10	0.00043530692	0.004834729	-2.8475127e-17	-4.4992074e-17	2.3719654e-17	-4.2057414e-19	0	-6.782134e-18
4.40009999999707e-10	3.0384975e-10	-7.3293044e-10	0.00043530692	0.004834729	-2.8475127e-17	-4.4992074e-17	2.3719656e-17	-4.2057414e-19	0	-6.782134e-18
4.5000999999968937e-10	2.9528133e-10	-7.355669e-10	0.00043530692	0.004834729	-2.8475127e-17	-4.4992074e-17	2.3719654e-17	-4.2057417e-19	0	-6.782134e-18
4.6000999999967176e-10	2.7616714e-10	-7.8038637e-10	0.00043530692	0.004834729	-2.847513e-17	-4.4992074e-17	2.3719656e-17	-4.2057414e-19	0	-6.782134e-18
4.700099999996541e-10	2.6957603e-10	-8.067508e-10	0.00043530692	0.004834729	-2.8475127e-17	-4.4992074e-17	2.3719654e-17	-4.2057414e-19	0	-6.782134e-18
4.800099999996365e-10	2.9000843e-10	-7.8038637e-10	0.00043530692	0.004834729	-2.847513e-17	-4.4992074e-17	2.3719656e-17	-4.2057414e-19	0	-6.782134e-18
4.900099999996189e-10	2.860538e-10	-7.6456774e-10	0.00043530692	0.004834729	-2.8475127e-17	-4.4992074e-17	2.3719656e-17	-4.2057414e-19	0	-6.782134e-18
5.000099999996013e-10	2.7682626e-10	-7.9356854e-10	0.00043530692	0.004834729	-2.8475127e-17	-4.4992074e-17	2.3719656e-17	-4.2057414e-19	0	-6.782134e-18
5.100099999995837e-10	2.6628047e-10	-8.067508e-10	0.00043530692	0.004834729	-2.8475127e-17	-4.4992074e-17	2.3719654e-17	-4.2057414e-19	0	-6.782134e-18
5.200099999995661e-10	2.5903027e-10	-8.067508e-10	0.00043530692	0.004834729	-2.847513e-17	-4.4992074e-17	2.3719656e-17	-4.2057414e-19	0	-6.782134e-18
5.300099999995485e-10	2.6364405e-10	-7.830228e-10	0.00043530692	0.004834729	-2.8475127e-17	-4.4992074e-17	2.3719656e-17	-4.2057414e-19	0	-6.782134e-18
5.400099999995309e-10	2.6957603e-10	-8.225694e-10	0.00043530692	0.004834729	-2.847513e-17	-4.4992074e-17	2.3719656e-17	-4.2057414e-19	0	-6.782134e-18
5.500099999995133e-10	2.603485e-10	-7.8038637e-10	0.00043530692	0.004834729	-2.8475127e-17	-4.4992074e-17	2.3719654e-17	-4.2057417e-19	0	-6.782134e-18
5.600099999994956e-10	2.682578e-10	-7.8038637e-10	0.00043530692	0.004834729	-2.847513e-17	-4.4992074e-17	2.3719654e-17	-4.2057414e-19	0	-6.782134e-18
5.70009999999478e-10	2.807809e-10	-8.278423e-10	0.00043530692	0.004834729	-2.8475127e-17	-4.4992074e-17	2.3719654e-17	-4.2057417e-19	0	-6.782134e-18
5.800099999994604e-10	2.8803113e-10	-7.8038637e-10	0.00043530692	0.004834729	-2.847513e-17	-4.4992074e-17	2.3719656e-17	-4.2057414e-19	0	-6.782134e-18
5.900099999994428e-10	2.675987e-10	-7.8038637e-10	0.00043530692	0.004834729	-2.8475127e-17	-4.4992074e-17	2.3719654e-17	-4.2057414e-19	0	-6.782134e-18
6.000099999994252e-10	2.6496227e-10	-7.3820333e-10	0.00043530692	0.004834729	-2.847513e-17	-4.4992074e-17	2.3719656e-17	-4.2057414e-19	0	-6.782134e-18
6.100099999994076e-10	2.6628047e-10	-7.5929485e-10	0.00043530692	0.004834729	-2.8475127e-17	-4.4992074e-17	2.3719656e-17	-4.2057417e-19	0	-6.782134e-18
6.2000999999939e-10	2.5837116e-10	-7.5402196e-10	0.00043530692	0.004834729	-2.847513e-17	-4.4992074e-17	2.3719656e-17	-4.2057414e-19	0	-6.782134e-18
6.300099999993724e-10	2.6364405e-10	-7.8038637e-10	0.00043530692	0.004834729	-2.8475127e-17	-4.4992074e-17	2.3719654e-17	-4.2057417e-19	0	-6.782134e-18
6.400099999993547e-10	2.5903027e-10	-7.3820333e-10	0.00043530692	0.004834729	-2.8475127e-17	-4.4992074e-17	2.3719656e-17	-4.2057414e-19	0	-6.782134e-18
6.500099999993371e-10	2.478254e-10	-7.408398e-10	0.00043530692	0.004834729	-2.8475127e-17	-4.4992074e-17	2.3719654e-17	-4.2057417e-19	0	-6.782134e-18
6.600099999993195e-10	2.5837116e-10	-7.830228e-10	0.00043530692	0.004834729	-2.847513e-17	-4.4992074e-17	2.3719656e-17	-4.2057414e-19	0	-6.782134e-18
6.700099999993019e-10	2.6693958e-10	-7.3820333e-10	0.00043530692	0.004834729	-2.8475127e-17	-4.4992074e-17	2.3719656e-17	-4.2057417e-19	0	-6.782134e-18
6.800099999992843e-10	2.7155336e-10	-7.4874906e-10	0.00043530692	0.004834729	-2.847513e-17	-4.4992074e-17	2.3719656e-17	-4.2057414e-19	0	-6.782134e-18
6.900099999992667e-10	2.6364405e-10	-7.3820333e-10	0.00043530692	0.004834729	-2.8475127e-17	-4.4992074e-17	2.3719656e-17	-4.2057414e-19	0	-6.782134e-18
7.000099999992491e-10	2.6891692e-10	-7.3820333e-10	0.00043530692	0.004834729	-2.8475127e-17	-4.4992074e-17	2.3719656e-17	-4.2057414e-19	0	-6.782134e-18
7.100099999992315e-10	2.675987e-10	-7.3820333e-10	0.00043530692	0.004834729	-2.8475127e-17	-4.4992074e-17	2.3719654e-17	-4.2057414e-19	0	-6.782134e-18
7.200099999992138e-10	2.7023514e-10	-7.461126e-10	0.00043530692	0.004834729	-2.8475127e-17	-4.4992074e-17	2.3719656e-17	-4.2057417e-19	0	-6.782134e-18
7.300099999991962e-10	2.7023514e-10	-7.3293044e-10	0.00043530692	0.004834729	-2.8475127e-17	-4.4992074e-17	2.3719656e-17	-4.2057414e-19	0	-6.782134e-18
7.400099999991786e-10	2.6430316e-10	-7.3820333e-10	0.00043530687	0.004834729	-2.8475127e-17	-4.4992074e-17	2.3719654e-17	-4.2057417e-19	0	-6.782134e-18
7.50009999999161e-10	2.8473557e-10	-7.8038637e-10	0.00043530692	0.004834729	-2.8475127e-17	-4.4992074e-17	2.3719656e-17	-4.2057414e-19	0	-6.782134e-18
7.600099999991434e-10	2.7682626e-10	-7.3820333e-10	0.00043530692	0.004834729	-2.8475127e-17	-4.4992074e-17	2.3719654e-17	-4.2057422e-19	0	-6.782134e-18
7.700099999991258e-10	2.675987e-10	-7.4347617e-10	0.00043530692	0.004834729	-2.847513e-17	-4.4992074e-17	2.3719656e-17	-4.2057414e-19	0	-6.782134e-18
7.800099999991082e-10	2.6298494e-10	-6.986567e-10	0.00043530692	0.004834729	-2.8475127e-17	-4.4992074e-17	2.3719654e-17	-4.2057414e-19	0	-6.782134e-18
7.900099999990906e-10	2.7089425e-10	-7.408398e-10	0.00043530692	0.004834729	-2.8475127e-17	-4.4992074e-17	2.3719656e-17	-4.2057414e-19	0	-6.782134e-18
8.00009999999073e-10	2.6693958e-10	-7.2238465e-10	0.00043530692	0.004834729	-2.8475127e-17	-4.4992074e-17	2.3719656e-17	-4.2057417e-19	0	-6.782134e-18
8.100099999990553e-10	2.471663e-10	-7.4347617e-10	0.00043530692	0.004834729	-2.847513e-17	-4.4992074e-17	2.3719656e-17	-4.2057414e-19	0	-6.782134e-18
8.200099999990377e-10	2.603485e-10	-7.5929485e-10	0.00043530692	0.004834729	-2.8475127e-17	-4.4992074e-17	2.3719654e-17	-4.2057414e-19	0	-6.782134e-18
8.300099999990201e-10	2.5112096e-10	-7.3820333e-10	0.00043530692	0.004834729	-2.8475127e-17	-4.4992074e-17	2.3719656e-17	-4.2057414e-19	0	-6.782134e-18
8.400099999990025e-10	2.6298494e-10	-7.619313e-10	0.00043530687	0.004834729	-2.8475127e-17	-4.4992074e-17	2.3719654e-17	-4.2057417e-19	0	-6.782134e-18
8.500099999989849e-10	2.550756e-10	-7.6720413e-10	0.00043530692	0.004834729	-2.8475127e-17	-4.4992074e-17	2.3719656e-17	-4.2057414e-19	0	-6.782134e-18
8.600099999989673e-10	2.7089425e-10	-7.3820333e-10	0.00043530692	0.004834729	-2.8475127e-17	-4.4992074e-17	2.3719656e-17	-4.2057417e-19	0	-6.782134e-18
8.700099999989497e-10	2.6957603e-10	-7.3820333e-10	0.00043530692	0.004834729	-2.8475127e-17	-4.4992074e-17	2.3719656e-17	-4.2057414e-19	0	-6.782134e-18
8.800099999989321e-10	2.6496227e-10	-7.3820333e-10	0.00043530692	0.004834729	-2.8475127e-17	-4.4992074e-17	2.3719656e-17	-4.2057417e-19	0	-6.782134e-18
8.900099999989144e-10	2.5903027e-10	-7.5929485e-10	0.00043530692	0.004834729	-2.8475127e-17	-4.4992074e-17	2.3719656e-17	-4.2057414e-19	0	-6.782134e-18
9.000099999988968e-10	2.530983e-10	-7.3820333e-10	0.00043530692	0.004834729	-2.8475127e-17	-4.4992074e-17	2.3719654e-17	-4.2057417e-19	0	-6.782134e-18
9.100099999988792e-10	2.5705293e-10	-7.5929485e-10	0.00043530692	0.004834729	-2.8475127e-17	-4.4992074e-17	2.3719656e-17	-4.2057414e-19	0	-6.782134e-18
9.200099999988616e-10	2.412343e-10	-7.4347617e-10	0.00043530692	0.004834729	-2.8475127e-17	-4.4992074e-17	2.3719654e-17	-4.2057417e-19	0	-6.782134e-18
9.30009999998844e-10	2.4518895e-10	-7.8038637e-10	0.00043530692	0.004834729	-2.847513e-17	-4.4992074e-17	2.3719656e-17	-4.2057414e-19	0	-6.782134e-18
9.400099999989161e-10	2.6364405e-10	-7.8038637e-10	0.00043530692	0.004834729	-2.8475127e-17	-4.4992074e-17	2.3719656e-17	-4.2057417e-19	0	-6.782134e-18
9.50009999999002e-10	2.6166672e-10	-7.4347617e-10	0.00043530692	0.004834729	-2.8475127e-17	-4.4992074e-17	2.3719656e-17	-4.2057414e-19	0	-6.782134e-18
9.600099999990877e-10	2.728716e-10	-7.5929485e-10	0.00043530692	0.004834729	-2.8475127e-17	-4.4992074e-17	2.3719656e-17	-4.2057414e-19	0	-6.782134e-18
9.700099999991735e-10	2.6562136e-10	-7.5929485e-10	0.00043530692	0.004834729	-2.8475127e-17	-4.4992074e-17	2.3719656e-17	-4.2057414e-19	0	-6.782134e-18
9.800099999992593e-10	2.6693958e-10	-7.5929485e-10	0.00043530692	0.004834729	-2.8475127e-17	-4.4992074e-17	2.3719654e-17	-4.2057417e-19	0	-6.782134e-18
9.90009999999345e-10	2.6166672e-10	-7.619313e-10	0.00043530692	0.004834729	-2.8475127e-17	-4.4992074e-17	2.3719656e-17	-4.2057414e-19	0	-6.782134e-18
1.0000099999994308e-09	2.6166672e-10	-7.355669e-10	0.00043530692	0.004834729	-2.8475127e-17	-4.4992074e-17	2.3719654e-17	-4.2057417e-19	0	-6.782134e-18
1.0100099999995166e-09	2.5903027e-10	-7.3820333e-10	0.00043530692	0.004834729	-2.8475127e-17	-4.4992074e-17	2.3719656e-17	-4.2057414e-19	0	-6.782134e-18
1.0200099999996024e-09	2.7023514e-10	-7.408398e-10	0.00043530692	0.004834729	-2.8475127e-17	-4.4992074e-17	2.3719656e-17	-4.2057417e-19	0	-6.782134e-18
1.0300099999996882e-09	2.8275823e-10	-7.408398e-10	0.00043530692	0.004834729	-2.847513e-17	-4.4992074e-17	2.3719656e-17	-4.2057417e-19	0	-6.782134e-18
1.040009999999774e-09	2.6232583e-10	-7.6456774e-10	0.00043530692	0.004834729	-2.8475127e-17	-4.4992074e-17	2.3719656e-17	-4.2057414e-19	0	-6.782134e-18
1.0500099999998598e-09	2.7089425e-10	-7.5929485e-10	0.00043530692	0.004834729	-2.847513e-17	-4.4992074e-17	2.3719656e-17	-4.2057414e-19	0	-6.782134e-18
1.0600099999999456e-09	2.7550803e-10	-7.5929485e-10	0.00043530687	0.004834729	-2.8475127e-17	-4.4992074e-17	2.3719656e-17	-4.2057417e-19	0	-6.782134e-18
1.0700000000000313e-09	2.99236e-10	-8.1202367e-10	0.00043530672	0.0048342417	-2.8475127e-17	-4.4992074e-17	2.3719656e-17	-4.2057417e-19	0	-6.782134e-18
1.080000000000117e-09	2.8737202e-10	-7.909321e-10	0.00043530672	0.0048342417	-2.8475127e-17	-4.4992074e-17	2.3719656e-17	-4.2057417e-19	0	-6.782134e-18
1.0900000000002028e-09	2.8934932e-10	-7.909321e-10	0.00043530672	0.0048342417	-2.8475127e-17	-4.4992074e-17	2.3719656e-17	-4.2057417e-19	0	-6.782134e-18
1.1000000000002886e-09	2.8737202e-10	-7.882957e-10	0.00043530672	0.0048342417	-2.8475127e-17	-4.4992074e-17	2.3719656e-17	-4.2057414e-19	0	-6.782134e-18
1.1100000000003744e-09	2.7814445e-10	-8.1202367e-10	0.00043530672	0.0048342417	-2.8475127e-17	-4.4992074e-17	2.3719656e-17	-4.2057417e-19	0	-6.782134e-18
1.1200000000004602e-09	2.8869024e-10	-8.278423e-10	0.00043530672	0.004834242	-2.8475127e-17	-4.4992074e-17	2.3719656e-17	-4.2057417e-19	0	-6.782134e-18
1.130000000000546e-09	2.7616714e-10	-7.8565926e-10	0.00043530672	0.0048342417	-2.8475127e-17	-4.4992074e-17	2.3719656e-17	-4.2057417e-19	0	-6.782134e-18
1.1400000000006318e-09	2.7946268e-10	-7.882957e-10	0.00043530672	0.0048342417	-2.847513e-17	-4.4992074e-17	2.3719656e-17	-4.2057414e-19	0	-6.782134e-18
1.1500000000007175e-09	2.8737202e-10	-7.909321e-10	0.00043530672	0.0048342417	-2.8475127e-17	-4.4992074e-17	2.3719654e-17	-4.2057417e-19	0	-6.782134e-18
1.1600000000008033e-09	2.8473557e-10	-7.4347617e-10	0.00043530672	0.0048342417	-2.847513e-17	-4.4992074e-17	2.3719656e-17	-4.2057414e-19	0	-6.782134e-18
1.1700000000008891e-09	2.8473557e-10	-7.8565926e-10	0.00043530672	0.004834242	-2.8475127e-17	-4.4992074e-17	2.3719656e-17	-4.2057417e-19	0	-6.782134e-18
1.1800000000009749e-09	2.9528133e-10	-7.6720413e-10	0.00043530672	0.0048342417	-2.8475127e-17	-4.4992074e-17	2.3719656e-17	-4.2057417e-19	0	-6.782134e-18
1.1900000000010607e-09	2.807809e-10	-7.6456774e-10	0.00043530672	0.0048342417	-2.847513e-17	-4.4992074e-17	2.3719656e-17	-4.2057417e-19	0	-6.782134e-18
1.2000000000011465e-09	2.8934932e-10	-8.067508e-10	0.00043530672	0.0048342417	-2.8475127e-17	-4.4992074e-17	2.3719656e-17	-4.2057417e-19	0	-6.782134e-18
1.2100000000012322e-09	3.0450886e-10	-8.278423e-10	0.00043530672	0.0048342417	-2.847513e-17	-4.4992074e-17	2.3719656e-17	-4.2057417e-19	0	-6.782134e-18
1.220000000001318e-09	2.9264488e-10	-7.4347617e-10	0.00043530672	0.0048342417	-2.8475127e-17	-4.4992074e-17	2.3719654e-17	-4.2057417e-19	0	-6.782134e-18
1.2300000000014038e-09	2.8341735e-10	-7.6456774e-10	0.00043530672	0.0048342417	-2.8475127e-17	-4.4992074e-17	2.3719656e-17	-4.2057417e-19	0	-6.782134e-18
1.2400000000014896e-09	2.7748534e-10	-7.6456774e-10	0.00043530672	0.0048342417	-2.8475127e-17	-4.4992074e-17	2.3719654e-17	-4.2057417e-19	0	-6.782134e-18
1.2500000000015754e-09	2.8144e-10	-7.8038637e-10	0.00043530672	0.0048342417	-2.8475127e-17	-4.4992074e-17	2.3719656e-17	-4.2057417e-19	0	-6.782134e-18
1.2600000000016612e-09	2.8803113e-10	-7.4347617e-10	0.00043530672	0.0048342417	-2.8475127e-17	-4.4992074e-17	2.3719654e-17	-4.2057417e-19	0	-6.782134e-18
1.270000000001747e-09	2.9594044e-10	-7.619313e-10	0.00043530672	0.0048342417	-2.847513e-17	-4.4992074e-17	2.3719656e-17	-4.2057414e-19	0	-6.782134e-18
1.2800000000018327e-09	2.8803113e-10	-7.3820333e-10	0.00043530672	0.0048342417	-2.8475127e-17	-4.4992074e-17	2.3719654e-17	-4.2057417e-19	0	-6.782134e-18
1.2900000000019185e-09	2.9594044e-10	-7.6456774e-10	0.00043530672	0.004834242	-2.847513e-17	-4.4992074e-17	2.3719656e-17	-4.2057414e-19	0	-6.782134e-18
1.3000000000020043e-09	2.8737202e-10	-7.6456774e-10	0.00043530672	0.0048342417	-2.8475127e-17	-4.4992074e-17	2.3719656e-17	-4.2057417e-19	0	-6.782134e-18
1.3100000000020901e-09	3.0978176e-10	-7.4347617e-10	0.00043530672	0.004834242	-2.847513e-17	-4.4992074e-17	2.3719656e-17	-4.2057417e-19	0	-6.782134e-18
1.3200000000021759e-09	3.0912264e-10	-7.408398e-10	0.00043530672	0.0048342417	-2.8475127e-17	-4.4992074e-17	2.3719654e-17	-4.2057417e-19	0	-6.782134e-18
1.3300000000022617e-09	2.939631e-10	-7.5929485e-10	0.00043530672	0.004834242	-2.847513e-17	-4.4992074e-17	2.3719656e-17	-4.2057417e-19	0	-6.782134e-18
1.3400000000023475e-09	2.8473557e-10	-8.067508e-10	0.00043530672	0.0048342417	-2.8475127e-17	-4.4992074e-17	2.3719654e-17	-4.2057417e-19	0	-6.782135e-18
1.3500000000024332e-09	3.012133e-10	-8.093872e-10	0.00043530672	0.0048342417	-2.8475127e-17	-4.4992074e-17	2.3719656e-17	-4.2057417e-19	0	-6.782134e-18
1.360000000002519e-09	2.9000843e-10	-8.067508e-10	0.00043530672	0.0048342417	-2.8475127e-17	-4.4992074e-17	2.3719656e-17	-4.2057417e-19	0	-6.782134e-18
1.3700000000026048e-09	2.8209912e-10	-7.619313e-10	0.00043530672	0.0048342417	-2.8475127e-17	-4.4992074e-17	2.3719656e-17	-4.2057417e-19	0	-6.782134e-18
1.3800000000026906e-09	2.8144e-10	-7.830228e-10	0.00043530672	0.0048342417	-2.8475127e-17	-4.4992074e-17	2.3719654e-17	-4.2057417e-19	0	-6.782134e-18
1.3900000000027764e-09	2.867129e-10	-7.4347617e-10	0.00043530672	0.004834242	-2.847513e-17	-4.4992074e-17	2.3719656e-17	-4.2057417e-19	0	-6.782134e-18
1.4000000000028622e-09	2.9725866e-10	-7.882957e-10	0.00043530672	0.0048342417	-2.8475127e-17	-4.4992074e-17	2.3719656e-17	-4.2057417e-19	0	-6.782134e-18
1.410000000002948e-09	2.860538e-10	-7.4347617e-10	0.00043530672	0.004834242	-2.847513e-17	-4.4992074e-17	2.3719656e-17	-4.2057417e-19	0	-6.782134e-18
1.4200000000030337e-09	2.9000843e-10	-7.8565926e-10	0.00043530672	0.0048342417	-2.8475127e-17	-4.4992074e-17	2.3719656e-17	-4.2057417e-19	0	-6.782134e-18
1.4300000000031195e-09	2.9000843e-10	-7.830228e-10	0.00043530672	0.0048342417	-2.8475127e-17	-4.4992074e-17	2.3719656e-17	-4.2057417e-19	0	-6.782134e-18
1.4400000000032053e-09	2.8934932e-10	-8.0411433e-10	0.00043530672	0.0048342417	-2.8475127e-17	-4.4992074e-17	2.3719654e-17	-4.2057414e-19	0	-6.782134e-18
1.450000000003291e-09	2.9198577e-10	-7.8038637e-10	0.00043530672	0.0048342417	-2.847513e-17	-4.4992074e-17	2.3719656e-17	-4.2057417e-19	0	-6.782134e-18
1.4600000000033769e-09	2.8473557e-10	-7.830228e-10	0.00043530672	0.0048342417	-2.8475127e-17	-4.4992074e-17	2.3719654e-17	-4.2057417e-19	0	-6.782134e-18
1.4700000000034627e-09	2.9132666e-10	-7.8565926e-10	0.00043530672	0.0048342417	-2.847513e-17	-4.4992074e-17	2.3719656e-17	-4.2057417e-19	0	-6.782134e-18
1.4800000000035485e-09	2.7616714e-10	-8.014779e-10	0.00043530672	0.0048342417	-2.8475127e-17	-4.4992074e-17	2.3719656e-17	-4.2057414e-19	0	-6.782134e-18
1.4900000000036342e-09	2.8407646e-10	-7.830228e-10	0.00043530672	0.004834242	-2.8475127e-17	-4.4992074e-17	2.3719656e-17	-4.2057417e-19	0	-6.782134e-18
1.50000000000372e-09	2.8209912e-10	-7.8565926e-10	0.00043530672	0.0048342417	-2.8475127e-17	-4.4992074e-17	2.3719656e-17	-4.2057417e-19	0	-6.782134e-18
1.5100000000038058e-09	2.9264488e-10	-7.777499e-10	0.00043530672	0.004834242	-2.847513e-17	-4.4992074e-17	2.3719656e-17	-4.2057417e-19	0	-6.782134e-18
1.5200000000038916e-09	2.8209912e-10	-7.8565926e-10	0.00043530672	0.0048342417	-2.8475127e-17	-4.4992074e-17	2.3719654e-17	-4.2057417e-19	0	-6.782134e-18
1.5300000000039774e-09	2.8803113e-10	-7.5929485e-10	0.00043530672	0.0048342417	-2.847513e-17	-4.4992074e-17	2.3719656e-17	-4.2057417e-19	0	-6.782134e-18
1.5400000000040632e-09	2.9132666e-10	-7.5929485e-10	0.00043530672	0.0048342417	-2.8475127e-17	-4.4992074e-17	2.3719654e-17	-4.2057417e-19	0	-6.782134e-18
1.550000000004149e-09	2.998951e-10	-8.014779e-10	0.00043530672	0.004834242	-2.847513e-17	-4.4992074e-17	2.3719656e-17	-4.2057417e-19	0	-6.782134e-18
1.5600000000042347e-09	2.867129e-10	-7.830228e-10	0.00043530672	0.0048342417	-2.8475127e-17	-4.4992074e-17	2.3719654e-17	-4.2057417e-19	0	-6.782134e-18
1.5700000000043205e-09	2.9659955e-10	-7.8565926e-10	0.00043530672	0.0048342417	-2.8475127e-17	-4.4992074e-17	2.3719656e-17	-4.2057414e-19	0	-6.782134e-18
1.5800000000044063e-09	2.9132666e-10	-8.014779e-10	0.00043530672	0.0048342417	-2.8475127e-17	-4.4992074e-17	2.3719654e-17	-4.2057417e-19	0	-6.782134e-18
1.590000000004492e-09	2.8144e-10	-8.0411433e-10	0.00043530672	0.0048342417	-2.847513e-17	-4.4992074e-17	2.3719656e-17	-4.2057417e-19	0	-6.782134e-18
1.6000000000045779e-09	2.7748534e-10	-7.830228e-10	0.00043530672	0.0048342417	-2.8475127e-17	-4.4992074e-17	2.3719654e-17	-4.2057417e-19	0	-6.782134e-18
1.6100000000046637e-09	2.8869024e-10	-8.278423e-10	0.00043530672	0.0048342417	-2.847513e-17	-4.4992074e-17	2.3719656e-17	-4.2057414e-19	0	-6.782134e-18
1.6200000000047495e-09	2.9528133e-10	-7.8565926e-10	0.00043530672	0.0048342417	-2.8475127e-17	-4.4992074e-17	2.3719656e-17	-4.2057414e-19	0	-6.782134e-18
1.6300000000048352e-09	2.939631e-10	-8.014779e-10	0.00043530672	0.0048342417	-2.8475127e-17	-4.4992074e-17	2.3719656e-17	-4.2057417e-19	0	-6.782134e-18
1.640000000004921e-09	3.071453e-10	-7.6456774e-10	0.00043530672	0.0048342417	-2.8475127e-17	-4.4992074e-17	2.3719656e-17	-4.2057417e-19	0	-6.782134e-18
1.6500000000050068e-09	2.9000843e-10	-8.278423e-10	0.00043530672	0.0048342417	-2.8475127e-17	-4.4992074e-17	2.3719654e-17	-4.2057417e-19	0	-6.782134e-18
1.6600000000050926e-09	2.741898e-10	-7.8565926e-10	0.00043530672	0.004834242	-2.847513e-17	-4.4992074e-17	2.3719656e-17	-4.2057417e-19	0	-6.782134e-18
1.6700000000051784e-09	2.5837116e-10	-8.489338e-10	0.00043530672	0.0048342417	-2.8475127e-17	-4.4992074e-17	2.3719656e-17	-4.2057417e-19	0	-6.782134e-18
1.6800000000052642e-09	2.6364405e-10	-7.8565926e-10	0.00043530672	0.004834242	-2.8475127e-17	-4.4992074e-17	2.3719656e-17	-4.2057417e-19	0	-6.782134e-18
1.69000000000535e-09	2.7946268e-10	-7.8565926e-10	0.00043530672	0.0048342417	-2.8475127e-17	-4.4992074e-17	2.3719656e-17	-4.2057417e-19	0	-6.782134e-18
1.7000000000054357e-09	2.7221247e-10	-8.093872e-10	0.00043530672	0.0048342417	-2.847513e-17	-4.4992074e-17	2.3719656e-17	-4.2057417e-19	0	-6.782134e-18
1.7100000000055215e-09	2.741898e-10	-7.8565926e-10	0.00043530672	0.0048342417	-2.8475127e-17	-4.4992074e-17	2.3719654e-17	-4.2057417e-19	0	-6.782134e-18
1.7200000000056073e-09	2.6957603e-10	-8.3047874e-10	0.00043530672	0.0048342417	-2.847513e-17	-4.4992074e-17	2.3719656e-17	-4.2057417e-19	0	-6.782135e-18
1.730000000005693e-09	2.6496227e-10	-7.8565926e-10	0.00043530672	0.0048342417	-2.8475127e-17	-4.4992074e-17	2.3719654e-17	-4.2057417e-19	0	-6.782134e-18
1.7400000000057789e-09	2.610076e-10	-7.882957e-10	0.00043530672	0.004834242	-2.847513e-17	-4.4992074e-17	2.3719656e-17	-4.2057417e-19	0	-6.782134e-18
1.7500000000058647e-09	2.7814445e-10	-7.830228e-10	0.00043530672	0.0048342417	-2.8475127e-17	-4.4992074e-17	2.3719654e-17	-4.2057417e-19	0	-6.782134e-18
1.7600000000059504e-09	2.860538e-10	-8.093872e-10	0.00043530672	0.0048342417	-2.8475127e-17	-4.4992074e-17	2.3719656e-17	-4.2057417e-19	0	-6.782134e-18
1.7700000000060362e-09	2.7616714e-10	-7.6456774e-10	0.00043530672	0.0048342417	-2.8475127e-17	-4.4992074e-17	2.3719654e-17	-4.2057417e-19	0	-6.782134e-18
1.780000000006122e-09	2.7089425e-10	-7.909321e-10	0.00043530672	0.004834242	-2.847513e-17	-4.4992074e-17	2.3719656e-17	-4.2057417e-19	0	-6.782134e-18
1.7900000000062078e-09	2.8803113e-10	-8.331152e-10	0.00043530672	0.0048342417	-2.8475127e-17	-4.4992074e-17	2.3719656e-17	-4.2057417e-19	0	-6.782134e-18
1.8000000000062936e-09	2.6166672e-10	-8.331152e-10	0.00043530672	0.004834242	-2.847513e-17	-4.4992074e-17	2.3719656e-17	-4.2057414e-19	0	-6.782134e-18
1.8100000000063794e-09	2.7155336e-10	-8.067508e-10	0.00043530672	0.0048342417	-2.8475127e-17	-4.4992074e-17	2.3719656e-17	-4.2057417e-19	0	-6.782134e-18
1.8200000000064652e-09	2.6957603e-10	-8.1202367e-10	0.00043530672	0.0048342417	-2.8475127e-17	-4.4992074e-17	2.3719656e-17	-4.2057417e-19	0	-6.782134e-18
1.830000000006551e-09	2.6232583e-10	-8.1202367e-10	0.00043530672	0.004834242	-2.8475127e-17	-4.4992074e-17	2.3719656e-17	-4.2057417e-19	0	-6.782134e-18
1.8400000000066367e-09	2.6430316e-10	-7.909321e-10	0.00043530672	0.004834242	-2.8475127e-17	-4.4992074e-17	2.3719656e-17	-4.2057417e-19	0	-6.782134e-18
1.8500000000067225e-09	2.728716e-10	-7.882957e-10	0.00043530672	0.0048342417	-2.8475127e-17	-4.4992074e-17	2.3719656e-17	-4.2057417e-19	0	-6.782134e-18
1.8600000000068083e-09	2.7023514e-10	-8.067508e-10	0.00043530672	0.004834242	-2.8475127e-17	-4.4992074e-17	2.3719656e-17	-4.2057417e-19	0	-6.782134e-18
1.870000000006742e-09	2.7748534e-10	-8.278423e-10	0.00043530672	0.0048342417	-2.8475127e-17	-4.4992074e-17	2.3719656e-17	-4.2057417e-19	0	-6.782134e-18
1.880000000006621e-09	2.675987e-10	-7.909321e-10	0.00043530672	0.004834242	-2.847513e-17	-4.4992074e-17	2.3719656e-17	-4.2057417e-19	0	-6.782134e-18
1.8900000000065e-09	2.807809e-10	-7.909321e-10	0.00043530672	0.004834242	-2.8475127e-17	-4.4992074e-17	2.3719654e-17	-4.2057417e-19	0	-6.782134e-18
1.900000000006379e-09	2.675987e-10	-7.909321e-10	0.00043530672	0.004834242	-2.8475127e-17	-4.4992074e-17	2.3719656e-17	-4.2057417e-19	0	-6.782134e-18
1.910000000006258e-09	2.6891692e-10	-8.1202367e-10	0.00043530672	0.0048342417	-2.8475127e-17	-4.4992074e-17	2.3719656e-17	-4.2057417e-19	0	-6.782134e-18
1.920000000006137e-09	2.5968938e-10	-8.093872e-10	0.00043530672	0.004834242	-2.847513e-17	-4.4992074e-17	2.3719656e-17	-4.2057414e-19	0	-6.782135e-18
1.930000000006016e-09	2.550756e-10	-8.1202367e-10	0.00043530672	0.0048342417	-2.8475127e-17	-4.4992074e-17	2.3719654e-17	-4.2057417e-19	0	-6.782134e-18
1.940000000005895e-09	2.6298494e-10	-8.278423e-10	0.00043530672	0.004834242	-2.8475127e-17	-4.4992074e-17	2.3719656e-17	-4.2057414e-19	0	-6.782134e-18
1.950000000005774e-09	2.5968938e-10	-8.278423e-10	0.00043530672	0.0048342417	-2.8475127e-17	-4.4992074e-17	2.3719654e-17	-4.2057417e-19	0	-6.782134e-18
1.960000000005653e-09	2.7023514e-10	-8.093872e-10	0.00043530672	0.0048342417	-2.8475127e-17	-4.4992074e-17	2.3719656e-17	-4.2057414e-19	0	-6.782134e-18
1.9700000000055318e-09	2.8341735e-10	-8.278423e-10	0.00043530672	0.0048342417	-2.8475127e-17	-4.4992074e-17	2.3719656e-17	-4.2057417e-19	0	-6.782134e-18
1.9800000000054108e-09	2.728716e-10	-8.3047874e-10	0.00043530672	0.0048342417	-2.847513e-17	-4.4992074e-17	2.3719656e-17	-4.2057417e-19	0	-6.782134e-18
1.9900000000052898e-09	2.412343e-10	-8.1202367e-10	0.00043530672	0.0048342417	-2.8475127e-17	-4.4992074e-17	2.3719656e-17	-4.2057417e-19	0	-6.782134e-18
2.0000000000051688e-09	2.675987e-10	-7.8565926e-10	0.00043530672	0.004834242	-2.847513e-17	-4.4992074e-17	2.3719656e-17	-4.2057417e-19	0	-6.782134e-18
2.0100000000050478e-09	2.7023514e-10	-7.909321e-10	0.00043530672	0.0048342417	-2.8475127e-17	-4.4992074e-17	2.3719656e-17	-4.2057417e-19	0	-6.782134e-18
2.0200000000049267e-09	2.5639382e-10	-8.3047874e-10	0.00043530672	0.0048342417	-2.847513e-17	-4.4992074e-17	2.3719656e-17	-4.2057417e-19	0	-6.782134e-18
2.0300000000048057e-09	2.741898e-10	-7.909321e-10	0.00043530672	0.004834242	-2.8475127e-17	-4.4992074e-17	2.3719656e-17	-4.2057417e-19	0	-6.782134e-18
2.0400000000046847e-09	2.6562136e-10	-8.067508e-10	0.00043530672	0.004834242	-2.8475127e-17	-4.4992074e-17	2.3719656e-17	-4.2057417e-19	0	-6.782134e-18
2.0500000000045637e-09	2.728716e-10	-8.3047874e-10	0.00043530672	0.004834242	-2.8475127e-17	-4.4992074e-17	2.3719656e-17	-4.2057417e-19	0	-6.782134e-18
2.0600000000044427e-09	2.550756e-10	-8.489338e-10	0.00043530672	0.0048342417	-2.8475127e-17	-4.4992074e-17	2.3719656e-17	-4.2057417e-19	0	-6.782134e-18
2.0700000000043217e-09	2.550756e-10	-8.278423e-10	0.00043530672	0.0048342417	-2.8475127e-17	-4.4992074e-17	2.3719656e-17	-4.2057417e-19	0	-6.782134e-18
2.0800000000042007e-09	2.7550803e-10	-8.093872e-10	0.00043530672	0.0048342417	-2.847513e-17	-4.4992074e-17	2.3719656e-17	-4.2057417e-19	0	-6.782134e-18
2.0900000000040797e-09	2.7023514e-10	-7.882957e-10	0.00043530672	0.0048342417	-2.8475127e-17	-4.4992074e-17	2.3719656e-17	-4.2057417e-19	0	-6.782134e-18
2.1000000000039587e-09	2.6957603e-10	-8.331152e-10	0.00043530672	0.0048342417	-2.8475127e-17	-4.4992074e-17	2.3719656e-17	-4.2057414e-19	0	-6.782134e-18
2.1100000000038377e-09	2.8209912e-10	-8.3047874e-10	0.00043530672	0.0048342417	-2.8475127e-17	-4.4992074e-17	2.3719654e-17	-4.2057417e-19	0	-6.782134e-18
2.1200000000037166e-09	2.6957603e-10	-8.331152e-10	0.00043530672	0.0048342417	-2.847513e-17	-4.4992074e-17	2.3719656e-17	-4.2057414e-19	0	-6.782134e-18
2.1300000000035956e-09	2.675987e-10	-8.067508e-10	0.00043530672	0.0048342417	-2.8475127e-17	-4.4992074e-17	2.3719656e-17	-4.2057417e-19	0	-6.782134e-18
2.1400000000034746e-09	2.6166672e-10	-7.909321e-10	0.00043530672	0.0048342417	-2.8475127e-17	-4.4992074e-17	2.3719656e-17	-4.2057417e-19	0	-6.782134e-18
2.1500000000033536e-09	2.7880356e-10	-7.882957e-10	0.00043530672	0.0048342417	-2.8475127e-17	-4.4992074e-17	2.3719656e-17	-4.2057417e-19	0	-6.782134e-18
2.1600000000032326e-09	2.7748534e-10	-7.6720413e-10	0.00043530672	0.0048342417	-2.8475127e-17	-4.4992074e-17	2.3719656e-17	-4.2057417e-19	0	-6.782134e-18
2.1700000000031116e-09	2.6693958e-10	-7.8565926e-10	0.00043530672	0.0048342417	-2.8475127e-17	-4.4992074e-17	2.3719654e-17	-4.2057417e-19	0	-6.782134e-18
2.1800000000029906e-09	2.6430316e-10	-7.8565926e-10	0.00043530672	0.004834242	-2.8475127e-17	-4.4992074e-17	2.3719656e-17	-4.2057417e-19	0	-6.782134e-18
2.1900000000028696e-09	2.6364405e-10	-8.1202367e-10	0.00043530672	0.0048342417	-2.8475127e-17	-4.4992074e-17	2.3719656e-17	-4.2057417e-19	0	-6.782134e-18
2.2000000000027486e-09	2.6562136e-10	-7.882957e-10	0.00043530672	0.0048342417	-2.8475127e-17	-4.4992074e-17	2.3719656e-17	-4.2057417e-19	0	-6.782134e-18
2.2100000000026276e-09	2.6364405e-10	-7.909321e-10	0.00043530672	0.0048342417	-2.8475127e-17	-4.4992074e-17	2.3719656e-17	-4.2057417e-19	0	-6.782134e-18
2.2200000000025065e-09	2.7682626e-10	-7.8565926e-10	0.00043530672	0.004834242	-2.8475127e-17	-4.4992074e-17	2.3719656e-17	-4.2057414e-19	0	-6.782134e-18
2.2300000000023855e-09	2.5243918e-10	-8.093872e-10	0.00043530672	0.0048342417	-2.8475127e-17	-4.4992074e-17	2.3719656e-17	-4.2057417e-19	0	-6.782134e-18
2.2400000000022645e-09	2.484845e-10	-7.4347617e-10	0.00043530672	0.004834242	-2.8475127e-17	-4.4992074e-17	2.3719656e-17	-4.2057414e-19	0	-6.782134e-18
2.2500000000021435e-09	2.603485e-10	-7.698406e-10	0.00043530672	0.0048342417	-2.8475127e-17	-4.4992074e-17	2.3719654e-17	-4.2057417e-19	0	-6.782134e-18
2.2600000000020225e-09	2.7221247e-10	-7.882957e-10	0.00043530672	0.0048342417	-2.8475127e-17	-4.4992074e-17	2.3719656e-17	-4.2057417e-19	0	-6.782134e-18
2.2700000000019015e-09	2.6891692e-10	-7.909321e-10	0.00043530672	0.004834242	-2.8475127e-17	-4.4992074e-17	2.3719654e-17	-4.2057417e-19	0	-6.782134e-18
2.2800000000017805e-09	2.6957603e-10	-7.8038637e-10	0.00043530672	0.0048342417	-2.8475127e-17	-4.4992074e-17	2.3719656e-17	-4.2057414e-19	0	-6.782134e-18
2.2900000000016595e-09	2.6957603e-10	-7.8565926e-10	0.00043530672	0.0048342417	-2.8475127e-17	-4.4992074e-17	2.3719656e-17	-4.2057417e-19	0	-6.782134e-18
2.3000000000015385e-09	2.6364405e-10	-7.698406e-10	0.00043530672	0.004834242	-2.847513e-17	-4.4992074e-17	2.3719656e-17	-4.2057417e-19	0	-6.782134e-18
2.3100000000014175e-09	2.5639382e-10	-7.4874906e-10	0.00043530672	0.0048342417	-2.8475127e-17	-4.4992074e-17	2.3719656e-17	-4.2057417e-19	0	-6.782134e-18
2.3200000000012965e-09	2.610076e-10	-7.8565926e-10	0.00043530672	0.0048342417	-2.8475127e-17	-4.4992074e-17	2.3719656e-17	-4.2057417e-19	0	-6.782134e-18
2.3300000000011754e-09	2.7155336e-10	-8.1202367e-10	0.00043530672	0.004834242	-2.8475127e-17	-4.4992074e-17	2.3719656e-17	-4.2057417e-19	0	-6.782134e-18
2.3400000000010544e-09	2.5178007e-10	-8.3047874e-10	0.00043530672	0.0048342417	-2.8475127e-17	-4.4992074e-17	2.3719656e-17	-4.2057417e-19	0	-6.782134e-18
2.3500000000009334e-09	2.544165e-10	-8.331152e-10	0.00043530672	0.0048342417	-2.8475127e-17	-4.4992074e-17	2.3719656e-17	-4.2057417e-19	0	-6.782134e-18
2.3600000000008124e-09	2.5837116e-10	-8.1202367e-10	0.00043530672	0.0048342417	-2.8475127e-17	-4.4992074e-17	2.3719656e-17	-4.2057417e-19	0	-6.782135e-18
2.3700000000006914e-09	2.5639382e-10	-8.3047874e-10	0.00043530672	0.0048342417	-2.8475127e-17	-4.4992074e-17	2.3719654e-17	-4.2057417e-19	0	-6.782134e-18
2.3800000000005704e-09	2.7023514e-10	-8.3047874e-10	0.00043530672	0.004834242	-2.847513e-17	-4.4992074e-17	2.3719656e-17	-4.2057414e-19	0	-6.782134e-18
2.3900000000004494e-09	2.6891692e-10	-8.331152e-10	0.00043530672	0.004834242	-2.8475127e-17	-4.4992074e-17	2.3719654e-17	-4.2057417e-19	0	-6.782134e-18
2.4000000000003284e-09	2.6298494e-10	-8.331152e-10	0.00043530672	0.0048342417	-2.8475127e-17	-4.4992074e-17	2.3719656e-17	-4.2057414e-19	0	-6.782134e-18
2.4100000000002074e-09	2.6232583e-10	-8.331152e-10	0.00043530672	0.0048342417	-2.8475127e-17	-4.4992074e-17	2.3719656e-17	-4.2057417e-19	0	-6.782134e-18
2.4200000000000864e-09	2.544165e-10	-8.1202367e-10	0.00043530672	0.004834242	-2.8475127e-17	-4.4992074e-17	2.3719656e-17	-4.2057417e-19	0	-6.782134e-18
2.4300099999999652e-09	2.550756e-10	-7.3820333e-10	0.00043530692	0.004834729	-2.8475127e-17	-4.4992074e-17	2.3719656e-17	-4.2057414e-19	0	-6.782134e-18
2.4400099999998442e-09	2.4914362e-10	-7.5929485e-10	0.00043530692	0.004834729	-2.8475127e-17	-4.4992074e-17	2.3719656e-17	-4.2057414e-19	0	-6.782134e-18
2.450009999999723e-09	2.3793875e-10	-7.5929485e-10	0.00043530692	0.004834729	-2.847513e-17	-4.4992074e-17	2.3719656e-17	-4.2057414e-19	0	-6.782134e-18
2.460009999999602e-09	2.3925698e-10	-7.8038637e-10	0.00043530692	0.004834729	-2.8475127e-17	-4.4992074e-17	2.3719656e-17	-4.2057417e-19	0	-6.782134e-18
2.470009999999481e-09	2.4452984e-10	-7.3293044e-10	0.00043530692	0.004834729	-2.847513e-17	-4.4992074e-17	2.3719656e-17	-4.2057414e-19	0	-6.782134e-18
2.48000999999936e-09	2.4387073e-10	-7.5929485e-10	0.00043530692	0.004834729	-2.8475127e-17	-4.4992074e-17	2.3719656e-17	-4.2057417e-19	0	-6.782134e-18
2.490009999999239e-09	2.4584806e-10	-7.566584e-10	0.00043530692	0.004834729	-2.847513e-17	-4.4992074e-17	2.3719656e-17	-4.2057414e-19	0	-6.782134e-18
2.500009999999118e-09	2.550756e-10	-7.5402196e-10	0.00043530692	0.004834729	-2.8475127e-17	-4.4992074e-17	2.3719656e-17	-4.2057417e-19	0	-6.782134e-18
2.510009999998997e-09	2.5837116e-10	-7.355669e-10	0.00043530692	0.004834729	-2.847513e-17	-4.4992074e-17	2.3719654e-17	-4.2057414e-19	0	-6.782134e-18
2.520009999998876e-09	2.4650718e-10	-7.3820333e-10	0.00043530692	0.004834729	-2.8475127e-17	-4.4992074e-17	2.3719654e-17	-4.2057414e-19	0	-6.782134e-18
2.530009999998755e-09	2.405752e-10	-7.5929485e-10	0.00043530692	0.004834729	-2.8475127e-17	-4.4992074e-17	2.3719656e-17	-4.2057414e-19	0	-6.782134e-18
2.540009999998634e-09	2.4452984e-10	-7.5929485e-10	0.00043530692	0.004834729	-2.8475127e-17	-4.4992074e-17	2.3719656e-17	-4.2057414e-19	0	-6.782134e-18
2.550009999998513e-09	2.405752e-10	-8.014779e-10	0.00043530692	0.004834729	-2.8475127e-17	-4.4992074e-17	2.3719654e-17	-4.2057414e-19	0	-6.782134e-18
2.560009999998392e-09	2.5968938e-10	-7.3820333e-10	0.00043530687	0.004834729	-2.847513e-17	-4.4992074e-17	2.3719656e-17	-4.2057414e-19	0	-6.782134e-18
2.570009999998271e-09	2.4321162e-10	-7.3820333e-10	0.00043530692	0.004834729	-2.8475127e-17	-4.4992074e-17	2.3719656e-17	-4.2057414e-19	0	-6.782134e-18
2.58000999999815e-09	2.418934e-10	-7.3820333e-10	0.00043530692	0.004834729	-2.847513e-17	-4.4992074e-17	2.3719656e-17	-4.2057414e-19	0	-6.782134e-18
2.590009999998029e-09	2.5178007e-10	-7.5929485e-10	0.00043530692	0.004834729	-2.8475127e-17	-4.4992074e-17	2.3719654e-17	-4.2057422e-19	0	-6.782134e-18
2.600009999997908e-09	2.4650718e-10	-7.3820333e-10	0.00043530692	0.004834729	-2.847513e-17	-4.4992074e-17	2.3719654e-17	-4.2057414e-19	0	-6.782134e-18
2.610009999997787e-09	2.5837116e-10	-7.6456774e-10	0.00043530692	0.004834729	-2.8475127e-17	-4.4992074e-17	2.3719656e-17	-4.2057417e-19	0	-6.782134e-18
2.620009999997666e-09	2.7089425e-10	-7.5929485e-10	0.00043530692	0.004834729	-2.8475127e-17	-4.4992074e-17	2.3719656e-17	-4.2057414e-19	0	-6.782134e-18
2.630009999997545e-09	2.5771205e-10	-7.8038637e-10	0.00043530687	0.004834729	-2.8475127e-17	-4.4992074e-17	2.3719654e-17	-4.2057417e-19	0	-6.782134e-18
2.640009999997424e-09	2.4650718e-10	-7.8038637e-10	0.00043530692	0.004834729	-2.847513e-17	-4.4992074e-17	2.3719656e-17	-4.2057414e-19	0	-6.782134e-18
2.650009999997303e-09	2.4321162e-10	-7.8038637e-10	0.00043530692	0.004834729	-2.8475127e-17	-4.4992074e-17	2.3719654e-17	-4.2057417e-19	0	-6.782134e-18
2.660009999997182e-09	2.6957603e-10	-7.4347617e-10	0.00043530692	0.004834729	-2.8475127e-17	-4.4992074e-17	2.3719656e-17	-4.2057414e-19	0	-6.782134e-18
2.670009999997061e-09	2.5705293e-10	-7.777499e-10	0.00043530692	0.004834729	-2.8475127e-17	-4.4992074e-17	2.3719654e-17	-4.2057422e-19	0	-6.782134e-18
2.68000999999694e-09	2.4584806e-10	-7.8038637e-10	0.00043530692	0.004834729	-2.8475127e-17	-4.4992074e-17	2.3719656e-17	-4.2057414e-19	0	-6.782134e-18
2.690009999996819e-09	2.3596142e-10	-7.830228e-10	0.00043530692	0.004834729	-2.8475127e-17	-4.4992074e-17	2.3719656e-17	-4.2057414e-19	0	-6.782134e-18
2.700009999996698e-09	2.610076e-10	-7.3820333e-10	0.00043530692	0.004834729	-2.847513e-17	-4.4992074e-17	2.3719656e-17	-4.2057414e-19	0	-6.782134e-18
2.710009999996577e-09	2.3859786e-10	-7.3820333e-10	0.00043530692	0.004834729	-2.8475127e-17	-4.4992074e-17	2.3719656e-17	-4.2057422e-19	0	-6.782134e-18
2.720009999996456e-09	2.5112096e-10	-7.3820333e-10	0.00043530692	0.004834729	-2.847513e-17	-4.4992074e-17	2.3719656e-17	-4.2057414e-19	0	-6.782134e-18
2.730009999996335e-09	2.6693958e-10	-7.355669e-10	0.00043530692	0.004834729	-2.8475127e-17	-4.4992074e-17	2.3719654e-17	-4.2057417e-19	0	-6.782134e-18
2.740009999996214e-09	2.6232583e-10	-7.3293044e-10	0.00043530692	0.004834729	-2.8475127e-17	-4.4992074e-17	2.3719656e-17	-4.2057414e-19	0	-6.782134e-18
2.750009999996093e-09	2.4980273e-10	-7.4347617e-10	0.00043530692	0.004834729	-2.8475127e-17	-4.4992074e-17	2.3719656e-17	-4.2057417e-19	0	-6.782134e-18
2.760009999995972e-09	2.5375738e-10	-7.619313e-10	0.00043530692	0.004834729	-2.847513e-17	-4.4992074e-17	2.3719656e-17	-4.2057417e-19	0	-6.782134e-18
2.770009999995851e-09	2.7089425e-10	-7.355669e-10	0.00043530692	0.004834729	-2.8475127e-17	-4.4992074e-17	2.3719654e-17	-4.2057417e-19	0	-6.782134e-18
2.78000999999573e-09	2.4650718e-10	-7.408398e-10	0.00043530692	0.004834729	-2.847513e-17	-4.4992074e-17	2.3719656e-17	-4.2057414e-19	0	-6.782134e-18
2.790009999995609e-09	2.544165e-10	-7.3820333e-10	0.00043530692	0.004834729	-2.8475127e-17	-4.4992074e-17	2.3719654e-17	-4.2057417e-19	0	-6.782134e-18
2.800009999995488e-09	2.478254e-10	-7.4347617e-10	0.00043530692	0.004834729	-2.847513e-17	-4.4992074e-17	2.3719656e-17	-4.2057414e-19	0	-6.782134e-18
2.810009999995367e-09	2.5639382e-10	-7.3820333e-10	0.00043530692	0.004834729	-2.8475127e-17	-4.4992074e-17	2.3719656e-17	-4.2057414e-19	0	-6.782134e-18
2.820009999995246e-09	2.675987e-10	-7.4347617e-10	0.00043530692	0.004834729	-2.847513e-17	-4.4992074e-17	2.3719656e-17	-4.2057414e-19	0	-6.782134e-18
2.830009999995125e-09	2.4980273e-10	-7.408398e-10	0.00043530692	0.004834729	-2.8475127e-17	-4.4992074e-17	2.3719656e-17	-4.2057414e-19	0	-6.782134e-18
2.840009999995004e-09	2.6562136e-10	-7.3293044e-10	0.00043530692	0.004834729	-2.8475127e-17	-4.4992074e-17	2.3719656e-17	-4.2057414e-19	0	-6.782134e-18
2.850009999994883e-09	2.544165e-10	-7.3820333e-10	0.00043530692	0.004834729	-2.8475127e-17	-4.4992074e-17	2.3719654e-17	-4.2057417e-19	0	-6.782134e-18
2.860009999994762e-09	2.484845e-10	-7.3820333e-10	0.00043530692	0.004834729	-2.8475127e-17	-4.4992074e-17	2.3719656e-17	-4.2057414e-19	0	-6.782134e-18
2.870009999994641e-09	2.4518895e-10	-7.619313e-10	0.00043530692	0.004834729	-2.8475127e-17	-4.4992074e-17	2.3719654e-17	-4.2057417e-19	0	-6.782134e-18
2.8800099999945198e-09	2.2937031e-10	-7.3820333e-10	0.00043530687	0.004834729	-2.847513e-17	-4.4992074e-17	2.3719656e-17	-4.2057414e-19	0	-6.782134e-18
2.8900099999943988e-09	2.471663e-10	-7.3820333e-10	0.00043530692	0.004834729	-2.8475127e-17	-4.4992074e-17	2.3719654e-17	-4.2057417e-19	0	-6.782134e-18
2.9000099999942778e-09	2.557347e-10	-7.3820333e-10	0.00043530692	0.004834729	-2.8475127e-17	-4.4992074e-17	2.3719656e-17	-4.2057414e-19	0	-6.782134e-18
2.9100099999941568e-09	2.5046185e-10	-7.3293044e-10	0.00043530692	0.004834729	-2.8475127e-17	-4.4992074e-17	2.3719654e-17	-4.2057417e-19	0	-6.782134e-18
2.9200099999940357e-09	2.471663e-10	-7.3820333e-10	0.00043530692	0.004834729	-2.847513e-17	-4.4992074e-17	2.3719656e-17	-4.2057414e-19	0	-6.782134e-18
2.9300099999939147e-09	2.5243918e-10	-7.3820333e-10	0.00043530692	0.004834729	-2.8475127e-17	-4.4992074e-17	2.3719656e-17	-4.2057417e-19	0	-6.782134e-18
2.9400099999937937e-09	2.4518895e-10	-7.3820333e-10	0.00043530692	0.004834729	-2.8475127e-17	-4.4992074e-17	2.3719656e-17	-4.2057414e-19	0	-6.782134e-18
2.9500099999936727e-09	2.3793875e-10	-7.3820333e-10	0.00043530692	0.004834729	-2.8475127e-17	-4.4992074e-17	2.3719654e-17	-4.2057422e-19	0	-6.782134e-18
2.9600099999935517e-09	2.4518895e-10	-7.3820333e-10	0.00043530692	0.004834729	-2.847513e-17	-4.4992074e-17	2.3719656e-17	-4.2057414e-19	0	-6.782134e-18
2.9700099999934307e-09	2.4387073e-10	-7.3820333e-10	0.00043530692	0.004834729	-2.847513e-17	-4.4992074e-17	2.3719656e-17	-4.2057414e-19	0	-6.782134e-18
2.9800099999933097e-09	2.5046185e-10	-7.355669e-10	0.00043530692	0.004834729	-2.8475127e-17	-4.4992074e-17	2.3719656e-17	-4.2057417e-19	0	-6.782134e-18
2.9900099999931887e-09	2.4980273e-10	-7.3820333e-10	0.00043530692	0.004834729	-2.8475127e-17	-4.4992074e-17	2.3719656e-17	-4.2057414e-19	0	-6.782134e-18
3.0000099999930677e-09	2.530983e-10	-7.5929485e-10	0.00043530692	0.004834729	-2.8475127e-17	-4.4992074e-17	2.3719656e-17	-4.2057417e-19	0	-6.782135e-18
