# t (s)	mx ()	my ()	mz ()	spinAngle (rad)	E_total (J)	E_anis (J)	E_demag (J)	E_exch (J)	E_therm (J)	E_custom (J)
0	0	0	0	0.0060737464	-2.543029e-17	-1.2571201e-16	1.1337854e-16	5.760001e-18	0	-1.88568e-17
1.0000000000000124e-11	1.1531e-09	-9.10342e-11	0.0012911487	0.013263641	-3.2571537e-17	-1.2155667e-16	1.09999954e-16	-2.3501525e-18	0	-1.8664667e-17
2.0009999999999403e-11	4.3032626e-09	-1.0013762e-09	0.0034779252	0.015219134	-3.3594908e-17	-1.1797505e-16	1.0693723e-16	-3.9412414e-18	0	-1.8615832e-17
3.000999999999824e-11	1.0169279e-08	-3.7475747e-09	0.005974388	0.017196784	-3.4149903e-17	-1.144368e-16	1.038711e-16	-5.0208887e-18	0	-1.8563316e-17
4.000000000000001e-11	1.8161323e-08	-7.222047e-09	0.008725779	0.019249542	-3.459519e-17	-1.1070577e-16	1.0058544e-16	-5.9392283e-18	0	-1.853563e-17
5.0000000000001785e-11	2.9009566e-08	-1.3002719e-08	0.01161435	0.021492189	-3.50139e-17	-1.0690803e-16	9.717062e-17	-6.7698488e-18	0	-1.850664e-17
6.00000000000024e-11	4.2725386e-08	-1.9390285e-08	0.014354973	0.024103697	-3.5463648e-17	-1.03413935e-16	9.392795e-17	-7.521331e-18	0	-1.8456332e-17
7.000999999999771e-11	5.5295693e-08	-2.6066127e-08	0.016504126	0.027015405	-3.6006093e-17	-1.0069747e-16	9.1272194e-17	-8.203015e-18	0	-1.8377806e-17
8.000999999999302e-11	6.197912e-08	-3.031439e-08	0.017535249	0.030036664	-3.667629e-17	-9.905637e-17	8.953891e-17	-8.86541e-18	0	-1.8293422e-17
9.000999999998834e-11	6.1759124e-08	-3.1892316e-08	0.01717045	0.032703537	-3.745121e-17	-9.823928e-17	8.861122e-17	-9.5857685e-18	0	-1.8237385e-17
1.0000999999998365e-10	5.725293e-08	-3.1103355e-08	0.015528351	0.034908656	-3.8265914e-17	-9.767441e-17	8.80149e-17	-1.0379823e-17	0	-1.8226576e-17
1.1000999999997896e-10	5.2435702e-08	-2.9070256e-08	0.0129951015	0.03669892	-3.905832e-17	-9.697017e-17	8.736912e-17	-1.1206226e-17	0	-1.8251055e-17
1.2000999999997891e-10	4.8551577e-08	-2.6126816e-08	0.010031626	0.038154483	-3.9789912e-17	-9.604181e-17	8.655975e-17	-1.2013599e-17	0	-1.8294246e-17
1.3000999999998715e-10	4.627572e-08	-2.2546137e-08	0.0070559992	0.039340157	-4.04434e-17	-9.4876425e-17	8.5552174e-17	-1.2773909e-17	0	-1.8345245e-17
1.400099999999954e-10	4.427297e-08	-1.9208217e-08	0.004379949	0.040330697	-4.101599e-17	-9.353063e-17	8.438619e-17	-1.3473556e-17	0	-1.839799e-17
1.5000000000000362e-10	4.3241247e-08	-1.5354436e-08	0.0021850732	0.041195642	-4.151185e-17	-9.216694e-17	8.320225e-17	-1.4098364e-17	0	-1.8448791e-17
1.6000000000001186e-10	4.2076767e-08	-1.2456513e-08	0.0005352561	0.04193986	-4.1939295e-17	-9.088871e-17	8.209141e-17	-1.464599e-17	0	-1.8495993e-17
1.700000000000201e-10	4.0980563e-08	-8.42825e-09	-0.0005707315	0.042603303	-4.2306126e-17	-8.968914e-17	8.10477e-17	-1.5125677e-17	0	-1.8538994e-17
1.8000000000002833e-10	3.9622638e-08	-4.7982613e-09	-0.0011890066	0.043216225	-4.26212e-17	-8.852692e-17	8.003458e-17	-1.5551288e-17	0	-1.8577565e-17
1.9000000000003657e-10	3.865919e-08	-2.275855e-09	-0.0014216121	0.043795843	-4.2893196e-17	-8.7401154e-17	7.905157e-17	-1.5932078e-17	0	-1.8611536e-17
2.000000000000448e-10	3.723299e-08	1.3958578e-09	-0.001397962	0.044354606	-4.3129707e-17	-8.6359456e-17	7.8141476e-17	-1.6270957e-17	0	-1.8640765e-17
2.1000000000005304e-10	3.5791615e-08	4.3999866e-09	-0.0012431326	0.044905122	-4.3336687e-17	-8.545587e-17	7.7352835e-17	-1.6568383e-17	0	-1.8665271e-17
2.2000000000006128e-10	3.5533684e-08	6.736531e-09	-0.001056169	0.04545404	-4.3518515e-17	-8.470321e-17	7.669768e-17	-1.6827529e-17	0	-1.8685453e-17
2.3000000000006952e-10	3.5564028e-08	8.344802e-09	-0.0009112772	0.046001077	-4.3678683e-17	-8.4064916e-17	7.614393e-17	-1.7055632e-17	0	-1.8702066e-17
2.4000000000005925e-10	3.7096438e-08	8.678594e-09	-0.00086668343	0.046545852	-4.382033e-17	-8.3485466e-17	7.56423e-17	-1.7261198e-17	0	-1.8715954e-17
2.5000000000004163e-10	4.031298e-08	8.102044e-09	-0.00096505915	0.04708724	-4.3946253e-17	-8.292324e-17	7.515555e-17	-1.745076e-17	0	-1.8727807e-17
2.60000000000024e-10	4.2763318e-08	6.190326e-09	-0.0012269891	0.047628034	-4.4058958e-17	-8.2362135e-17	7.466911e-17	-1.7627828e-17	0	-1.8738112e-17
2.700000000000064e-10	4.6093653e-08	2.4882683e-09	-0.001646671	0.04817265	-4.4160473e-17	-8.180526e-17	7.418554e-17	-1.7793608e-17	0	-1.8747159e-17
2.800099999999888e-10	5.1923635e-08	-5.4620525e-10	-0.0021943068	0.048727795	-4.4252452e-17	-8.126199e-17	7.371314e-17	-1.7948468e-17	0	-1.875513e-17
2.9000999999997117e-10	5.836051e-08	-3.8234367e-09	-0.0028214229	0.049299028	-4.433595e-17	-8.0740054e-17	7.325862e-17	-1.8092417e-17	0	-1.87621e-17
3.0000999999995355e-10	6.6272904e-08	-8.678594e-09	-0.0034744886	0.049894717	-4.441215e-17	-8.023692e-17	7.2819535e-17	-1.8226627e-17	0	-1.8768136e-17
3.1000999999993594e-10	7.6734246e-08	-1.2805478e-08	-0.0041029393	0.050524693	-4.4482117e-17	-7.974252e-17	7.23864e-17	-1.835277e-17	0	-1.8773225e-17
3.2000999999991833e-10	9.001386e-08	-1.8146151e-08	-0.004665903	0.051202267	-4.4547074e-17	-7.92428e-17	7.1945734e-17	-1.8472751e-17	0	-1.8777256e-17
3.300099999999007e-10	1.0840277e-07	-2.3304755e-08	-0.0051335017	0.051944483	-4.460865e-17	-7.87245e-17	7.148396e-17	-1.8588183e-17	0	-1.8779935e-17
3.400099999998831e-10	1.3559544e-07	-3.1497834e-08	-0.0054842774	0.052771963	-4.4668977e-17	-7.817915e-17	7.099093e-17	-1.8700034e-17	0	-1.8780726e-17
3.500099999998655e-10	1.7099258e-07	-4.199711e-08	-0.0057013035	0.053706776	-4.4731115e-17	-7.760674e-17	7.046293e-17	-1.8808517e-17	0	-1.8778788e-17
3.600099999998479e-10	2.1271659e-07	-5.7776376e-08	-0.005770394	0.05477051	-4.479913e-17	-7.701956e-17	6.990679e-17	-1.8913294e-17	0	-1.8773058e-17
3.7000999999983027e-10	2.6073712e-07	-7.731838e-08	-0.0056827096	0.055971943	-4.4878178e-17	-7.644484e-17	6.9343365e-17	-1.9014148e-17	0	-1.8762546e-17
3.8000999999981266e-10	3.1045698e-07	-1.03050716e-07	-0.005440784	0.0573059	-4.497377e-17	-7.5922475e-17	6.880762e-17	-1.9111897e-17	0	-1.8747023e-17
3.9000999999979505e-10	3.5790097e-07	-1.2975408e-07	-0.0050608134	0.058747474	-4.50907e-17	-7.5496735e-17	6.834225e-17	-1.9208439e-17	0	-1.8727776e-17
4.0000999999977743e-10	3.9771325e-07	-1.5718572e-07	-0.0045666294	0.060251303	-4.523193e-17	-7.5207e-17	6.7988324e-17	-1.9305477e-17	0	-1.8707775e-17
4.100099999997598e-10	4.1727046e-07	-1.7988359e-07	-0.0039829174	0.061761234	-4.539778e-17	-7.5083025e-17	6.7779246e-17	-1.9403123e-17	0	-1.8690882e-17
4.200099999997422e-10	4.103822e-07	-1.8886563e-07	-0.0033385758	0.06321268	-4.5585672e-17	-7.514262e-17	6.7738045e-17	-1.9500442e-17	0	-1.8680657e-17
4.300099999997246e-10	3.705623e-07	-1.7951945e-07	-0.0026782553	0.064541295	-4.578961e-17	-7.5382776e-17	6.787018e-17	-1.9597826e-17	0	-1.8679189e-17
4.40009999999707e-10	3.0114873e-07	-1.5463677e-07	-0.0020638313	0.06569597	-4.6000037e-17	-7.5767944e-17	6.8151914e-17	-1.9698023e-17	0	-1.8685979e-17
4.5000999999968937e-10	2.1740485e-07	-1.1791964e-07	-0.0015545598	0.066652976	-4.6205472e-17	-7.6234064e-17	6.852971e-17	-1.980333e-17	0	-1.8697789e-17
4.6000999999967176e-10	1.357889e-07	-7.7075626e-08	-0.0011855426	0.067414	-4.6396064e-17	-7.6712095e-17	6.8939026e-17	-1.9912284e-17	0	-1.8710713e-17
4.700099999996541e-10	6.52867e-08	-4.2604007e-08	-0.0009648737	0.067992575	-4.6566116e-17	-7.7149356e-17	6.932629e-17	-2.0020438e-17	0	-1.872262e-17
4.800099999996365e-10	8.731697e-09	-1.3473062e-08	-0.00088296476	0.06840957	-4.6714482e-17	-7.751691e-17	6.965932e-17	-2.0123389e-17	0	-1.8733508e-17
4.900099999996189e-10	-3.5715754e-08	8.921352e-09	-0.00092000526	0.06868711	-4.6842844e-17	-7.780802e-17	6.992781e-17	-2.0218379e-17	0	-1.8744255e-17
5.000099999996013e-10	-6.816945e-08	2.2455103e-08	-0.0010496754	0.068850994	-4.6953968e-17	-7.803279e-17	7.013833e-17	-2.0304116e-17	0	-1.8755377e-17
5.100099999995837e-10	-9.2168335e-08	3.1194386e-08	-0.0012410273	0.06892791	-4.7050444e-17	-7.820937e-17	7.0305826e-17	-2.038024e-17	0	-1.8766668e-17
5.200099999995661e-10	-1.0409761e-07	3.4714375e-08	-0.0014606324	0.06894036	-4.7134296e-17	-7.835458e-17	7.0444845e-17	-2.0447145e-17	0	-1.8777415e-17
5.300099999995485e-10	-1.0478796e-07	3.4592997e-08	-0.0016755421	0.068909995	-4.7207155e-17	-7.847776e-17	7.0563456e-17	-2.050601e-17	0	-1.8786837e-17
5.400099999995309e-10	-9.849142e-08	3.204404e-08	-0.0018569756	0.06885371	-4.7270417e-17	-7.857994e-17	7.066254e-17	-2.055861e-17	0	-1.8794404e-17
5.500099999995133e-10	-8.903145e-08	2.7917157e-08	-0.0019838407	0.06878342	-4.7325547e-17	-7.86574e-17	7.0738765e-17	-2.060692e-17	0	-1.88e-17
5.600099999994956e-10	-7.7652174e-08	2.2576483e-08	-0.0020452964	0.06870636	-4.7374023e-17	-7.870618e-17	7.078866e-17	-2.0652634e-17	0	-1.8803878e-17
5.70009999999478e-10	-6.706186e-08	1.8570978e-08	-0.002041657	0.06862609	-4.741724e-17	-7.8725016e-17	7.0811174e-17	-2.0696904e-17	0	-1.8806496e-17
5.800099999994604e-10	-5.8990164e-08	1.6871672e-08	-0.0019827688	0.06854522	-4.745637e-17	-7.8716075e-17	7.0808355e-17	-2.0740282e-17	0	-1.8808367e-17
5.900099999994428e-10	-5.3255008e-08	1.4444094e-08	-0.0018845993	0.0684631	-4.749232e-17	-7.868407e-17	7.078449e-17	-2.0782838e-17	0	-1.8809903e-17
6.000099999994252e-10	-5.1039844e-08	1.4079957e-08	-0.0017651202	0.06838008	-4.7525692e-17	-7.8634866e-17	7.07449e-17	-2.0824346e-17	0	-1.8811376e-17
6.100099999994076e-10	-5.12826e-08	1.5050988e-08	-0.0016404097	0.06829631	-4.7556787e-17	-7.857432e-17	7.069488e-17	-2.0864438e-17	0	-1.8812914e-17
6.2000999999939e-10	-5.1889497e-08	1.5050988e-08	-0.0015223539	0.06821134	-4.7585828e-17	-7.8507606e-17	7.063906e-17	-2.0902743e-17	0	-1.8814536e-17
6.300099999993724e-10	-5.240536e-08	1.5293747e-08	-0.0014178653	0.068126775	-4.7612854e-17	-7.843883e-17	7.058116e-17	-2.0938969e-17	0	-1.8816208e-17
6.400099999993547e-10	-5.087295e-08	1.5354436e-08	-0.0013293511	0.06804252	-4.7637954e-17	-7.8371075e-17	7.052393e-17	-2.097293e-17	0	-1.8817874e-17
6.500099999993371e-10	-5.037226e-08	1.9299252e-08	-0.001256048	0.067960694	-4.7661168e-17	-7.830641e-17	7.0469277e-17	-2.1004554e-17	0	-1.8819474e-17
6.600099999993195e-10	-5.0675705e-08	2.057373e-08	-0.0011954061	0.067881994	-4.7682608e-17	-7.824613e-17	7.0418375e-17	-2.103388e-17	0	-1.8820968e-17
6.700099999993019e-10	-5.049364e-08	2.172683e-08	-0.0011444548	0.06780733	-4.7702384e-17	-7.819091e-17	7.037187e-17	-2.1061016e-17	0	-1.8822326e-17
6.800099999992843e-10	-5.1692254e-08	2.0816488e-08	-0.0011005477	0.06773775	-4.7720635e-17	-7.8140933e-17	7.032996e-17	-2.1086123e-17	0	-1.8823539e-17
6.900099999992667e-10	-5.204122e-08	2.0452351e-08	-0.0010617543	0.06767323	-4.7737467e-17	-7.8096054e-17	7.029258e-17	-2.110939e-17	0	-1.8824607e-17
7.000099999992491e-10	-5.4180525e-08	2.2333724e-08	-0.0010269549	0.06761488	-4.775302e-17	-7.80559e-17	7.025942e-17	-2.1131004e-17	0	-1.8825536e-17
7.100099999992315e-10	-5.4650865e-08	2.5004061e-08	-0.0009955345	0.06756278	-4.7767414e-17	-7.802e-17	7.023008e-17	-2.1151159e-17	0	-1.8826335e-17
7.200099999992138e-10	-5.371018e-08	2.512544e-08	-0.00096721534	0.06751684	-4.778077e-17	-7.798777e-17	7.020406e-17	-2.117004e-17	0	-1.8827015e-17
7.300099999991962e-10	-5.2981907e-08	2.506475e-08	-0.00094169093	0.067477204	-4.779318e-17	-7.795866e-17	7.018088e-17	-2.1187811e-17	0	-1.8827587e-17
7.400099999991786e-10	-5.088812e-08	2.6460608e-08	-0.0009185822	0.06744382	-4.7804753e-17	-7.7932034e-17	7.015998e-17	-2.1204631e-17	0	-1.882806e-17
7.50009999999161e-10	-5.2845355e-08	2.743164e-08	-0.000897362	0.06741609	-4.781557e-17	-7.790732e-17	7.014082e-17	-2.1220629e-17	0	-1.8828439e-17
7.600099999991434e-10	-5.1798462e-08	2.633923e-08	-0.0008773628	0.06739396	-4.78257e-17	-7.7883965e-17	7.012293e-17	-2.1235943e-17	0	-1.8828728e-17
7.700099999991258e-10	-5.2648115e-08	2.8220603e-08	-0.000857901	0.06737704	-4.7835243e-17	-7.786142e-17	7.0105794e-17	-2.125068e-17	0	-1.8828925e-17
7.800099999991082e-10	-5.191984e-08	3.1831625e-08	-0.000838396	0.06736517	-4.784426e-17	-7.7839244e-17	7.008897e-17	-2.1264956e-17	0	-1.8829033e-17
7.900099999990906e-10	-5.146467e-08	3.262059e-08	-0.00081844605	0.06735841	-4.7852825e-17	-7.781702e-17	7.0072104e-17	-2.127886e-17	0	-1.8829048e-17
8.00009999999073e-10	-5.383156e-08	3.5655063e-08	-0.0007978833	0.06735617	-4.7861018e-17	-7.779445e-17	7.005488e-17	-2.1292481e-17	0	-1.8828963e-17
8.100099999990553e-10	-5.8504646e-08	3.6170924e-08	-0.00077675615	0.06735788	-4.7868886e-17	-7.777128e-17	7.003707e-17	-2.130589e-17	0	-1.8828781e-17
8.200099999990377e-10	-6.184257e-08	3.7081264e-08	-0.0007552934	0.06736384	-4.7876486e-17	-7.774734e-17	7.0018496e-17	-2.1319163e-17	0	-1.8828485e-17
8.300099999990201e-10	-6.472532e-08	4.0601254e-08	-0.0007339265	0.06737359	-4.788391e-17	-7.772243e-17	6.999896e-17	-2.1332378e-17	0	-1.8828068e-17
8.400099999990025e-10	-7.1310126e-08	4.3180556e-08	-0.00071308354	0.06738676	-4.7891197e-17	-7.7696334e-17	6.9978275e-17	-2.1345616e-17	0	-1.8827522e-17
8.500099999989849e-10	-7.7075626e-08	4.9401226e-08	-0.0006932162	0.06740357	-4.7898426e-17	-7.766882e-17	6.99562e-17	-2.1358975e-17	0	-1.882683e-17
8.600099999989673e-10	-8.077768e-08	5.7139136e-08	-0.0006747148	0.06742351	-4.7905672e-17	-7.763955e-17	6.9932417e-17	-2.1372564e-17	0	-1.8825976e-17
8.700099999989497e-10	-8.672525e-08	6.4118424e-08	-0.0006578863	0.067446694	-4.7912984e-17	-7.760813e-17	6.9906595e-17	-2.138651e-17	0	-1.8824937e-17
8.800099999989321e-10	-9.573764e-08	7.064254e-08	-0.0006429889	0.06747293	-4.7920475e-17	-7.757417e-17	6.987833e-17	-2.1400952e-17	0	-1.8823691e-17
8.900099999989144e-10	-1.0481072e-07	7.722735e-08	-0.000630167	0.067502275	-4.792823e-17	-7.7537164e-17	6.984719e-17	-2.141605e-17	0	-1.8822202e-17
9.000099999988968e-10	-1.1773757e-07	8.3205265e-08	-0.0006194851	0.06753456	-4.793632e-17	-7.7496566e-17	6.981267e-17	-2.1431988e-17	0	-1.882043e-17
9.100099999988792e-10	-1.2817615e-07	9.25211e-08	-0.0006110094	0.06756995	-4.794489e-17	-7.745181e-17	6.977424e-17	-2.1448979e-17	0	-1.8818337e-17
9.200099999988616e-10	-1.4280232e-07	1.0095693e-07	-0.0006047767	0.06760842	-4.7954052e-17	-7.740224e-17	6.973131e-17	-2.146726e-17	0	-1.8815861e-17
9.30009999998844e-10	-1.5548642e-07	1.1015138e-07	-0.0006008617	0.067650266	-4.796397e-17	-7.734718e-17	6.9683257e-17	-2.1487103e-17	0	-1.8812936e-17
9.400099999989161e-10	-1.7417878e-07	1.1882998e-07	-0.0005993477	0.06769532	-4.797478e-17	-7.728579e-17	6.9629324e-17	-2.1508835e-17	0	-1.8809483e-17
9.50009999999002e-10	-1.9435802e-07	1.3118029e-07	-0.0006003922	0.06774383	-4.798672e-17	-7.721716e-17	6.956867e-17	-2.153283e-17	0	-1.8805404e-17
9.600099999990877e-10	-2.1605452e-07	1.4140646e-07	-0.00060416973	0.06779579	-4.8000044e-17	-7.714026e-17	6.9500344e-17	-2.1559536e-17	0	-1.8800583e-17
9.700099999991735e-10	-2.3823651e-07	1.5503124e-07	-0.00061091344	0.06785155	-4.8014982e-17	-7.705389e-17	6.942325e-17	-2.1589459e-17	0	-1.8794889e-17
9.800099999992593e-10	-2.6254264e-07	1.6905052e-07	-0.00062091445	0.067911685	-4.8031916e-17	-7.6956656e-17	6.933612e-17	-2.1623223e-17	0	-1.8788162e-17
9.90009999999345e-10	-2.8360188e-07	1.8255392e-07	-0.0006344358	0.06797824	-4.805125e-17	-7.6847e-17	6.92375e-17	-2.1661524e-17	0	-1.8780226e-17
1.0000099999994308e-09	-3.0399355e-07	1.9581458e-07	-0.0006517472	0.06808396	-4.8073438e-17	-7.672313e-17	6.912577e-17	-2.1705188e-17	0	-1.8770885e-17
1.0100099999995166e-09	-3.227466e-07	2.0867316e-07	-0.0006729326	0.06825032	-4.8099057e-17	-7.6583094e-17	6.8999105e-17	-2.175514e-17	0	-1.8759925e-17
1.0200099999996024e-09	-3.3628035e-07	2.1735364e-07	-0.00069798104	0.06847387	-4.8128746e-17	-7.642473e-17	6.8855547e-17	-2.1812425e-17	0	-1.8747135e-17
1.0300099999996882e-09	-3.458693e-07	2.2272276e-07	-0.0007265431	0.06879365	-4.81633e-17	-7.6245777e-17	6.869299e-17	-2.1878186e-17	0	-1.8732322e-17
1.040009999999774e-09	-3.467493e-07	2.1951381e-07	-0.0007579257	0.069232896	-4.820352e-17	-7.604395e-17	6.850936e-17	-2.1953592e-17	0	-1.871534e-17
1.0500099999998598e-09	-3.3615896e-07	2.0945453e-07	-0.00079071976	0.06977423	-4.825035e-17	-7.581716e-17	6.830273e-17	-2.2039802e-17	0	-1.8696125e-17
1.0600099999999456e-09	-3.1109423e-07	1.8916907e-07	-0.000822573	0.070402436	-4.830475e-17	-7.556386e-17	6.80717e-17	-2.2137831e-17	0	-1.8674754e-17
1.0700000000000313e-09	-2.746502e-07	1.6282985e-07	-0.0008497075	0.07110756	-4.836755e-17	-7.528387e-17	6.78161e-17	-2.2248263e-17	0	-1.8651513e-17
1.080000000000117e-09	-2.261593e-07	1.2529341e-07	-0.00086635456	0.07187985	-4.8439647e-17	-7.4978066e-17	6.7536756e-17	-2.237146e-17	0	-1.8626872e-17
1.0900000000002028e-09	-1.6562156e-07	7.913907e-08	-0.0008636448	0.072706655	-4.8521396e-17	-7.465105e-17	6.723791e-17	-2.2506562e-17	0	-1.8601697e-17
1.1000000000002886e-09	-1.0038038e-07	2.4275788e-08	-0.00082907005	0.0735739	-4.8612647e-17	-7.4311134e-17	6.69272e-17	-2.2651517e-17	0	-1.8577206e-17
1.1100000000003744e-09	-3.089094e-08	-2.9919907e-08	-0.0007461684	0.07446742	-4.8712355e-17	-7.397096e-17	6.661623e-17	-2.280259e-17	0	-1.8555046e-17
1.1200000000004602e-09	3.5048167e-08	-8.281078e-08	-0.00059679436	0.0753663	-4.8818205e-17	-7.364645e-17	6.631965e-17	-2.2954121e-17	0	-1.853728e-17
1.130000000000546e-09	8.390319e-08	-1.24201e-07	-0.00036796898	0.07625017	-4.892653e-17	-7.3353516e-17	6.605205e-17	-2.3098825e-17	0	-1.8526237e-17
1.1400000000006318e-09	1.0711691e-07	-1.4351542e-07	-6.371466e-05	0.07709506	-4.9032573e-17	-7.31028e-17	6.582322e-17	-2.3228788e-17	0	-1.8524205e-17
1.1500000000007175e-09	9.7285216e-08	-1.3369132e-07	0.0002826096	0.077877454	-4.9131488e-17	-7.289506e-17	6.563388e-17	-2.3337425e-17	0	-1.8532882e-17
1.1600000000008033e-09	5.01295e-08	-9.3279716e-08	0.0006061691	0.07857938	-4.9219874e-17	-7.2720955e-17	6.5475534e-17	-2.3421639e-17	0	-1.855281e-17
1.1700000000008891e-09	-2.8220603e-08	-2.95406e-08	0.00082756695	0.079190895	-4.9297043e-17	-7.256708e-17	6.533606e-17	-2.3483045e-17	0	-1.8582975e-17
1.1800000000009749e-09	-1.2297204e-07	4.4910205e-08	0.00088485813	0.07971652	-4.9365027e-17	-7.242525e-17	6.52081e-17	-2.3527051e-17	0	-1.862083e-17
1.1900000000010607e-09	-2.2831378e-07	1.2444376e-07	0.0007623724	0.08017111	-4.9426947e-17	-7.22974e-17	6.5093364e-17	-2.3560339e-17	0	-1.8662573e-17
1.2000000000011465e-09	-3.383438e-07	2.0015386e-07	0.00049824716	0.08057041	-4.948496e-17	-7.2191725e-17	6.499901e-17	-2.3588673e-17	0	-1.8703578e-17
1.2100000000012322e-09	-4.454607e-07	2.7729018e-07	0.00016827072	0.08092918	-4.9539344e-17	-7.211404e-17	6.4929847e-17	-2.3615838e-17	0	-1.8739302e-17
1.220000000001318e-09	-5.4729765e-07	3.5515478e-07	-0.0001427731	0.08125385	-4.9589087e-17	-7.2062215e-17	6.488338e-17	-2.3643436e-17	0	-1.8766814e-17
1.2300000000014038e-09	-6.274684e-07	4.2749662e-07	-0.00036773595	0.08153804	-4.9632948e-17	-7.2027354e-17	6.48514e-17	-2.3671217e-17	0	-1.8785771e-17
1.2400000000014896e-09	-6.897358e-07	4.912206e-07	-0.00047239923	0.08177372	-4.967056e-17	-7.1999356e-17	6.482479e-17	-2.369809e-17	0	-1.8797906e-17
1.2500000000015754e-09	-7.295481e-07	5.4317076e-07	-0.000457698	0.08195434	-4.9702527e-17	-7.197096e-17	6.479718e-17	-2.3723204e-17	0	-1.880554e-17
1.2600000000016612e-09	-7.518211e-07	5.7703545e-07	-0.00035164572	0.082076326	-4.9730002e-17	-7.193889e-17	6.476571e-17	-2.3746393e-17	0	-1.8810421e-17
1.270000000001747e-09	-7.6043904e-07	5.988837e-07	-0.00019618041	0.08214602	-4.975408e-17	-7.1902946e-17	6.4730245e-17	-2.3767883e-17	0	-1.8813495e-17
1.2800000000018327e-09	-7.536418e-07	6.0653053e-07	-3.4180917e-05	0.08217405	-4.977558e-17	-7.18648e-17	6.469228e-17	-2.3787827e-17	0	-1.8815226e-17
1.2900000000019185e-09	-7.3197566e-07	6.062878e-07	9.977858e-05	0.08217181	-4.9794973e-17	-7.182661e-17	6.4653714e-17	-2.3806152e-17	0	-1.881593e-17
1.3000000000020043e-09	-7.0096337e-07	5.952423e-07	0.00018463994	0.08215083	-4.981256e-17	-7.178967e-17	6.461574e-17	-2.3822684e-17	0	-1.8815953e-17
1.3100000000020901e-09	-6.5605315e-07	5.7315134e-07	0.00021391714	0.08212387	-4.9828576e-17	-7.1753954e-17	6.457844e-17	-2.3837386e-17	0	-1.881566e-17
1.3200000000021759e-09	-6.0634846e-07	5.46448e-07	0.0001937759	0.082100034	-4.9843277e-17	-7.1718677e-17	6.454117e-17	-2.3850393e-17	0	-1.8815381e-17
1.3300000000022617e-09	-5.5485344e-07	5.168315e-07	0.00013892136	0.0820867	-4.985695e-17	-7.168316e-17	6.4503524e-17	-2.3861967e-17	0	-1.8815348e-17
1.3400000000023475e-09	-5.099433e-07	4.881861e-07	6.745392e-05	0.082090236	-4.9869832e-17	-7.1647447e-17	6.4465706e-17	-2.387243e-17	0	-1.8815669e-17
1.3500000000024332e-09	-4.69782e-07	4.6658064e-07	-3.8369094e-06	0.08211464	-4.9882134e-17	-7.1612023e-17	6.4428344e-17	-2.3882134e-17	0	-1.881632e-17
1.360000000002519e-09	-4.3358074e-07	4.5080137e-07	-6.263371e-05	0.08216066	-4.989398e-17	-7.157756e-17	6.4392206e-17	-2.3891395e-17	0	-1.8817236e-17
1.3700000000026048e-09	-4.071353e-07	4.3866348e-07	-0.0001024102	0.08222876	-4.9905474e-17	-7.154465e-17	6.4357993e-17	-2.3900509e-17	0	-1.8818304e-17
1.3800000000026906e-09	-3.8801812e-07	4.2676834e-07	-0.00012214278	0.082319364	-4.9916674e-17	-7.15138e-17	6.4326216e-17	-2.3909644e-17	0	-1.8819444e-17
1.3900000000027764e-09	-3.694168e-07	4.2288423e-07	-0.00012458989	0.08243064	-4.99276e-17	-7.148525e-17	6.429714e-17	-2.3918895e-17	0	-1.8820587e-17
1.4000000000028622e-09	-3.561865e-07	4.2094214e-07	-0.00011437574	0.082559295	-4.9938263e-17	-7.1459015e-17	6.427074e-17	-2.392828e-17	0	-1.8821709e-17
1.410000000002948e-09	-3.3973964e-07	4.12567e-07	-9.629756e-05	0.082701154	-4.9948686e-17	-7.143493e-17	6.424679e-17	-2.3937753e-17	0	-1.8822793e-17
1.4200000000030337e-09	-3.2884589e-07	4.027353e-07	-7.4299205e-05	0.08285145	-4.995885e-17	-7.141267e-17	6.4224884e-17	-2.394723e-17	0	-1.8823838e-17
1.4300000000031195e-09	-3.163742e-07	3.8841262e-07	-5.0880535e-05	0.0830067	-4.9968717e-17	-7.1391854e-17	6.420457e-17	-2.3956605e-17	0	-1.8824837e-17
1.4400000000032053e-09	-3.0290113e-07	3.7591056e-07	-2.732146e-05	0.08316145	-4.99783e-17	-7.137213e-17	6.4185404e-17	-2.3965785e-17	0	-1.8825789e-17
1.450000000003291e-09	-2.896936e-07	3.6268025e-07	-4.141328e-06	0.0833125	-4.9987577e-17	-7.135312e-17	6.4166915e-17	-2.3974672e-17	0	-1.8826695e-17
1.4600000000033769e-09	-2.748626e-07	3.5466925e-07	1.815932e-05	0.08345732	-4.9996484e-17	-7.133448e-17	6.4148723e-17	-2.3983199e-17	0	-1.8827534e-17
1.4700000000034627e-09	-2.5823368e-07	3.4423067e-07	3.870583e-05	0.08359423	-5.000504e-17	-7.13159e-17	6.413049e-17	-2.3991331e-17	0	-1.8828313e-17
1.4800000000035485e-09	-2.4750682e-07	3.3646242e-07	5.622527e-05	0.08372171	-5.0013232e-17	-7.129709e-17	6.411192e-17	-2.3999039e-17	0	-1.8829021e-17
1.4900000000036342e-09	-2.35991e-07	3.3075762e-07	6.934248e-05	0.08384002	-5.0021074e-17	-7.127787e-17	6.409279e-17	-2.4006335e-17	0	-1.882966e-17
1.50000000000372e-09	-2.2245725e-07	3.227466e-07	7.686703e-05	0.08394902	-5.002856e-17	-7.125809e-17	6.407298e-17	-2.4013229e-17	0	-1.8830234e-17
1.5100000000038058e-09	-2.0786143e-07	3.2019764e-07	7.81561e-05	0.084049806	-5.003572e-17	-7.123769e-17	6.4052466e-17	-2.4019748e-17	0	-1.8830743e-17
1.5200000000038916e-09	-1.9790836e-07	3.107301e-07	7.329358e-05	0.08414297	-5.0042558e-17	-7.1216684e-17	6.403126e-17	-2.4025927e-17	0	-1.88312e-17
1.5300000000039774e-09	-1.8965459e-07	3.072101e-07	6.309068e-05	0.08422917	-5.0049116e-17	-7.1195164e-17	6.400946e-17	-2.4031799e-17	0	-1.8831612e-17
1.5400000000040632e-09	-1.777898e-07	3.1279353e-07	4.8794074e-05	0.08430887	-5.0055382e-17	-7.117324e-17	6.398724e-17	-2.4037394e-17	0	-1.8831986e-17
1.550000000004149e-09	-1.7266154e-07	3.0963767e-07	3.194888e-05	0.08438327	-5.0061384e-17	-7.115105e-17	6.396473e-17	-2.4042742e-17	0	-1.8832327e-17
1.5600000000042347e-09	-1.6146433e-07	3.1097284e-07	1.4064663e-05	0.08445359	-5.0067138e-17	-7.1128745e-17	6.3942114e-17	-2.4047868e-17	0	-1.8832643e-17
1.5700000000043205e-09	-1.625264e-07	3.1109423e-07	-3.6683143e-06	0.08452196	-5.0072644e-17	-7.1106464e-17	6.391955e-17	-2.4052804e-17	0	-1.8832932e-17
1.5800000000044063e-09	-1.57034e-07	3.1861973e-07	-2.0384015e-05	0.08458878	-5.0077928e-17	-7.108431e-17	6.3897155e-17	-2.4057574e-17	0	-1.8833204e-17
1.590000000004492e-09	-1.5223954e-07	3.239604e-07	-3.5685407e-05	0.084654525	-5.0083003e-17	-7.10624e-17	6.387503e-17	-2.4062194e-17	0	-1.8833455e-17
1.6000000000045779e-09	-1.4800644e-07	3.3233553e-07	-4.9471993e-05	0.08471955	-5.0087874e-17	-7.104075e-17	6.3853254e-17	-2.4066681e-17	0	-1.8833693e-17
1.6100000000046637e-09	-1.3897889e-07	3.370693e-07	-6.177102e-05	0.084784195	-5.009256e-17	-7.101948e-17	6.383189e-17	-2.4071062e-17	0	-1.8833912e-17
1.6200000000047495e-09	-1.3994992e-07	3.3816173e-07	-7.269306e-05	0.08484886	-5.009706e-17	-7.099857e-17	6.3810956e-17	-2.407533e-17	0	-1.8834112e-17
1.6300000000048352e-09	-1.406175e-07	3.4192448e-07	-8.24203e-05	0.08491392	-5.0101397e-17	-7.097806e-17	6.3790475e-17	-2.4079515e-17	0	-1.8834299e-17
1.640000000004921e-09	-1.4413749e-07	3.435024e-07	-9.1155336e-05	0.08497897	-5.0105582e-17	-7.095792e-17	6.377043e-17	-2.4083613e-17	0	-1.883447e-17
1.6500000000050068e-09	-1.4969058e-07	3.5539753e-07	-9.908126e-05	0.08504479	-5.0109622e-17	-7.093818e-17	6.375082e-17	-2.4087637e-17	0	-1.8834631e-17
1.6600000000050926e-09	-1.5263402e-07	3.6207337e-07	-0.00010633402	0.085110426	-5.011354e-17	-7.0918826e-17	6.373165e-17	-2.4091587e-17	0	-1.8834777e-17
1.6700000000051784e-09	-1.4752092e-07	3.6947748e-07	-0.00011311267	0.085175455	-5.011732e-17	-7.089983e-17	6.371287e-17	-2.4095464e-17	0	-1.8834908e-17
1.6800000000052642e-09	-1.4941747e-07	3.7433264e-07	-0.00011959527	0.08523994	-5.0121014e-17	-7.088119e-17	6.369448e-17	-2.4099275e-17	0	-1.883503e-17
1.69000000000535e-09	-1.5688228e-07	3.7603195e-07	-0.00012596391	0.08530394	-5.0124587e-17	-7.086286e-17	6.367644e-17	-2.410303e-17	0	-1.8835139e-17
1.7000000000054357e-09	-1.6122158e-07	3.7591056e-07	-0.00013237199	0.08536695	-5.012807e-17	-7.0844856e-17	6.365875e-17	-2.4106728e-17	0	-1.8835235e-17
1.7100000000055215e-09	-1.6580363e-07	3.7506092e-07	-0.00013900729	0.08542926	-5.0131463e-17	-7.082715e-17	6.364137e-17	-2.4110364e-17	0	-1.8835323e-17
1.7200000000056073e-09	-1.6956638e-07	3.7651748e-07	-0.00014595538	0.08549018	-5.013478e-17	-7.080973e-17	6.3624304e-17	-2.4113958e-17	0	-1.88354e-17
1.730000000005693e-09	-1.8319116e-07	3.8003745e-07	-0.00015326373	0.0855498	-5.013803e-17	-7.079261e-17	6.360755e-17	-2.41175e-17	0	-1.8835472e-17
1.7400000000057789e-09	-1.9159665e-07	3.8270778e-07	-0.00016094168	0.08560759	-5.0141214e-17	-7.077576e-17	6.359108e-17	-2.4121007e-17	0	-1.8835531e-17
1.7500000000058647e-09	-1.9399388e-07	3.9241812e-07	-0.00016895741	0.08566357	-5.0144347e-17	-7.075919e-17	6.357489e-17	-2.4124468e-17	0	-1.8835586e-17
1.7600000000059504e-09	-1.9007942e-07	3.8999053e-07	-0.00017736788	0.085718356	-5.014743e-17	-7.07429e-17	6.3559e-17	-2.4127904e-17	0	-1.8835632e-17
1.7700000000060362e-09	-1.9226424e-07	3.856209e-07	-0.0001860977	0.08577179	-5.0150465e-17	-7.0726894e-17	6.35434e-17	-2.4131299e-17	0	-1.8835673e-17
1.780000000006122e-09	-1.9293941e-07	3.8574225e-07	-0.00019517005	0.08582379	-5.015346e-17	-7.0711164e-17	6.352808e-17	-2.4134672e-17	0	-1.883571e-17
1.7900000000062078e-09	-1.9484354e-07	3.9108295e-07	-0.00020453177	0.08587393	-5.0156434e-17	-7.0695726e-17	6.351306e-17	-2.4138025e-17	0	-1.8835743e-17
1.8000000000062936e-09	-2.0540351e-07	3.976374e-07	-0.00021420445	0.085921995	-5.015937e-17	-7.068056e-17	6.3498315e-17	-2.4141352e-17	0	-1.8835773e-17
1.8100000000063794e-09	-2.017318e-07	3.9775878e-07	-0.00022418641	0.08596821	-5.0162284e-17	-7.066569e-17	6.348387e-17	-2.4144663e-17	0	-1.8835801e-17
1.8200000000064652e-09	-2.0755799e-07	3.9278225e-07	-0.0002344308	0.08601358	-5.016518e-17	-7.0651104e-17	6.346971e-17	-2.4147958e-17	0	-1.8835827e-17
1.830000000006551e-09	-2.1065314e-07	3.9205398e-07	-0.0002448672	0.08605747	-5.016805e-17	-7.063682e-17	6.345585e-17	-2.4151237e-17	0	-1.8835854e-17
1.8400000000066367e-09	-2.1455244e-07	3.8647053e-07	-0.00025550873	0.08610015	-5.017091e-17	-7.0622815e-17	6.344228e-17	-2.4154503e-17	0	-1.883588e-17
1.8500000000067225e-09	-2.1262555e-07	3.7997677e-07	-0.00026632237	0.086141676	-5.017375e-17	-7.060909e-17	6.3429003e-17	-2.4157754e-17	0	-1.8835907e-17
1.8600000000068083e-09	-2.1854278e-07	3.816154e-07	-0.0002773329	0.08618199	-5.0176577e-17	-7.059566e-17	6.3416013e-17	-2.4160993e-17	0	-1.8835937e-17
1.870000000006742e-09	-2.2521861e-07	3.7773125e-07	-0.00028847816	0.086221054	-5.017941e-17	-7.0582534e-17	6.340331e-17	-2.416422e-17	0	-1.8835966e-17
1.880000000006621e-09	-2.2845033e-07	3.804016e-07	-0.0002997147	0.08625867	-5.018221e-17	-7.056969e-17	6.339091e-17	-2.4167437e-17	0	-1.8835996e-17
1.8900000000065e-09	-2.3462549e-07	3.8015884e-07	-0.00031102187	0.08629462	-5.018501e-17	-7.055713e-17	6.337879e-17	-2.4170641e-17	0	-1.883603e-17
1.900000000006379e-09	-2.345648e-07	3.7445403e-07	-0.00032235333	0.08632892	-5.0187824e-17	-7.054488e-17	6.336696e-17	-2.4173824e-17	0	-1.8836069e-17
1.910000000006258e-09	-2.3772066e-07	3.7190506e-07	-0.0003336906	0.086362205	-5.0190603e-17	-7.0532917e-17	6.335541e-17	-2.4176997e-17	0	-1.8836105e-17
1.920000000006137e-09	-2.3893443e-07	3.66443e-07	-0.00034494512	0.08639465	-5.0193382e-17	-7.0521243e-17	6.334416e-17	-2.4180159e-17	0	-1.8836148e-17
1.930000000006016e-09	-2.479165e-07	3.5782512e-07	-0.00035613574	0.08642617	-5.0196155e-17	-7.0509855e-17	6.333319e-17	-2.4183299e-17	0	-1.883619e-17
1.940000000005895e-09	-2.5269577e-07	3.5254513e-07	-0.00036728612	0.08645576	-5.0198918e-17	-7.049877e-17	6.332251e-17	-2.4186422e-17	0	-1.8836234e-17
1.950000000005774e-09	-2.5269577e-07	3.492072e-07	-0.0003783765	0.08648398	-5.0201677e-17	-7.0487984e-17	6.331212e-17	-2.4189529e-17	0	-1.8836286e-17
1.960000000005653e-09	-2.5089025e-07	3.4216723e-07	-0.0003893477	0.08651079	-5.0204424e-17	-7.047749e-17	6.3302015e-17	-2.4192614e-17	0	-1.8836335e-17
1.9700000000055318e-09	-2.460958e-07	3.3452037e-07	-0.00040019414	0.08653617	-5.0207163e-17	-7.046729e-17	6.329219e-17	-2.4195676e-17	0	-1.8836383e-17
1.9800000000054108e-09	-2.3937443e-07	3.3840448e-07	-0.00041087184	0.08656026	-5.020988e-17	-7.045737e-17	6.3282645e-17	-2.4198717e-17	0	-1.883644e-17
1.9900000000052898e-09	-2.4122548e-07	3.354914e-07	-0.00042136092	0.08658282	-5.0212596e-17	-7.044776e-17	6.327339e-17	-2.4201735e-17	0	-1.8836492e-17
2.0000000000051688e-09	-2.4589855e-07	3.3100036e-07	-0.0004316803	0.086604364	-5.0215316e-17	-7.0438426e-17	6.326439e-17	-2.4204732e-17	0	-1.8836547e-17
2.0100000000050478e-09	-2.4301582e-07	3.256597e-07	-0.00044179335	0.0866252	-5.0218003e-17	-7.0429373e-17	6.325568e-17	-2.4207702e-17	0	-1.8836603e-17
2.0200000000049267e-09	-2.363248e-07	3.135218e-07	-0.00045165248	0.086645186	-5.0220686e-17	-7.042059e-17	6.324722e-17	-2.4210648e-17	0	-1.8836663e-17
2.0300000000048057e-09	-2.2582552e-07	3.0004873e-07	-0.00046125162	0.08666399	-5.0223366e-17	-7.041211e-17	6.3239036e-17	-2.4213578e-17	0	-1.8836717e-17
2.0400000000046847e-09	-2.175414e-07	2.893674e-07	-0.0004706143	0.08668182	-5.0226023e-17	-7.0403876e-17	6.32311e-17	-2.4216473e-17	0	-1.8836775e-17
2.0500000000045637e-09	-2.0611661e-07	2.7455917e-07	-0.00047968375	0.086698845	-5.022868e-17	-7.039589e-17	6.3223406e-17	-2.421935e-17	0	-1.8836832e-17
2.0600000000044427e-09	-2.0057111e-07	2.6751917e-07	-0.0004884609	0.08671491	-5.0231297e-17	-7.038818e-17	6.321597e-17	-2.4222198e-17	0	-1.8836888e-17
2.0700000000043217e-09	-1.9384217e-07	2.5550267e-07	-0.0004969717	0.08673066	-5.0233934e-17	-7.038071e-17	6.320874e-17	-2.4225028e-17	0	-1.883694e-17
2.0800000000042007e-09	-1.8343393e-07	2.483413e-07	-0.00050513615	0.08674589	-5.0236548e-17	-7.037348e-17	6.320176e-17	-2.4227829e-17	0	-1.8836995e-17
2.0900000000040797e-09	-1.7263119e-07	2.415441e-07	-0.000512969	0.08676066	-5.0239155e-17	-7.036648e-17	6.3194984e-17	-2.4230612e-17	0	-1.8837047e-17
2.1000000000039587e-09	-1.6154588e-07	2.3329032e-07	-0.00052052387	0.086774915	-5.0241746e-17	-7.03597e-17	6.318842e-17	-2.4233371e-17	0	-1.8837096e-17
2.1100000000038377e-09	-1.5433332e-07	2.1799657e-07	-0.0005277367	0.08678904	-5.024432e-17	-7.035313e-17	6.318206e-17	-2.4236112e-17	0	-1.8837146e-17
2.1200000000037166e-09	-1.512685e-07	2.0537317e-07	-0.00053467276	0.0868032	-5.0246894e-17	-7.034676e-17	6.3175886e-17	-2.4238827e-17	0	-1.883719e-17
2.1300000000035956e-09	-1.4333715e-07	1.9602699e-07	-0.00054134085	0.08681713	-5.0249445e-17	-7.0340594e-17	6.3169904e-17	-2.424153e-17	0	-1.8837235e-17
2.1400000000034746e-09	-1.384782e-07	1.7769877e-07	-0.00054767367	0.08683074	-5.0252e-17	-7.033459e-17	6.316409e-17	-2.4244214e-17	0	-1.8837278e-17
2.1500000000033536e-09	-1.24201e-07	1.6641053e-07	-0.00055375183	0.08684449	-5.025454e-17	-7.032879e-17	6.315844e-17	-2.424688e-17	0	-1.883732e-17
2.1600000000032326e-09	-1.0028935e-07	1.5318022e-07	-0.00055959815	0.0868579	-5.0257065e-17	-7.0323124e-17	6.315295e-17	-2.4249528e-17	0	-1.8837356e-17
2.1700000000031116e-09	-8.9532136e-08	1.4431956e-07	-0.00056511414	0.08687077	-5.0259597e-17	-7.0317644e-17	6.31476e-17	-2.4252158e-17	0	-1.8837394e-17
2.1800000000029906e-09	-7.5649425e-08	1.2708375e-07	-0.0005703422	0.086883575	-5.0262124e-17	-7.0312304e-17	6.314239e-17	-2.425478e-17	0	-1.8837429e-17
2.1900000000028696e-09	-5.8292233e-08	1.12761036e-07	-0.00057531963	0.08689624	-5.0264616e-17	-7.030708e-17	6.313732e-17	-2.4257389e-17	0	-1.8837459e-17
2.2000000000027486e-09	-4.600262e-08	9.7831425e-08	-0.00058001606	0.08690885	-5.026712e-17	-7.030201e-17	6.313235e-17	-2.4259983e-17	0	-1.8837488e-17
2.2100000000026276e-09	-2.7037158e-08	7.841079e-08	-0.0005844782	0.08692156	-5.0269615e-17	-7.0297044e-17	6.3127506e-17	-2.4262566e-17	0	-1.8837515e-17
2.2200000000025065e-09	-1.852546e-08	6.238877e-08	-0.00058872986	0.08693465	-5.0272104e-17	-7.029219e-17	6.312276e-17	-2.4265143e-17	0	-1.8837541e-17
2.2300000000023855e-09	6.3723943e-10	4.2846764e-08	-0.0005927429	0.08694802	-5.0274585e-17	-7.028742e-17	6.311811e-17	-2.4267706e-17	0	-1.8837563e-17
2.2400000000022645e-09	1.2949616e-08	3.2529556e-08	-0.00059657334	0.08696183	-5.027707e-17	-7.028277e-17	6.311355e-17	-2.4270267e-17	0	-1.8837584e-17
2.2500000000021435e-09	2.3153033e-08	1.18951355e-08	-0.0006002205	0.08697648	-5.0279555e-17	-7.0278205e-17	6.310907e-17	-2.4272821e-17	0	-1.8837604e-17
2.2600000000020225e-09	2.8038535e-08	-7.282736e-10	-0.00060364464	0.08699206	-5.028202e-17	-7.027368e-17	6.310466e-17	-2.4275364e-17	0	-1.8837626e-17
2.2700000000019015e-09	2.534544e-08	-1.0195831e-08	-0.00060685247	0.08700918	-5.028448e-17	-7.026926e-17	6.310032e-17	-2.4277905e-17	0	-1.883764e-17
2.2800000000017805e-09	4.4508138e-08	-2.5853714e-08	-0.00060981314	0.0870276	-5.028694e-17	-7.0264884e-17	6.309604e-17	-2.4280444e-17	0	-1.8837655e-17
2.2900000000016595e-09	5.7533615e-08	-3.6049546e-08	-0.0006126063	0.0870479	-5.0289395e-17	-7.0260556e-17	6.30918e-17	-2.428298e-17	0	-1.8837672e-17
2.3000000000015385e-09	6.785083e-08	-5.947568e-08	-0.000615231	0.087069385	-5.029186e-17	-7.0256274e-17	6.308761e-17	-2.4285513e-17	0	-1.8837684e-17
2.3100000000014175e-09	8.74687e-08	-7.731838e-08	-0.00061769935	0.08709198	-5.0294302e-17	-7.025202e-17	6.3083454e-17	-2.4288043e-17	0	-1.88377e-17
2.3200000000012965e-09	9.482729e-08	-8.836387e-08	-0.0006200111	0.087114654	-5.029676e-17	-7.0247804e-17	6.3079324e-17	-2.4290572e-17	0	-1.8837713e-17
2.3300000000011754e-09	1.087707e-07	-1.0462865e-07	-0.0006221314	0.087136775	-5.0299202e-17	-7.0243595e-17	6.307522e-17	-2.4293103e-17	0	-1.8837723e-17
2.3400000000010544e-09	1.18738946e-07	-1.1482447e-07	-0.00062408124	0.08715876	-5.0301654e-17	-7.023941e-17	6.3071125e-17	-2.4295631e-17	0	-1.8837735e-17
2.3500000000009334e-09	1.2811547e-07	-1.3169615e-07	-0.0006258327	0.08718045	-5.0304086e-17	-7.0235224e-17	6.306705e-17	-2.4298161e-17	0	-1.8837748e-17
2.3600000000008124e-09	1.2931409e-07	-1.550009e-07	-0.0006274371	0.0872021	-5.0306528e-17	-7.023103e-17	6.306296e-17	-2.4300694e-17	0	-1.883776e-17
2.3700000000006914e-09	1.3140787e-07	-1.69445e-07	-0.0006289279	0.087223895	-5.0308963e-17	-7.022684e-17	6.305887e-17	-2.4303225e-17	0	-1.8837773e-17
2.3800000000005704e-09	1.3617199e-07	-1.7939807e-07	-0.0006302198	0.08724556	-5.0311398e-17	-7.022262e-17	6.3054774e-17	-2.4305763e-17	0	-1.8837784e-17
2.3900000000004494e-09	1.4526024e-07	-1.9007942e-07	-0.000631338	0.08726716	-5.0313813e-17	-7.021837e-17	6.305065e-17	-2.43083e-17	0	-1.8837798e-17
2.4000000000003284e-09	1.5430298e-07	-1.9287113e-07	-0.00063227525	0.087288745	-5.0316242e-17	-7.021408e-17	6.3046495e-17	-2.4310843e-17	0	-1.883781e-17
2.4100000000002074e-09	1.6278433e-07	-2.0682971e-07	-0.0006331091	0.0873106	-5.0318664e-17	-7.020975e-17	6.30423e-17	-2.4313391e-17	0	-1.8837821e-17
2.4200000000000864e-09	1.7738014e-07	-2.1629727e-07	-0.00063376944	0.08733223	-5.0321086e-17	-7.020537e-17	6.3038065e-17	-2.431594e-17	0	-1.8837836e-17
2.4300099999999652e-09	1.7926152e-07	-2.218807e-07	-0.0006343113	0.08735391	-5.03235e-17	-7.020093e-17	6.303378e-17	-2.4318501e-17	0	-1.883785e-17
2.4400099999998442e-09	1.7752429e-07	-2.3401859e-07	-0.00063474244	0.0873762	-5.0325913e-17	-7.019642e-17	6.302944e-17	-2.432106e-17	0	-1.8837864e-17
2.450009999999723e-09	1.8259944e-07	-2.4421442e-07	-0.0006350527	0.08739907	-5.032831e-17	-7.019184e-17	6.302504e-17	-2.4323631e-17	0	-1.8837877e-17
2.460009999999602e-09	1.7995187e-07	-2.715247e-07	-0.000635217	0.08742242	-5.033072e-17	-7.0187175e-17	6.3020555e-17	-2.4326214e-17	0	-1.8837894e-17
2.470009999999481e-09	1.8534564e-07	-2.8851773e-07	-0.0006352906	0.08744637	-5.033311e-17	-7.0182404e-17	6.301601e-17	-2.4328798e-17	0	-1.8837905e-17
2.48000999999936e-09	1.8577046e-07	-2.9798528e-07	-0.0006352442	0.08747106	-5.0335515e-17	-7.0177547e-17	6.301135e-17	-2.4331397e-17	0	-1.883792e-17
2.490009999999239e-09	1.9046631e-07	-2.9543634e-07	-0.0006350849	0.087496296	-5.03379e-17	-7.017258e-17	6.300662e-17	-2.4334006e-17	0	-1.8837932e-17
2.500009999999118e-09	1.8901736e-07	-3.030832e-07	-0.0006348429	0.087522246	-5.0340293e-17	-7.016749e-17	6.3001775e-17	-2.4336631e-17	0	-1.8837947e-17
2.510009999998997e-09	1.9293941e-07	-3.0551078e-07	-0.00063450256	0.08754861	-5.0342692e-17	-7.016229e-17	6.299683e-17	-2.4339275e-17	0	-1.8837958e-17
2.520009999998876e-09	1.8830426e-07	-3.216542e-07	-0.0006341176	0.087575994	-5.0345084e-17	-7.015695e-17	6.299177e-17	-2.4341932e-17	0	-1.8837968e-17
2.530009999998755e-09	1.8974562e-07	-3.2942245e-07	-0.00063369615	0.08760438	-5.0347466e-17	-7.015148e-17	6.2986594e-17	-2.4344605e-17	0	-1.8837976e-17
2.540009999998634e-09	1.9970628e-07	-3.4835756e-07	-0.0006332854	0.08763354	-5.0349872e-17	-7.014588e-17	6.298131e-17	-2.4347304e-17	0	-1.8837988e-17
2.550009999998513e-09	2.0279386e-07	-3.5770373e-07	-0.0006328538	0.087663785	-5.0352254e-17	-7.014013e-17	6.297589e-17	-2.4350017e-17	0	-1.8837993e-17
2.560009999998392e-09	2.0400765e-07	-3.6431888e-07	-0.0006323697	0.087695196	-5.0354683e-17	-7.013427e-17	6.297034e-17	-2.435276e-17	0	-1.8837998e-17
2.570009999998271e-09	2.0772488e-07	-3.6905266e-07	-0.0006318847	0.08772774	-5.035709e-17	-7.0128247e-17	6.296468e-17	-2.4355521e-17	0	-1.8838001e-17
2.58000999999815e-09	2.1893726e-07	-3.75243e-07	-0.0006313574	0.087761305	-5.035951e-17	-7.012209e-17	6.29589e-17	-2.4358303e-17	0	-1.8838006e-17
2.590009999998029e-09	2.0162558e-07	-3.7712437e-07	-0.00063087384	0.087795936	-5.0361925e-17	-7.0115826e-17	6.295302e-17	-2.4361108e-17	0	-1.8838008e-17
2.600009999997908e-09	1.9804492e-07	-3.8489262e-07	-0.00063039706	0.08783139	-5.0364367e-17	-7.010945e-17	6.294703e-17	-2.436393e-17	0	-1.8838014e-17
2.610009999997787e-09	1.9868973e-07	-3.9508845e-07	-0.0006299999	0.08786792	-5.03668e-17	-7.010297e-17	6.294095e-17	-2.4366762e-17	0	-1.8838018e-17
2.620009999997666e-09	2.0042697e-07	-4.0892564e-07	-0.00062955613	0.0879053	-5.0369228e-17	-7.00964e-17	6.29348e-17	-2.4369611e-17	0	-1.8838026e-17
2.630009999997545e-09	1.9978215e-07	-4.172401e-07	-0.00062917307	0.08794333	-5.0371673e-17	-7.008976e-17	6.292859e-17	-2.4372455e-17	0	-1.8838041e-17
2.640009999997424e-09	1.9531389e-07	-4.247049e-07	-0.00062878366	0.087982066	-5.0374108e-17	-7.00831e-17	6.292235e-17	-2.4375294e-17	0	-1.8838057e-17
2.650009999997303e-09	1.9054218e-07	-4.4181934e-07	-0.0006284385	0.08802117	-5.0376527e-17	-7.0076425e-17	6.29161e-17	-2.4378114e-17	0	-1.883809e-17
2.660009999997182e-09	1.8874425e-07	-4.564455e-07	-0.00062812486	0.08806035	-5.0378926e-17	-7.0069755e-17	6.290987e-17	-2.438091e-17	0	-1.8838129e-17
2.670009999997061e-09	1.8160566e-07	-4.7107167e-07	-0.00062784954	0.088099904	-5.0381308e-17	-7.006314e-17	6.2903664e-17	-2.4383657e-17	0	-1.8838181e-17
2.68000999999694e-09	1.8643804e-07	-4.850302e-07	-0.00062760245	0.08813961	-5.0383634e-17	-7.0056566e-17	6.289753e-17	-2.438635e-17	0	-1.8838251e-17
2.690009999996819e-09	2.0268766e-07	-4.9237366e-07	-0.0006274922	0.08817933	-5.038594e-17	-7.00501e-17	6.289147e-17	-2.4388967e-17	0	-1.8838335e-17
2.700009999996698e-09	2.1093383e-07	-4.951047e-07	-0.00062746747	0.08821894	-5.038817e-17	-7.004375e-17	6.288551e-17	-2.4391502e-17	0	-1.8838438e-17
2.710009999996577e-09	2.1255728e-07	-5.066964e-07	-0.00062752666	0.08825846	-5.039033e-17	-7.00375e-17	6.287967e-17	-2.4393942e-17	0	-1.8838559e-17
2.720009999996456e-09	2.2113726e-07	-5.2629906e-07	-0.00062763493	0.088297844	-5.0392435e-17	-7.003142e-17	6.287395e-17	-2.4396276e-17	0	-1.8838696e-17
2.730009999996335e-09	2.1510245e-07	-5.3843695e-07	-0.0006277277	0.08833715	-5.0394437e-17	-7.0025464e-17	6.286836e-17	-2.439849e-17	0	-1.8838848e-17
2.740009999996214e-09	2.0495592e-07	-5.5737206e-07	-0.0006278646	0.088376366	-5.039636e-17	-7.001966e-17	6.28629e-17	-2.4400584e-17	0	-1.8839014e-17
2.750009999996093e-09	2.1722278e-07	-5.763679e-07	-0.0006279986	0.08841564	-5.0398173e-17	-7.0014e-17	6.2857574e-17	-2.4402558e-17	0	-1.8839187e-17
2.760009999995972e-09	2.3174273e-07	-5.909334e-07	-0.00062812725	0.0884548	-5.0399893e-17	-7.000849e-17	6.285237e-17	-2.4404409e-17	0	-1.8839368e-17
2.770009999995851e-09	2.3556618e-07	-5.9955124e-07	-0.0006282506	0.088493705	-5.0401494e-17	-7.0003104e-17	6.2847304e-17	-2.4406141e-17	0	-1.883955e-17
2.78000999999573e-09	2.3827823e-07	-6.0762295e-07	-0.00062830833	0.088532485	-5.0402993e-17	-6.999784e-17	6.2842334e-17	-2.4407759e-17	0	-1.8839727e-17
2.790009999995609e-09	2.4020133e-07	-6.2376637e-07	-0.0006282035	0.08857124	-5.0404396e-17	-6.9992695e-17	6.2837463e-17	-2.4409268e-17	0	-1.88399e-17
2.800009999995488e-09	2.5203198e-07	-6.373608e-07	-0.0006279321	0.08860956	-5.0405713e-17	-6.9987666e-17	6.283269e-17	-2.4410677e-17	0	-1.884006e-17
2.810009999995367e-09	2.620571e-07	-6.5502144e-07	-0.00062743295	0.088647276	-5.0406927e-17	-6.998274e-17	6.282802e-17	-2.4411996e-17	0	-1.8840211e-17
2.820009999995246e-09	2.6600193e-07	-6.6928345e-07	-0.0006267285	0.08868429	-5.0408072e-17	-6.9977905e-17	6.2823415e-17	-2.4413232e-17	0	-1.8840347e-17
2.830009999995125e-09	2.7335295e-07	-6.720752e-07	-0.0006258973	0.08872041	-5.0409128e-17	-6.997315e-17	6.281888e-17	-2.4414393e-17	0	-1.884047e-17
2.840009999995004e-09	2.7674398e-07	-6.7389584e-07	-0.0006248612	0.08875556	-5.041012e-17	-6.996847e-17	6.2814415e-17	-2.4415488e-17	0	-1.884058e-17
2.850009999994883e-09	2.7449846e-07	-6.8670136e-07	-0.0006236775	0.08878966	-5.0411034e-17	-6.9963856e-17	6.281001e-17	-2.4416512e-17	0	-1.8840675e-17
2.860009999994762e-09	2.8822947e-07	-6.9889995e-07	-0.00062244333	0.08882282	-5.0411887e-17	-6.9959316e-17	6.280567e-17	-2.4417483e-17	0	-1.8840759e-17
2.870009999994641e-09	2.9983633e-07	-7.0557576e-07	-0.000621148	0.0888549	-5.0412694e-17	-6.995482e-17	6.2801365e-17	-2.4418405e-17	0	-1.8840828e-17
2.8800099999945198e-09	2.9910805e-07	-7.135261e-07	-0.0006197881	0.08888587	-5.0413442e-17	-6.9950376e-17	6.2797104e-17	-2.4419283e-17	0	-1.8840891e-17
2.8900099999943988e-09	3.0427614e-07	-7.1944334e-07	-0.000618481	0.088915765	-5.0414164e-17	-6.9945976e-17	6.2792875e-17	-2.4420119e-17	0	-1.8840943e-17
2.9000099999942778e-09	3.1375316e-07	-7.2086954e-07	-0.0006171818	0.08894463	-5.0414835e-17	-6.9941595e-17	6.2788666e-17	-2.4420914e-17	0	-1.8840987e-17
2.9100099999941568e-09	3.1334542e-07	-7.258157e-07	-0.0006160355	0.08897262	-5.0415464e-17	-6.993726e-17	6.27845e-17	-2.4421679e-17	0	-1.8841027e-17
2.9200099999940357e-09	3.217528e-07	-7.4035086e-07	-0.00061503437	0.08899964	-5.0416066e-17	-6.993293e-17	6.278035e-17	-2.4422412e-17	0	-1.8841062e-17
2.9300099999939147e-09	3.1155128e-07	-7.4423497e-07	-0.00061419635	0.089025736	-5.0416632e-17	-6.992864e-17	6.277622e-17	-2.4423116e-17	0	-1.8841092e-17
2.9400099999937937e-09	3.124768e-07	-7.4884736e-07	-0.00061354187	0.08905081	-5.041716e-17	-6.9924357e-17	6.27721e-17	-2.4423795e-17	0	-1.8841116e-17
2.9500099999936727e-09	3.1971402e-07	-7.468446e-07	-0.00061306707	0.08907494	-5.0417677e-17	-6.992008e-17	6.276799e-17	-2.4424443e-17	0	-1.8841141e-17
2.9600099999935517e-09	3.2897486e-07	-7.458129e-07	-0.0006127622	0.089098275	-5.0418177e-17	-6.9915827e-17	6.27639e-17	-2.442508e-17	0	-1.8841164e-17
2.9700099999934307e-09	3.293352e-07	-7.48726e-07	-0.00061269756	0.0891207	-5.041863e-17	-6.991157e-17	6.2759814e-17	-2.4425696e-17	0	-1.8841183e-17
2.9800099999933097e-09	3.2369675e-07	-7.492722e-07	-0.00061280973	0.08914227	-5.041907e-17	-6.990734e-17	6.275576e-17	-2.4426284e-17	0	-1.88412e-17
2.9900099999931887e-09	3.2034558e-07	-7.4180736e-07	-0.00061308744	0.089163125	-5.041952e-17	-6.990314e-17	6.27517e-17	-2.4426865e-17	0	-1.8841219e-17
3.0000099999930677e-09	3.236228e-07	-7.447812e-07	-0.0006134846	0.08918323	-5.041992e-17	-6.989894e-17	6.274768e-17	-2.4427424e-17	0	-1.8841235e-17
