# t (s)	mx ()	my ()	mz ()	spinAngle (rad)	E_total (J)	E_anis (J)	E_demag (J)	E_exch (J)	E_therm (J)	E_custom (J)
0	0	0	0	0.009490227	2.4266498e-17	-8.0432005e-17	1.10491305e-16	6.272e-18	0	-1.2064801e-17
1.0000000000000124e-11	1.0997276e-09	0	0.0009102424	0.015247865	1.9061022e-17	-7.792858e-17	1.07370327e-16	1.5197854e-18	0	-1.1900507e-17
2.0009999999999403e-11	2.418808e-09	5.691313e-10	0.0032801172	0.019248655	1.8118311e-17	-7.611401e-17	1.0491257e-16	1.0639382e-18	0	-1.17441854e-17
3.000999999999824e-11	1.327973e-09	2.0868147e-09	0.0072055934	0.023067169	1.7494185e-17	-7.4262674e-17	1.0240752e-16	9.637874e-19	0	-1.1614446e-17
4.000000000000001e-11	-1.8496766e-09	3.983919e-09	0.0123759275	0.027194401	1.7078188e-17	-7.20502e-17	9.940088e-17	1.1490971e-18	0	-1.1421589e-17
5.0000000000001785e-11	-6.0707337e-09	7.3987065e-09	0.01790993	0.031840764	1.6752343e-17	-6.945787e-17	9.5875395e-17	1.4690522e-18	0	-1.113423e-17
6.00000000000024e-11	-1.17620464e-08	1.0244363e-08	0.023797683	0.036726348	1.6483397e-17	-6.6564494e-17	9.194648e-17	1.9043875e-18	0	-1.0802969e-17
7.000999999999771e-11	-1.7263648e-08	1.3848862e-08	0.030310465	0.041998573	1.6239481e-17	-6.3332336e-17	8.756211e-17	2.4777608e-18	0	-1.0468053e-17
8.000999999999302e-11	-2.0868146e-08	1.783278e-08	0.037473872	0.047868244	1.5996487e-17	-5.966225e-17	8.259535e-17	3.233331e-18	0	-1.0169942e-17
9.000999999998834e-11	-2.3144672e-08	2.1911553e-08	0.045404296	0.05425228	1.5737923e-17	-5.550717e-17	7.698037e-17	4.2066663e-18	0	-9.941945e-18
1.0000999999998365e-10	-2.1626988e-08	2.5942901e-08	0.054783795	0.06075492	1.5452973e-17	-5.098132e-17	7.086988e-17	5.3658987e-18	0	-9.801479e-18
1.1000999999997896e-10	-1.783278e-08	2.9416974e-08	0.06706217	0.066855244	1.5132957e-17	-4.6378693e-17	6.465202e-17	6.583882e-18	0	-9.724259e-18
1.2000999999997891e-10	-1.3659151e-08	3.2203346e-08	0.08414953	0.071870826	1.4760927e-17	-4.2089583e-17	5.8831845e-17	7.64905e-18	0	-9.630392e-18
1.3000999999998715e-10	-6.0707337e-09	3.4740722e-08	0.10723384	0.07544763	1.4293686e-17	-3.8368028e-17	5.3725358e-17	8.364171e-18	0	-9.427814e-18
1.400099999999954e-10	2.2765252e-09	3.547585e-08	0.13446572	0.07781429	1.3653459e-17	-3.5119607e-17	4.919516e-17	8.683639e-18	0	-9.1057316e-18
1.5000000000000362e-10	1.0623784e-08	2.8077142e-08	0.15990524	0.079770595	1.2777435e-17	-3.2054288e-17	4.487178e-17	8.73335e-18	0	-8.773407e-18
1.6000000000001186e-10	1.745336e-08	1.5556255e-08	0.17740095	0.08191225	1.1702765e-17	-2.903482e-17	4.0591225e-17	8.662585e-18	0	-8.516223e-18
1.700000000000201e-10	2.2765251e-08	-3.0353668e-09	0.18519309	0.083269	1.054319e-17	-2.5923185e-17	3.623152e-17	8.536875e-18	0	-8.30202e-18
1.8000000000002833e-10	3.2630194e-08	-2.2765251e-08	0.1853203	0.08430706	9.362947e-18	-2.2549461e-17	3.169314e-17	8.3424416e-18	0	-8.123174e-18
1.9000000000003657e-10	4.2115715e-08	-3.945977e-08	0.18034013	0.08392808	8.17492e-18	-1.9556489e-17	2.78431e-17	7.934799e-18	0	-8.0464896e-18
2.000000000000448e-10	6.0707336e-08	-4.477166e-08	0.17158999	0.0817983	6.960635e-18	-1.800081e-17	2.5925816e-17	7.146675e-18	0	-8.1110485e-18
2.1000000000005304e-10	8.6270816e-08	-3.566556e-08	0.15818779	0.07877865	5.6736215e-18	-1.7877388e-17	2.574549e-17	6.1787803e-18	0	-8.3732615e-18
2.2000000000006128e-10	1.1079089e-07	-1.2141467e-08	0.13791075	0.07610504	4.3270103e-18	-1.7967253e-17	2.5619153e-17	5.498071e-18	0	-8.822962e-18
2.3000000000006952e-10	1.2217352e-07	6.0707337e-09	0.110629216	0.07465203	2.9996135e-18	-1.7215156e-17	2.4242844e-17	5.2268554e-18	0	-9.254932e-18
2.4000000000005925e-10	1.1610278e-07	-4.5530504e-09	0.080941916	0.074084595	1.7583953e-18	-1.588613e-17	2.2135878e-17	5.0087403e-18	0	-9.500093e-18
2.5000000000004163e-10	9.940826e-08	-3.566556e-08	0.05613893	0.0732287	6.4278887e-19	-1.4879181e-17	2.0561834e-17	4.5786403e-18	0	-9.618505e-18
2.60000000000024e-10	8.802564e-08	-7.891954e-08	0.040582005	0.07127898	-3.3468467e-19	-1.4341482e-17	1.9659873e-17	4.0640943e-18	0	-9.7171694e-18
2.700000000000064e-10	7.967838e-08	-1.18379305e-07	0.033669546	0.068307586	-1.1726331e-18	-1.3660599e-17	1.8590995e-17	3.706503e-18	0	-9.8095316e-18
2.800099999999888e-10	7.550475e-08	-1.4569761e-07	0.031816855	0.06476218	-1.885953e-18	-1.2561992e-17	1.6993243e-17	3.561387e-18	0	-9.8785896e-18
2.9000999999997117e-10	7.550475e-08	-1.6087444e-07	0.031089762	0.061269462	-2.5165388e-18	-1.1384276e-17	1.5302985e-17	3.498261e-18	0	-9.9335086e-18
3.0000999999995355e-10	9.1061004e-08	-1.7225707e-07	0.02931903	0.057805594	-3.2819017e-18	-1.0630203e-17	1.4177144e-17	3.1596614e-18	0	-9.988504e-18
3.1000999999993594e-10	1.2900308e-07	-1.836397e-07	0.024523934	0.054917093	-3.8610227e-18	-1.0131509e-17	1.3374253e-17	2.9270814e-18	0	-1.0030848e-17
3.2000999999991833e-10	1.8553679e-07	-1.9502232e-07	0.018394588	0.05284638	-4.3706267e-18	-9.844381e-18	1.2912685e-17	2.6325863e-18	0	-1.0071517e-17
3.300099999999007e-10	2.39794e-07	-2.0412843e-07	0.012610793	0.051447906	-4.8231884e-18	-9.588399e-18	1.2571689e-17	2.3095472e-18	0	-1.0116024e-17
3.400099999998831e-10	2.8077145e-07	-2.1778757e-07	0.00820918	0.050273146	-5.2276045e-18	-9.3491725e-18	1.2300285e-17	1.9831405e-18	0	-1.01618576e-17
3.500099999998655e-10	3.005013e-07	-2.5193546e-07	0.005634443	0.049180873	-5.5984974e-18	-9.195139e-18	1.2145433e-17	1.6622116e-18	0	-1.0211002e-17
3.600099999998479e-10	2.8608332e-07	-3.1188395e-07	0.0049142507	0.048139594	-5.947112e-18	-9.119664e-18	1.2072922e-17	1.3635826e-18	0	-1.0263952e-17
3.7000999999983027e-10	2.2992904e-07	-3.9421826e-07	0.0058290907	0.047043245	-6.2770704e-18	-9.025423e-18	1.1951274e-17	1.1178815e-18	0	-1.0320803e-17
3.8000999999981266e-10	1.1724104e-07	-4.8489983e-07	0.008029592	0.04584318	-6.5859798e-18	-8.816132e-18	1.1661896e-17	9.485518e-19	0	-1.0380295e-17
3.9000999999979505e-10	-5.4636605e-08	-5.494014e-07	0.01108264	0.04459491	-6.8700183e-18	-8.46016e-18	1.1176671e-17	8.5296373e-19	0	-1.0439493e-17
4.0000999999977743e-10	-2.674917e-07	-5.5224706e-07	0.014516141	0.043410596	-7.12776e-18	-7.987152e-18	1.0551369e-17	8.047688e-19	0	-1.0496746e-17
4.100099999997598e-10	-4.7769083e-07	-4.714304e-07	0.017883541	0.042262718	-7.360957e-18	-7.465181e-18	9.888536e-18	7.669307e-19	0	-1.0551243e-17
4.200099999997422e-10	-6.2281936e-07	-3.221283e-07	0.020825962	0.04119939	-7.572208e-18	-6.9611525e-18	9.276534e-18	7.1326316e-19	0	-1.0600852e-17
4.300099999997246e-10	-6.5772605e-07	-1.4493877e-07	0.023091532	0.040199768	-7.762459e-18	-6.5168742e-18	8.7572255e-18	6.4072257e-19	0	-1.06435315e-17
4.40009999999707e-10	-5.822213e-07	2.200641e-08	0.02451331	0.039255735	-7.9318035e-18	-6.1477395e-18	8.334046e-18	5.616758e-19	0	-1.0679784e-17
4.5000999999968937e-10	-4.2343368e-07	1.4569761e-07	0.02500218	0.038349554	-8.081837e-18	-5.8465965e-18	7.986658e-18	4.902887e-19	0	-1.0712187e-17
4.6000999999967176e-10	-2.2347888e-07	2.2158179e-07	0.024558712	0.0374895	-8.216183e-18	-5.5924383e-18	7.683972e-18	4.3581727e-19	0	-1.07435335e-17
4.700099999996541e-10	-2.7697723e-08	2.5762677e-07	0.023268463	0.036694713	-8.338894e-18	-5.3649776e-18	7.400758e-18	4.0140071e-19	0	-1.0776074e-17
4.800099999996365e-10	1.2900308e-07	2.6597402e-07	0.021277295	0.03600139	-8.452779e-18	-5.156156e-18	7.130381e-18	3.843895e-19	0	-1.0811394e-17
4.900099999996189e-10	2.276525e-07	2.5572965e-07	0.018763795	0.03545448	-8.558978e-18	-4.97077e-18	6.883892e-18	3.779453e-19	0	-1.0850044e-17
5.000099999996013e-10	2.6862998e-07	2.3675861e-07	0.015913865	0.035052247	-8.657713e-18	-4.817442e-18	6.6767335e-18	3.7428654e-19	0	-1.0891292e-17
5.100099999995837e-10	2.6331807e-07	2.1740814e-07	0.012894795	0.034707144	-8.749298e-18	-4.6985153e-18	6.514584e-18	3.6810207e-19	0	-1.0933468e-17
5.200099999995661e-10	2.2575541e-07	1.9805769e-07	0.009834526	0.03432958	-8.834573e-18	-4.606966e-18	6.389146e-18	3.5807392e-19	0	-1.0974827e-17
5.300099999995485e-10	1.7491301e-07	1.783278e-07	0.0068142703	0.033900544	-8.914628e-18	-4.53008e-18	6.28347e-18	3.4601529e-19	0	-1.1014033e-17
5.400099999995309e-10	1.2672656e-07	1.6315097e-07	0.003878002	0.03344639	-8.9903366e-18	-4.4560286e-18	6.181327e-18	3.3472215e-19	0	-1.1050358e-17
5.500099999995133e-10	8.72668e-08	1.4531818e-07	0.0010504265	0.03299229	-9.06222e-18	-4.3803358e-18	6.0762645e-18	3.2570208e-19	0	-1.10838505e-17
5.600099999994956e-10	6.526039e-08	1.2596773e-07	-0.001649812	0.03255442	-9.130728e-18	-4.3068122e-18	5.9730183e-18	3.1816835e-19	0	-1.1115102e-17
5.70009999999478e-10	5.805139e-08	1.1003205e-07	-0.0042063254	0.032137357	-9.196528e-18	-4.240668e-18	5.8786374e-18	3.1031254e-19	0	-1.11448095e-17
5.800099999994604e-10	6.7726624e-08	9.333753e-08	-0.006602853	0.031734187	-9.260366e-18	-4.1816983e-18	5.793548e-18	3.0127663e-19	0	-1.1173493e-17
5.900099999994428e-10	8.859477e-08	6.905459e-08	-0.008818295	0.031343665	-9.322784e-18	-4.1249855e-18	5.7120742e-18	2.9155718e-19	0	-1.1201429e-17
6.000099999994252e-10	1.18379305e-07	4.8186447e-08	-0.010827043	0.030963916	-9.384056e-18	-4.066198e-18	5.628922e-18	2.8198468e-19	0	-1.1228765e-17
6.100099999994076e-10	1.527169e-07	2.2765251e-08	-0.012608249	0.030596485	-9.444378e-18	-4.0046762e-18	5.5431275e-18	2.7287295e-19	0	-1.1255701e-17
6.2000999999939e-10	1.8800303e-07	-6.4501546e-09	-0.014155952	0.03023767	-9.503998e-18	-3.94234e-18	5.4568447e-18	2.6406304e-19	0	-1.12825665e-17
6.300099999993724e-10	2.1949496e-07	-3.3389036e-08	-0.015480683	0.029884703	-9.563244e-18	-3.88106e-18	5.372151e-18	2.553994e-19	0	-1.1309735e-17
6.400099999993547e-10	2.5022806e-07	-5.843081e-08	-0.016602984	0.029535253	-9.6224895e-18	-3.821185e-18	5.2892278e-18	2.4699396e-19	0	-1.1337526e-17
6.500099999993371e-10	2.7413157e-07	-8.081664e-08	-0.017545832	0.029186344	-9.682097e-18	-3.7618412e-18	5.2067707e-18	2.390818e-19	0	-1.13661085e-17
6.600099999993195e-10	2.9386146e-07	-9.864942e-08	-0.01833093	0.028833434	-9.7424174e-18	-3.7019757e-18	5.1233404e-18	2.317131e-19	0	-1.1395495e-17
6.700099999993019e-10	3.0865885e-07	-1.0984234e-07	-0.018978791	0.028472325	-9.803751e-18	-3.641074e-18	5.0382992e-18	2.2458403e-19	0	-1.142556e-17
6.800099999992843e-10	3.1681643e-07	-1.1572336e-07	-0.019509852	0.028095404	-9.866341e-18	-3.5792643e-18	4.951934e-18	2.1710045e-19	0	-1.1456111e-17
6.900099999992667e-10	3.1985178e-07	-1.181896e-07	-0.01994446	0.027702011	-9.93036e-18	-3.517074e-18	4.865109e-18	2.0855972e-19	0	-1.14869554e-17
7.000099999992491e-10	3.221283e-07	-1.173359e-07	-0.020301478	0.027292138	-9.995928e-18	-3.45518e-18	4.7788854e-18	1.983079e-19	0	-1.1517942e-17
7.100099999992315e-10	3.2269745e-07	-1.12024004e-07	-0.02059651	0.02686695	-1.0063099e-17	-3.3942322e-18	4.694255e-18	1.8582071e-19	0	-1.1548943e-17
7.200099999992138e-10	3.2402542e-07	-1.0690182e-07	-0.02084078	0.026427632	-1.01319095e-17	-3.3346848e-18	4.611887e-18	1.7074467e-19	0	-1.1579857e-17
7.300099999991962e-10	3.2345628e-07	-9.940826e-08	-0.02104089	0.025975006	-1.0202411e-17	-3.276583e-18	4.531838e-18	1.5292692e-19	0	-1.1610593e-17
7.400099999991786e-10	3.2516368e-07	-8.9733035e-08	-0.021199254	0.025510658	-1.02747016e-17	-3.2193348e-18	4.45327e-18	1.3242457e-19	0	-1.1641062e-17
7.50009999999161e-10	3.2762992e-07	-7.948867e-08	-0.021314442	0.0250315	-1.0348955e-17	-3.161511e-18	4.374204e-18	1.0949665e-19	0	-1.16711446e-17
7.600099999991434e-10	3.274402e-07	-6.611408e-08	-0.021381559	0.02453481	-1.04254205e-17	-3.1007597e-18	4.2914626e-18	8.456745e-20	0	-1.1700691e-17
7.700099999991258e-10	3.2582767e-07	-5.330863e-08	-0.021392787	0.024015976	-1.0504391e-17	-3.033915e-18	4.2008285e-18	5.818403e-20	0	-1.1729488e-17
7.800099999991082e-10	3.246894e-07	-3.7942087e-08	-0.021338455	0.023467364	-1.05860854e-17	-2.9573558e-18	4.097559e-18	3.0959163e-20	0	-1.175725e-17
7.900099999990906e-10	3.2307685e-07	-2.3524093e-08	-0.021209007	0.022884225	-1.06705025e-17	-2.867728e-18	3.977356e-18	3.489012e-21	0	-1.178362e-17
8.00009999999073e-10	3.170061e-07	-6.0707337e-09	-0.02099842	0.0222617	-1.0757183e-17	-2.7630482e-18	3.8378132e-18	-2.3760031e-20	0	-1.18081885e-17
8.100099999990553e-10	3.0913313e-07	6.8295756e-09	-0.020709394	0.02159725	-1.0845072e-17	-2.643993e-18	3.6800856e-18	-5.058342e-20	0	-1.1830581e-17
8.200099999990377e-10	3.0258812e-07	1.8212202e-08	-0.02035907	0.020904604	-1.0932548e-17	-2.5147188e-18	3.509918e-18	-7.714447e-20	0	-1.1850602e-17
8.300099999990201e-10	2.9405115e-07	2.3903514e-08	-0.019984221	0.020216497	-1.1017756e-17	-2.382254e-18	3.3369518e-18	-1.0399252e-19	0	-1.1868463e-17
8.400099999990025e-10	2.8418623e-07	3.4147877e-08	-0.01964555	0.019580586	-1.10991334e-17	-2.2547093e-18	3.1727125e-18	-1.3223706e-19	0	-1.18849e-17
8.500099999989849e-10	2.6862998e-07	4.932471e-08	-0.019433727	0.019064732	-1.1176051e-17	-2.1421637e-18	3.0318548e-18	-1.6500599e-19	0	-1.1900737e-17
8.600099999989673e-10	2.3969912e-07	6.791633e-08	-0.019467508	0.01860915	-1.12495405e-17	-2.065748e-18	2.9425676e-18	-2.1096931e-19	0	-1.1915391e-17
8.700099999989497e-10	1.8591622e-07	8.650795e-08	-0.019849349	0.018120173	-1.1322299e-17	-2.0660103e-18	2.9545442e-18	-2.8526797e-19	0	-1.19255655e-17
8.800099999989321e-10	1.00261964e-07	9.068158e-08	-0.020556837	0.0175777	-1.1398696e-17	-2.1697878e-18	3.0959739e-18	-3.9770598e-19	0	-1.1927176e-17
8.900099999989144e-10	-2.7982288e-09	6.0707336e-08	-0.021271186	0.017050115	-1.1483456e-17	-2.3018584e-18	3.265407e-18	-5.2579213e-19	0	-1.1921212e-17
9.000099999988968e-10	-8.4853916e-08	0	-0.021383911	0.016702788	-1.1576369e-17	-2.2889314e-18	3.2413655e-18	-6.1022706e-19	0	-1.1918576e-17
9.100099999988792e-10	-1.19897e-07	-4.477166e-08	-0.020492172	0.016655166	-1.1666922e-17	-2.0687882e-18	2.949387e-18	-6.143183e-19	0	-1.1933203e-17
9.200099999988616e-10	-1.3251274e-07	-4.439224e-08	-0.018835923	0.01669661	-1.17409015e-17	-1.7893478e-18	2.5860247e-18	-5.7242744e-19	0	-1.1965151e-17
9.30009999998844e-10	-1.3735036e-07	-1.745336e-08	-0.016938575	0.016716063	-1.179464e-17	-1.5917578e-18	2.3358937e-18	-5.3920414e-19	0	-1.1999572e-17
9.400099999989161e-10	-1.3810919e-07	1.2141467e-08	-0.0151256565	0.016682526	-1.1833483e-17	-1.4972177e-18	2.2242035e-18	-5.3655696e-19	0	-1.20239114e-17
9.50009999999002e-10	-1.3459955e-07	3.870093e-08	-0.013515445	0.016610546	-1.1862725e-17	-1.4766199e-18	2.2097024e-18	-5.594843e-19	0	-1.2036323e-17
9.600099999990877e-10	-1.2569501e-07	5.3877763e-08	-0.012151432	0.016518803	-1.1885214e-17	-1.5009245e-18	2.2525652e-18	-5.9579353e-19	0	-1.2041061e-17
9.700099999991735e-10	-1.16565204e-07	6.0707336e-08	-0.011052934	0.016420826	-1.1902514e-17	-1.5484761e-18	2.323906e-18	-6.352649e-19	0	-1.20426785e-17
9.800099999992593e-10	-1.04886155e-07	6.2983865e-08	-0.010218059	0.01632709	-1.19157816e-17	-1.6028873e-18	2.4022183e-18	-6.713097e-19	0	-1.2043802e-17
9.90009999999345e-10	-9.080015e-08	6.222502e-08	-0.009623758	0.016244978	-1.1925981e-17	-1.6521314e-18	2.471781e-18	-7.003632e-19	0	-1.2045267e-17
1.0000099999994308e-09	-7.894325e-08	5.99485e-08	-0.009231624	0.016178777	-1.1933871e-17	-1.6886442e-18	2.5227594e-18	-7.2104383e-19	0	-1.2046942e-17
1.0100099999995166e-09	-6.8983454e-08	5.6533707e-08	-0.008995702	0.016128406	-1.1939999e-17	-1.7093238e-18	2.5512806e-18	-7.3351564e-19	0	-1.2048441e-17
1.0200099999996024e-09	-5.904737e-08	5.236008e-08	-0.00887018	0.01609288	-1.1944751e-17	-1.7148728e-18	2.5585815e-18	-7.3895156e-19	0	-1.20495086e-17
1.0300099999996882e-09	-5.150638e-08	5.1601237e-08	-0.008814938	0.016069679	-1.1948411e-17	-1.7084981e-18	2.5492528e-18	-7.390427e-19	0	-1.2050124e-17
1.040009999999774e-09	-4.5459362e-08	4.6668767e-08	-0.008797711	0.016056413	-1.1951212e-17	-1.6943894e-18	2.5292276e-18	-7.3562387e-19	0	-1.2050427e-17
1.0500099999998598e-09	-3.8143654e-08	4.2874557e-08	-0.008794897	0.016048916	-1.1953351e-17	-1.6765286e-18	2.504203e-18	-7.304278e-19	0	-1.2050598e-17
1.0600099999999456e-09	-3.0661948e-08	4.059803e-08	-0.008791819	0.016041936	-1.1954992e-17	-1.6581894e-18	2.4788626e-18	-7.249055e-19	0	-1.205076e-17
1.0700000000000313e-09	-2.6737313e-08	3.604498e-08	-0.008781046	0.016031614	-1.1956271e-17	-1.641988e-18	2.4567926e-18	-7.201171e-19	0	-1.2050959e-17
1.080000000000117e-09	-2.4638641e-08	3.2630194e-08	-0.008758934	0.016018916	-1.1957293e-17	-1.6298926e-18	2.440526e-18	-7.1673256e-19	0	-1.20511935e-17
1.0900000000002028e-09	-2.2575541e-08	3.073309e-08	-0.008723506	0.016009292	-1.1958124e-17	-1.6230787e-18	2.4315348e-18	-7.1512204e-19	0	-1.2051458e-17
1.1000000000002886e-09	-1.9777312e-08	2.7318302e-08	-0.008675038	0.01600822	-1.1958809e-17	-1.621558e-18	2.4298447e-18	-7.153385e-19	0	-1.2051757e-17
1.1100000000003744e-09	-2.0109304e-08	2.3903514e-08	-0.008616944	0.016016273	-1.1959384e-17	-1.6241926e-18	2.4340234e-18	-7.171113e-19	0	-1.20521034e-17
1.1200000000004602e-09	-1.68368e-08	2.0868146e-08	-0.008554592	0.016029125	-1.19598695e-17	-1.6291595e-18	2.4416837e-18	-7.199106e-19	0	-1.2052483e-17
1.130000000000546e-09	-1.5247975e-08	1.5935676e-08	-0.008493047	0.016040893	-1.1960286e-17	-1.6346317e-18	2.450307e-18	-7.2310604e-19	0	-1.2052856e-17
1.1400000000006318e-09	-1.15960495e-08	1.3659151e-08	-0.008435179	0.016048077	-1.19606545e-17	-1.639331e-18	2.4579963e-18	-7.2614764e-19	0	-1.2053172e-17
1.1500000000007175e-09	-1.0659354e-08	1.2520888e-08	-0.008380877	0.016050387	-1.1960994e-17	-1.642715e-18	2.4637972e-18	-7.2867855e-19	0	-1.2053397e-17
1.1600000000008033e-09	-1.1121774e-08	1.2520888e-08	-0.008327781	0.016050229	-1.196131e-17	-1.644873e-18	2.4676386e-18	-7.3056044e-19	0	-1.20535146e-17
1.1700000000008891e-09	-1.0386646e-08	1.2900309e-08	-0.008272718	0.016050223	-1.19616065e-17	-1.6462242e-18	2.4699754e-18	-7.31827e-19	0	-1.205353e-17
1.1800000000009749e-09	-8.347259e-09	1.2141467e-08	-0.0082127815	0.016052121	-1.19618845e-17	-1.6472119e-18	2.4713917e-18	-7.3260094e-19	0	-1.2053463e-17
1.1900000000010607e-09	-4.719047e-09	1.2900309e-08	-0.008146071	0.0160562	-1.1962144e-17	-1.6481301e-18	2.4723498e-18	-7.33026e-19	0	-1.2053338e-17
1.2000000000011465e-09	-4.0017043e-09	1.17620464e-08	-0.008072031	0.01606187	-1.19623775e-17	-1.6490645e-18	2.4730818e-18	-7.3322504e-19	0	-1.20531705e-17
1.2100000000012322e-09	-1.748893e-10	1.13826255e-08	-0.007991212	0.016068064	-1.19625975e-17	-1.6499626e-18	2.4736495e-18	-7.3328936e-19	0	-1.2052995e-17
1.220000000001318e-09	5.928451e-12	7.588417e-09	-0.007905054	0.016073767	-1.19627985e-17	-1.6507093e-18	2.4740118e-18	-7.332776e-19	0	-1.2052823e-17
1.2300000000014038e-09	5.0391833e-11	7.967838e-09	-0.007815478	0.016078293	-1.1962986e-17	-1.6512159e-18	2.474133e-18	-7.332308e-19	0	-1.20526725e-17
1.2400000000014896e-09	-1.8852473e-09	3.7942085e-09	-0.0077245208	0.016081356	-1.1963163e-17	-1.6514629e-18	2.474032e-18	-7.331834e-19	0	-1.20525484e-17
1.2500000000015754e-09	-3.2547196e-09	3.0353668e-09	-0.0076340325	0.01608301	-1.1963329e-17	-1.6515052e-18	2.4737955e-18	-7.3316704e-19	0	-1.20524525e-17
1.2600000000016612e-09	-3.0709375e-09	1.5176834e-09	-0.007545585	0.016083572	-1.19634876e-17	-1.6514549e-18	2.4735629e-18	-7.3321093e-19	0	-1.2052385e-17
1.270000000001747e-09	-3.640069e-09	2.2765252e-09	-0.0074604773	0.016083421	-1.1963635e-17	-1.6514491e-18	2.4734892e-18	-7.3333837e-19	0	-1.2052337e-17
1.2800000000018327e-09	-3.0709375e-09	1.5176834e-09	-0.007379332	0.01608304	-1.1963775e-17	-1.6515893e-18	2.473679e-18	-7.3355643e-19	0	-1.2052308e-17
1.2900000000019185e-09	-3.6993533e-09	2.655946e-09	-0.0073025418	0.016082814	-1.1963905e-17	-1.6519342e-18	2.4741795e-18	-7.3385934e-19	0	-1.2052291e-17
1.3000000000020043e-09	-4.564907e-09	1.5176834e-09	-0.007230276	0.016082877	-1.19640285e-17	-1.6524915e-18	2.4749804e-18	-7.3423167e-19	0	-1.2052285e-17
1.3100000000020901e-09	-3.616355e-09	7.588417e-10	-0.0071623684	0.016083365	-1.1964143e-17	-1.6532148e-18	2.4760022e-18	-7.346473e-19	0	-1.2052284e-17
1.3200000000021759e-09	-3.4029308e-09	-1.5176834e-09	-0.0070984573	0.016084177	-1.1964251e-17	-1.6540209e-18	2.4771303e-18	-7.350748e-19	0	-1.2052285e-17
1.3300000000022617e-09	-2.916798e-09	-1.1382626e-09	-0.0070382445	0.016085219	-1.1964351e-17	-1.6548315e-18	2.478255e-18	-7.3548754e-19	0	-1.2052289e-17
1.3400000000023475e-09	-2.3713804e-09	-1.5176834e-09	-0.006981314	0.016086372	-1.1964448e-17	-1.6555619e-18	2.4792648e-18	-7.358593e-19	0	-1.2052291e-17
1.3500000000024332e-09	-1.1856902e-09	-3.0353668e-09	-0.0069270586	0.01608754	-1.1964536e-17	-1.656154e-18	2.480085e-18	-7.361752e-19	0	-1.2052291e-17
1.360000000002519e-09	-1.3754006e-09	-3.4147878e-09	-0.006874992	0.016088583	-1.1964622e-17	-1.6565758e-18	2.4806762e-18	-7.3642825e-19	0	-1.2052294e-17
1.3700000000026048e-09	-1.3161161e-09	-2.655946e-09	-0.0068247733	0.01608942	-1.1964703e-17	-1.6568272e-18	2.4810402e-18	-7.3662067e-19	0	-1.20522945e-17
1.3800000000026906e-09	-1.090835e-09	-4.5530504e-09	-0.006776068	0.016090104	-1.1964777e-17	-1.6569331e-18	2.48121e-18	-7.3676155e-19	0	-1.2052293e-17
1.3900000000027764e-09	-2.1342423e-09	-4.1736294e-09	-0.0067286706	0.016090613	-1.1964849e-17	-1.6569321e-18	2.481237e-18	-7.368631e-19	0	-1.205229e-17
1.4000000000028622e-09	-2.3239528e-09	-2.2765252e-09	-0.0066822674	0.016091006	-1.1964915e-17	-1.6568697e-18	2.4811822e-18	-7.3694157e-19	0	-1.2052286e-17
1.410000000002948e-09	-3.7942085e-09	-2.2765252e-09	-0.006636645	0.016091272	-1.196498e-17	-1.6567901e-18	2.481106e-18	-7.3701115e-19	0	-1.20522846e-17
1.4200000000030337e-09	-5.3593197e-09	-1.8971043e-09	-0.0065916874	0.01609158	-1.19650385e-17	-1.6567276e-18	2.4810524e-18	-7.370831e-19	0	-1.2052281e-17
1.4300000000031195e-09	-5.3593197e-09	-3.0353668e-09	-0.006547332	0.016091775	-1.1965096e-17	-1.6567091e-18	2.4810573e-18	-7.371648e-19	0	-1.205228e-17
1.4400000000032053e-09	-4.315912e-09	-1.5176834e-09	-0.0065036467	0.01609204	-1.196515e-17	-1.6567455e-18	2.481135e-18	-7.3726075e-19	0	-1.205228e-17
1.450000000003291e-09	-4.695333e-09	-1.8971043e-09	-0.0064607207	0.01609223	-1.19652015e-17	-1.6568391e-18	2.4812877e-18	-7.3737087e-19	0	-1.205228e-17
1.4600000000033769e-09	-3.6993533e-09	-1.1382626e-09	-0.006418636	0.016092489	-1.1965252e-17	-1.6569753e-18	2.4814974e-18	-7.374914e-19	0	-1.2052282e-17
1.4700000000034627e-09	-3.5570704e-09	-3.4147878e-09	-0.0063773664	0.016092714	-1.19652974e-17	-1.6571451e-18	2.4817507e-18	-7.3761944e-19	0	-1.2052284e-17
1.4800000000035485e-09	-3.746781e-09	-3.7942085e-09	-0.0063369437	0.016092923	-1.19653404e-17	-1.6573274e-18	2.4820212e-18	-7.377481e-19	0	-1.2052286e-17
1.4900000000036342e-09	-4.2684847e-09	-3.0353668e-09	-0.006297454	0.016093103	-1.1965382e-17	-1.6574969e-18	2.482273e-18	-7.378691e-19	0	-1.2052288e-17
1.50000000000372e-09	-4.315912e-09	-3.0353668e-09	-0.006258944	0.016093282	-1.1965421e-17	-1.6576459e-18	2.4824972e-18	-7.379806e-19	0	-1.2052291e-17
1.5100000000038058e-09	-4.2684847e-09	-2.655946e-09	-0.0062214765	0.016093394	-1.19654554e-17	-1.657771e-18	2.4826887e-18	-7.3808075e-19	0	-1.2052293e-17
1.5200000000038916e-09	-3.248791e-09	-3.0353668e-09	-0.0061849966	0.01609348	-1.19654935e-17	-1.6578707e-18	2.4828444e-18	-7.3817003e-19	0	-1.2052297e-17
1.5300000000039774e-09	-2.7982288e-09	-2.655946e-09	-0.006149538	0.01609351	-1.1965526e-17	-1.6579433e-18	2.482964e-18	-7.382478e-19	0	-1.2052299e-17
1.5400000000040632e-09	-4.0313464e-09	-3.4147878e-09	-0.006115072	0.016093498	-1.1965559e-17	-1.6579923e-18	2.4830504e-18	-7.383154e-19	0	-1.2052302e-17
1.550000000004149e-09	-3.86535e-09	-3.7942085e-09	-0.0060815727	0.01609347	-1.1965587e-17	-1.6580265e-18	2.483117e-18	-7.383763e-19	0	-1.2052302e-17
1.5600000000042347e-09	-2.893084e-09	-3.0353668e-09	-0.006049069	0.016093414	-1.1965614e-17	-1.6580532e-18	2.4831728e-18	-7.3843204e-19	0	-1.2052302e-17
1.5700000000043205e-09	-5.9758785e-09	-4.5530504e-09	-0.0060175015	0.016093386	-1.196564e-17	-1.6580779e-18	2.4832233e-18	-7.384841e-19	0	-1.2052301e-17
1.5800000000044063e-09	-5.406747e-09	-3.7942085e-09	-0.0059869257	0.016093325	-1.1965665e-17	-1.6581039e-18	2.483275e-18	-7.3853425e-19	0	-1.2052302e-17
1.590000000004492e-09	-5.05104e-09	-5.6913128e-09	-0.0059571145	0.01609327	-1.196569e-17	-1.6581339e-18	2.4833294e-18	-7.3858274e-19	0	-1.2052303e-17
1.6000000000045779e-09	-6.023306e-09	-3.7942085e-09	-0.0059281248	0.016093208	-1.1965714e-17	-1.6581696e-18	2.4833908e-18	-7.386313e-19	0	-1.2052304e-17
1.6100000000046637e-09	-5.0036126e-09	-4.1736294e-09	-0.005899917	0.016093146	-1.1965735e-17	-1.6582091e-18	2.483457e-18	-7.386793e-19	0	-1.2052304e-17
1.6200000000047495e-09	-5.2881783e-09	-4.5530504e-09	-0.0058724573	0.016093105	-1.1965755e-17	-1.6582555e-18	2.4835308e-18	-7.38727e-19	0	-1.2052302e-17
1.6300000000048352e-09	-4.6479056e-09	-3.4147878e-09	-0.005845754	0.01609307	-1.1965774e-17	-1.6583034e-18	2.483606e-18	-7.387737e-19	0	-1.2052302e-17
1.640000000004921e-09	-4.9324713e-09	-4.5530504e-09	-0.005819723	0.016093032	-1.1965791e-17	-1.6583512e-18	2.4836803e-18	-7.3881875e-19	0	-1.2052302e-17
1.6500000000050068e-09	-5.1221813e-09	-4.1736294e-09	-0.0057943645	0.016092997	-1.1965809e-17	-1.6583959e-18	2.4837504e-18	-7.3886125e-19	0	-1.2052302e-17
1.6600000000050926e-09	-4.36334e-09	-4.1736294e-09	-0.005769642	0.016092988	-1.1965825e-17	-1.6584375e-18	2.483815e-18	-7.3890105e-19	0	-1.2052302e-17
1.6700000000051784e-09	-4.695333e-09	-6.0707337e-09	-0.0057455455	0.01609294	-1.1965842e-17	-1.6584739e-18	2.4838724e-18	-7.389378e-19	0	-1.2052303e-17
1.6800000000052642e-09	-4.078774e-09	-4.5530504e-09	-0.005722048	0.016092902	-1.19658574e-17	-1.6585088e-18	2.4839272e-18	-7.3897255e-19	0	-1.2052303e-17
1.69000000000535e-09	-5.5964575e-09	-3.0353668e-09	-0.0056991833	0.016092906	-1.1965871e-17	-1.6585401e-18	2.4839766e-18	-7.390047e-19	0	-1.2052303e-17
1.7000000000054357e-09	-4.7664743e-09	-3.0353668e-09	-0.005676928	0.016092869	-1.1965883e-17	-1.6585691e-18	2.4840228e-18	-7.39035e-19	0	-1.2052302e-17
1.7100000000055215e-09	-4.7664743e-09	-4.5530504e-09	-0.0056552575	0.016092846	-1.1965894e-17	-1.6585928e-18	2.4840614e-18	-7.39063e-19	0	-1.20522995e-17
1.7200000000056073e-09	-5.7387406e-09	-3.0353668e-09	-0.005634168	0.016092807	-1.1965906e-17	-1.6586162e-18	2.4840989e-18	-7.3908913e-19	0	-1.20522995e-17
1.730000000005693e-09	-6.5924373e-09	-3.0353668e-09	-0.0056135864	0.016092818	-1.1965918e-17	-1.6586376e-18	2.4841328e-18	-7.3911323e-19	0	-1.20522995e-17
1.7400000000057789e-09	-7.351279e-09	-3.7942085e-09	-0.005593521	0.016092772	-1.1965929e-17	-1.6586575e-18	2.484164e-18	-7.391361e-19	0	-1.20522995e-17
1.7500000000058647e-09	-7.280138e-09	-5.6913128e-09	-0.0055739805	0.01609275	-1.1965938e-17	-1.6586756e-18	2.484193e-18	-7.391575e-19	0	-1.2052298e-17
1.7600000000059504e-09	-6.616151e-09	-3.4147878e-09	-0.0055549624	0.016092742	-1.1965948e-17	-1.6586916e-18	2.4842188e-18	-7.3917723e-19	0	-1.2052298e-17
1.7700000000060362e-09	-5.833596e-09	-4.5530504e-09	-0.005536379	0.016092744	-1.1965956e-17	-1.6587054e-18	2.4842411e-18	-7.391951e-19	0	-1.2052297e-17
1.780000000006122e-09	-5.786168e-09	-4.9324713e-09	-0.0055183023	0.016092733	-1.1965965e-17	-1.6587183e-18	2.4842626e-18	-7.3921244e-19	0	-1.2052297e-17
1.7900000000062078e-09	-5.2881783e-09	-4.1736294e-09	-0.005500744	0.01609275	-1.1965972e-17	-1.6587307e-18	2.4842833e-18	-7.3922903e-19	0	-1.2052297e-17
1.8000000000062936e-09	-5.027326e-09	-1.5176834e-09	-0.0054835873	0.016092725	-1.19659815e-17	-1.6587466e-18	2.484307e-18	-7.3924516e-19	0	-1.2052295e-17
1.8100000000063794e-09	-3.7942085e-09	-2.655946e-09	-0.0054669003	0.016092721	-1.1965988e-17	-1.6587612e-18	2.4843292e-18	-7.392604e-19	0	-1.2052295e-17
1.8200000000064652e-09	-3.7704946e-09	-1.8971043e-09	-0.005450675	0.016092686	-1.19659956e-17	-1.6587746e-18	2.4843501e-18	-7.3927515e-19	0	-1.2052295e-17
1.830000000006551e-09	-3.248791e-09	-5.311892e-09	-0.00543491	0.016092673	-1.1966e-17	-1.6587868e-18	2.4843691e-18	-7.3928874e-19	0	-1.2052294e-17
1.8400000000066367e-09	-4.221057e-09	-4.9324713e-09	-0.0054195737	0.016092718	-1.1966009e-17	-1.6588006e-18	2.4843894e-18	-7.393017e-19	0	-1.2052295e-17
1.8500000000067225e-09	-3.7704946e-09	-4.9324713e-09	-0.0054046786	0.01609271	-1.1966013e-17	-1.6588105e-18	2.484405e-18	-7.3931346e-19	0	-1.2052294e-17
1.8600000000068083e-09	-3.86535e-09	-3.7942085e-09	-0.0053901984	0.01609274	-1.1966019e-17	-1.6588169e-18	2.4844165e-18	-7.3932416e-19	0	-1.2052294e-17
1.870000000006742e-09	-5.311892e-09	-3.4147878e-09	-0.0053761518	0.016092718	-1.1966024e-17	-1.6588259e-18	2.4844304e-18	-7.3933455e-19	0	-1.2052294e-17
1.880000000006621e-09	-5.786168e-09	-7.588417e-10	-0.0053624753	0.016092718	-1.19660295e-17	-1.6588348e-18	2.4844432e-18	-7.39344e-19	0	-1.2052294e-17
1.8900000000065e-09	-6.2130163e-09	-2.2765252e-09	-0.0053491793	0.016092716	-1.19660344e-17	-1.6588409e-18	2.484453e-18	-7.3935275e-19	0	-1.2052294e-17
1.900000000006379e-09	-5.6438854e-09	-3.0353668e-09	-0.0053362306	0.01609271	-1.19660386e-17	-1.6588452e-18	2.4844605e-18	-7.393607e-19	0	-1.2052294e-17
1.910000000006258e-09	-5.169609e-09	-3.0353668e-09	-0.005323654	0.0160927	-1.1966043e-17	-1.6588483e-18	2.4844672e-18	-7.3936826e-19	0	-1.2052294e-17
1.920000000006137e-09	-4.6004778e-09	-4.5530504e-09	-0.0053113988	0.016092675	-1.1966048e-17	-1.6588515e-18	2.4844727e-18	-7.3937503e-19	0	-1.2052294e-17
1.930000000006016e-09	-3.4147878e-09	-4.9324713e-09	-0.0052994695	0.016092686	-1.1966051e-17	-1.6588555e-18	2.4844798e-18	-7.3938175e-19	0	-1.2052294e-17
1.940000000005895e-09	-3.0827945e-09	-4.5530504e-09	-0.005287863	0.016092721	-1.1966055e-17	-1.6588601e-18	2.4844866e-18	-7.393881e-19	0	-1.2052293e-17
1.950000000005774e-09	-2.8456564e-09	-4.5530504e-09	-0.0052765445	0.01609269	-1.19660584e-17	-1.6588648e-18	2.484494e-18	-7.3939436e-19	0	-1.2052293e-17
1.960000000005653e-09	-4.5530504e-09	-3.0353668e-09	-0.0052655586	0.016092727	-1.196606e-17	-1.658871e-18	2.4845036e-18	-7.3940114e-19	0	-1.2052291e-17
1.9700000000055318e-09	-3.9364916e-09	-5.311892e-09	-0.005254888	0.016092742	-1.1966063e-17	-1.6588799e-18	2.4845162e-18	-7.39408e-19	0	-1.2052291e-17
1.9800000000054108e-09	-3.0353668e-09	-4.5530504e-09	-0.005244448	0.016092729	-1.1966067e-17	-1.6588854e-18	2.484524e-18	-7.394138e-19	0	-1.2052291e-17
1.9900000000052898e-09	-4.5530504e-09	-5.6913128e-09	-0.0052342974	0.016092718	-1.1966069e-17	-1.6588864e-18	2.4845271e-18	-7.3941835e-19	0	-1.2052291e-17
2.0000000000051688e-09	-4.4107673e-09	-4.5530504e-09	-0.0052244263	0.016092703	-1.19660725e-17	-1.6588886e-18	2.4845306e-18	-7.3942264e-19	0	-1.205229e-17
2.0100000000050478e-09	-5.454175e-09	-4.5530504e-09	-0.005214842	0.016092671	-1.1966075e-17	-1.6588907e-18	2.4845346e-18	-7.3942714e-19	0	-1.205229e-17
2.0200000000049267e-09	-5.2170366e-09	-5.6913128e-09	-0.005205517	0.016092677	-1.1966076e-17	-1.6588902e-18	2.4845352e-18	-7.3943066e-19	0	-1.205229e-17
2.0300000000048057e-09	-5.027326e-09	-6.8295756e-09	-0.0051964363	0.016092632	-1.1966079e-17	-1.6588893e-18	2.4845348e-18	-7.3943334e-19	0	-1.205229e-17
2.0400000000046847e-09	-4.7901882e-09	-6.0707337e-09	-0.0051875967	0.016092634	-1.1966082e-17	-1.6588865e-18	2.4845319e-18	-7.394358e-19	0	-1.2052291e-17
2.0500000000045637e-09	-4.9324713e-09	-6.0707337e-09	-0.0051789833	0.016092615	-1.1966083e-17	-1.6588848e-18	2.4845306e-18	-7.394384e-19	0	-1.205229e-17
2.0600000000044427e-09	-5.2170366e-09	-4.1736294e-09	-0.0051706024	0.01609264	-1.1966085e-17	-1.6588853e-18	2.4845323e-18	-7.3944125e-19	0	-1.205229e-17
2.0700000000043217e-09	-5.7387406e-09	-4.5530504e-09	-0.0051624486	0.016092679	-1.1966086e-17	-1.6588887e-18	2.484537e-18	-7.3944487e-19	0	-1.20522895e-17
2.0800000000042007e-09	-4.695333e-09	-5.311892e-09	-0.005154597	0.016092652	-1.1966087e-17	-1.6588908e-18	2.4845406e-18	-7.394481e-19	0	-1.20522895e-17
2.0900000000040797e-09	-3.5096428e-09	-4.1736294e-09	-0.005146934	0.016092641	-1.196609e-17	-1.6588937e-18	2.4845447e-18	-7.3945103e-19	0	-1.2052289e-17
2.1000000000039587e-09	-5.074754e-09	-3.7942085e-09	-0.0051394347	0.016092658	-1.196609e-17	-1.6588969e-18	2.4845495e-18	-7.3945397e-19	0	-1.20522895e-17
2.1100000000038377e-09	-4.837616e-09	-4.5530504e-09	-0.005132078	0.016092652	-1.1966092e-17	-1.6589017e-18	2.4845559e-18	-7.3945713e-19	0	-1.2052289e-17
2.1200000000037166e-09	-4.0313464e-09	-2.655946e-09	-0.0051249294	0.016092643	-1.1966093e-17	-1.6589024e-18	2.4845567e-18	-7.3945894e-19	0	-1.20522895e-17
2.1300000000035956e-09	-5.6438854e-09	-3.0353668e-09	-0.005117997	0.016092636	-1.1966094e-17	-1.6588985e-18	2.4845528e-18	-7.394599e-19	0	-1.2052289e-17
2.1400000000034746e-09	-5.1221813e-09	-3.7942085e-09	-0.0051112487	0.016092623	-1.1966095e-17	-1.6588942e-18	2.484547e-18	-7.394603e-19	0	-1.2052288e-17
2.1500000000033536e-09	-5.027326e-09	-4.1736294e-09	-0.0051046717	0.0160926	-1.19660965e-17	-1.658895e-18	2.4845478e-18	-7.3946157e-19	0	-1.2052288e-17
2.1600000000032326e-09	-6.165589e-09	-3.4147878e-09	-0.0050982707	0.016092591	-1.19660965e-17	-1.6588993e-18	2.484554e-18	-7.3946405e-19	0	-1.2052288e-17
2.1700000000031116e-09	-6.0707337e-09	-5.311892e-09	-0.005092105	0.016092567	-1.1966098e-17	-1.6589036e-18	2.4845596e-18	-7.394669e-19	0	-1.2052288e-17
2.1800000000029906e-09	-5.8810232e-09	-5.311892e-09	-0.0050861007	0.016092585	-1.1966099e-17	-1.6589065e-18	2.484564e-18	-7.3946907e-19	0	-1.2052288e-17
2.1900000000028696e-09	-6.2130163e-09	-4.5530504e-09	-0.005080269	0.016092574	-1.19661e-17	-1.6589076e-18	2.484566e-18	-7.39471e-19	0	-1.2052288e-17
2.2000000000027486e-09	-6.639865e-09	-3.7942085e-09	-0.005074559	0.016092565	-1.19661014e-17	-1.658908e-18	2.4845666e-18	-7.3947207e-19	0	-1.2052288e-17
2.2100000000026276e-09	-5.786168e-09	-4.1736294e-09	-0.0050689983	0.016092569	-1.1966102e-17	-1.6589051e-18	2.4845627e-18	-7.394723e-19	0	-1.2052288e-17
2.2200000000025065e-09	-5.1221813e-09	-4.1736294e-09	-0.0050636465	0.016092537	-1.1966103e-17	-1.6588985e-18	2.4845542e-18	-7.394716e-19	0	-1.2052288e-17
2.2300000000023855e-09	-5.454175e-09	-4.1736294e-09	-0.005058462	0.016092528	-1.1966104e-17	-1.6588898e-18	2.4845437e-18	-7.394705e-19	0	-1.2052288e-17
2.2400000000022645e-09	-5.5964575e-09	-5.311892e-09	-0.0050533637	0.016092515	-1.1966105e-17	-1.6588827e-18	2.4845348e-18	-7.394695e-19	0	-1.2052288e-17
2.2500000000021435e-09	-5.6438854e-09	-4.5530504e-09	-0.0050484296	0.016092507	-1.1966106e-17	-1.65888e-18	2.4845313e-18	-7.3946974e-19	0	-1.2052288e-17
2.2600000000020225e-09	-6.5924373e-09	-4.9324713e-09	-0.0050436063	0.01609251	-1.1966106e-17	-1.65888e-18	2.4845317e-18	-7.394708e-19	0	-1.2052288e-17
2.2700000000019015e-09	-4.2684847e-09	-3.4147878e-09	-0.0050389417	0.01609252	-1.1966107e-17	-1.658879e-18	2.4845313e-18	-7.394718e-19	0	-1.2052288e-17
2.2800000000017805e-09	-4.1736294e-09	-4.5530504e-09	-0.005034429	0.01609251	-1.1966107e-17	-1.658877e-18	2.4845298e-18	-7.394727e-19	0	-1.2052288e-17
2.2900000000016595e-09	-4.458195e-09	-2.655946e-09	-0.0050300416	0.01609251	-1.1966108e-17	-1.6588757e-18	2.4845284e-18	-7.394734e-19	0	-1.2052288e-17
2.3000000000015385e-09	-5.074754e-09	-3.0353668e-09	-0.005025725	0.016092513	-1.1966107e-17	-1.6588763e-18	2.4845294e-18	-7.394744e-19	0	-1.2052288e-17
2.3100000000014175e-09	-5.406747e-09	-1.1382626e-09	-0.0050214888	0.016092505	-1.1966109e-17	-1.6588786e-18	2.4845319e-18	-7.394754e-19	0	-1.2052286e-17
2.3200000000012965e-09	-5.2170366e-09	-2.2765252e-09	-0.0050172983	0.016092492	-1.1966109e-17	-1.6588815e-18	2.484535e-18	-7.3947636e-19	0	-1.2052285e-17
2.3300000000011754e-09	-5.311892e-09	-7.588417e-10	-0.005013232	0.01609248	-1.196611e-17	-1.6588816e-18	2.4845352e-18	-7.3947667e-19	0	-1.2052285e-17
2.3400000000010544e-09	-4.5530504e-09	-2.655946e-09	-0.005009284	0.01609248	-1.1966109e-17	-1.65888e-18	2.4845333e-18	-7.394768e-19	0	-1.2052285e-17
2.3500000000009334e-09	-5.7387406e-09	-2.655946e-09	-0.005005481	0.016092485	-1.19661105e-17	-1.6588786e-18	2.4845315e-18	-7.394769e-19	0	-1.2052286e-17
2.3600000000008124e-09	-4.6479056e-09	-3.4147878e-09	-0.005001833	0.016092459	-1.19661105e-17	-1.6588743e-18	2.4845265e-18	-7.394763e-19	0	-1.2052286e-17
2.3700000000006914e-09	-4.221057e-09	-3.7942085e-09	-0.004998309	0.016092477	-1.19661105e-17	-1.6588709e-18	2.4845228e-18	-7.394759e-19	0	-1.2052286e-17
2.3800000000005704e-09	-5.2644644e-09	-2.655946e-09	-0.00499492	0.016092444	-1.1966111e-17	-1.6588699e-18	2.484521e-18	-7.3947594e-19	0	-1.2052286e-17
2.3900000000004494e-09	-7.1615687e-09	-2.655946e-09	-0.0049916743	0.01609247	-1.1966111e-17	-1.6588714e-18	2.4845236e-18	-7.3947703e-19	0	-1.2052286e-17
2.4000000000003284e-09	-7.493562e-09	-3.0353668e-09	-0.004988525	0.016092455	-1.1966112e-17	-1.6588745e-18	2.4845273e-18	-7.394782e-19	0	-1.2052285e-17
2.4100000000002074e-09	-8.015266e-09	-3.0353668e-09	-0.0049854624	0.016092462	-1.1966112e-17	-1.658879e-18	2.4845327e-18	-7.3947956e-19	0	-1.2052286e-17
2.4200000000000864e-09	-7.351279e-09	-3.4147878e-09	-0.004982438	0.01609246	-1.1966113e-17	-1.658885e-18	2.4845397e-18	-7.3948096e-19	0	-1.2052285e-17
2.4300099999999652e-09	-6.3552994e-09	-4.5530504e-09	-0.0049794056	0.016092446	-1.1966112e-17	-1.6588928e-18	2.4845486e-18	-7.394824e-19	0	-1.2052286e-17
2.4400099999998442e-09	-7.825555e-09	-4.1736294e-09	-0.0049763923	0.016092468	-1.1966114e-17	-1.6589005e-18	2.4845571e-18	-7.3948396e-19	0	-1.2052285e-17
2.450009999999723e-09	-7.872983e-09	-6.0707337e-09	-0.0049734768	0.016092462	-1.1966113e-17	-1.6589087e-18	2.4845662e-18	-7.3948556e-19	0	-1.2052285e-17
2.460009999999602e-09	-7.588417e-09	-6.4501546e-09	-0.0049706395	0.01609251	-1.1966113e-17	-1.6589168e-18	2.4845755e-18	-7.394873e-19	0	-1.20522846e-17
2.470009999999481e-09	-7.0667134e-09	-4.9324713e-09	-0.0049678436	0.016092502	-1.1966114e-17	-1.6589222e-18	2.4845813e-18	-7.3948846e-19	0	-1.20522846e-17
2.48000999999936e-09	-8.347259e-09	-5.311892e-09	-0.0049650767	0.016092518	-1.1966113e-17	-1.6589249e-18	2.4845842e-18	-7.39489e-19	0	-1.20522846e-17
2.490009999999239e-09	-6.165589e-09	-6.8295756e-09	-0.0049623847	0.016092503	-1.1966114e-17	-1.6589258e-18	2.484585e-18	-7.3948923e-19	0	-1.2052284e-17
2.500009999999118e-09	-6.4501546e-09	-6.4501546e-09	-0.004959787	0.016092498	-1.1966114e-17	-1.6589256e-18	2.4845842e-18	-7.3948913e-19	0	-1.2052284e-17
2.510009999998997e-09	-5.54903e-09	-8.347259e-09	-0.004957236	0.016092487	-1.1966115e-17	-1.6589256e-18	2.4845834e-18	-7.394888e-19	0	-1.2052284e-17
2.520009999998876e-09	-5.454175e-09	-6.8295756e-09	-0.004954664	0.016092494	-1.1966115e-17	-1.658923e-18	2.4845792e-18	-7.394877e-19	0	-1.2052284e-17
2.530009999998755e-09	-5.6913128e-09	-5.311892e-09	-0.004952103	0.016092436	-1.19661155e-17	-1.6589175e-18	2.4845712e-18	-7.3948556e-19	0	-1.2052284e-17
2.540009999998634e-09	-4.315912e-09	-6.4501546e-09	-0.0049496004	0.016092414	-1.1966116e-17	-1.6589101e-18	2.4845604e-18	-7.394829e-19	0	-1.2052284e-17
2.550009999998513e-09	-3.1776497e-09	-7.588417e-09	-0.004947223	0.016092401	-1.1966116e-17	-1.6589022e-18	2.4845497e-18	-7.394806e-19	0	-1.2052284e-17
2.560009999998392e-09	-3.1776497e-09	-5.311892e-09	-0.0049449117	0.016092379	-1.1966117e-17	-1.6588929e-18	2.4845373e-18	-7.394779e-19	0	-1.2052284e-17
2.570009999998271e-09	-3.746781e-09	-7.588417e-09	-0.004942644	0.016092338	-1.1966116e-17	-1.6588837e-18	2.4845255e-18	-7.394756e-19	0	-1.2052282e-17
2.58000999999815e-09	-4.9324713e-09	-6.4501546e-09	-0.00494044	0.016092323	-1.1966116e-17	-1.6588763e-18	2.4845158e-18	-7.394736e-19	0	-1.2052282e-17
2.590009999998029e-09	-5.2644644e-09	-6.0707337e-09	-0.004938344	0.016092319	-1.1966116e-17	-1.6588724e-18	2.4845112e-18	-7.394729e-19	0	-1.2052282e-17
2.600009999997908e-09	-5.54903e-09	-7.588417e-09	-0.0049363784	0.016092317	-1.1966118e-17	-1.65887e-18	2.4845087e-18	-7.3947284e-19	0	-1.2052284e-17
2.610009999997787e-09	-6.3552994e-09	-5.311892e-09	-0.0049345084	0.016092291	-1.1966117e-17	-1.6588678e-18	2.4845067e-18	-7.3947315e-19	0	-1.2052284e-17
2.620009999997666e-09	-6.402727e-09	-5.6913128e-09	-0.00493272	0.01609228	-1.1966117e-17	-1.6588662e-18	2.4845058e-18	-7.3947346e-19	0	-1.2052284e-17
2.630009999997545e-09	-5.169609e-09	-6.8295756e-09	-0.004930955	0.01609227	-1.1966117e-17	-1.6588659e-18	2.484506e-18	-7.394742e-19	0	-1.2052284e-17
2.640009999997424e-09	-5.2644644e-09	-6.4501546e-09	-0.0049292245	0.016092278	-1.1966117e-17	-1.6588648e-18	2.4845056e-18	-7.394746e-19	0	-1.2052284e-17
2.650009999997303e-09	-5.7387406e-09	-6.0707337e-09	-0.004927517	0.016092254	-1.1966116e-17	-1.658863e-18	2.4845046e-18	-7.3947496e-19	0	-1.2052284e-17
2.660009999997182e-09	-5.1221813e-09	-4.9324713e-09	-0.0049258457	0.016092295	-1.1966117e-17	-1.6588614e-18	2.4845034e-18	-7.394753e-19	0	-1.2052284e-17
2.670009999997061e-09	-7.3038513e-09	-7.588417e-09	-0.0049242214	0.016092291	-1.1966116e-17	-1.6588596e-18	2.4845017e-18	-7.394754e-19	0	-1.2052284e-17
2.68000999999694e-09	-4.221057e-09	-7.967838e-09	-0.004922655	0.016092263	-1.1966116e-17	-1.6588606e-18	2.484503e-18	-7.394758e-19	0	-1.2052284e-17
2.690009999996819e-09	-5.1221813e-09	-6.0707337e-09	-0.00492119	0.016092306	-1.1966116e-17	-1.6588612e-18	2.484504e-18	-7.3947615e-19	0	-1.2052284e-17
2.700009999996698e-09	-4.078774e-09	-6.4501546e-09	-0.004919841	0.016092274	-1.1966116e-17	-1.6588585e-18	2.484501e-18	-7.394757e-19	0	-1.2052284e-17
2.710009999996577e-09	-4.9324713e-09	-6.0707337e-09	-0.004918543	0.016092272	-1.1966116e-17	-1.6588549e-18	2.484497e-18	-7.39475e-19	0	-1.2052284e-17
2.720009999996456e-09	-6.165589e-09	-6.0707337e-09	-0.004917291	0.01609229	-1.1966116e-17	-1.6588524e-18	2.4844936e-18	-7.3947445e-19	0	-1.2052284e-17
2.730009999996335e-09	-6.639865e-09	-4.1736294e-09	-0.0049160733	0.01609228	-1.1966116e-17	-1.658852e-18	2.484493e-18	-7.394743e-19	0	-1.2052284e-17
2.740009999996214e-09	-6.54501e-09	-7.588417e-09	-0.004914847	0.016092295	-1.1966116e-17	-1.6588517e-18	2.4844928e-18	-7.3947424e-19	0	-1.2052284e-17
2.750009999996093e-09	-4.9798987e-09	-7.208996e-09	-0.0049136425	0.016092265	-1.1966116e-17	-1.6588516e-18	2.4844926e-18	-7.394742e-19	0	-1.2052284e-17
2.760009999995972e-09	-5.5964575e-09	-6.8295756e-09	-0.004912513	0.0160923	-1.1966116e-17	-1.6588511e-18	2.484492e-18	-7.394743e-19	0	-1.2052284e-17
2.770009999995851e-09	-5.027326e-09	-6.8295756e-09	-0.004911426	0.016092287	-1.1966117e-17	-1.6588511e-18	2.484492e-18	-7.3947445e-19	0	-1.2052284e-17
2.78000999999573e-09	-7.588417e-09	-7.588417e-09	-0.004910387	0.016092276	-1.1966116e-17	-1.6588514e-18	2.4844928e-18	-7.3947476e-19	0	-1.2052284e-17
2.790009999995609e-09	-5.1221813e-09	-3.7942085e-09	-0.004909417	0.016092278	-1.1966116e-17	-1.6588522e-18	2.484494e-18	-7.3947507e-19	0	-1.2052284e-17
2.800009999995488e-09	-8.536969e-09	-5.311892e-09	-0.0049084965	0.016092278	-1.1966116e-17	-1.6588533e-18	2.4844957e-18	-7.394753e-19	0	-1.2052284e-17
2.810009999995367e-09	-6.260444e-09	-9.106101e-09	-0.0049076322	0.016092293	-1.1966117e-17	-1.6588546e-18	2.4844963e-18	-7.394755e-19	0	-1.2052284e-17
2.820009999995246e-09	-7.683273e-09	-7.967838e-09	-0.004906838	0.016092284	-1.1966117e-17	-1.6588549e-18	2.4844971e-18	-7.3947563e-19	0	-1.2052284e-17
2.830009999995125e-09	-6.7347203e-09	-6.8295756e-09	-0.0049061067	0.016092304	-1.1966116e-17	-1.6588542e-18	2.4844967e-18	-7.394756e-19	0	-1.2052284e-17
2.840009999995004e-09	-6.260444e-09	-7.588417e-09	-0.004905413	0.016092278	-1.1966117e-17	-1.6588533e-18	2.484495e-18	-7.394754e-19	0	-1.2052284e-17
2.850009999994883e-09	-4.742761e-09	-9.106101e-09	-0.004904751	0.016092284	-1.1966116e-17	-1.6588527e-18	2.4844947e-18	-7.394752e-19	0	-1.2052284e-17
2.860009999994762e-09	-2.8456564e-09	-1.0623784e-08	-0.0049041416	0.016092272	-1.1966116e-17	-1.6588526e-18	2.4844943e-18	-7.394753e-19	0	-1.2052284e-17
2.870009999994641e-09	-5.454175e-09	-8.347259e-09	-0.0049035456	0.016092269	-1.1966117e-17	-1.658853e-18	2.4844949e-18	-7.394755e-19	0	-1.2052284e-17
2.8800099999945198e-09	-5.8810232e-09	-8.347259e-09	-0.0049029356	0.016092274	-1.1966116e-17	-1.6588533e-18	2.4844953e-18	-7.394756e-19	0	-1.2052284e-17
2.8900099999943988e-09	-6.5924373e-09	-7.967838e-09	-0.004902313	0.016092272	-1.1966117e-17	-1.6588538e-18	2.4844961e-18	-7.394759e-19	0	-1.2052284e-17
2.9000099999942778e-09	-6.023306e-09	-9.864943e-09	-0.004901677	0.016092293	-1.1966117e-17	-1.6588542e-18	2.4844967e-18	-7.394761e-19	0	-1.2052284e-17
2.9100099999941568e-09	-5.3593197e-09	-7.588417e-09	-0.0049010306	0.016092284	-1.1966117e-17	-1.6588546e-18	2.4844971e-18	-7.394763e-19	0	-1.2052284e-17
2.9200099999940357e-09	-6.6872925e-09	-9.106101e-09	-0.0049003814	0.016092293	-1.1966117e-17	-1.6588547e-18	2.4844974e-18	-7.394764e-19	0	-1.2052284e-17
2.9300099999939147e-09	-5.169609e-09	-1.2520888e-08	-0.0048997276	0.016092276	-1.1966117e-17	-1.6588549e-18	2.484498e-18	-7.394767e-19	0	-1.2052284e-17
2.9400099999937937e-09	-4.9324713e-09	-8.347259e-09	-0.0048990822	0.016092282	-1.1966117e-17	-1.6588551e-18	2.4844982e-18	-7.394769e-19	0	-1.2052284e-17
2.9500099999936727e-09	-3.3199326e-09	-9.106101e-09	-0.0048984354	0.016092284	-1.1966116e-17	-1.6588552e-18	2.4844984e-18	-7.394769e-19	0	-1.2052284e-17
2.9600099999935517e-09	-4.837616e-09	-6.0707337e-09	-0.0048977886	0.01609229	-1.1966116e-17	-1.6588547e-18	2.4844982e-18	-7.394769e-19	0	-1.2052284e-17
2.9700099999934307e-09	-5.6438854e-09	-1.13826255e-08	-0.0048971297	0.016092278	-1.1966117e-17	-1.6588546e-18	2.4844974e-18	-7.394769e-19	0	-1.2052284e-17
2.9800099999933097e-09	-2.5610907e-09	-9.864943e-09	-0.004896466	0.016092239	-1.1966117e-17	-1.6588538e-18	2.484497e-18	-7.394769e-19	0	-1.2052284e-17
2.9900099999931887e-09	-5.454175e-09	-7.208996e-09	-0.0048958184	0.016092243	-1.1966117e-17	-1.6588526e-18	2.484495e-18	-7.3947646e-19	0	-1.2052284e-17
3.0000099999930677e-09	-2.893084e-09	-1.13826255e-08	-0.004895177	0.016092245	-1.1966117e-17	-1.6588509e-18	2.484493e-18	-7.3947605e-19	0	-1.2052284e-17
