# t (s)	mx ()	my ()	mz ()	spinAngle (rad)	E_total (J)	E_anis (J)	E_demag (J)	E_exch (J)	E_therm (J)	E_custom (J)
0	0	0	0	0.002372557	7.923579e-17	-3.21808e-16	4.4393902e-16	5.376001e-18	0	-4.82712e-17
1.0000000000000124e-11	-1.6595536e-10	1.8521804e-10	0.0011463654	0.008119299	7.141126e-17	-3.1671202e-16	4.376158e-16	-1.5933882e-18	0	-4.7899108e-17
2.0009999999999403e-11	-4.978661e-10	3.6599082e-10	0.0037205457	0.011222651	6.938452e-17	-3.0989865e-16	4.2861553e-16	-2.0259076e-18	0	-4.7306466e-17
3.000999999999824e-11	-8.060689e-10	2.6671396e-10	0.007242495	0.01438494	6.772135e-17	-3.010357e-16	4.167094e-16	-1.5040818e-18	0	-4.644833e-17
4.000000000000001e-11	-1.1853954e-09	1.9559024e-10	0.011003045	0.017860616	6.607708e-17	-2.90961e-16	4.0296952e-16	-5.2796824e-19	0	-4.5403477e-17
5.0000000000001785e-11	-1.303935e-09	5.3342792e-11	0.01432789	0.0217465	6.4254516e-17	-2.8080834e-16	3.889071e-16	5.671401e-19	0	-4.441141e-17
6.00000000000024e-11	-2.0388802e-09	4.978661e-10	0.016755579	0.025972087	6.2131375e-17	-2.7155297e-16	3.758886e-16	1.4676726e-18	0	-4.367195e-17
7.000999999999771e-11	-3.8169734e-09	2.9279266e-09	0.018166743	0.030295791	5.958118e-17	-2.6351584e-16	3.6445625e-16	1.9345825e-18	0	-4.3293806e-17
8.000999999999302e-11	-6.1403482e-09	7.1242265e-09	0.018819334	0.034292925	5.645269e-17	-2.5624102e-16	3.5407264e-16	1.871375e-18	0	-4.3250303e-17
9.000999999998834e-11	-9.388332e-09	1.280227e-08	0.019235196	0.03744471	5.253762e-17	-2.488068e-16	3.4349743e-16	1.2301228e-18	0	-4.3383112e-17
1.0000999999998365e-10	-1.3513508e-08	1.9701272e-08	0.019976428	0.039288525	4.7636058e-17	-2.4032183e-16	3.3150998e-16	-9.9734976e-20	0	-4.3452377e-17
1.1000999999997896e-10	-1.6974862e-08	2.7643422e-08	0.021288	0.03974835	4.1802416e-17	-2.3018197e-16	3.1730513e-16	-2.1117586e-18	0	-4.320899e-17
1.2000999999997891e-10	-1.9511608e-08	3.3807478e-08	0.022928607	0.03908366	3.564083e-17	-2.1842027e-16	3.0094996e-16	-4.3164733e-18	0	-4.2572395e-17
1.3000999999998715e-10	-1.9748688e-08	3.556779e-08	0.024683092	0.037743606	3.0012677e-17	-2.0576819e-16	2.8342509e-16	-5.850499e-18	0	-4.1793707e-17
1.400099999999954e-10	-1.7769077e-08	3.3031043e-08	0.026501514	0.036367714	2.5322553e-17	-1.9278528e-16	2.654592e-16	-6.1043464e-18	0	-4.1246987e-17
1.5000000000000362e-10	-1.3952104e-08	2.7619713e-08	0.028025353	0.035611745	2.140802e-17	-1.796777e-16	2.4736583e-16	-5.1378206e-18	0	-4.114233e-17
1.6000000000001186e-10	-9.080129e-09	1.9464192e-08	0.028862515	0.03578457	1.7902296e-17	-1.6678473e-16	2.2964982e-16	-3.495446e-18	0	-4.1467355e-17
1.700000000000201e-10	-3.2479834e-09	8.511139e-09	0.028735818	0.036360927	1.4500474e-17	-1.5456211e-16	2.1291048e-16	-1.7770052e-18	0	-4.2070892e-17
1.8000000000002833e-10	2.3826447e-09	-3.7695576e-09	0.027595095	0.03743733	1.10418686e-17	-1.4309334e-16	1.9722433e-16	-2.2680103e-19	0	-4.286232e-17
1.9000000000003657e-10	7.207204e-09	-1.5789468e-08	0.026050368	0.03913753	7.535499e-18	-1.3228515e-16	1.824483e-16	1.0742922e-18	0	-4.370194e-17
2.000000000000448e-10	1.0052153e-08	-2.3577515e-08	0.024744235	0.04046747	3.955511e-18	-1.2205578e-16	1.6842251e-16	1.8282286e-18	0	-4.423943e-17
2.1000000000005304e-10	9.009005e-09	-2.5817911e-08	0.023945043	0.04110399	9.740288e-20	-1.1182506e-16	1.54283e-16	2.012755e-18	0	-4.4373283e-17
2.2000000000006128e-10	5.0734923e-09	-2.1820165e-08	0.024393672	0.040919792	-4.2994557e-18	-1.0118875e-16	1.3947401e-16	1.6616371e-18	0	-4.4246348e-17
2.3000000000006952e-10	6.2825956e-10	-1.1759123e-08	0.02599715	0.03944936	-9.414717e-18	-9.043218e-17	1.2446796e-16	1.9478554e-19	0	-4.3645272e-17
2.4000000000005925e-10	-3.4554277e-09	3.3191072e-10	0.026529903	0.0371968	-1.5157084e-17	-7.894247e-17	1.0848754e-16	-1.8796945e-18	0	-4.2822462e-17
2.5000000000004163e-10	-8.318512e-09	9.091983e-09	0.026047446	0.035933413	-2.0694826e-17	-6.635527e-17	9.092827e-17	-2.6993854e-18	0	-4.256844e-17
2.60000000000024e-10	-1.190137e-08	1.4930055e-08	0.026767107	0.03481281	-2.5108063e-17	-5.5850785e-17	7.624009e-17	-3.3938573e-18	0	-4.210352e-17
2.700000000000064e-10	-1.29445175e-08	2.0815543e-08	0.027736766	0.032827057	-2.847151e-17	-4.8810227e-17	6.650469e-17	-4.9060053e-18	0	-4.125997e-17
2.800099999999888e-10	-1.1047885e-08	2.6588419e-08	0.02961245	0.03213382	-3.1052218e-17	-4.147334e-17	5.6311584e-17	-5.1982503e-18	0	-4.069221e-17
2.9000999999997117e-10	-7.1597883e-09	2.940966e-08	0.031198831	0.03157157	-3.350147e-17	-3.354903e-17	4.534512e-17	-5.0654084e-18	0	-4.0232153e-17
3.0000999999995355e-10	-2.4656224e-09	2.8852524e-08	0.029466804	0.031144187	-3.6253182e-17	-2.596336e-17	3.4878137e-17	-4.7436653e-18	0	-4.0424293e-17
3.1000999999993594e-10	1.8492169e-09	2.4110943e-08	0.023417566	0.031675503	-3.9154538e-17	-2.1022631e-17	2.8123714e-17	-4.4247384e-18	0	-4.1830884e-17
3.2000999999991833e-10	7.3968676e-09	1.7970594e-08	0.016161915	0.032339	-4.193104e-17	-1.9957636e-17	2.6800991e-17	-4.9677535e-18	0	-4.3806638e-17
3.300099999999007e-10	1.1853954e-08	1.1782831e-08	0.011686995	0.031839058	-4.4480258e-17	-2.0459537e-17	2.7551932e-17	-6.062228e-18	0	-4.5510425e-17
3.400099999998831e-10	1.6073962e-08	5.701752e-09	0.010388763	0.03052372	-4.6752887e-17	-2.0752519e-17	2.7939048e-17	-7.239021e-18	0	-4.6700387e-17
3.500099999998655e-10	1.852773e-08	7.5568957e-10	0.010594203	0.02899944	-4.8643908e-17	-2.063165e-17	2.7757154e-17	-8.37933e-18	0	-4.7390077e-17
3.600099999998479e-10	1.8758882e-08	-1.7069693e-09	0.010807555	0.027639857	-5.007732e-17	-2.0361089e-17	2.7394195e-17	-9.405334e-18	0	-4.770509e-17
3.7000999999983027e-10	1.5134535e-08	-2.044807e-09	0.010312599	0.026590023	-5.107925e-17	-2.0238918e-17	2.7256852e-17	-1.0273198e-17	0	-4.7823986e-17
3.8000999999981266e-10	9.4001855e-09	5.4898625e-10	0.0090332255	0.02577396	-5.17501e-17	-2.040039e-17	2.7517993e-17	-1.0984777e-17	0	-4.7882925e-17
3.9000999999979505e-10	2.566381e-09	3.888097e-09	0.0072081746	0.025035307	-5.220212e-17	-2.0756633e-17	2.8045238e-17	-1.1550822e-17	0	-4.79399e-17
4.0000999999977743e-10	-3.9651478e-09	7.752486e-09	0.0051466394	0.024354871	-5.2520844e-17	-2.1119068e-17	2.8576003e-17	-1.197849e-17	0	-4.7999292e-17
4.100099999997598e-10	-8.866758e-09	1.0028445e-08	0.0031251153	0.023748906	-5.2758198e-17	-2.1353123e-17	2.8927373e-17	-1.22846065e-17	0	-4.8047845e-17
4.200099999997422e-10	-1.1747269e-08	1.2162157e-08	0.001340312	0.023245102	-5.294177e-17	-2.1445332e-17	2.9081728e-17	-1.2501484e-17	0	-4.8076687e-17
4.300099999997246e-10	-1.227477e-08	1.2671877e-08	-0.00012106997	0.022867542	-5.3086374e-17	-2.1470229e-17	2.913769e-17	-1.2666594e-17	0	-4.8087245e-17
4.40009999999707e-10	-1.1338307e-08	1.133238e-08	-0.0012614329	0.022619497	-5.3201362e-17	-2.1509263e-17	2.9203565e-17	-1.28083905e-17	0	-4.8087275e-17
4.5000999999968937e-10	-9.915833e-09	9.767658e-09	-0.0021150277	0.022458468	-5.329395e-17	-2.1600205e-17	2.9334594e-17	-1.2943149e-17	0	-4.808519e-17
4.6000999999967176e-10	-7.610239e-09	7.7880475e-09	-0.0027257546	0.022345355	-5.337015e-17	-2.174363e-17	2.9540456e-17	-1.3080408e-17	0	-4.8086563e-17
4.700099999996541e-10	-5.452819e-09	5.855853e-09	-0.003156125	0.022288324	-5.3434312e-17	-2.1941914e-17	2.9827124e-17	-1.322631e-17	0	-4.8093217e-17
4.800099999996365e-10	-3.4732086e-09	4.623042e-09	-0.0034685705	0.02230862	-5.3489575e-17	-2.2203462e-17	3.020045e-17	-1.3382787e-17	0	-4.8103775e-17
4.900099999996189e-10	-1.9825739e-09	3.7102876e-09	-0.0037019895	0.022403711	-5.353798e-17	-2.2516667e-17	3.0639574e-17	-1.3545737e-17	0	-4.811515e-17
5.000099999996013e-10	-7.9051055e-10	3.2953993e-09	-0.0038788065	0.022567505	-5.3580694e-17	-2.2849594e-17	3.1101075e-17	-1.3707507e-17	0	-4.8124667e-17
5.100099999995837e-10	1.5539793e-10	3.2479834e-09	-0.004021301	0.02278533	-5.3618615e-17	-2.3169231e-17	3.154264e-17	-1.3860732e-17	0	-4.8131294e-17
5.200099999995661e-10	-8.964553e-11	4.148884e-09	-0.004151067	0.023035737	-5.365258e-17	-2.3458384e-17	3.1942847e-17	-1.4001911e-17	0	-4.8135132e-17
5.300099999995485e-10	-1.0483341e-09	5.381695e-09	-0.0042788396	0.023318144	-5.368342e-17	-2.3719917e-17	3.2306194e-17	-1.4133023e-17	0	-4.8136674e-17
5.400099999995309e-10	-2.323375e-09	6.2588876e-09	-0.004399725	0.02364579	-5.3712106e-17	-2.3969141e-17	3.2653147e-17	-1.4259719e-17	0	-4.8136393e-17
5.500099999995133e-10	-2.7797522e-09	7.0056867e-09	-0.0044967686	0.024033343	-5.3739655e-17	-2.4223567e-17	3.3006737e-17	-1.4388464e-17	0	-4.8134355e-17
5.600099999994956e-10	-3.956257e-09	8.309621e-09	-0.0045471517	0.024490058	-5.3767087e-17	-2.4496855e-17	3.338478e-17	-1.4524815e-17	0	-4.81302e-17
5.70009999999478e-10	-4.4837583e-09	9.696534e-09	-0.00452889	0.025019262	-5.3795344e-17	-2.4797561e-17	3.3798593e-17	-1.467304e-17	0	-4.8123333e-17
5.800099999994604e-10	-5.5832126e-09	1.1036032e-08	-0.0044251233	0.025623173	-5.382519e-17	-2.5130975e-17	3.4255746e-17	-1.4836725e-17	0	-4.8113235e-17
5.900099999994428e-10	-7.4116846e-09	1.22806965e-08	-0.004226039	0.02630106	-5.385735e-17	-2.55019e-17	3.476375e-17	-1.5019648e-17	0	-4.8099543e-17
6.000099999994252e-10	-9.0860555e-09	1.5670928e-08	-0.003929061	0.027052743	-5.3892494e-17	-2.5916981e-17	3.533293e-17	-1.5226463e-17	0	-4.808198e-17
6.100099999994076e-10	-9.8536e-09	1.8610708e-08	-0.0035380393	0.027879994	-5.393146e-17	-2.6386246e-17	3.5978138e-17	-1.5463065e-17	0	-4.8060285e-17
6.2000999999939e-10	-1.1750232e-08	2.11356e-08	-0.0030626194	0.02878576	-5.397516e-17	-2.69237e-17	3.6719358e-17	-1.5736664e-17	0	-4.8034153e-17
6.300099999993724e-10	-1.3418676e-08	2.4419146e-08	-0.0025176317	0.029775646	-5.402466e-17	-2.754709e-17	3.7581307e-17	-1.6055582e-17	0	-4.8003293e-17
6.400099999993547e-10	-1.4355138e-08	2.7015162e-08	-0.0019225646	0.030854616	-5.4081105e-17	-2.8276706e-17	3.8591837e-17	-1.6428813e-17	0	-4.796743e-17
6.500099999993371e-10	-1.5679818e-08	2.87814e-08	-0.0013009169	0.032027222	-5.4145668e-17	-2.9133745e-17	3.9779854e-17	-1.6865415e-17	0	-4.7926355e-17
6.600099999993195e-10	-1.7348261e-08	3.108107e-08	-0.00067940034	0.03329813	-5.4219502e-17	-3.0138736e-17	4.117321e-17	-1.7373946e-17	0	-4.7880033e-17
6.700099999993019e-10	-1.8364739e-08	3.3262197e-08	-8.671954e-05	0.03466902	-5.4303646e-17	-3.1310143e-17	4.2797034e-17	-1.7961894e-17	0	-4.782865e-17
6.800099999992843e-10	-1.8563291e-08	3.5158827e-08	0.0004482448	0.03613803	-5.439904e-17	-3.2663453e-17	4.46724e-17	-1.8635297e-17	0	-4.7772688e-17
6.900099999992667e-10	-1.919748e-08	3.7126583e-08	0.0008988025	0.037700426	-5.4506355e-17	-3.421031e-17	4.6815266e-17	-1.9398322e-17	0	-4.7712982e-17
7.000099999992491e-10	-1.9778323e-08	4.0303444e-08	0.0012430886	0.03934962	-5.4626038e-17	-3.595786e-17	4.9235478e-17	-2.0252947e-17	0	-4.765071e-17
7.100099999992315e-10	-2.1793495e-08	4.31721e-08	0.001466382	0.041075535	-5.4758195e-17	-3.7908046e-17	5.193581e-17	-2.1198627e-17	0	-4.7587333e-17
7.200099999992138e-10	-2.4466562e-08	4.632525e-08	0.0015627478	0.04286531	-5.4902575e-17	-4.0057128e-17	5.4911214e-17	-2.223212e-17	0	-4.7524537e-17
7.300099999991962e-10	-2.823612e-08	4.8482672e-08	0.0015357274	0.044703886	-5.5058574e-17	-4.2395346e-17	5.814831e-17	-2.3347385e-17	0	-4.7464156e-17
7.400099999991786e-10	-3.087066e-08	5.1256496e-08	0.0013979616	0.04657515	-5.522519e-17	-4.4906964e-17	6.162548e-17	-2.4535729e-17	0	-4.7407984e-17
7.50009999999161e-10	-3.3635594e-08	5.4077738e-08	0.0011700684	0.048462566	-5.540116e-17	-4.7570644e-17	6.5313294e-17	-2.5786087e-17	0	-4.7357715e-17
7.600099999991434e-10	-3.654574e-08	5.632999e-08	0.00087867916	0.05034877	-5.558487e-17	-5.0360294e-17	6.917574e-17	-2.7085546e-17	0	-4.7314764e-17
7.700099999991258e-10	-3.700508e-08	5.7894713e-08	0.00055405346	0.052216858	-5.57746e-17	-5.324611e-17	7.317166e-17	-2.8419888e-17	0	-4.7280267e-17
7.800099999991082e-10	-3.6650945e-08	5.8060667e-08	0.00022716504	0.05405114	-5.596847e-17	-5.619584e-17	7.725655e-17	-2.977424e-17	0	-4.7254932e-17
7.900099999990906e-10	-3.4690597e-08	5.7705048e-08	-7.338738e-05	0.05583818	-5.616461e-17	-5.9176236e-17	8.1384474e-17	-3.113367e-17	0	-4.723918e-17
8.00009999999073e-10	-3.144854e-08	5.4338525e-08	-0.00032437578	0.057566643	-5.636114e-17	-6.215429e-17	8.550991e-17	-3.248366e-17	0	-4.7233098e-17
8.100099999990553e-10	-2.5720118e-08	4.793739e-08	-0.000510406	0.059226394	-5.655625e-17	-6.509848e-17	8.958933e-17	-3.381058e-17	0	-4.723653e-17
8.200099999990377e-10	-1.8431416e-08	3.930771e-08	-0.00062514964	0.060808983	-5.674821e-17	-6.797967e-17	9.3582576e-17	-3.5102e-17	0	-4.724911e-17
8.300099999990201e-10	-1.0123276e-08	2.7975332e-08	-0.000671086	0.062308192	-5.69354e-17	-7.0771786e-17	9.7453616e-17	-3.6346988e-17	0	-4.7270225e-17
8.400099999990025e-10	-1.2446651e-09	1.3845418e-08	-0.0006577664	0.06371931	-5.711635e-17	-7.34521e-17	1.01170985e-16	-3.7536235e-17	0	-4.7298998e-17
8.500099999989849e-10	1.10152865e-08	-3.2953993e-09	-0.0005990202	0.06503959	-5.728985e-17	-7.600151e-17	1.0470822e-16	-3.866225e-17	0	-4.7334302e-17
8.600099999989673e-10	2.1707553e-08	-1.7306773e-08	-0.00050985836	0.066266224	-5.745494e-17	-7.840474e-17	1.0804406e-16	-3.971942e-17	0	-4.737483e-17
8.700099999989497e-10	3.339259e-08	-2.866286e-08	-0.0004039026	0.067399845	-5.7610926e-17	-8.065073e-17	1.1116304e-16	-4.0704072e-17	0	-4.741915e-17
8.800099999989321e-10	4.5646615e-08	-3.6652427e-08	-0.00029164492	0.06844256	-5.775735e-17	-8.273295e-17	1.1405594e-16	-4.1614484e-17	0	-4.7465857e-17
8.900099999989144e-10	5.4830466e-08	-4.101468e-08	-0.00018004981	0.06939732	-5.789413e-17	-8.4649574e-17	1.1671991e-16	-4.245082e-17	0	-4.7513648e-17
9.000099999988968e-10	6.2147315e-08	-4.2887606e-08	-7.296754e-05	0.070267975	-5.802125e-17	-8.640309e-17	1.1915816e-16	-4.321489e-17	0	-4.7561426e-17
9.100099999988792e-10	6.9576785e-08	-4.2105246e-08	2.782213e-05	0.071057364	-5.8138906e-17	-8.799953e-17	1.213787e-16	-4.390982e-17	0	-4.7608268e-17
9.200099999988616e-10	7.5592666e-08	-3.819344e-08	0.00012153729	0.071770936	-5.824737e-17	-8.9447414e-17	1.2339315e-16	-4.453964e-17	0	-4.765347e-17
9.30009999998844e-10	8.07195e-08	-3.501658e-08	0.0002075335	0.0724146	-5.834704e-17	-9.0756735e-17	1.2521513e-16	-4.5108905e-17	0	-4.7696544e-17
9.400099999989161e-10	8.513065e-08	-3.1484102e-08	0.00028485522	0.07299214	-5.8438345e-17	-9.1938114e-17	1.2685932e-16	-4.5622386e-17	0	-4.7737172e-17
9.50009999999002e-10	8.8639425e-08	-2.7927916e-08	0.00035226278	0.07350758	-5.852173e-17	-9.3002146e-17	1.2834035e-16	-4.6084783e-17	0	-4.777517e-17
9.600099999990877e-10	9.1480665e-08	-2.2925548e-08	0.00040853213	0.073966585	-5.859772e-17	-9.395907e-17	1.2967242e-16	-4.6500626e-17	0	-4.7810454e-17
9.700099999991735e-10	9.387739e-08	-1.7543853e-08	0.00045278118	0.07437418	-5.866679e-17	-9.481844e-17	1.3086881e-16	-4.687414e-17	0	-4.784301e-17
9.800099999992593e-10	9.533172e-08	-1.1759123e-08	0.0004848157	0.07473461	-5.872943e-17	-9.558907e-17	1.3194174e-16	-4.720921e-17	0	-4.787289e-17
9.90009999999345e-10	9.226377e-08	-4.8364135e-09	0.00050524133	0.07505199	-5.878613e-17	-9.627888e-17	1.3290228e-16	-4.750936e-17	0	-4.7900157e-17
1.0000099999994308e-09	8.8700176e-08	5.689898e-09	0.0005154012	0.07532917	-5.883739e-17	-9.689499e-17	1.3376027e-16	-4.777777e-17	0	-4.7924896e-17
1.0100099999995166e-09	8.386672e-08	1.6382165e-08	0.0005171775	0.0755698	-5.888366e-17	-9.7443736e-17	1.3452458e-16	-4.8017315e-17	0	-4.794721e-17
1.0200099999996024e-09	7.723888e-08	3.2076798e-08	0.0005126747	0.07577654	-5.892541e-17	-9.793071e-17	1.3520307e-16	-4.8230523e-17	0	-4.796723e-17
1.0300099999996882e-09	6.8883324e-08	4.644379e-08	0.0005039417	0.075952515	-5.896306e-17	-9.836095e-17	1.358027e-16	-4.841971e-17	0	-4.7985095e-17
1.040009999999774e-09	6.185393e-08	6.028921e-08	0.00049267703	0.07610039	-5.8997056e-17	-9.8739e-17	1.3632985e-16	-4.8586958e-17	0	-4.8000937e-17
1.0500099999998598e-09	5.4946042e-08	7.671879e-08	0.00048012473	0.07622264	-5.902776e-17	-9.9069026e-17	1.3679033e-16	-4.8734143e-17	0	-4.8014926e-17
1.0600099999999456e-09	4.8927195e-08	9.1275446e-08	0.00046701392	0.07632167	-5.905558e-17	-9.935489e-17	1.3718955e-16	-4.8863e-17	0	-4.802723e-17
1.0700000000000313e-09	4.253495e-08	1.03295356e-07	0.000453589	0.07639953	-5.9080806e-17	-9.960004e-17	1.3753229e-16	-4.897503e-17	0	-4.803801e-17
1.080000000000117e-09	3.7814115e-08	1.1401133e-07	0.00043971938	0.07645896	-5.9103835e-17	-9.980849e-17	1.378241e-16	-4.9071957e-17	0	-4.8047474e-17
1.0900000000002028e-09	3.36593e-08	1.2291365e-07	0.0004251826	0.07650201	-5.912485e-17	-9.998338e-17	1.3806935e-16	-4.915506e-17	0	-4.8055762e-17
1.1000000000002886e-09	3.261912e-08	1.3059501e-07	0.0004097583	0.076530464	-5.9144175e-17	-1.0012792e-16	1.3827248e-16	-4.9225667e-17	0	-4.8063058e-17
1.1100000000003744e-09	3.0184612e-08	1.3563294e-07	0.0003933711	0.07654603	-5.916194e-17	-1.0024521e-16	1.3843778e-16	-4.9284996e-17	0	-4.8069517e-17
1.1200000000004602e-09	2.981714e-08	1.3786149e-07	0.00037611334	0.07655055	-5.9178354e-17	-1.0033815e-16	1.3856926e-16	-4.933421e-17	0	-4.807526e-17
1.130000000000546e-09	3.231684e-08	1.3691317e-07	0.00035830413	0.07654541	-5.919358e-17	-1.0040941e-16	1.3867061e-16	-4.937436e-17	0	-4.8080416e-17
1.1400000000006318e-09	3.4145316e-08	1.3547884e-07	0.00034043324	0.076531865	-5.920775e-17	-1.00461496e-16	1.3874523e-16	-4.940641e-17	0	-4.8085094e-17
1.1500000000007175e-09	3.5892292e-08	1.3220715e-07	0.00032308153	0.07651136	-5.9220944e-17	-1.00496654e-16	1.3879631e-16	-4.943126e-17	0	-4.808935e-17
1.1600000000008033e-09	3.7957843e-08	1.2991934e-07	0.0003067626	0.07648471	-5.9233246e-17	-1.00516976e-16	1.3882673e-16	-4.944975e-17	0	-4.8093257e-17
1.1700000000008891e-09	3.857573e-08	1.2581786e-07	0.00029192414	0.076452464	-5.924476e-17	-1.00524414e-16	1.3883914e-16	-4.9462638e-17	0	-4.8096853e-17
1.1800000000009749e-09	3.9316603e-08	1.2379084e-07	0.0002788206	0.07641548	-5.925554e-17	-1.0052075e-16	1.38836e-16	-4.947063e-17	0	-4.8100162e-17
1.1900000000010607e-09	4.198078e-08	1.1941674e-07	0.0002674815	0.07637426	-5.926565e-17	-1.00507546e-16	1.388195e-16	-4.9474384e-17	0	-4.810321e-17
1.2000000000011465e-09	4.08591e-08	1.14461784e-07	0.00025775892	0.076329485	-5.927516e-17	-1.00486285e-16	1.3879162e-16	-4.9474476e-17	0	-4.8106012e-17
1.2100000000012322e-09	3.8257156e-08	1.1213841e-07	0.0002492363	0.07628193	-5.92841e-17	-1.004582e-16	1.3875411e-16	-4.9471442e-17	0	-4.810857e-17
1.220000000001318e-09	3.6882096e-08	1.0921048e-07	0.00024140696	0.076231875	-5.929254e-17	-1.0042442e-16	1.387085e-16	-4.9465725e-17	0	-4.81109e-17
1.2300000000014038e-09	3.417643e-08	1.0782357e-07	0.0002337068	0.07617977	-5.930051e-17	-1.0038587e-16	1.386561e-16	-4.9457738e-17	0	-4.811302e-17
1.2400000000014896e-09	3.171822e-08	1.0654334e-07	0.00022565147	0.076126054	-5.9308096e-17	-1.00343374e-16	1.3859806e-16	-4.944782e-17	0	-4.8114942e-17
1.2500000000015754e-09	3.175526e-08	1.0501418e-07	0.00021681868	0.07607111	-5.931531e-17	-1.00297595e-16	1.3853524e-16	-4.943625e-17	0	-4.811668e-17
1.2600000000016612e-09	3.1570043e-08	1.01706924e-07	0.00020695015	0.07601514	-5.9322164e-17	-1.0024905e-16	1.3846841e-16	-4.942326e-17	0	-4.811826e-17
1.270000000001747e-09	3.1605605e-08	1.0015406e-07	0.00019601706	0.07595832	-5.932871e-17	-1.0019823e-16	1.3839827e-16	-4.9409056e-17	0	-4.8119694e-17
1.2800000000018327e-09	3.1298885e-08	9.7569895e-08	0.00018404734	0.07590075	-5.9335015e-17	-1.0014552e-16	1.3832531e-16	-4.9393783e-17	0	-4.8121017e-17
1.2900000000019185e-09	3.1898992e-08	9.320764e-08	0.0001712361	0.07584262	-5.9341064e-17	-1.0009121e-16	1.3824998e-16	-4.9377594e-17	0	-4.8122238e-17
1.3000000000020043e-09	3.3798585e-08	9.08487e-08	0.0001578311	0.07578417	-5.934689e-17	-1.0003558e-16	1.3817267e-16	-4.9360607e-17	0	-4.812338e-17
1.3100000000020901e-09	3.3908236e-08	8.958033e-08	0.00014409472	0.07572543	-5.9352545e-17	-9.9978846e-17	1.3809369e-16	-4.9342912e-17	0	-4.8124478e-17
1.3200000000021759e-09	3.3854892e-08	8.675909e-08	0.00013030281	0.07566666	-5.9358e-17	-9.9921234e-17	1.3801336e-16	-4.9324598e-17	0	-4.8125527e-17
1.3300000000022617e-09	3.3771915e-08	8.4115655e-08	0.00011668599	0.07560786	-5.936324e-17	-9.986292e-17	1.3793197e-16	-4.930576e-17	0	-4.8126543e-17
1.3400000000023475e-09	3.4044557e-08	8.1282565e-08	0.00010344685	0.075549185	-5.936835e-17	-9.980414e-17	1.3784983e-16	-4.9286495e-17	0	-4.812754e-17
1.3500000000024332e-09	3.3520017e-08	7.955189e-08	9.0696725e-05	0.07549059	-5.9373264e-17	-9.9745084e-17	1.3776722e-16	-4.926688e-17	0	-4.812852e-17
1.360000000002519e-09	3.2666534e-08	7.8650984e-08	7.856454e-05	0.075432286	-5.937804e-17	-9.9686004e-17	1.3768448e-16	-4.9247028e-17	0	-4.812949e-17
1.3700000000026048e-09	3.227832e-08	7.791604e-08	6.7180765e-05	0.07537446	-5.938266e-17	-9.962711e-17	1.3760194e-16	-4.922704e-17	0	-4.8130454e-17
1.3800000000026906e-09	3.1042543e-08	7.7382616e-08	5.6640612e-05	0.07531731	-5.9387114e-17	-9.9568624e-17	1.3751993e-16	-4.9207013e-17	0	-4.8131397e-17
1.3900000000027764e-09	2.8645081e-08	7.7216654e-08	4.6978843e-05	0.075261004	-5.939143e-17	-9.9510814e-17	1.3743877e-16	-4.918706e-17	0	-4.813232e-17
1.4000000000028622e-09	2.9071822e-08	7.610239e-08	3.8313592e-05	0.07520557	-5.939557e-17	-9.945387e-17	1.373588e-16	-4.916728e-17	0	-4.8133223e-17
1.410000000002948e-09	2.9889744e-08	7.4964404e-08	3.07355e-05	0.07515109	-5.939956e-17	-9.9398026e-17	1.3728031e-16	-4.914776e-17	0	-4.81341e-17
1.4200000000030337e-09	2.7797523e-08	7.548598e-08	2.4284947e-05	0.0750978	-5.9403446e-17	-9.934352e-17	1.3720361e-16	-4.912861e-17	0	-4.813494e-17
1.4300000000031195e-09	2.7406342e-08	7.678992e-08	1.894148e-05	0.07504561	-5.940717e-17	-9.9290486e-17	1.3712897e-16	-4.9109888e-17	0	-4.8135744e-17
1.4400000000032053e-09	2.5254849e-08	7.776194e-08	1.47281235e-05	0.07499454	-5.9410765e-17	-9.9239115e-17	1.3705656e-16	-4.90917e-17	0	-4.8136512e-17
1.450000000003291e-09	2.566381e-08	7.8307224e-08	1.1588698e-05	0.07494474	-5.94142e-17	-9.918953e-17	1.3698663e-16	-4.9074068e-17	0	-4.8137233e-17
1.4600000000033769e-09	2.3221896e-08	7.9136996e-08	9.45341e-06	0.07489619	-5.941754e-17	-9.9141845e-17	1.3691929e-16	-4.9057075e-17	0	-4.8137908e-17
1.4700000000034627e-09	2.2166894e-08	7.8307224e-08	8.201407e-06	0.07484889	-5.9420744e-17	-9.909613e-17	1.3685468e-16	-4.904075e-17	0	-4.8138543e-17
1.4800000000035485e-09	2.1923888e-08	8.039352e-08	7.715822e-06	0.074802764	-5.9423835e-17	-9.9052456e-17	1.3679287e-16	-4.9025122e-17	0	-4.8139132e-17
1.4900000000036342e-09	1.9950205e-08	8.338071e-08	7.95494e-06	0.07475799	-5.9426826e-17	-9.901085e-17	1.3673392e-16	-4.9010213e-17	0	-4.813968e-17
1.50000000000372e-09	1.7751296e-08	8.608342e-08	8.718097e-06	0.07471447	-5.94297e-17	-9.897134e-17	1.3667787e-16	-4.899603e-17	0	-4.814018e-17
1.5100000000038058e-09	1.7614976e-08	8.6960604e-08	9.916402e-06	0.074672155	-5.943247e-17	-9.8933905e-17	1.3662465e-16	-4.8982582e-17	0	-4.814064e-17
1.5200000000038916e-09	1.5238259e-08	8.831196e-08	1.1397612e-05	0.074631035	-5.943514e-17	-9.8898515e-17	1.3657431e-16	-4.8969867e-17	0	-4.8141065e-17
1.5300000000039774e-09	1.3560924e-08	9.077758e-08	1.3099591e-05	0.07459095	-5.943772e-17	-9.8865117e-17	1.3652673e-16	-4.8957862e-17	0	-4.814146e-17
1.5400000000040632e-09	1.30274955e-08	9.1986685e-08	1.4955079e-05	0.074552044	-5.944022e-17	-9.88337e-17	1.3648186e-16	-4.894656e-17	0	-4.814182e-17
1.550000000004149e-09	1.3205305e-08	9.385961e-08	1.691398e-05	0.07451432	-5.944263e-17	-9.880417e-17	1.3643964e-16	-4.8935945e-17	0	-4.8142147e-17
1.5600000000042347e-09	1.2002128e-08	9.4618265e-08	1.8909665e-05	0.07447768	-5.9444944e-17	-9.877646e-17	1.3639997e-16	-4.8926e-17	0	-4.814244e-17
1.5700000000043205e-09	1.22806965e-08	9.634894e-08	2.0899754e-05	0.07444209	-5.944719e-17	-9.8750516e-17	1.3636272e-16	-4.8916672e-17	0	-4.8142726e-17
1.5800000000044063e-09	1.1782831e-08	9.838782e-08	2.2911132e-05	0.07440753	-5.944939e-17	-9.872624e-17	1.3632781e-16	-4.8907977e-17	0	-4.8142984e-17
1.590000000004492e-09	1.2138449e-08	9.895681e-08	2.4894525e-05	0.07437389	-5.9451476e-17	-9.870356e-17	1.3629516e-16	-4.889984e-17	0	-4.8143222e-17
1.6000000000045779e-09	1.2144376e-08	9.985771e-08	2.6832457e-05	0.07434107	-5.9453514e-17	-9.86824e-17	1.3626461e-16	-4.8892284e-17	0	-4.8143437e-17
1.6100000000046637e-09	1.18421e-08	9.95258e-08	2.8782111e-05	0.074309066	-5.9455506e-17	-9.8662676e-17	1.3623606e-16	-4.8885243e-17	0	-4.8143655e-17
1.6200000000047495e-09	1.3963958e-08	1.01754345e-07	3.0713072e-05	0.07427801	-5.945742e-17	-9.864431e-17	1.3620945e-16	-4.8878708e-17	0	-4.8143844e-17
1.6300000000048352e-09	1.3845418e-08	1.0346131e-07	3.261051e-05	0.07424786	-5.945926e-17	-9.862721e-17	1.3618461e-16	-4.887264e-17	0	-4.8144033e-17
1.640000000004921e-09	1.2618534e-08	1.06021766e-07	3.4559504e-05	0.07421863	-5.9461084e-17	-9.8611324e-17	1.3616147e-16	-4.886702e-17	0	-4.8144208e-17
1.6500000000050068e-09	1.2197718e-08	1.0490749e-07	3.659466e-05	0.074190326	-5.946281e-17	-9.8596574e-17	1.3613995e-16	-4.886182e-17	0	-4.8144377e-17
1.6600000000050926e-09	1.2037691e-08	1.0391176e-07	3.870481e-05	0.07416291	-5.946451e-17	-9.858288e-17	1.3611993e-16	-4.8857026e-17	0	-4.8144535e-17
1.6700000000051784e-09	1.3466092e-08	1.0381693e-07	4.0881503e-05	0.07413637	-5.9466166e-17	-9.8570184e-17	1.3610131e-16	-4.8852595e-17	0	-4.8144694e-17
1.6800000000052642e-09	1.611545e-08	1.064248e-07	4.3100907e-05	0.0741107	-5.946776e-17	-9.855841e-17	1.3608401e-16	-4.8848516e-17	0	-4.8144843e-17
1.69000000000535e-09	1.7075621e-08	1.0706491e-07	4.5369565e-05	0.0740858	-5.946929e-17	-9.85475e-17	1.3606794e-16	-4.884476e-17	0	-4.8144982e-17
1.7000000000054357e-09	1.7834275e-08	1.0810806e-07	4.7777386e-05	0.07406166	-5.947081e-17	-9.85374e-17	1.3605301e-16	-4.8841306e-17	0	-4.814512e-17
1.7100000000055215e-09	1.7751296e-08	1.0967278e-07	5.0287555e-05	0.074038215	-5.9472274e-17	-9.852804e-17	1.3603916e-16	-4.883814e-17	0	-4.8145253e-17
1.7200000000056073e-09	1.6963009e-08	1.1012323e-07	5.286648e-05	0.07401547	-5.947372e-17	-9.851937e-17	1.3602627e-16	-4.8835225e-17	0	-4.8145392e-17
1.730000000005693e-09	1.7342336e-08	1.1209099e-07	5.5557728e-05	0.07399339	-5.9475107e-17	-9.851134e-17	1.360143e-16	-4.883256e-17	0	-4.814552e-17
1.7400000000057789e-09	1.7075621e-08	1.13418636e-07	5.8362908e-05	0.07397195	-5.947645e-17	-9.850388e-17	1.3600317e-16	-4.8830103e-17	0	-4.814565e-17
1.7500000000058647e-09	1.8154331e-08	1.13039306e-07	6.1138875e-05	0.073951125	-5.9477787e-17	-9.849698e-17	1.3599283e-16	-4.882786e-17	0	-4.8145776e-17
1.7600000000059504e-09	1.6897811e-08	1.1265998e-07	6.395634e-05	0.073930904	-5.947906e-17	-9.8490556e-17	1.359832e-16	-4.88258e-17	0	-4.8145895e-17
1.7700000000060362e-09	1.725343e-08	1.121147e-07	6.67897e-05	0.07391125	-5.948032e-17	-9.84846e-17	1.3597423e-16	-4.8823915e-17	0	-4.8146014e-17
1.780000000006122e-09	1.9582732e-08	1.1258886e-07	6.969055e-05	0.073892124	-5.9481526e-17	-9.847904e-17	1.3596582e-16	-4.8822182e-17	0	-4.8146134e-17
1.7900000000062078e-09	1.8421044e-08	1.11735375e-07	7.253464e-05	0.073873505	-5.9482737e-17	-9.8473834e-17	1.3595793e-16	-4.8820584e-17	0	-4.8146243e-17
1.8000000000062936e-09	1.9778323e-08	1.11356044e-07	7.530491e-05	0.07385547	-5.948388e-17	-9.846896e-17	1.3595054e-16	-4.881911e-17	0	-4.814636e-17
1.8100000000063794e-09	1.9280456e-08	1.1168795e-07	7.806846e-05	0.0738379	-5.9485026e-17	-9.846442e-17	1.3594361e-16	-4.881775e-17	0	-4.8146468e-17
1.8200000000064652e-09	1.7875763e-08	1.1073964e-07	8.073612e-05	0.073820785	-5.948613e-17	-9.8460116e-17	1.3593706e-16	-4.8816497e-17	0	-4.814658e-17
1.830000000006551e-09	1.786391e-08	1.10289186e-07	8.3311344e-05	0.073804155	-5.9487217e-17	-9.8456066e-17	1.3593087e-16	-4.881533e-17	0	-4.814669e-17
1.8400000000066367e-09	1.7709807e-08	1.0986245e-07	8.5782325e-05	0.07378802	-5.948827e-17	-9.845226e-17	1.3592502e-16	-4.881425e-17	0	-4.814679e-17
1.8500000000067225e-09	1.7982448e-08	1.1014694e-07	8.81557e-05	0.07377242	-5.9489294e-17	-9.8448654e-17	1.359195e-16	-4.881325e-17	0	-4.8146898e-17
1.8600000000068083e-09	1.915599e-08	1.1059739e-07	9.037583e-05	0.07375734	-5.949032e-17	-9.844523e-17	1.3591423e-16	-4.8812315e-17	0	-4.8146997e-17
1.870000000006742e-09	1.9167844e-08	1.1180649e-07	9.252638e-05	0.07374276	-5.949129e-17	-9.844195e-17	1.3590919e-16	-4.881144e-17	0	-4.8147093e-17
1.880000000006621e-09	1.9464192e-08	1.1353717e-07	9.458215e-05	0.073728606	-5.949226e-17	-9.843885e-17	1.359044e-16	-4.881063e-17	0	-4.814719e-17
1.8900000000065e-09	1.997984e-08	1.1346605e-07	9.64208e-05	0.07371488	-5.9493205e-17	-9.8435876e-17	1.3589982e-16	-4.8809873e-17	0	-4.8147285e-17
1.900000000006379e-09	1.7093402e-08	1.13418636e-07	9.806997e-05	0.073701546	-5.949412e-17	-9.8433024e-17	1.3589544e-16	-4.8809152e-17	0	-4.8147378e-17
1.910000000006258e-09	1.6613317e-08	1.127311e-07	9.958299e-05	0.073688574	-5.949503e-17	-9.843028e-17	1.3589118e-16	-4.8808474e-17	0	-4.8147467e-17
1.920000000006137e-09	1.6559975e-08	1.11379755e-07	0.000100933335	0.07367593	-5.949594e-17	-9.842766e-17	1.3588713e-16	-4.8807842e-17	0	-4.8147553e-17
1.930000000006016e-09	1.5730198e-08	1.1220953e-07	0.00010217122	0.07366365	-5.949678e-17	-9.842511e-17	1.3588321e-16	-4.8807243e-17	0	-4.8147636e-17
1.940000000005895e-09	1.648885e-08	1.1370313e-07	0.00010328944	0.07365173	-5.9497626e-17	-9.842265e-17	1.358794e-16	-4.880667e-17	0	-4.814772e-17
1.950000000005774e-09	1.6103597e-08	1.1472257e-07	0.00010419609	0.07364015	-5.949847e-17	-9.8420305e-17	1.3587577e-16	-4.8806148e-17	0	-4.81478e-17
1.960000000005653e-09	1.6358456e-08	1.15860544e-07	0.000105027146	0.07362887	-5.949928e-17	-9.8418015e-17	1.3587226e-16	-4.880564e-17	0	-4.8147877e-17
1.9700000000055318e-09	1.6133232e-08	1.157183e-07	0.00010577479	0.07361786	-5.950007e-17	-9.8415785e-17	1.3586884e-16	-4.880517e-17	0	-4.814795e-17
1.9800000000054108e-09	1.5119719e-08	1.15410096e-07	0.0001064316	0.07360714	-5.950086e-17	-9.841364e-17	1.3586553e-16	-4.8804715e-17	0	-4.8148023e-17
1.9900000000052898e-09	1.3934323e-08	1.16607346e-07	0.00010694775	0.07359669	-5.950163e-17	-9.841157e-17	1.3586234e-16	-4.88043e-17	0	-4.8148092e-17
2.0000000000051688e-09	1.4046936e-08	1.1843286e-07	0.00010737677	0.07358651	-5.950239e-17	-9.8409545e-17	1.3585921e-16	-4.88039e-17	0	-4.8148155e-17
2.0100000000050478e-09	1.5042668e-08	1.15173016e-07	0.000107753745	0.073576555	-5.950312e-17	-9.8407606e-17	1.3585624e-16	-4.8803537e-17	0	-4.8148225e-17
2.0200000000049267e-09	1.4307723e-08	1.13039306e-07	0.000108014276	0.07356689	-5.9503846e-17	-9.8405694e-17	1.3585331e-16	-4.8803183e-17	0	-4.8148284e-17
2.0300000000048057e-09	1.4129913e-08	1.1247032e-07	0.000108194006	0.07355749	-5.9504554e-17	-9.8403854e-17	1.3585049e-16	-4.8802862e-17	0	-4.814834e-17
2.0400000000046847e-09	1.2808197e-08	1.1187762e-07	0.000108299195	0.07354831	-5.9505276e-17	-9.840206e-17	1.3584775e-16	-4.8802558e-17	0	-4.8148397e-17
2.0500000000045637e-09	1.3477946e-08	1.1180649e-07	0.00010833371	0.07353937	-5.9505944e-17	-9.840032e-17	1.358451e-16	-4.8802276e-17	0	-4.8148456e-17
2.0600000000044427e-09	1.1154571e-08	1.1394021e-07	0.00010834206	0.07353066	-5.950662e-17	-9.839862e-17	1.3584249e-16	-4.8801995e-17	0	-4.814851e-17
2.0700000000043217e-09	1.0852295e-08	1.124229e-07	0.000108304375	0.07352216	-5.950729e-17	-9.8396965e-17	1.3583998e-16	-4.8801754e-17	0	-4.8148562e-17
2.0800000000042007e-09	1.0692267e-08	1.1158127e-07	0.000108343906	0.07351391	-5.950798e-17	-9.839537e-17	1.3583756e-16	-4.8801535e-17	0	-4.814861e-17
2.0900000000040797e-09	9.9751025e-09	1.12339926e-07	0.0001084179	0.07350591	-5.950862e-17	-9.839382e-17	1.3583519e-16	-4.880133e-17	0	-4.814866e-17
2.1000000000039587e-09	9.666899e-09	1.1392835e-07	0.00010845019	0.073498085	-5.950926e-17	-9.839234e-17	1.3583293e-16	-4.8801148e-17	0	-4.8148704e-17
2.1100000000038377e-09	9.986956e-09	1.1725931e-07	0.000108490065	0.07349039	-5.9509875e-17	-9.839088e-17	1.3583073e-16	-4.8800986e-17	0	-4.8148747e-17
2.1200000000037166e-09	1.0152911e-08	1.181128e-07	0.00010850217	0.0734829	-5.95105e-17	-9.838948e-17	1.3582862e-16	-4.8800847e-17	0	-4.8148784e-17
2.1300000000035956e-09	9.358697e-09	1.17531954e-07	0.000108502776	0.0734756	-5.95111e-17	-9.838812e-17	1.3582655e-16	-4.8800715e-17	0	-4.8148824e-17
2.1400000000034746e-09	9.334989e-09	1.18859596e-07	0.00010850474	0.07346842	-5.9511714e-17	-9.8386794e-17	1.3582454e-16	-4.8800596e-17	0	-4.8148867e-17
2.1500000000033536e-09	9.8032205e-09	1.1845656e-07	0.000108468375	0.07346139	-5.9512297e-17	-9.838547e-17	1.3582257e-16	-4.8800493e-17	0	-4.8148903e-17
2.1600000000032326e-09	9.003078e-09	1.1832617e-07	0.00010842128	0.07345451	-5.9512905e-17	-9.838423e-17	1.3582066e-16	-4.8800417e-17	0	-4.814894e-17
2.1700000000031116e-09	9.915833e-09	1.1748454e-07	0.000108428874	0.0734478	-5.951348e-17	-9.838303e-17	1.3581885e-16	-4.8800347e-17	0	-4.8148963e-17
2.1800000000029906e-09	1.0146985e-08	1.164651e-07	0.00010847409	0.07344123	-5.951406e-17	-9.838185e-17	1.3581709e-16	-4.8800298e-17	0	-4.8148996e-17
2.1900000000028696e-09	1.0081788e-08	1.161569e-07	0.00010855275	0.07343481	-5.951461e-17	-9.838073e-17	1.3581542e-16	-4.8800268e-17	0	-4.8149032e-17
2.2000000000027486e-09	8.819342e-09	1.16002795e-07	0.00010866949	0.07342854	-5.951518e-17	-9.837966e-17	1.358138e-16	-4.8800255e-17	0	-4.8149065e-17
2.2100000000026276e-09	1.04374065e-08	1.1824319e-07	0.00010881043	0.07342243	-5.951574e-17	-9.8378615e-17	1.3581223e-16	-4.880026e-17	0	-4.814909e-17
2.2200000000025065e-09	9.577995e-09	1.1922707e-07	0.00010896012	0.073416434	-5.95163e-17	-9.8377616e-17	1.358107e-16	-4.880027e-17	0	-4.8149118e-17
2.2300000000023855e-09	9.050494e-09	1.1936932e-07	0.00010906136	0.07341056	-5.9516856e-17	-9.837665e-17	1.3580924e-16	-4.88003e-17	0	-4.8149145e-17
2.2400000000022645e-09	8.629678e-09	1.1992645e-07	0.000109171364	0.07340481	-5.951739e-17	-9.8375704e-17	1.3580782e-16	-4.8800347e-17	0	-4.814917e-17
2.2500000000021435e-09	8.552628e-09	1.2091033e-07	0.00010927974	0.07339921	-5.951792e-17	-9.837478e-17	1.3580645e-16	-4.880039e-17	0	-4.8149197e-17
2.2600000000020225e-09	8.914173e-09	1.1987903e-07	0.00010935579	0.073393725	-5.951844e-17	-9.837393e-17	1.3580516e-16	-4.8800467e-17	0	-4.8149217e-17
2.2700000000019015e-09	8.872685e-09	1.198909e-07	0.00010946001	0.07338839	-5.951896e-17	-9.837312e-17	1.3580393e-16	-4.8800556e-17	0	-4.814924e-17
2.2800000000017805e-09	8.6533865e-09	1.2074437e-07	0.0001095725	0.07338317	-5.9519496e-17	-9.83723e-17	1.358027e-16	-4.8800642e-17	0	-4.8149267e-17
2.2900000000016595e-09	8.84305e-09	1.1913224e-07	0.00010971703	0.07337811	-5.952001e-17	-9.837154e-17	1.3580155e-16	-4.8800744e-17	0	-4.8149287e-17
2.3000000000015385e-09	9.856563e-09	1.1819578e-07	0.00010990396	0.073373176	-5.952054e-17	-9.83708e-17	1.3580045e-16	-4.880087e-17	0	-4.814931e-17
2.3100000000014175e-09	1.0484823e-08	1.1690369e-07	0.00011008544	0.07336838	-5.952104e-17	-9.83701e-17	1.3579939e-16	-4.8801006e-17	0	-4.8149333e-17
2.3200000000012965e-09	1.0046226e-08	1.181128e-07	0.000110294925	0.07336369	-5.952157e-17	-9.8369424e-17	1.3579836e-16	-4.8801138e-17	0	-4.814935e-17
2.3300000000011754e-09	9.6313375e-09	1.1820763e-07	0.00011053338	0.07335908	-5.952205e-17	-9.836875e-17	1.3579734e-16	-4.8801277e-17	0	-4.8149366e-17
2.3400000000010544e-09	1.1047885e-08	1.1845656e-07	0.00011077758	0.073354505	-5.952256e-17	-9.8368127e-17	1.3579638e-16	-4.8801433e-17	0	-4.8149386e-17
2.3500000000009334e-09	9.868417e-09	1.175201e-07	0.000111018504	0.07335004	-5.952306e-17	-9.836755e-17	1.357955e-16	-4.8801615e-17	0	-4.8149403e-17
2.3600000000008124e-09	1.1367942e-08	1.1784016e-07	0.00011125147	0.07334568	-5.9523546e-17	-9.8366995e-17	1.3579467e-16	-4.8801803e-17	0	-4.8149426e-17
2.3700000000006914e-09	1.260668e-08	1.1709336e-07	0.00011150991	0.07334146	-5.952405e-17	-9.836647e-17	1.3579387e-16	-4.8801995e-17	0	-4.814944e-17
2.3800000000005704e-09	1.1119009e-08	1.1569459e-07	0.00011177048	0.07333733	-5.952453e-17	-9.836595e-17	1.3579307e-16	-4.8802194e-17	0	-4.8149456e-17
2.3900000000004494e-09	1.1462774e-08	1.15161164e-07	0.00011194919	0.073333286	-5.9525015e-17	-9.836545e-17	1.3579231e-16	-4.88024e-17	0	-4.8149472e-17
2.4000000000003284e-09	1.19072965e-08	1.14935936e-07	0.00011206318	0.073329315	-5.9525505e-17	-9.836502e-17	1.3579164e-16	-4.8802627e-17	0	-4.814949e-17
2.4100000000002074e-09	1.1154571e-08	1.1680886e-07	0.00011220291	0.07332548	-5.952598e-17	-9.83646e-17	1.3579098e-16	-4.8802862e-17	0	-4.8149505e-17
2.4200000000000864e-09	1.07515365e-08	1.1697482e-07	0.000112369926	0.073321685	-5.952647e-17	-9.836423e-17	1.3579039e-16	-4.8803107e-17	0	-4.8149515e-17
2.4300099999999652e-09	1.07515365e-08	1.1709336e-07	0.0001125947	0.07331801	-5.952696e-17	-9.8363865e-17	1.3578981e-16	-4.8803365e-17	0	-4.8149528e-17
2.4400099999998442e-09	1.2055471e-08	1.16358414e-07	0.000112849586	0.07331442	-5.9527404e-17	-9.8363514e-17	1.3578928e-16	-4.8803623e-17	0	-4.8149545e-17
2.450009999999723e-09	1.3009715e-08	1.1689184e-07	0.000113125876	0.07331092	-5.952788e-17	-9.8363197e-17	1.3578876e-16	-4.8803888e-17	0	-4.8149555e-17
2.460009999999602e-09	1.3549069e-08	1.149715e-07	0.000113407346	0.07330752	-5.952837e-17	-9.8362905e-17	1.3578829e-16	-4.8804172e-17	0	-4.8149568e-17
2.470009999999481e-09	1.3033422e-08	1.1603836e-07	0.00011371451	0.073304206	-5.952882e-17	-9.8362654e-17	1.3578789e-16	-4.8804463e-17	0	-4.814958e-17
2.48000999999936e-09	1.3104546e-08	1.158724e-07	0.00011400579	0.07330099	-5.95293e-17	-9.836244e-17	1.3578753e-16	-4.8804788e-17	0	-4.8149595e-17
2.490009999999239e-09	1.1984348e-08	1.14947795e-07	0.00011426987	0.07329788	-5.952977e-17	-9.836225e-17	1.357872e-16	-4.88051e-17	0	-4.814961e-17
2.500009999999118e-09	1.3596486e-08	1.15765715e-07	0.0001145656	0.07329488	-5.953023e-17	-9.836207e-17	1.3578689e-16	-4.8805416e-17	0	-4.8149628e-17
2.510009999998997e-09	1.4361065e-08	1.1565903e-07	0.00011485897	0.073291935	-5.953069e-17	-9.836192e-17	1.3578658e-16	-4.880574e-17	0	-4.8149634e-17
2.520009999998876e-09	1.4793735e-08	1.1485296e-07	0.00011513852	0.07328905	-5.9531156e-17	-9.836178e-17	1.3578634e-16	-4.8806075e-17	0	-4.8149644e-17
2.530009999998755e-09	1.7401605e-08	1.14212845e-07	0.0001154532	0.073286265	-5.9531626e-17	-9.836169e-17	1.3578617e-16	-4.8806435e-17	0	-4.814966e-17
2.540009999998634e-09	1.7502364e-08	1.13489754e-07	0.00011575021	0.073283575	-5.953209e-17	-9.836169e-17	1.3578609e-16	-4.880682e-17	0	-4.8149667e-17
2.550009999998513e-09	1.6619243e-08	1.13513465e-07	0.00011606128	0.07328099	-5.9532546e-17	-9.8361694e-17	1.3578605e-16	-4.8807216e-17	0	-4.8149684e-17
2.560009999998392e-09	1.9132282e-08	1.1538639e-07	0.00011635284	0.07327849	-5.9533e-17	-9.8361714e-17	1.35786e-16	-4.8807603e-17	0	-4.8149694e-17
2.570009999998271e-09	1.7484583e-08	1.1460403e-07	0.00011664957	0.07327605	-5.953348e-17	-9.8361734e-17	1.3578597e-16	-4.8807994e-17	0	-4.814971e-17
2.58000999999815e-09	1.7697953e-08	1.1340678e-07	0.00011694481	0.07327369	-5.953391e-17	-9.836178e-17	1.3578597e-16	-4.8808404e-17	0	-4.8149714e-17
2.590009999998029e-09	1.7940959e-08	1.12920766e-07	0.00011724631	0.07327139	-5.9534386e-17	-9.8361886e-17	1.3578605e-16	-4.8808828e-17	0	-4.8149724e-17
2.600009999997908e-09	1.711711e-08	1.12411044e-07	0.00011756679	0.07326916	-5.953483e-17	-9.8362025e-17	1.357862e-16	-4.880927e-17	0	-4.8149733e-17
2.610009999997787e-09	1.7182307e-08	1.1352532e-07	0.000117898904	0.07326702	-5.953529e-17	-9.836218e-17	1.3578634e-16	-4.8809718e-17	0	-4.814975e-17
2.620009999997666e-09	1.840919e-08	1.127074e-07	0.000118214266	0.07326496	-5.9535736e-17	-9.836237e-17	1.3578657e-16	-4.8810168e-17	0	-4.8149763e-17
2.630009999997545e-09	1.897818e-08	1.1224509e-07	0.00011854777	0.07326294	-5.95362e-17	-9.836259e-17	1.357868e-16	-4.881064e-17	0	-4.8149767e-17
2.640009999997424e-09	1.7940959e-08	1.12411044e-07	0.00011888812	0.073261	-5.9536655e-17	-9.836283e-17	1.357871e-16	-4.881113e-17	0	-4.8149783e-17
2.650009999997303e-09	1.7935033e-08	1.11711664e-07	0.000119261706	0.07325916	-5.953709e-17	-9.8363144e-17	1.3578748e-16	-4.881163e-17	0	-4.8149786e-17
2.660009999997182e-09	1.8847787e-08	1.1081076e-07	0.00011960513	0.07325746	-5.953756e-17	-9.836348e-17	1.3578788e-16	-4.8812146e-17	0	-4.81498e-17
2.670009999997061e-09	1.9636076e-08	1.0990986e-07	0.00011986718	0.0732558	-5.9538e-17	-9.836388e-17	1.3578837e-16	-4.881269e-17	0	-4.8149806e-17
2.68000999999694e-09	1.8581073e-08	1.0949498e-07	0.000120155884	0.073254205	-5.9538455e-17	-9.836428e-17	1.3578888e-16	-4.8813228e-17	0	-4.814982e-17
2.690009999996819e-09	1.897818e-08	1.10063965e-07	0.0001204654	0.07325268	-5.95389e-17	-9.8364725e-17	1.3578944e-16	-4.881379e-17	0	-4.8149826e-17
2.700009999996698e-09	1.8930765e-08	1.10549976e-07	0.00012079467	0.0732512	-5.9539355e-17	-9.83652e-17	1.3579004e-16	-4.8814353e-17	0	-4.8149836e-17
2.710009999996577e-09	1.9244894e-08	1.110597e-07	0.000121131205	0.07324977	-5.9539805e-17	-9.8365705e-17	1.3579068e-16	-4.881494e-17	0	-4.8149843e-17
2.720009999996456e-09	1.9298238e-08	1.1058554e-07	0.0001214907	0.07324842	-5.9540255e-17	-9.8366274e-17	1.3579143e-16	-4.8815538e-17	0	-4.814986e-17
2.730009999996335e-09	2.1793495e-08	1.089734e-07	0.00012184535	0.07324711	-5.954071e-17	-9.836684e-17	1.3579215e-16	-4.881615e-17	0	-4.814987e-17
2.740009999996214e-09	2.3127065e-08	1.0979132e-07	0.00012222574	0.07324589	-5.954115e-17	-9.836746e-17	1.3579295e-16	-4.8816772e-17	0	-4.8149872e-17
2.750009999996093e-09	2.3512317e-08	1.1001655e-07	0.00012263094	0.07324472	-5.954159e-17	-9.836811e-17	1.3579381e-16	-4.881741e-17	0	-4.8149882e-17
2.760009999995972e-09	2.4419146e-08	1.08534806e-07	0.00012296486	0.0732436	-5.954203e-17	-9.836879e-17	1.3579472e-16	-4.881807e-17	0	-4.8149892e-17
2.770009999995851e-09	2.5320047e-08	1.0759834e-07	0.0001233213	0.07324257	-5.954247e-17	-9.836952e-17	1.3579567e-16	-4.8818737e-17	0	-4.8149906e-17
2.78000999999573e-09	2.3885718e-08	1.06851545e-07	0.00012369739	0.07324163	-5.9542935e-17	-9.83703e-17	1.3579672e-16	-4.881943e-17	0	-4.8149912e-17
2.790009999995609e-09	2.505926e-08	1.0595064e-07	0.00012404943	0.07324076	-5.954338e-17	-9.837113e-17	1.3579782e-16	-4.8820144e-17	0	-4.8149922e-17
2.800009999995488e-09	2.601943e-08	1.0538165e-07	0.00012431596	0.07323994	-5.9543816e-17	-9.8372004e-17	1.3579897e-16	-4.882086e-17	0	-4.8149935e-17
2.810009999995367e-09	2.7524882e-08	1.0283305e-07	0.00012456898	0.07323921	-5.9544285e-17	-9.8372904e-17	1.3580016e-16	-4.88216e-17	0	-4.8149942e-17
2.820009999995246e-09	2.954598e-08	1.0251299e-07	0.00012482185	0.07323857	-5.954471e-17	-9.8373844e-17	1.3580144e-16	-4.8822357e-17	0	-4.8149945e-17
2.830009999995125e-09	2.9871963e-08	1.0301086e-07	0.00012510986	0.07323799	-5.954515e-17	-9.837483e-17	1.3580277e-16	-4.8823138e-17	0	-4.8149955e-17
2.840009999995004e-09	2.9557835e-08	1.0378137e-07	0.00012545798	0.073237434	-5.954558e-17	-9.837586e-17	1.3580417e-16	-4.8823922e-17	0	-4.814997e-17
2.850009999994883e-09	3.036983e-08	1.0310569e-07	0.00012589662	0.07323697	-5.9546046e-17	-9.8376934e-17	1.358056e-16	-4.882473e-17	0	-4.8149978e-17
2.860009999994762e-09	3.2076798e-08	1.0337833e-07	0.0001263316	0.07323658	-5.954648e-17	-9.837804e-17	1.3580711e-16	-4.882555e-17	0	-4.8149988e-17
2.870009999994641e-09	3.1715253e-08	1.0334277e-07	0.00012669216	0.07323627	-5.954692e-17	-9.83792e-17	1.3580867e-16	-4.8826394e-17	0	-4.8149995e-17
2.8800099999945198e-09	3.1424833e-08	1.0286861e-07	0.00012705859	0.073236026	-5.954736e-17	-9.8380415e-17	1.3581034e-16	-4.882727e-17	0	-4.815001e-17
2.8900099999943988e-09	3.0713593e-08	1.0218108e-07	0.00012745113	0.07323583	-5.954779e-17	-9.83817e-17	1.3581208e-16	-4.8828157e-17	0	-4.815002e-17
2.9000099999942778e-09	3.2799893e-08	1.03508725e-07	0.00012781116	0.07323568	-5.954825e-17	-9.838304e-17	1.358139e-16	-4.8829077e-17	0	-4.8150028e-17
2.9100099999941568e-09	3.146632e-08	1.0112608e-07	0.00012816975	0.073235594	-5.954867e-17	-9.8384405e-17	1.3581576e-16	-4.8829997e-17	0	-4.8150038e-17
2.9200099999940357e-09	3.0411318e-08	1.0150541e-07	0.00012848005	0.07323558	-5.954913e-17	-9.838581e-17	1.3581767e-16	-4.883093e-17	0	-4.8150054e-17
2.9300099999939147e-09	3.068396e-08	9.917018e-08	0.00012879404	0.073235646	-5.9549546e-17	-9.8387244e-17	1.3581966e-16	-4.8831893e-17	0	-4.8150058e-17
2.9400099999937937e-09	3.203531e-08	9.746321e-08	0.00012913102	0.07323582	-5.955e-17	-9.838877e-17	1.3582173e-16	-4.8832882e-17	0	-4.8150068e-17
2.9500099999936727e-09	3.3084387e-08	9.8020344e-08	0.0001295055	0.0732361	-5.9550426e-17	-9.839034e-17	1.3582389e-16	-4.883389e-17	0	-4.8150078e-17
2.9600099999935517e-09	3.3386662e-08	9.549545e-08	0.00012984636	0.07323642	-5.955087e-17	-9.839199e-17	1.3582614e-16	-4.883493e-17	0	-4.8150094e-17
2.9700099999934307e-09	3.4252e-08	9.310096e-08	0.00013017307	0.07323679	-5.95513e-17	-9.839366e-17	1.3582844e-16	-4.8835982e-17	0	-4.81501e-17
2.9800099999933097e-09	3.6379785e-08	9.2330446e-08	0.00013048059	0.07323724	-5.955173e-17	-9.839539e-17	1.3583083e-16	-4.8837054e-17	0	-4.815011e-17
2.9900099999931887e-09	3.666428e-08	9.167848e-08	0.00013077466	0.07323773	-5.955217e-17	-9.8397184e-17	1.3583329e-16	-4.8838153e-17	0	-4.8150117e-17
3.0000099999930677e-09	3.7790407e-08	9.0931685e-08	0.00013100129	0.07323831	-5.95526e-17	-9.8399037e-17	1.3583584e-16	-4.8839275e-17	0	-4.815014e-17
