# t (s)	mx ()	my ()	mz ()	spinAngle (rad)	E_total (J)	E_anis (J)	E_demag (J)	E_exch (J)	E_therm (J)	E_custom (J)
0	0	0	0	0.002372557	-2.1897553e-16	-3.21808e-16	1.4495968e-16	6.1440006e-18	0	-4.82712e-17
1.0000000000000124e-11	-2.0151722e-10	-1.385431e-10	0.00010216576	0.0037188968	-2.2444134e-16	-3.191392e-16	1.438805e-16	-9.763872e-19	0	-4.820626e-17
2.0009999999999403e-11	-3.1412978e-10	-9.03864e-11	-5.5002958e-05	0.0031401278	-2.2485575e-16	-3.201177e-16	1.4431419e-16	-8.3287844e-19	0	-4.8219366e-17
3.000999999999824e-11	1.4817442e-11	9.9276865e-11	-0.00013413002	0.0026715838	-2.2503574e-16	-3.2076095e-16	1.445972e-16	-6.426485e-19	0	-4.8229338e-17
4.000000000000001e-11	1.303935e-10	-6.519675e-11	-5.36352e-05	0.0023786875	-2.2515838e-16	-3.2103708e-16	1.4472459e-16	-6.095732e-19	0	-4.8236316e-17
5.0000000000001785e-11	-1.02240355e-10	6.223326e-11	7.962653e-05	0.0020792368	-2.2567366e-16	-3.2123386e-16	1.4482002e-16	-9.92251e-19	0	-4.8267587e-17
6.00000000000024e-11	-1.2891176e-10	5.4824537e-11	0.00011178438	0.0018940981	-2.2578084e-16	-3.2131324e-16	1.4485378e-16	-1.0514337e-18	0	-4.8269953e-17
7.000999999999771e-11	8.038463e-11	-8.075506e-11	0.00011197449	0.0018264913	-2.2578854e-16	-3.213321e-16	1.4486189e-16	-1.0476551e-18	0	-4.827066e-17
8.000999999999302e-11	-1.5743533e-11	-6.667849e-11	0.00011465797	0.0017982719	-2.257899e-16	-3.2132608e-16	1.4485943e-16	-1.0524947e-18	0	-4.8270733e-17
9.000999999998834e-11	-7.635614e-11	8.52003e-11	0.00011550729	0.0017764797	-2.257902e-16	-3.213238e-16	1.4485848e-16	-1.0541188e-18	0	-4.8270753e-17
1.0000999999998365e-10	-1.6669622e-11	-2.2967036e-11	0.00011479298	0.0017699949	-2.2579032e-16	-3.213266e-16	1.4485965e-16	-1.0525585e-18	0	-4.8270763e-17
1.1000999999997896e-10	-6.31362e-11	-4.0747968e-11	0.00011468487	0.0017700187	-2.257903e-16	-3.2132714e-16	1.4485985e-16	-1.0522714e-18	0	-4.8270763e-17
1.2000999999997891e-10	4.1442535e-12	4.7415818e-11	0.000114939256	0.0017684732	-2.257903e-16	-3.213262e-16	1.4485948e-16	-1.0528108e-18	0	-4.8270763e-17
1.3000999999998715e-10	6.811393e-11	-1.5558315e-11	0.0001149495	0.0017683422	-2.257903e-16	-3.2132616e-16	1.4485947e-16	-1.0528441e-18	0	-4.8270763e-17
1.400099999999954e-10	3.213533e-11	-2.1411205e-10	0.000114866816	0.0017681911	-2.2579032e-16	-3.2132647e-16	1.448596e-16	-1.0526674e-18	0	-4.8270767e-17
1.5000000000000362e-10	-2.782901e-11	1.9040414e-10	0.00011487086	0.0017682179	-2.2579026e-16	-3.2132642e-16	1.4485957e-16	-1.0526736e-18	0	-4.8270763e-17
1.6000000000001186e-10	-1.346072e-10	1.7817975e-10	0.00011489758	0.001768075	-2.257903e-16	-3.2132634e-16	1.4485956e-16	-1.0527286e-18	0	-4.8270763e-17
1.700000000000201e-10	-5.3342792e-11	-1.7410495e-10	0.00011489492	0.001767968	-2.2579026e-16	-3.2132634e-16	1.4485956e-16	-1.0527244e-18	0	-4.8270763e-17
1.8000000000002833e-10	-8.2699854e-11	-1.1594649e-10	0.00011488806	0.0017682598	-2.2579026e-16	-3.2132634e-16	1.4485956e-16	-1.0527113e-18	0	-4.8270763e-17
1.9000000000003657e-10	2.5323935e-10	7.8532444e-11	0.00011488786	0.0017682108	-2.257903e-16	-3.213264e-16	1.4485956e-16	-1.0527104e-18	0	-4.8270763e-17
2.000000000000448e-10	7.672657e-11	1.0149948e-10	0.00011488833	0.0017681484	-2.2579026e-16	-3.2132634e-16	1.4485956e-16	-1.0527105e-18	0	-4.8270763e-17
2.1000000000005304e-10	-1.0839885e-10	1.3483872e-10	0.00011488829	0.0017681802	-2.257903e-16	-3.213264e-16	1.4485956e-16	-1.0527105e-18	0	-4.8270763e-17
2.2000000000006128e-10	1.2094738e-10	9.557251e-11	0.00011488831	0.0017681932	-2.257903e-16	-3.2132634e-16	1.4485956e-16	-1.0527105e-18	0	-4.8270763e-17
2.3000000000006952e-10	1.15020396e-10	6.890111e-11	0.00011488836	0.0017681811	-2.2579024e-16	-3.2132634e-16	1.4485956e-16	-1.0527104e-18	0	-4.8270763e-17
2.4000000000005925e-10	1.4261789e-10	1.663258e-10	0.00011488833	0.0017681746	-2.2579026e-16	-3.213264e-16	1.4485956e-16	-1.0527105e-18	0	-4.8270763e-17
2.5000000000004163e-10	1.4803551e-10	2.4745128e-10	0.00011488833	0.0017681692	-2.257903e-16	-3.213264e-16	1.4485956e-16	-1.0527105e-18	0	-4.8270763e-17
2.60000000000024e-10	9.8258165e-11	1.5113792e-10	0.00011488833	0.0017681696	-2.257903e-16	-3.213264e-16	1.4485956e-16	-1.0527105e-18	0	-4.8270763e-17
2.700000000000064e-10	1.3632047e-10	1.6002838e-10	0.000114888346	0.00176817	-2.257903e-16	-3.213264e-16	1.4485956e-16	-1.0527105e-18	0	-4.8270763e-17
2.800099999999888e-10	1.5243444e-10	2.6449135e-10	0.00011488838	0.0017682906	-2.2579026e-16	-3.2132634e-16	1.4485956e-16	-1.0527105e-18	0	-4.8270763e-17
2.9000999999997117e-10	1.1386279e-10	1.8892239e-10	0.00011488837	0.0017682906	-2.2579024e-16	-3.2132634e-16	1.4485956e-16	-1.0527104e-18	0	-4.8270763e-17
3.0000999999995355e-10	1.1654845e-10	1.7892061e-10	0.00011488838	0.0017682906	-2.2579026e-16	-3.2132634e-16	1.4485956e-16	-1.0527104e-18	0	-4.8270763e-17
3.1000999999993594e-10	1.3363481e-10	2.2374338e-10	0.00011488837	0.0017682906	-2.2579026e-16	-3.2132634e-16	1.4485956e-16	-1.0527104e-18	0	-4.8270763e-17
3.2000999999991833e-10	1.3951548e-10	2.0818507e-10	0.00011488837	0.0017682906	-2.2579026e-16	-3.2132634e-16	1.4485956e-16	-1.0527104e-18	0	-4.8270763e-17
3.300099999999007e-10	1.2553152e-10	1.9892417e-10	0.00011488837	0.0017682906	-2.2579026e-16	-3.2132634e-16	1.4485956e-16	-1.0527104e-18	0	-4.8270763e-17
3.400099999998831e-10	1.295137e-10	1.9744242e-10	0.00011488837	0.0017682906	-2.2579026e-16	-3.2132634e-16	1.4485956e-16	-1.0527104e-18	0	-4.8270763e-17
3.500099999998655e-10	1.3164372e-10	2.0373983e-10	0.00011488837	0.0017682906	-2.2579026e-16	-3.2132634e-16	1.4485956e-16	-1.0527104e-18	0	-4.8270763e-17
3.600099999998479e-10	1.3006936e-10	1.9521981e-10	0.00011488837	0.0017682906	-2.2579026e-16	-3.2132634e-16	1.4485956e-16	-1.0527104e-18	0	-4.8270763e-17
3.7000999999983027e-10	1.2585566e-10	1.9707198e-10	0.00011488838	0.0017682906	-2.2579026e-16	-3.2132634e-16	1.4485956e-16	-1.0527104e-18	0	-4.8270763e-17
3.8000999999981266e-10	1.3113437e-10	1.9336763e-10	0.00011488837	0.0017682906	-2.2579024e-16	-3.2132634e-16	1.4485956e-16	-1.0527104e-18	0	-4.8270763e-17
3.9000999999979505e-10	1.3206046e-10	1.9188588e-10	0.00011488838	0.0017682908	-2.2579026e-16	-3.2132634e-16	1.4485956e-16	-1.0527105e-18	0	-4.8270763e-17
4.0000999999977743e-10	1.3118068e-10	1.9299719e-10	0.00011488837	0.0017682906	-2.2579026e-16	-3.2132634e-16	1.4485956e-16	-1.0527105e-18	0	-4.8270763e-17
4.100099999997598e-10	1.2710588e-10	1.9114502e-10	0.00011488837	0.0017682906	-2.2579026e-16	-3.2132634e-16	1.4485956e-16	-1.0527105e-18	0	-4.8270763e-17
4.200099999997422e-10	1.295137e-10	1.9336763e-10	0.00011488838	0.0017682906	-2.2579026e-16	-3.2132634e-16	1.4485956e-16	-1.0527105e-18	0	-4.8270763e-17
4.300099999997246e-10	1.3062502e-10	1.9484937e-10	0.00011488838	0.0017682906	-2.2579026e-16	-3.2132634e-16	1.4485956e-16	-1.0527105e-18	0	-4.8270763e-17
4.40009999999707e-10	1.325698e-10	1.9447893e-10	0.00011488838	0.0017682908	-2.2579026e-16	-3.2132634e-16	1.4485956e-16	-1.0527105e-18	0	-4.8270763e-17
4.5000999999968937e-10	1.2599456e-10	1.9484937e-10	0.00011488837	0.0017682906	-2.2579026e-16	-3.2132634e-16	1.4485956e-16	-1.0527105e-18	0	-4.8270763e-17
4.6000999999967176e-10	1.3076393e-10	1.941085e-10	0.00011488837	0.0017682906	-2.2579026e-16	-3.2132634e-16	1.4485956e-16	-1.0527105e-18	0	-4.8270763e-17
4.700099999996541e-10	1.3062502e-10	1.9781286e-10	0.00011488837	0.0017682908	-2.2579026e-16	-3.2132634e-16	1.4485956e-16	-1.0527105e-18	0	-4.8270763e-17
4.800099999996365e-10	1.3011567e-10	1.9447893e-10	0.00011488837	0.0017682908	-2.2579026e-16	-3.2132634e-16	1.4485956e-16	-1.0527105e-18	0	-4.8270763e-17
4.900099999996189e-10	1.2886545e-10	1.9484937e-10	0.00011488837	0.0017682906	-2.2579026e-16	-3.2132634e-16	1.4485956e-16	-1.0527105e-18	0	-4.8270763e-17
5.000099999996013e-10	1.3076393e-10	1.9781286e-10	0.00011488838	0.0017682906	-2.2579026e-16	-3.2132634e-16	1.4485956e-16	-1.0527105e-18	0	-4.8270763e-17
5.100099999995837e-10	1.3020827e-10	1.9077458e-10	0.00011488837	0.0017682908	-2.2579026e-16	-3.2132634e-16	1.4485956e-16	-1.0527105e-18	0	-4.8270763e-17
5.200099999995661e-10	1.2807827e-10	1.8966327e-10	0.00011488837	0.0017682906	-2.2579026e-16	-3.2132634e-16	1.4485956e-16	-1.0527105e-18	0	-4.8270763e-17
5.300099999995485e-10	1.2960631e-10	1.9521981e-10	0.00011488837	0.0017682908	-2.2579026e-16	-3.2132634e-16	1.4485956e-16	-1.0527105e-18	0	-4.8270763e-17
5.400099999995309e-10	1.3280133e-10	2.0188766e-10	0.00011488838	0.0017682908	-2.2579026e-16	-3.2132634e-16	1.4485956e-16	-1.0527105e-18	0	-4.8270763e-17
5.500099999995133e-10	1.3034719e-10	1.9781286e-10	0.00011488837	0.0017682908	-2.2579026e-16	-3.2132634e-16	1.4485956e-16	-1.0527105e-18	0	-4.8270763e-17
5.600099999994956e-10	1.3497764e-10	1.9929461e-10	0.00011488838	0.0017682908	-2.2579026e-16	-3.2132634e-16	1.4485956e-16	-1.0527105e-18	0	-4.8270763e-17
5.70009999999478e-10	1.3233828e-10	1.9929461e-10	0.00011488837	0.0017682906	-2.2579026e-16	-3.2132634e-16	1.4485956e-16	-1.0527105e-18	0	-4.8270767e-17
5.800099999994604e-10	1.3178263e-10	1.9855373e-10	0.00011488838	0.0017682906	-2.2579026e-16	-3.2132634e-16	1.4485956e-16	-1.0527105e-18	0	-4.8270767e-17
5.900099999994428e-10	1.3006936e-10	1.9744242e-10	0.00011488838	0.0017682908	-2.2579026e-16	-3.2132634e-16	1.4485956e-16	-1.0527105e-18	0	-4.8270763e-17
6.000099999994252e-10	1.3187523e-10	1.9670156e-10	0.00011488837	0.0017682908	-2.2579026e-16	-3.2132634e-16	1.4485956e-16	-1.0527105e-18	0	-4.8270763e-17
6.100099999994076e-10	1.2932849e-10	1.9855373e-10	0.00011488838	0.0017682906	-2.2579026e-16	-3.2132634e-16	1.4485956e-16	-1.0527105e-18	0	-4.8270763e-17
6.2000999999939e-10	1.3150481e-10	1.9670156e-10	0.00011488838	0.0017682908	-2.2579026e-16	-3.2132634e-16	1.4485956e-16	-1.0527105e-18	0	-4.8270763e-17
6.300099999993724e-10	1.3108806e-10	1.9929461e-10	0.00011488837	0.0017682908	-2.2579026e-16	-3.2132634e-16	1.4485956e-16	-1.0527105e-18	0	-4.8270763e-17
6.400099999993547e-10	1.2715218e-10	1.9484937e-10	0.00011488838	0.0017682908	-2.2579026e-16	-3.2132634e-16	1.4485956e-16	-1.0527105e-18	0	-4.8270763e-17
6.500099999993371e-10	1.3178263e-10	1.9781286e-10	0.00011488837	0.0017682908	-2.2579026e-16	-3.2132634e-16	1.4485956e-16	-1.0527105e-18	0	-4.8270763e-17
6.600099999993195e-10	1.3400525e-10	1.9447893e-10	0.00011488837	0.0017682906	-2.2579026e-16	-3.2132634e-16	1.4485956e-16	-1.0527105e-18	0	-4.8270763e-17
6.700099999993019e-10	1.3238459e-10	1.9447893e-10	0.00011488838	0.0017682908	-2.2579024e-16	-3.2132634e-16	1.4485956e-16	-1.0527105e-18	0	-4.8270763e-17
6.800099999992843e-10	1.3747808e-10	1.9484937e-10	0.00011488837	0.0017682906	-2.2579026e-16	-3.2132634e-16	1.4485956e-16	-1.0527105e-18	0	-4.8270767e-17
6.900099999992667e-10	1.3627417e-10	1.9225632e-10	0.00011488837	0.0017682908	-2.2579026e-16	-3.2132634e-16	1.4485956e-16	-1.0527105e-18	0	-4.8270763e-17
7.000099999992491e-10	1.3571852e-10	1.9929461e-10	0.00011488837	0.0017682908	-2.2579026e-16	-3.2132634e-16	1.4485956e-16	-1.0527105e-18	0	-4.8270763e-17
7.100099999992315e-10	1.3465351e-10	1.9596068e-10	0.00011488837	0.0017682908	-2.2579024e-16	-3.2132634e-16	1.4485956e-16	-1.0527105e-18	0	-4.8270763e-17
7.200099999992138e-10	1.3784852e-10	1.9484937e-10	0.00011488837	0.0017682906	-2.2579026e-16	-3.2132634e-16	1.4485956e-16	-1.0527105e-18	0	-4.8270763e-17
7.300099999991962e-10	1.3372742e-10	1.9929461e-10	0.00011488837	0.0017682906	-2.2579026e-16	-3.2132634e-16	1.4485956e-16	-1.0527105e-18	0	-4.8270763e-17
7.400099999991786e-10	1.3414415e-10	2.0040591e-10	0.00011488838	0.0017682906	-2.2579026e-16	-3.2132634e-16	1.4485956e-16	-1.0527105e-18	0	-4.8270763e-17
7.50009999999161e-10	1.3187523e-10	1.9633112e-10	0.00011488837	0.0017682906	-2.2579026e-16	-3.2132634e-16	1.4485956e-16	-1.0527105e-18	0	-4.8270763e-17
7.600099999991434e-10	1.3673722e-10	1.941085e-10	0.00011488838	0.0017682906	-2.2579026e-16	-3.2132634e-16	1.4485956e-16	-1.0527105e-18	0	-4.8270763e-17
7.700099999991258e-10	1.3275503e-10	1.9299719e-10	0.00011488837	0.0017682906	-2.2579026e-16	-3.2132634e-16	1.4485956e-16	-1.0527105e-18	0	-4.8270763e-17
7.800099999991082e-10	1.3298655e-10	1.900337e-10	0.00011488837	0.0017682906	-2.2579026e-16	-3.2132634e-16	1.4485956e-16	-1.0527105e-18	0	-4.8270763e-17
7.900099999990906e-10	1.3016198e-10	1.9188588e-10	0.00011488837	0.0017682906	-2.2579026e-16	-3.2132634e-16	1.4485956e-16	-1.0527105e-18	0	-4.8270767e-17
8.00009999999073e-10	1.345609e-10	1.9040414e-10	0.00011488837	0.0017682906	-2.2579026e-16	-3.2132634e-16	1.4485956e-16	-1.0527105e-18	0	-4.8270763e-17
8.100099999990553e-10	1.3030088e-10	1.9188588e-10	0.00011488838	0.0017682906	-2.2579026e-16	-3.2132634e-16	1.4485956e-16	-1.0527105e-18	0	-4.8270763e-17
8.200099999990377e-10	1.2678174e-10	1.9114502e-10	0.00011488838	0.0017682906	-2.2579026e-16	-3.2132634e-16	1.4485956e-16	-1.0527105e-18	0	-4.8270763e-17
8.300099999990201e-10	1.2932849e-10	1.8966327e-10	0.00011488837	0.0017682906	-2.2579024e-16	-3.2132634e-16	1.4485956e-16	-1.0527105e-18	0	-4.8270763e-17
8.400099999990025e-10	1.3071763e-10	1.9262675e-10	0.00011488838	0.0017682906	-2.2579026e-16	-3.2132634e-16	1.4485956e-16	-1.0527105e-18	0	-4.8270763e-17
8.500099999989849e-10	1.3604265e-10	1.941085e-10	0.00011488838	0.0017682906	-2.2579024e-16	-3.2132634e-16	1.4485956e-16	-1.0527105e-18	0	-4.8270763e-17
8.600099999989673e-10	1.2895805e-10	1.9521981e-10	0.00011488837	0.0017682906	-2.2579026e-16	-3.2132634e-16	1.4485956e-16	-1.0527105e-18	0	-4.8270763e-17
8.700099999989497e-10	1.3377373e-10	1.9670156e-10	0.00011488837	0.0017682906	-2.2579026e-16	-3.2132634e-16	1.4485956e-16	-1.0527105e-18	0	-4.8270763e-17
8.800099999989321e-10	1.3289393e-10	1.9559024e-10	0.00011488838	0.0017682906	-2.2579026e-16	-3.2132634e-16	1.4485956e-16	-1.0527105e-18	0	-4.8270763e-17
8.900099999989144e-10	1.2928218e-10	1.9744242e-10	0.00011488837	0.0017682906	-2.2579026e-16	-3.2132634e-16	1.4485956e-16	-1.0527105e-18	0	-4.8270763e-17
9.000099999988968e-10	1.3386633e-10	1.9596068e-10	0.00011488837	0.0017682908	-2.2579026e-16	-3.2132634e-16	1.4485956e-16	-1.0527105e-18	0	-4.8270763e-17
9.100099999988792e-10	1.3002306e-10	1.9633112e-10	0.00011488837	0.0017682906	-2.2579026e-16	-3.2132634e-16	1.4485956e-16	-1.0527105e-18	0	-4.8270767e-17
9.200099999988616e-10	1.3076393e-10	1.9596068e-10	0.00011488837	0.0017682906	-2.2579026e-16	-3.2132634e-16	1.4485956e-16	-1.0527105e-18	0	-4.8270763e-17
9.30009999998844e-10	1.305324e-10	1.9114502e-10	0.00011488838	0.0017682906	-2.2579026e-16	-3.2132634e-16	1.4485956e-16	-1.0527105e-18	0	-4.8270763e-17
9.400099999989161e-10	1.3497764e-10	1.9373807e-10	0.00011488837	0.0017682908	-2.2579026e-16	-3.2132634e-16	1.4485956e-16	-1.0527105e-18	0	-4.8270763e-17
9.50009999999002e-10	1.3002306e-10	1.9299719e-10	0.00011488838	0.0017682906	-2.2579026e-16	-3.2132634e-16	1.4485956e-16	-1.0527105e-18	0	-4.8270767e-17
9.600099999990877e-10	1.2868023e-10	1.9559024e-10	0.00011488838	0.0017682906	-2.2579026e-16	-3.2132634e-16	1.4485956e-16	-1.0527105e-18	0	-4.8270763e-17
9.700099999991735e-10	1.3368112e-10	1.9596068e-10	0.00011488838	0.0017682906	-2.2579026e-16	-3.2132634e-16	1.4485956e-16	-1.0527105e-18	0	-4.8270763e-17
9.800099999992593e-10	1.2918958e-10	1.9670156e-10	0.00011488837	0.0017682908	-2.2579026e-16	-3.2132634e-16	1.4485956e-16	-1.0527105e-18	0	-4.8270763e-17
9.90009999999345e-10	1.2719849e-10	1.9929461e-10	0.00011488838	0.0017682906	-2.2579026e-16	-3.2132634e-16	1.4485956e-16	-1.0527105e-18	0	-4.8270763e-17
1.0000099999994308e-09	1.3118068e-10	1.9929461e-10	0.00011488838	0.0017682906	-2.2579026e-16	-3.2132634e-16	1.4485956e-16	-1.0527105e-18	0	-4.8270763e-17
1.0100099999995166e-09	1.3585742e-10	1.9818329e-10	0.00011488837	0.0017682906	-2.2579026e-16	-3.2132634e-16	1.4485956e-16	-1.0527105e-18	0	-4.8270767e-17
1.0200099999996024e-09	1.295137e-10	2.0262853e-10	0.00011488837	0.0017682906	-2.2579026e-16	-3.2132634e-16	1.4485956e-16	-1.0527105e-18	0	-4.8270763e-17
1.0300099999996882e-09	1.2807827e-10	1.9596068e-10	0.00011488837	0.0017682906	-2.2579026e-16	-3.2132634e-16	1.4485956e-16	-1.0527105e-18	0	-4.8270763e-17
1.040009999999774e-09	1.3006936e-10	1.9262675e-10	0.00011488837	0.0017682906	-2.2579026e-16	-3.2132634e-16	1.4485956e-16	-1.0527105e-18	0	-4.8270763e-17
1.0500099999998598e-09	1.3219938e-10	1.9114502e-10	0.00011488837	0.0017682906	-2.2579026e-16	-3.2132634e-16	1.4485956e-16	-1.0527105e-18	0	-4.8270763e-17
1.0600099999999456e-09	1.2743001e-10	1.941085e-10	0.00011488837	0.0017682906	-2.2579026e-16	-3.2132634e-16	1.4485956e-16	-1.0527105e-18	0	-4.8270763e-17
1.0700000000000313e-09	1.3409786e-10	1.9040414e-10	0.00011488833	0.0017681696	-2.257903e-16	-3.213264e-16	1.4485956e-16	-1.0527105e-18	0	-4.8270763e-17
1.080000000000117e-09	1.3127328e-10	1.9670156e-10	0.000114888346	0.0017681696	-2.257903e-16	-3.213264e-16	1.4485956e-16	-1.0527105e-18	0	-4.8270763e-17
1.0900000000002028e-09	1.3497764e-10	1.9151544e-10	0.000114888346	0.0017681696	-2.257903e-16	-3.213264e-16	1.4485956e-16	-1.0527106e-18	0	-4.8270763e-17
1.1000000000002886e-09	1.366446e-10	1.8892239e-10	0.00011488833	0.0017681696	-2.257903e-16	-3.213264e-16	1.4485956e-16	-1.0527105e-18	0	-4.8270763e-17
1.1100000000003744e-09	1.3780221e-10	1.8966327e-10	0.00011488833	0.0017681696	-2.257903e-16	-3.2132634e-16	1.4485956e-16	-1.0527106e-18	0	-4.8270763e-17
1.1200000000004602e-09	1.335422e-10	1.8966327e-10	0.00011488833	0.0017681696	-2.2579026e-16	-3.213264e-16	1.4485957e-16	-1.0527105e-18	0	-4.8270763e-17
1.130000000000546e-09	1.3414415e-10	1.9077458e-10	0.00011488833	0.0017681696	-2.257903e-16	-3.213264e-16	1.4485956e-16	-1.0527106e-18	0	-4.8270767e-17
1.1400000000006318e-09	1.3405155e-10	1.9336763e-10	0.000114888346	0.0017681696	-2.257903e-16	-3.213264e-16	1.4485956e-16	-1.0527105e-18	0	-4.8270763e-17
1.1500000000007175e-09	1.3534808e-10	1.9114502e-10	0.000114888346	0.0017681696	-2.257903e-16	-3.213264e-16	1.4485956e-16	-1.0527105e-18	0	-4.8270763e-17
1.1600000000008033e-09	1.3150481e-10	1.9670156e-10	0.00011488833	0.0017681696	-2.257903e-16	-3.2132634e-16	1.4485956e-16	-1.0527106e-18	0	-4.8270763e-17
1.1700000000008891e-09	1.3201415e-10	1.9225632e-10	0.00011488833	0.0017681696	-2.257903e-16	-3.213264e-16	1.4485956e-16	-1.0527105e-18	0	-4.8270767e-17
1.1800000000009749e-09	1.3511656e-10	1.8929283e-10	0.000114888346	0.0017681696	-2.257903e-16	-3.213264e-16	1.4485956e-16	-1.0527105e-18	0	-4.8270763e-17
1.1900000000010607e-09	1.3432938e-10	1.9114502e-10	0.00011488833	0.0017681696	-2.257903e-16	-3.213264e-16	1.4485956e-16	-1.0527105e-18	0	-4.8270763e-17
1.2000000000011465e-09	1.3368112e-10	1.9521981e-10	0.00011488833	0.0017681696	-2.2579026e-16	-3.213264e-16	1.4485956e-16	-1.0527106e-18	0	-4.8270767e-17
1.2100000000012322e-09	1.3270872e-10	1.900337e-10	0.00011488833	0.0017681696	-2.257903e-16	-3.213264e-16	1.4485956e-16	-1.0527105e-18	0	-4.8270763e-17
1.220000000001318e-09	1.3432938e-10	1.8966327e-10	0.00011488833	0.0017681696	-2.257903e-16	-3.213264e-16	1.4485956e-16	-1.0527106e-18	0	-4.8270763e-17
1.2300000000014038e-09	1.3187523e-10	1.9262675e-10	0.00011488833	0.0017681696	-2.257903e-16	-3.213264e-16	1.4485956e-16	-1.0527105e-18	0	-4.8270763e-17
1.2400000000014896e-09	1.314585e-10	1.9040414e-10	0.00011488833	0.0017681696	-2.257903e-16	-3.213264e-16	1.4485956e-16	-1.0527105e-18	0	-4.8270763e-17
1.2500000000015754e-09	1.3400525e-10	1.9040414e-10	0.00011488833	0.0017681696	-2.257903e-16	-3.213264e-16	1.4485956e-16	-1.0527105e-18	0	-4.8270767e-17
1.2600000000016612e-09	1.345146e-10	1.8966327e-10	0.000114888346	0.0017681696	-2.257903e-16	-3.213264e-16	1.4485956e-16	-1.0527106e-18	0	-4.8270763e-17
1.270000000001747e-09	1.3720025e-10	1.9188588e-10	0.00011488833	0.0017681696	-2.257903e-16	-3.213264e-16	1.4485956e-16	-1.0527105e-18	0	-4.8270763e-17
1.2800000000018327e-09	1.344683e-10	1.9114502e-10	0.00011488833	0.0017681696	-2.257903e-16	-3.213264e-16	1.4485956e-16	-1.0527105e-18	0	-4.8270763e-17
1.2900000000019185e-09	1.3469982e-10	1.9151544e-10	0.000114888346	0.0017681696	-2.257903e-16	-3.2132634e-16	1.4485956e-16	-1.0527105e-18	0	-4.8270763e-17
1.3000000000020043e-09	1.3576482e-10	1.9077458e-10	0.000114888346	0.0017681696	-2.257903e-16	-3.2132634e-16	1.4485956e-16	-1.0527105e-18	0	-4.8270763e-17
1.3100000000020901e-09	1.3539438e-10	1.9336763e-10	0.00011488833	0.0017681696	-2.257903e-16	-3.213264e-16	1.4485956e-16	-1.0527105e-18	0	-4.8270767e-17
1.3200000000021759e-09	1.365057e-10	1.9040414e-10	0.00011488833	0.0017681696	-2.257903e-16	-3.213264e-16	1.4485956e-16	-1.0527106e-18	0	-4.8270763e-17
1.3300000000022617e-09	1.334496e-10	1.9484937e-10	0.00011488833	0.0017681696	-2.257903e-16	-3.213264e-16	1.4485956e-16	-1.0527105e-18	0	-4.8270763e-17
1.3400000000023475e-09	1.3136589e-10	1.9188588e-10	0.00011488833	0.0017681696	-2.2579026e-16	-3.213264e-16	1.4485956e-16	-1.0527105e-18	0	-4.8270763e-17
1.3500000000024332e-09	1.3525547e-10	1.9559024e-10	0.00011488833	0.0017681696	-2.257903e-16	-3.213264e-16	1.4485956e-16	-1.0527105e-18	0	-4.8270763e-17
1.360000000002519e-09	1.3395894e-10	1.9188588e-10	0.00011488833	0.0017681696	-2.257903e-16	-3.2132634e-16	1.4485956e-16	-1.0527105e-18	0	-4.8270763e-17
1.3700000000026048e-09	1.335422e-10	1.848476e-10	0.000114888346	0.0017681696	-2.257903e-16	-3.213264e-16	1.4485956e-16	-1.0527105e-18	0	-4.8270763e-17
1.3800000000026906e-09	1.3622786e-10	1.8669978e-10	0.00011488833	0.0017681696	-2.257903e-16	-3.213264e-16	1.4485956e-16	-1.0527105e-18	0	-4.8270763e-17
1.3900000000027764e-09	1.3812634e-10	1.9484937e-10	0.00011488833	0.0017681696	-2.257903e-16	-3.213264e-16	1.4485956e-16	-1.0527105e-18	0	-4.8270763e-17
1.4000000000028622e-09	1.3331068e-10	1.9114502e-10	0.000114888346	0.0017681696	-2.257903e-16	-3.213264e-16	1.4485956e-16	-1.0527105e-18	0	-4.8270763e-17
1.410000000002948e-09	1.3280133e-10	1.9262675e-10	0.000114888346	0.0017681696	-2.257903e-16	-3.213264e-16	1.4485956e-16	-1.0527105e-18	0	-4.8270763e-17
1.4200000000030337e-09	1.3632047e-10	1.9262675e-10	0.00011488833	0.0017681696	-2.257903e-16	-3.213264e-16	1.4485956e-16	-1.0527106e-18	0	-4.8270763e-17
1.4300000000031195e-09	1.35487e-10	1.9484937e-10	0.00011488833	0.0017681696	-2.257903e-16	-3.213264e-16	1.4485956e-16	-1.0527106e-18	0	-4.8270763e-17
1.4400000000032053e-09	1.3372742e-10	1.9336763e-10	0.00011488833	0.0017681696	-2.257903e-16	-3.213264e-16	1.4485956e-16	-1.0527105e-18	0	-4.8270763e-17
1.450000000003291e-09	1.344683e-10	1.9373807e-10	0.00011488833	0.0017681696	-2.257903e-16	-3.213264e-16	1.4485956e-16	-1.0527106e-18	0	-4.8270763e-17
1.4600000000033769e-09	1.3067132e-10	1.9262675e-10	0.00011488833	0.0017681696	-2.257903e-16	-3.213264e-16	1.4485956e-16	-1.0527105e-18	0	-4.8270763e-17
1.4700000000034627e-09	1.37617e-10	1.9781286e-10	0.00011488833	0.0017681696	-2.257903e-16	-3.213264e-16	1.4485956e-16	-1.0527106e-18	0	-4.8270763e-17
1.4800000000035485e-09	1.355796e-10	1.9262675e-10	0.00011488833	0.0017681696	-2.2579026e-16	-3.213264e-16	1.4485956e-16	-1.0527105e-18	0	-4.8270763e-17
1.4900000000036342e-09	1.3113437e-10	1.9299719e-10	0.000114888346	0.0017681696	-2.2579026e-16	-3.213264e-16	1.4485956e-16	-1.0527105e-18	0	-4.8270763e-17
1.50000000000372e-09	1.3261611e-10	1.9262675e-10	0.00011488833	0.0017681696	-2.257903e-16	-3.213264e-16	1.4485956e-16	-1.0527105e-18	0	-4.8270763e-17
1.5100000000038058e-09	1.3395894e-10	1.9707198e-10	0.00011488833	0.0017681696	-2.257903e-16	-3.213264e-16	1.4485956e-16	-1.0527105e-18	0	-4.8270767e-17
1.5200000000038916e-09	1.304398e-10	1.9484937e-10	0.00011488833	0.0017681696	-2.257903e-16	-3.213264e-16	1.4485956e-16	-1.0527105e-18	0	-4.8270763e-17
1.5300000000039774e-09	1.3636678e-10	1.9262675e-10	0.00011488833	0.0017681696	-2.257903e-16	-3.213264e-16	1.4485956e-16	-1.0527105e-18	0	-4.8270763e-17
1.5400000000040632e-09	1.3201415e-10	1.9262675e-10	0.00011488833	0.0017681696	-2.2579026e-16	-3.213264e-16	1.4485956e-16	-1.0527105e-18	0	-4.8270763e-17
1.550000000004149e-09	1.315511e-10	1.9373807e-10	0.00011488833	0.0017681696	-2.257903e-16	-3.2132634e-16	1.4485956e-16	-1.0527106e-18	0	-4.8270763e-17
1.5600000000042347e-09	1.3488503e-10	1.9151544e-10	0.00011488833	0.0017681696	-2.257903e-16	-3.213264e-16	1.4485956e-16	-1.0527105e-18	0	-4.8270763e-17
1.5700000000043205e-09	1.3507025e-10	1.9447893e-10	0.00011488833	0.0017681696	-2.257903e-16	-3.2132634e-16	1.4485956e-16	-1.0527105e-18	0	-4.8270763e-17
1.5800000000044063e-09	1.3534808e-10	1.9336763e-10	0.00011488833	0.0017681696	-2.257903e-16	-3.213264e-16	1.4485956e-16	-1.0527105e-18	0	-4.8270763e-17
1.590000000004492e-09	1.3382002e-10	1.9188588e-10	0.00011488833	0.0017681696	-2.257903e-16	-3.213264e-16	1.4485956e-16	-1.0527106e-18	0	-4.8270763e-17
1.6000000000045779e-09	1.334496e-10	1.9040414e-10	0.000114888346	0.0017681696	-2.257903e-16	-3.213264e-16	1.4485956e-16	-1.0527105e-18	0	-4.8270763e-17
1.6100000000046637e-09	1.3321808e-10	1.9188588e-10	0.00011488833	0.0017681696	-2.257903e-16	-3.213264e-16	1.4485956e-16	-1.0527106e-18	0	-4.8270763e-17
1.6200000000047495e-09	1.3261611e-10	1.9299719e-10	0.00011488833	0.0017681696	-2.257903e-16	-3.213264e-16	1.4485956e-16	-1.0527105e-18	0	-4.8270763e-17
1.6300000000048352e-09	1.2923589e-10	1.900337e-10	0.000114888346	0.0017681696	-2.257903e-16	-3.213264e-16	1.4485956e-16	-1.0527105e-18	0	-4.8270763e-17
1.640000000004921e-09	1.3502395e-10	1.9484937e-10	0.00011488833	0.0017681696	-2.2579026e-16	-3.213264e-16	1.4485956e-16	-1.0527105e-18	0	-4.8270763e-17
1.6500000000050068e-09	1.3238459e-10	1.8966327e-10	0.00011488833	0.0017681696	-2.257903e-16	-3.2132634e-16	1.4485956e-16	-1.0527106e-18	0	-4.8270767e-17
1.6600000000050926e-09	1.3335698e-10	1.8781109e-10	0.000114888346	0.0017681696	-2.257903e-16	-3.213264e-16	1.4485956e-16	-1.0527105e-18	0	-4.8270763e-17
1.6700000000051784e-09	1.3224567e-10	1.941085e-10	0.00011488833	0.0017681696	-2.257903e-16	-3.213264e-16	1.4485956e-16	-1.0527106e-18	0	-4.8270763e-17
1.6800000000052642e-09	1.3465351e-10	1.9262675e-10	0.000114888346	0.0017681696	-2.257903e-16	-3.213264e-16	1.4485956e-16	-1.0527105e-18	0	-4.8270763e-17
1.69000000000535e-09	1.3641308e-10	1.8966327e-10	0.00011488833	0.0017681696	-2.257903e-16	-3.213264e-16	1.4485956e-16	-1.0527106e-18	0	-4.8270763e-17
1.7000000000054357e-09	1.3497764e-10	1.9299719e-10	0.00011488833	0.0017681696	-2.257903e-16	-3.213264e-16	1.4485956e-16	-1.0527105e-18	0	-4.8270763e-17
1.7100000000055215e-09	1.3215307e-10	1.9559024e-10	0.00011488833	0.0017681696	-2.257903e-16	-3.213264e-16	1.4485956e-16	-1.0527105e-18	0	-4.8270763e-17
1.7200000000056073e-09	1.325698e-10	1.900337e-10	0.00011488833	0.0017681696	-2.2579026e-16	-3.213264e-16	1.4485956e-16	-1.0527106e-18	0	-4.8270763e-17
1.730000000005693e-09	1.346072e-10	1.9336763e-10	0.00011488833	0.0017681696	-2.257903e-16	-3.213264e-16	1.4485956e-16	-1.0527105e-18	0	-4.8270763e-17
1.7400000000057789e-09	1.3502395e-10	1.9336763e-10	0.000114888346	0.0017681696	-2.257903e-16	-3.213264e-16	1.4485956e-16	-1.0527106e-18	0	-4.8270763e-17
1.7500000000058647e-09	1.3173633e-10	1.9040414e-10	0.00011488833	0.0017681696	-2.257903e-16	-3.213264e-16	1.4485956e-16	-1.0527105e-18	0	-4.8270763e-17
1.7600000000059504e-09	1.3206046e-10	1.9077458e-10	0.000114888346	0.0017681696	-2.257903e-16	-3.213264e-16	1.4485956e-16	-1.0527105e-18	0	-4.8270763e-17
1.7700000000060362e-09	1.3613526e-10	1.9484937e-10	0.00011488833	0.0017681696	-2.2579026e-16	-3.213264e-16	1.4485956e-16	-1.0527105e-18	0	-4.8270767e-17
1.780000000006122e-09	1.3215307e-10	1.9114502e-10	0.00011488833	0.0017681696	-2.257903e-16	-3.213264e-16	1.4485956e-16	-1.0527105e-18	0	-4.8270763e-17
1.7900000000062078e-09	1.3104176e-10	1.9447893e-10	0.00011488833	0.0017681696	-2.2579026e-16	-3.213264e-16	1.4485956e-16	-1.0527105e-18	0	-4.8270763e-17
1.8000000000062936e-09	1.37617e-10	1.9670156e-10	0.000114888346	0.0017681696	-2.257903e-16	-3.2132634e-16	1.4485956e-16	-1.0527105e-18	0	-4.8270763e-17
1.8100000000063794e-09	1.3368112e-10	1.9188588e-10	0.00011488833	0.0017681696	-2.257903e-16	-3.213264e-16	1.4485956e-16	-1.0527105e-18	0	-4.8270763e-17
1.8200000000064652e-09	1.335422e-10	1.9262675e-10	0.000114888346	0.0017681696	-2.257903e-16	-3.2132634e-16	1.4485956e-16	-1.0527106e-18	0	-4.8270763e-17
1.830000000006551e-09	1.3164372e-10	1.9559024e-10	0.00011488833	0.0017681696	-2.257903e-16	-3.213264e-16	1.4485956e-16	-1.0527105e-18	0	-4.8270763e-17
1.8400000000066367e-09	1.334959e-10	1.9633112e-10	0.000114888346	0.0017681696	-2.257903e-16	-3.213264e-16	1.4485956e-16	-1.0527106e-18	0	-4.8270763e-17
1.8500000000067225e-09	1.3275503e-10	1.9447893e-10	0.00011488833	0.0017681696	-2.257903e-16	-3.213264e-16	1.4485956e-16	-1.0527105e-18	0	-4.8270763e-17
1.8600000000068083e-09	1.2812458e-10	1.9521981e-10	0.00011488833	0.0017681696	-2.257903e-16	-3.2132634e-16	1.4485956e-16	-1.0527105e-18	0	-4.8270763e-17
1.870000000006742e-09	1.3432938e-10	1.9336763e-10	0.00011488833	0.0017681696	-2.2579026e-16	-3.213264e-16	1.4485956e-16	-1.0527105e-18	0	-4.8270763e-17
1.880000000006621e-09	1.3520916e-10	1.9336763e-10	0.00011488833	0.0017681696	-2.257903e-16	-3.213264e-16	1.4485956e-16	-1.0527105e-18	0	-4.8270767e-17
1.8900000000065e-09	1.365057e-10	1.941085e-10	0.00011488833	0.0017681696	-2.257903e-16	-3.213264e-16	1.4485956e-16	-1.0527105e-18	0	-4.8270763e-17
1.900000000006379e-09	1.3081024e-10	1.8966327e-10	0.00011488833	0.0017681696	-2.257903e-16	-3.213264e-16	1.4485956e-16	-1.0527105e-18	0	-4.8270763e-17
1.910000000006258e-09	1.3303285e-10	1.9596068e-10	0.00011488833	0.0017681696	-2.2579026e-16	-3.213264e-16	1.4485956e-16	-1.0527105e-18	0	-4.8270767e-17
1.920000000006137e-09	1.3076393e-10	1.9225632e-10	0.00011488833	0.0017681696	-2.257903e-16	-3.2132634e-16	1.4485956e-16	-1.0527106e-18	0	-4.8270767e-17
1.930000000006016e-09	1.3192154e-10	1.9188588e-10	0.000114888346	0.0017681696	-2.2579026e-16	-3.213264e-16	1.4485956e-16	-1.0527105e-18	0	-4.8270767e-17
1.940000000005895e-09	1.3081024e-10	1.9484937e-10	0.00011488833	0.0017681696	-2.257903e-16	-3.213264e-16	1.4485956e-16	-1.0527105e-18	0	-4.8270763e-17
1.950000000005774e-09	1.3062502e-10	1.9336763e-10	0.00011488833	0.0017681696	-2.257903e-16	-3.213264e-16	1.4485956e-16	-1.0527105e-18	0	-4.8270763e-17
1.960000000005653e-09	1.3192154e-10	1.9336763e-10	0.00011488833	0.0017681696	-2.257903e-16	-3.213264e-16	1.4485956e-16	-1.0527105e-18	0	-4.8270763e-17
1.9700000000055318e-09	1.3275503e-10	1.9225632e-10	0.00011488833	0.0017681696	-2.2579026e-16	-3.213264e-16	1.4485956e-16	-1.0527105e-18	0	-4.8270763e-17
1.9800000000054108e-09	1.3048611e-10	1.941085e-10	0.00011488833	0.0017681696	-2.257903e-16	-3.2132634e-16	1.4485956e-16	-1.0527106e-18	0	-4.8270763e-17
1.9900000000052898e-09	1.2877284e-10	1.9633112e-10	0.00011488833	0.0017681696	-2.257903e-16	-3.2132634e-16	1.4485956e-16	-1.0527105e-18	0	-4.8270763e-17
2.0000000000051688e-09	1.3006936e-10	1.900337e-10	0.00011488833	0.0017681696	-2.2579026e-16	-3.213264e-16	1.4485956e-16	-1.0527105e-18	0	-4.8270763e-17
2.0100000000050478e-09	1.3206046e-10	1.9336763e-10	0.00011488833	0.0017681696	-2.257903e-16	-3.213264e-16	1.4485956e-16	-1.0527106e-18	0	-4.8270763e-17
2.0200000000049267e-09	1.2909697e-10	1.9262675e-10	0.00011488833	0.0017681696	-2.257903e-16	-3.213264e-16	1.4485956e-16	-1.0527105e-18	0	-4.8270763e-17
2.0300000000048057e-09	1.3127328e-10	1.9373807e-10	0.00011488833	0.0017681696	-2.257903e-16	-3.213264e-16	1.4485956e-16	-1.0527105e-18	0	-4.8270763e-17
2.0400000000046847e-09	1.3266242e-10	1.9040414e-10	0.00011488833	0.0017681696	-2.2579026e-16	-3.213264e-16	1.4485956e-16	-1.0527105e-18	0	-4.8270763e-17
2.0500000000045637e-09	1.335885e-10	1.9299719e-10	0.00011488833	0.0017681696	-2.257903e-16	-3.2132634e-16	1.4485956e-16	-1.0527105e-18	0	-4.8270763e-17
2.0600000000044427e-09	1.3368112e-10	1.9336763e-10	0.00011488833	0.0017681696	-2.2579026e-16	-3.213264e-16	1.4485956e-16	-1.0527105e-18	0	-4.8270767e-17
2.0700000000043217e-09	1.3590373e-10	1.9336763e-10	0.00011488833	0.0017681696	-2.257903e-16	-3.213264e-16	1.4485956e-16	-1.0527105e-18	0	-4.8270767e-17
2.0800000000042007e-09	1.3094915e-10	1.9114502e-10	0.000114888346	0.0017681696	-2.257903e-16	-3.213264e-16	1.4485956e-16	-1.0527105e-18	0	-4.8270763e-17
2.0900000000040797e-09	1.3071763e-10	1.9447893e-10	0.00011488833	0.0017681696	-2.257903e-16	-3.213264e-16	1.4485956e-16	-1.0527106e-18	0	-4.8270763e-17
2.1000000000039587e-09	1.3507025e-10	1.9707198e-10	0.00011488833	0.0017681696	-2.2579026e-16	-3.213264e-16	1.4485957e-16	-1.0527105e-18	0	-4.8270763e-17
2.1100000000038377e-09	1.3474612e-10	1.9225632e-10	0.000114888346	0.0017681696	-2.257903e-16	-3.213264e-16	1.4485956e-16	-1.0527105e-18	0	-4.8270763e-17
2.1200000000037166e-09	1.3002306e-10	1.9484937e-10	0.00011488833	0.0017681696	-2.257903e-16	-3.213264e-16	1.4485956e-16	-1.0527105e-18	0	-4.8270763e-17
2.1300000000035956e-09	1.3224567e-10	1.9559024e-10	0.000114888346	0.0017681696	-2.257903e-16	-3.213264e-16	1.4485956e-16	-1.0527106e-18	0	-4.8270763e-17
2.1400000000034746e-09	1.3613526e-10	1.859589e-10	0.00011488833	0.0017681696	-2.257903e-16	-3.213264e-16	1.4485956e-16	-1.0527105e-18	0	-4.8270763e-17
2.1500000000033536e-09	1.3576482e-10	1.8892239e-10	0.00011488833	0.0017681696	-2.257903e-16	-3.2132634e-16	1.4485956e-16	-1.0527105e-18	0	-4.8270763e-17
2.1600000000032326e-09	1.3395894e-10	1.9559024e-10	0.00011488833	0.0017681696	-2.257903e-16	-3.213264e-16	1.4485956e-16	-1.0527105e-18	0	-4.8270767e-17
2.1700000000031116e-09	1.2997675e-10	1.9596068e-10	0.000114888346	0.0017681696	-2.257903e-16	-3.213264e-16	1.4485956e-16	-1.0527105e-18	0	-4.8270763e-17
2.1800000000029906e-09	1.3034719e-10	1.9262675e-10	0.00011488833	0.0017681696	-2.257903e-16	-3.213264e-16	1.4485956e-16	-1.0527105e-18	0	-4.8270763e-17
2.1900000000028696e-09	1.3581113e-10	1.9299719e-10	0.00011488833	0.0017681696	-2.257903e-16	-3.2132634e-16	1.4485956e-16	-1.0527105e-18	0	-4.8270763e-17
2.2000000000027486e-09	1.2844871e-10	1.9262675e-10	0.00011488833	0.0017681696	-2.257903e-16	-3.213264e-16	1.4485956e-16	-1.0527105e-18	0	-4.8270763e-17
2.2100000000026276e-09	1.3136589e-10	1.9336763e-10	0.00011488833	0.0017681696	-2.257903e-16	-3.213264e-16	1.4485956e-16	-1.0527105e-18	0	-4.8270763e-17
2.2200000000025065e-09	1.3275503e-10	1.8929283e-10	0.00011488833	0.0017681696	-2.257903e-16	-3.213264e-16	1.4485956e-16	-1.0527105e-18	0	-4.8270763e-17
2.2300000000023855e-09	1.3127328e-10	1.9336763e-10	0.00011488833	0.0017681696	-2.257903e-16	-3.213264e-16	1.4485956e-16	-1.0527105e-18	0	-4.8270763e-17
2.2400000000022645e-09	1.3414415e-10	1.9188588e-10	0.00011488833	0.0017681696	-2.257903e-16	-3.213264e-16	1.4485956e-16	-1.0527105e-18	0	-4.8270763e-17
2.2500000000021435e-09	1.3104176e-10	1.9559024e-10	0.00011488833	0.0017681696	-2.257903e-16	-3.213264e-16	1.4485956e-16	-1.0527106e-18	0	-4.8270767e-17
2.2600000000020225e-09	1.3303285e-10	1.9336763e-10	0.00011488833	0.0017681696	-2.2579026e-16	-3.213264e-16	1.4485956e-16	-1.0527105e-18	0	-4.8270763e-17
2.2700000000019015e-09	1.3192154e-10	1.9262675e-10	0.00011488833	0.0017681696	-2.257903e-16	-3.213264e-16	1.4485956e-16	-1.0527105e-18	0	-4.8270763e-17
2.2800000000017805e-09	1.3173633e-10	1.9188588e-10	0.00011488833	0.0017681696	-2.257903e-16	-3.213264e-16	1.4485956e-16	-1.0527105e-18	0	-4.8270767e-17
2.2900000000016595e-09	1.3206046e-10	1.870702e-10	0.000114888346	0.0017681696	-2.257903e-16	-3.213264e-16	1.4485956e-16	-1.0527105e-18	0	-4.8270763e-17
2.3000000000015385e-09	1.3400525e-10	1.9447893e-10	0.00011488833	0.0017681696	-2.257903e-16	-3.213264e-16	1.4485956e-16	-1.0527105e-18	0	-4.8270763e-17
2.3100000000014175e-09	1.3497764e-10	1.9521981e-10	0.00011488833	0.0017681696	-2.2579026e-16	-3.213264e-16	1.4485956e-16	-1.0527105e-18	0	-4.8270763e-17
2.3200000000012965e-09	1.3164372e-10	1.9373807e-10	0.00011488833	0.0017681696	-2.257903e-16	-3.213264e-16	1.4485956e-16	-1.0527106e-18	0	-4.8270767e-17
2.3300000000011754e-09	1.2770783e-10	1.941085e-10	0.00011488833	0.0017681696	-2.2579026e-16	-3.213264e-16	1.4485956e-16	-1.0527105e-18	0	-4.8270763e-17
2.3400000000010544e-09	1.3321808e-10	1.8929283e-10	0.00011488833	0.0017681696	-2.257903e-16	-3.2132634e-16	1.4485956e-16	-1.0527105e-18	0	-4.8270763e-17
2.3500000000009334e-09	1.3104176e-10	1.9225632e-10	0.00011488833	0.0017681696	-2.257903e-16	-3.213264e-16	1.4485956e-16	-1.0527105e-18	0	-4.8270763e-17
2.3600000000008124e-09	1.2969893e-10	1.9447893e-10	0.00011488833	0.0017681696	-2.257903e-16	-3.213264e-16	1.4485956e-16	-1.0527105e-18	0	-4.8270763e-17
2.3700000000006914e-09	1.2617979e-10	1.9633112e-10	0.000114888346	0.0017681696	-2.2579026e-16	-3.213264e-16	1.4485956e-16	-1.0527105e-18	0	-4.8270763e-17
2.3800000000005704e-09	1.3525547e-10	1.9077458e-10	0.00011488833	0.0017681696	-2.257903e-16	-3.213264e-16	1.4485956e-16	-1.0527105e-18	0	-4.8270763e-17
2.3900000000004494e-09	1.365983e-10	1.9188588e-10	0.00011488833	0.0017681696	-2.2579026e-16	-3.213264e-16	1.4485956e-16	-1.0527105e-18	0	-4.8270763e-17
2.4000000000003284e-09	1.3400525e-10	1.941085e-10	0.00011488833	0.0017681696	-2.257903e-16	-3.213264e-16	1.4485956e-16	-1.0527106e-18	0	-4.8270763e-17
2.4100000000002074e-09	1.3215307e-10	1.9262675e-10	0.00011488833	0.0017681696	-2.2579026e-16	-3.213264e-16	1.4485956e-16	-1.0527105e-18	0	-4.8270763e-17
2.4200000000000864e-09	1.3219938e-10	1.9670156e-10	0.00011488833	0.0017681696	-2.2579026e-16	-3.213264e-16	1.4485956e-16	-1.0527105e-18	0	-4.8270763e-17
2.4300099999999652e-09	1.2437391e-10	1.9596068e-10	0.00011488838	0.0017682906	-2.2579026e-16	-3.2132634e-16	1.4485956e-16	-1.0527105e-18	0	-4.8270763e-17
2.4400099999998442e-09	1.2881914e-10	1.9596068e-10	0.00011488838	0.0017682906	-2.2579026e-16	-3.2132634e-16	1.4485956e-16	-1.0527105e-18	0	-4.8270763e-17
2.450009999999723e-09	1.2659652e-10	2.0077635e-10	0.00011488837	0.0017682906	-2.2579024e-16	-3.2132634e-16	1.4485956e-16	-1.0527105e-18	0	-4.8270767e-17
2.460009999999602e-09	1.284024e-10	1.9707198e-10	0.00011488837	0.0017682906	-2.2579026e-16	-3.2132634e-16	1.4485957e-16	-1.0527105e-18	0	-4.8270763e-17
2.470009999999481e-09	1.2932849e-10	1.9262675e-10	0.00011488838	0.0017682906	-2.2579026e-16	-3.2132634e-16	1.4485956e-16	-1.0527105e-18	0	-4.8270763e-17
2.48000999999936e-09	1.2553152e-10	2.0299896e-10	0.00011488837	0.0017682906	-2.2579026e-16	-3.2132634e-16	1.4485956e-16	-1.0527105e-18	0	-4.8270763e-17
2.490009999999239e-09	1.3002306e-10	1.9596068e-10	0.00011488837	0.0017682906	-2.2579026e-16	-3.2132634e-16	1.4485957e-16	-1.0527105e-18	0	-4.8270763e-17
2.500009999999118e-09	1.314122e-10	1.9559024e-10	0.00011488838	0.0017682908	-2.2579026e-16	-3.2132634e-16	1.4485956e-16	-1.0527105e-18	0	-4.8270763e-17
2.510009999998997e-09	1.2154934e-10	1.941085e-10	0.00011488837	0.0017682906	-2.2579026e-16	-3.2132634e-16	1.4485956e-16	-1.0527105e-18	0	-4.8270763e-17
2.520009999998876e-09	1.2279956e-10	1.9633112e-10	0.00011488838	0.0017682906	-2.2579026e-16	-3.2132634e-16	1.4485956e-16	-1.0527105e-18	0	-4.8270763e-17
2.530009999998755e-09	1.28495e-10	1.941085e-10	0.00011488837	0.0017682906	-2.2579026e-16	-3.2132634e-16	1.4485956e-16	-1.0527105e-18	0	-4.8270763e-17
2.540009999998634e-09	1.2696696e-10	1.9596068e-10	0.00011488837	0.0017682906	-2.2579026e-16	-3.2132634e-16	1.4485956e-16	-1.0527105e-18	0	-4.8270763e-17
2.550009999998513e-09	1.2529999e-10	1.9744242e-10	0.00011488837	0.0017682906	-2.2579026e-16	-3.2132634e-16	1.4485956e-16	-1.0527105e-18	0	-4.8270763e-17
2.560009999998392e-09	1.2682805e-10	1.9596068e-10	0.00011488838	0.0017682906	-2.2579026e-16	-3.2132634e-16	1.4485956e-16	-1.0527105e-18	0	-4.8270767e-17
2.570009999998271e-09	1.2650392e-10	1.9336763e-10	0.00011488837	0.0017682906	-2.2579026e-16	-3.2132634e-16	1.4485956e-16	-1.0527105e-18	0	-4.8270763e-17
2.58000999999815e-09	1.2261434e-10	1.9633112e-10	0.00011488838	0.0017682906	-2.2579026e-16	-3.2132634e-16	1.4485956e-16	-1.0527105e-18	0	-4.8270763e-17
2.590009999998029e-09	1.2386456e-10	1.9484937e-10	0.00011488838	0.0017682906	-2.2579026e-16	-3.2132634e-16	1.4485956e-16	-1.0527105e-18	0	-4.8270763e-17
2.600009999997908e-09	1.2580935e-10	1.9447893e-10	0.00011488837	0.0017682908	-2.2579026e-16	-3.2132634e-16	1.4485956e-16	-1.0527105e-18	0	-4.8270763e-17
2.610009999997787e-09	1.2210499e-10	1.9781286e-10	0.00011488837	0.0017682906	-2.2579026e-16	-3.2132634e-16	1.4485956e-16	-1.0527105e-18	0	-4.8270763e-17
2.620009999997666e-09	1.2395716e-10	1.9225632e-10	0.00011488837	0.0017682906	-2.2579026e-16	-3.2132634e-16	1.4485956e-16	-1.0527105e-18	0	-4.8270763e-17
2.630009999997545e-09	1.2442021e-10	1.9336763e-10	0.00011488837	0.0017682906	-2.2579026e-16	-3.2132634e-16	1.4485956e-16	-1.0527105e-18	0	-4.8270763e-17
2.640009999997424e-09	1.2506848e-10	1.9373807e-10	0.00011488837	0.0017682908	-2.2579026e-16	-3.2132634e-16	1.4485956e-16	-1.0527105e-18	0	-4.8270763e-17
2.650009999997303e-09	1.2664284e-10	1.9744242e-10	0.00011488837	0.0017682906	-2.2579024e-16	-3.2132634e-16	1.4485956e-16	-1.0527105e-18	0	-4.8270763e-17
2.660009999997182e-09	1.3187523e-10	1.9521981e-10	0.00011488837	0.0017682906	-2.2579026e-16	-3.2132634e-16	1.4485956e-16	-1.0527105e-18	0	-4.8270763e-17
2.670009999997061e-09	1.202065e-10	1.9892417e-10	0.00011488837	0.0017682908	-2.2579026e-16	-3.2132634e-16	1.4485956e-16	-1.0527105e-18	0	-4.8270767e-17
2.68000999999694e-09	1.2678174e-10	2.0077635e-10	0.00011488838	0.0017682906	-2.2579026e-16	-3.2132634e-16	1.4485956e-16	-1.0527105e-18	0	-4.8270763e-17
2.690009999996819e-09	1.2367934e-10	1.9929461e-10	0.00011488837	0.0017682906	-2.2579026e-16	-3.2132634e-16	1.4485956e-16	-1.0527105e-18	0	-4.8270763e-17
2.700009999996698e-09	1.2548522e-10	1.9633112e-10	0.00011488837	0.0017682906	-2.2579026e-16	-3.2132634e-16	1.4485956e-16	-1.0527105e-18	0	-4.8270763e-17
2.710009999996577e-09	1.314122e-10	1.9633112e-10	0.00011488837	0.0017682906	-2.2579026e-16	-3.2132634e-16	1.4485956e-16	-1.0527105e-18	0	-4.8270763e-17
2.720009999996456e-09	1.2400347e-10	1.9484937e-10	0.00011488837	0.0017682908	-2.2579026e-16	-3.2132634e-16	1.4485956e-16	-1.0527105e-18	0	-4.8270763e-17
2.730009999996335e-09	1.2442021e-10	1.9373807e-10	0.00011488838	0.0017682906	-2.2579026e-16	-3.2132634e-16	1.4485956e-16	-1.0527105e-18	0	-4.8270767e-17
2.740009999996214e-09	1.2414239e-10	1.9225632e-10	0.00011488838	0.0017682906	-2.2579024e-16	-3.2132634e-16	1.4485956e-16	-1.0527105e-18	0	-4.8270763e-17
2.750009999996093e-09	1.2599456e-10	1.9892417e-10	0.00011488837	0.0017682908	-2.2579026e-16	-3.2132634e-16	1.4485956e-16	-1.0527105e-18	0	-4.8270763e-17
2.760009999995972e-09	1.2682805e-10	1.9633112e-10	0.00011488837	0.0017682906	-2.2579026e-16	-3.2132634e-16	1.4485956e-16	-1.0527105e-18	0	-4.8270763e-17
2.770009999995851e-09	1.26365e-10	1.9521981e-10	0.00011488837	0.0017682906	-2.2579026e-16	-3.2132634e-16	1.4485956e-16	-1.0527105e-18	0	-4.8270763e-17
2.78000999999573e-09	1.2543891e-10	1.9744242e-10	0.00011488838	0.0017682906	-2.2579026e-16	-3.2132634e-16	1.4485956e-16	-1.0527105e-18	0	-4.8270763e-17
2.790009999995609e-09	1.2580935e-10	1.9892417e-10	0.00011488837	0.0017682908	-2.2579026e-16	-3.2132634e-16	1.4485956e-16	-1.0527105e-18	0	-4.8270763e-17
2.800009999995488e-09	1.2497586e-10	1.9447893e-10	0.00011488837	0.0017682906	-2.2579026e-16	-3.2132634e-16	1.4485956e-16	-1.0527105e-18	0	-4.8270763e-17
2.810009999995367e-09	1.2844871e-10	1.9559024e-10	0.00011488837	0.0017682906	-2.2579026e-16	-3.2132634e-16	1.4485956e-16	-1.0527105e-18	0	-4.8270763e-17
2.820009999995246e-09	1.2256804e-10	1.9744242e-10	0.00011488837	0.0017682906	-2.2579026e-16	-3.2132634e-16	1.4485956e-16	-1.0527105e-18	0	-4.8270763e-17
2.830009999995125e-09	1.2094738e-10	1.9929461e-10	0.00011488838	0.0017682906	-2.2579026e-16	-3.2132634e-16	1.4485956e-16	-1.0527105e-18	0	-4.8270763e-17
2.840009999995004e-09	1.2641131e-10	1.9633112e-10	0.00011488838	0.0017682906	-2.2579026e-16	-3.2132634e-16	1.4485956e-16	-1.0527105e-18	0	-4.8270763e-17
2.850009999994883e-09	1.2145672e-10	2.0040591e-10	0.00011488837	0.0017682906	-2.2579026e-16	-3.2132634e-16	1.4485956e-16	-1.0527105e-18	0	-4.8270763e-17
2.860009999994762e-09	1.2437391e-10	1.9559024e-10	0.00011488837	0.0017682906	-2.2579026e-16	-3.2132634e-16	1.4485956e-16	-1.0527105e-18	0	-4.8270763e-17
2.870009999994641e-09	1.2696696e-10	1.941085e-10	0.00011488838	0.0017682906	-2.2579026e-16	-3.2132634e-16	1.4485956e-16	-1.0527105e-18	0	-4.8270763e-17
2.8800099999945198e-09	1.272911e-10	1.9373807e-10	0.00011488838	0.0017682906	-2.2579026e-16	-3.2132634e-16	1.4485956e-16	-1.0527105e-18	0	-4.8270763e-17
2.8900099999943988e-09	1.243276e-10	1.9484937e-10	0.00011488838	0.0017682908	-2.2579026e-16	-3.2132634e-16	1.4485956e-16	-1.0527105e-18	0	-4.8270763e-17
2.9000099999942778e-09	1.3025458e-10	1.9781286e-10	0.00011488837	0.0017682906	-2.2579026e-16	-3.2132634e-16	1.4485956e-16	-1.0527105e-18	0	-4.8270763e-17
2.9100099999941568e-09	1.2469804e-10	1.9670156e-10	0.00011488838	0.0017682906	-2.2579026e-16	-3.2132634e-16	1.4485956e-16	-1.0527105e-18	0	-4.8270763e-17
2.9200099999940357e-09	1.2511478e-10	1.9855373e-10	0.00011488838	0.0017682906	-2.2579026e-16	-3.2132634e-16	1.4485956e-16	-1.0527105e-18	0	-4.8270763e-17
2.9300099999939147e-09	1.2358674e-10	1.9744242e-10	0.00011488837	0.0017682906	-2.2579026e-16	-3.2132634e-16	1.4485956e-16	-1.0527105e-18	0	-4.8270763e-17
2.9400099999937937e-09	1.2275325e-10	1.9521981e-10	0.00011488837	0.0017682906	-2.2579026e-16	-3.2132634e-16	1.4485956e-16	-1.0527105e-18	0	-4.8270763e-17
2.9500099999936727e-09	1.2256804e-10	1.9447893e-10	0.00011488838	0.0017682906	-2.2579026e-16	-3.2132634e-16	1.4485956e-16	-1.0527105e-18	0	-4.8270763e-17
2.9600099999935517e-09	1.2571674e-10	1.9929461e-10	0.00011488837	0.0017682906	-2.2579026e-16	-3.2132634e-16	1.4485956e-16	-1.0527105e-18	0	-4.8270763e-17
2.9700099999934307e-09	1.2053064e-10	1.9559024e-10	0.00011488837	0.0017682906	-2.2579026e-16	-3.2132634e-16	1.4485956e-16	-1.0527105e-18	0	-4.8270763e-17
2.9800099999933097e-09	1.2641131e-10	1.9188588e-10	0.00011488837	0.0017682908	-2.2579026e-16	-3.2132634e-16	1.4485956e-16	-1.0527105e-18	0	-4.8270763e-17
2.9900099999931887e-09	1.2247542e-10	1.941085e-10	0.00011488837	0.0017682906	-2.2579026e-16	-3.2132634e-16	1.4485956e-16	-1.0527105e-18	0	-4.8270763e-17
3.0000099999930677e-09	1.2812458e-10	2.0040591e-10	0.00011488837	0.0017682906	-2.2579026e-16	-3.2132634e-16	1.4485956e-16	-1.0527105e-18	0	-4.8270763e-17
