# t (s)	mx ()	my ()	mz ()	spinAngle (rad)	E_total (J)	E_anis (J)	E_demag (J)	E_exch (J)	E_therm (J)	E_custom (J)
0	0	0	0	0.0060737464	-8.18357e-17	-1.2571201e-16	5.6493114e-17	6.240001e-18	0	-1.8856798e-17
1.0000000000000124e-11	4.3715384e-10	2.1241314e-10	8.01538e-05	0.0072558695	-8.714509e-17	-1.2332266e-16	5.552487e-17	-5.511748e-19	0	-1.8796124e-17
2.0009999999999403e-11	3.8310227e-10	2.88275e-10	-0.0002939378	0.006081009	-8.753786e-17	-1.24265e-16	5.594438e-17	-4.1147482e-19	0	-1.8805756e-17
3.000999999999824e-11	-2.2189588e-10	4.55171e-11	-0.00043772813	0.005087324	-8.7711545e-17	-1.24821e-16	5.6190875e-17	-2.660635e-19	0	-1.881536e-17
4.000000000000001e-11	-2.351717e-10	-2.6551641e-10	-0.00024126976	0.004315541	-8.7832466e-17	-1.2511154e-16	5.632403e-17	-2.2280216e-19	0	-1.8822147e-17
5.0000000000001785e-11	2.389648e-10	-2.5034405e-10	8.817355e-05	0.0035652227	-8.8347164e-17	-1.2532551e-16	5.642663e-17	-5.949085e-19	0	-1.885338e-17
6.00000000000024e-11	7.965493e-11	1.2137893e-10	0.00017575246	0.0031277437	-8.845413e-17	-1.2539735e-16	5.6457294e-17	-6.5834726e-19	0	-1.8855724e-17
7.000999999999771e-11	-5.120674e-11	7.965493e-11	0.00017928107	0.0029507184	-8.846176e-17	-1.2541182e-16	5.6463534e-17	-6.5705996e-19	0	-1.8856416e-17
8.000999999999302e-11	3.4137828e-11	2.275855e-11	0.00018422143	0.0028795719	-8.8463095e-17	-1.2540855e-16	5.646223e-17	-6.6027924e-19	0	-1.885649e-17
9.000999999998834e-11	-1.1379275e-11	3.0344734e-11	0.0001857411	0.0028250339	-8.846339e-17	-1.2540721e-16	5.6461674e-17	-6.613472e-19	0	-1.8856518e-17
1.0000999999998365e-10	9.862039e-11	-1.1758584e-10	0.00018463314	0.0028095932	-8.846347e-17	-1.2540901e-16	5.646242e-17	-6.603678e-19	0	-1.8856523e-17
1.1000999999997896e-10	9.862039e-11	-7.586184e-11	0.00018444209	0.0028093702	-8.846349e-17	-1.2540937e-16	5.646258e-17	-6.60179e-19	0	-1.8856525e-17
1.2000999999997891e-10	-2.1430968e-10	1.5172367e-11	0.00018486983	0.0028042458	-8.8463506e-17	-1.254088e-16	5.646234e-17	-6.6051763e-19	0	-1.8856525e-17
1.3000999999998715e-10	-1.5930986e-10	1.2137893e-10	0.00018489132	0.0028051524	-8.846351e-17	-1.2540873e-16	5.646231e-17	-6.605579e-19	0	-1.8856525e-17
1.400099999999954e-10	-4.172401e-11	2.6551641e-10	0.00018474238	0.002804128	-8.84635e-17	-1.2540896e-16	5.646241e-17	-6.60423e-19	0	-1.8856525e-17
1.5000000000000362e-10	-2.0862005e-10	6.068947e-11	0.00018476884	0.0028042663	-8.8463486e-17	-1.2540892e-16	5.64624e-17	-6.6044147e-19	0	-1.8856525e-17
1.6000000000001186e-10	-4.55171e-11	-4.2482629e-10	0.00018479943	0.002804094	-8.8463506e-17	-1.2540887e-16	5.6462376e-17	-6.6047513e-19	0	-1.8856525e-17
1.700000000000201e-10	-1.8396495e-10	-8.344802e-11	0.00018479725	0.0028039021	-8.846349e-17	-1.2540889e-16	5.646238e-17	-6.6046577e-19	0	-1.8856525e-17
1.8000000000002833e-10	-1.9534423e-10	3.7172299e-10	0.00018479154	0.0028043045	-8.84635e-17	-1.2540889e-16	5.646238e-17	-6.6046324e-19	0	-1.8856525e-17
1.9000000000003657e-10	-8.344802e-11	4.2482629e-10	0.00018478584	0.0028041932	-8.8463486e-17	-1.2540889e-16	5.646238e-17	-6.604614e-19	0	-1.8856528e-17
2.000000000000448e-10	1.403444e-10	1.5930986e-10	0.00018478633	0.0028043664	-8.846349e-17	-1.2540889e-16	5.646239e-17	-6.6046117e-19	0	-1.8856525e-17
2.1000000000005304e-10	-6.448256e-11	1.2137893e-10	0.00018478608	0.0028041834	-8.846349e-17	-1.2540889e-16	5.646239e-17	-6.60461e-19	0	-1.8856525e-17
2.2000000000006128e-10	2.351717e-10	-8.344802e-11	0.00018478559	0.002804094	-8.846349e-17	-1.2540889e-16	5.646239e-17	-6.604608e-19	0	-1.8856525e-17
2.3000000000006952e-10	1.403444e-10	-1.5172367e-11	0.00018478584	0.002804142	-8.846349e-17	-1.2540889e-16	5.646239e-17	-6.604608e-19	0	-1.8856525e-17
2.4000000000005925e-10	7.206875e-11	-1.5172367e-11	0.00018478584	0.0028041499	-8.846349e-17	-1.2540889e-16	5.646239e-17	-6.604609e-19	0	-1.8856525e-17
2.5000000000004163e-10	1.156893e-10	-7.586183e-12	0.00018478584	0.0028042023	-8.846349e-17	-1.2540889e-16	5.646239e-17	-6.604608e-19	0	-1.8856525e-17
2.60000000000024e-10	1.4603403e-10	3.0344734e-11	0.00018478584	0.0028041427	-8.84635e-17	-1.2540889e-16	5.646239e-17	-6.604608e-19	0	-1.8856525e-17
2.700000000000064e-10	1.6689604e-10	1.820684e-10	0.00018478584	0.002804145	-8.846349e-17	-1.2540889e-16	5.646239e-17	-6.604608e-19	0	-1.8856525e-17
2.800099999999888e-10	2.275855e-10	1.5172367e-11	0.00018478536	0.0028040542	-8.846349e-17	-1.2540889e-16	5.646239e-17	-6.604608e-19	0	-1.8856525e-17
2.9000999999997117e-10	1.3844785e-10	-4.55171e-11	0.00018478536	0.0028040532	-8.84635e-17	-1.2540889e-16	5.646239e-17	-6.604608e-19	0	-1.8856525e-17
3.0000999999995355e-10	1.5362021e-10	4.55171e-11	0.00018478536	0.002804054	-8.846349e-17	-1.2540889e-16	5.646239e-17	-6.604608e-19	0	-1.8856525e-17
3.1000999999993594e-10	1.6689604e-10	-1.5172367e-11	0.00018478536	0.002804054	-8.846349e-17	-1.2540889e-16	5.646239e-17	-6.604608e-19	0	-1.8856525e-17
3.2000999999991833e-10	1.0620657e-10	7.586183e-12	0.00018478536	0.002804054	-8.846349e-17	-1.2540889e-16	5.646239e-17	-6.604608e-19	0	-1.8856525e-17
3.300099999999007e-10	1.3655131e-10	-3.0344734e-11	0.00018478536	0.002804054	-8.846349e-17	-1.2540889e-16	5.646239e-17	-6.604608e-19	0	-1.8856525e-17
3.400099999998831e-10	1.4224094e-10	0	0.00018478536	0.002804054	-8.846349e-17	-1.2540889e-16	5.646239e-17	-6.604608e-19	0	-1.8856525e-17
3.500099999998655e-10	1.4793058e-10	3.0344734e-11	0.00018478536	0.002804054	-8.846349e-17	-1.2540889e-16	5.646239e-17	-6.604608e-19	0	-1.8856525e-17
3.600099999998479e-10	1.3275821e-10	3.0344734e-11	0.00018478536	0.002804054	-8.846349e-17	-1.2540889e-16	5.646238e-17	-6.604608e-19	0	-1.8856525e-17
3.7000999999983027e-10	1.3655131e-10	0	0.00018478536	0.002804054	-8.846349e-17	-1.2540889e-16	5.646239e-17	-6.604608e-19	0	-1.8856525e-17
3.8000999999981266e-10	1.4603403e-10	0	0.00018478536	0.002804054	-8.846349e-17	-1.2540889e-16	5.646238e-17	-6.604608e-19	0	-1.8856525e-17
3.9000999999979505e-10	1.2517203e-10	3.0344734e-11	0.00018478536	0.002804054	-8.846349e-17	-1.2540889e-16	5.646239e-17	-6.604608e-19	0	-1.8856525e-17
4.0000999999977743e-10	1.3465476e-10	-3.0344734e-11	0.00018478536	0.002804054	-8.846349e-17	-1.2540889e-16	5.646239e-17	-6.604608e-19	0	-1.8856525e-17
4.100099999997598e-10	1.3465476e-10	-3.0344734e-11	0.00018478536	0.002804054	-8.846349e-17	-1.2540889e-16	5.646239e-17	-6.604608e-19	0	-1.8856525e-17
4.200099999997422e-10	1.3086167e-10	0	0.00018478536	0.002804054	-8.846349e-17	-1.2540889e-16	5.646239e-17	-6.604608e-19	0	-1.8856525e-17
4.300099999997246e-10	1.3086167e-10	0	0.00018478536	0.002804054	-8.846349e-17	-1.2540889e-16	5.646239e-17	-6.604608e-19	0	-1.8856525e-17
4.40009999999707e-10	1.3655131e-10	-3.0344734e-11	0.00018478536	0.002804054	-8.846349e-17	-1.2540889e-16	5.646239e-17	-6.604608e-19	0	-1.8856525e-17
4.5000999999968937e-10	1.2517203e-10	1.5172367e-11	0.00018478536	0.002804054	-8.846349e-17	-1.2540889e-16	5.646239e-17	-6.604608e-19	0	-1.8856525e-17
4.6000999999967176e-10	1.2517203e-10	7.586184e-11	0.00018478536	0.002804054	-8.846349e-17	-1.2540889e-16	5.646239e-17	-6.604608e-19	0	-1.8856525e-17
4.700099999996541e-10	1.403444e-10	-3.0344734e-11	0.00018478536	0.002804054	-8.846349e-17	-1.2540889e-16	5.646239e-17	-6.604608e-19	0	-1.8856525e-17
4.800099999996365e-10	1.3275821e-10	3.0344734e-11	0.00018478536	0.002804054	-8.846349e-17	-1.2540889e-16	5.646239e-17	-6.604608e-19	0	-1.8856525e-17
4.900099999996189e-10	1.3655131e-10	-3.0344734e-11	0.00018478536	0.002804054	-8.846349e-17	-1.2540889e-16	5.646239e-17	-6.604608e-19	0	-1.8856525e-17
5.000099999996013e-10	1.4224094e-10	0	0.00018478536	0.002804054	-8.846349e-17	-1.2540889e-16	5.646239e-17	-6.604608e-19	0	-1.8856525e-17
5.100099999995837e-10	1.3275821e-10	0	0.00018478536	0.0028040537	-8.846349e-17	-1.2540889e-16	5.646239e-17	-6.604608e-19	0	-1.8856525e-17
5.200099999995661e-10	1.441375e-10	3.0344734e-11	0.00018478536	0.002804054	-8.846349e-17	-1.2540889e-16	5.646239e-17	-6.604608e-19	0	-1.8856525e-17
5.300099999995485e-10	1.2137893e-10	3.0344734e-11	0.00018478536	0.002804054	-8.846349e-17	-1.2540889e-16	5.646239e-17	-6.604608e-19	0	-1.8856525e-17
5.400099999995309e-10	1.2706858e-10	3.0344734e-11	0.00018478536	0.002804054	-8.84635e-17	-1.2540889e-16	5.646238e-17	-6.604608e-19	0	-1.8856525e-17
5.500099999995133e-10	1.3655131e-10	0	0.00018478536	0.002804054	-8.846349e-17	-1.2540889e-16	5.646239e-17	-6.604608e-19	0	-1.8856525e-17
5.600099999994956e-10	1.2896512e-10	3.0344734e-11	0.00018478536	0.002804054	-8.846349e-17	-1.2540889e-16	5.646239e-17	-6.604608e-19	0	-1.8856525e-17
5.70009999999478e-10	1.3465476e-10	-3.0344734e-11	0.00018478536	0.002804054	-8.846349e-17	-1.2540889e-16	5.646239e-17	-6.604608e-19	0	-1.8856525e-17
5.800099999994604e-10	1.2517203e-10	3.0344734e-11	0.00018478536	0.002804054	-8.84635e-17	-1.2540889e-16	5.646239e-17	-6.604608e-19	0	-1.8856525e-17
5.900099999994428e-10	1.4603403e-10	0	0.00018478536	0.002804054	-8.84635e-17	-1.2540889e-16	5.646238e-17	-6.604608e-19	0	-1.8856525e-17
6.000099999994252e-10	1.3086167e-10	-3.0344734e-11	0.00018478536	0.002804054	-8.846349e-17	-1.2540889e-16	5.646238e-17	-6.604608e-19	0	-1.8856525e-17
6.100099999994076e-10	1.3655131e-10	3.0344734e-11	0.00018478536	0.002804054	-8.846349e-17	-1.2540889e-16	5.646239e-17	-6.604608e-19	0	-1.8856525e-17
6.2000999999939e-10	1.2517203e-10	4.55171e-11	0.00018478536	0.002804054	-8.84635e-17	-1.2540889e-16	5.646239e-17	-6.604608e-19	0	-1.8856525e-17
6.300099999993724e-10	1.3086167e-10	0	0.00018478536	0.002804054	-8.846349e-17	-1.2540889e-16	5.646239e-17	-6.604608e-19	0	-1.8856525e-17
6.400099999993547e-10	1.3086167e-10	0	0.00018478536	0.002804054	-8.846349e-17	-1.2540889e-16	5.646239e-17	-6.604608e-19	0	-1.8856525e-17
6.500099999993371e-10	1.3086167e-10	0	0.00018478536	0.002804054	-8.84635e-17	-1.2540889e-16	5.646238e-17	-6.604608e-19	0	-1.8856525e-17
6.600099999993195e-10	1.3275821e-10	-3.0344734e-11	0.00018478536	0.002804054	-8.846349e-17	-1.2540889e-16	5.646239e-17	-6.604608e-19	0	-1.8856525e-17
6.700099999993019e-10	1.3086167e-10	0	0.00018478536	0.0028040537	-8.846349e-17	-1.2540889e-16	5.646239e-17	-6.604608e-19	0	-1.8856525e-17
6.800099999992843e-10	1.3655131e-10	0	0.00018478536	0.002804054	-8.84635e-17	-1.2540889e-16	5.646239e-17	-6.604608e-19	0	-1.8856525e-17
6.900099999992667e-10	1.3465476e-10	-3.0344734e-11	0.00018478536	0.002804054	-8.846349e-17	-1.2540889e-16	5.646239e-17	-6.604608e-19	0	-1.8856525e-17
7.000099999992491e-10	1.2896512e-10	-3.0344734e-11	0.00018478536	0.002804054	-8.846349e-17	-1.2540889e-16	5.646239e-17	-6.604608e-19	0	-1.8856525e-17
7.100099999992315e-10	1.2706858e-10	-3.0344734e-11	0.00018478536	0.002804054	-8.846349e-17	-1.2540889e-16	5.646239e-17	-6.604608e-19	0	-1.8856525e-17
7.200099999992138e-10	1.3086167e-10	0	0.00018478536	0.002804054	-8.846349e-17	-1.2540889e-16	5.646239e-17	-6.604608e-19	0	-1.8856525e-17
7.300099999991962e-10	1.2517203e-10	-3.0344734e-11	0.00018478536	0.002804054	-8.846349e-17	-1.2540889e-16	5.646239e-17	-6.604608e-19	0	-1.8856525e-17
7.400099999991786e-10	1.2517203e-10	-3.0344734e-11	0.00018478536	0.002804054	-8.84635e-17	-1.2540889e-16	5.646238e-17	-6.604608e-19	0	-1.8856525e-17
7.50009999999161e-10	1.403444e-10	3.0344734e-11	0.00018478536	0.002804054	-8.846349e-17	-1.2540889e-16	5.646238e-17	-6.604608e-19	0	-1.8856525e-17
7.600099999991434e-10	1.194824e-10	0	0.00018478536	0.002804054	-8.846349e-17	-1.2540889e-16	5.646239e-17	-6.604608e-19	0	-1.8856525e-17
7.700099999991258e-10	1.2137893e-10	0	0.00018478536	0.002804054	-8.846349e-17	-1.2540889e-16	5.646239e-17	-6.604608e-19	0	-1.8856525e-17
7.800099999991082e-10	1.2706858e-10	-3.0344734e-11	0.00018478536	0.002804054	-8.846349e-17	-1.2540889e-16	5.646239e-17	-6.604608e-19	0	-1.8856525e-17
7.900099999990906e-10	1.4224094e-10	-3.0344734e-11	0.00018478536	0.002804054	-8.846349e-17	-1.2540889e-16	5.646238e-17	-6.604608e-19	0	-1.8856525e-17
8.00009999999073e-10	1.2896512e-10	0	0.00018478536	0.002804054	-8.84635e-17	-1.2540889e-16	5.646238e-17	-6.604608e-19	0	-1.8856525e-17
8.100099999990553e-10	1.3086167e-10	-3.0344734e-11	0.00018478536	0.002804054	-8.846349e-17	-1.2540889e-16	5.646239e-17	-6.604608e-19	0	-1.8856525e-17
8.200099999990377e-10	1.2896512e-10	0	0.00018478536	0.002804054	-8.846349e-17	-1.2540889e-16	5.646239e-17	-6.604608e-19	0	-1.8856525e-17
8.300099999990201e-10	1.441375e-10	3.0344734e-11	0.00018478536	0.002804054	-8.846349e-17	-1.2540889e-16	5.646239e-17	-6.604608e-19	0	-1.8856525e-17
8.400099999990025e-10	1.3655131e-10	0	0.00018478536	0.002804054	-8.846349e-17	-1.2540889e-16	5.646239e-17	-6.604608e-19	0	-1.8856525e-17
8.500099999989849e-10	1.3844785e-10	0	0.00018478536	0.002804054	-8.846349e-17	-1.2540889e-16	5.646239e-17	-6.604608e-19	0	-1.8856525e-17
8.600099999989673e-10	1.2896512e-10	-3.0344734e-11	0.00018478536	0.002804054	-8.846349e-17	-1.2540889e-16	5.646239e-17	-6.604608e-19	0	-1.8856525e-17
8.700099999989497e-10	1.3655131e-10	0	0.00018478536	0.002804054	-8.846349e-17	-1.2540889e-16	5.646239e-17	-6.604608e-19	0	-1.8856525e-17
8.800099999989321e-10	1.3275821e-10	0	0.00018478536	0.002804054	-8.846349e-17	-1.2540889e-16	5.646239e-17	-6.604608e-19	0	-1.8856525e-17
8.900099999989144e-10	1.3275821e-10	3.0344734e-11	0.00018478536	0.002804054	-8.846349e-17	-1.2540889e-16	5.646239e-17	-6.604608e-19	0	-1.8856525e-17
9.000099999988968e-10	1.4603403e-10	-3.0344734e-11	0.00018478536	0.002804054	-8.846349e-17	-1.2540889e-16	5.646239e-17	-6.604608e-19	0	-1.8856525e-17
9.100099999988792e-10	1.1379275e-10	0	0.00018478536	0.002804054	-8.84635e-17	-1.2540889e-16	5.646238e-17	-6.604608e-19	0	-1.8856525e-17
9.200099999988616e-10	1.3465476e-10	3.0344734e-11	0.00018478536	0.002804054	-8.846349e-17	-1.2540889e-16	5.646239e-17	-6.604608e-19	0	-1.8856525e-17
9.30009999998844e-10	1.3844785e-10	0	0.00018478536	0.002804054	-8.846349e-17	-1.2540889e-16	5.646239e-17	-6.604608e-19	0	-1.8856525e-17
9.400099999989161e-10	1.403444e-10	0	0.00018478536	0.002804054	-8.846349e-17	-1.2540889e-16	5.646239e-17	-6.604608e-19	0	-1.8856525e-17
9.50009999999002e-10	1.2517203e-10	-3.0344734e-11	0.00018478536	0.002804054	-8.846349e-17	-1.2540889e-16	5.646238e-17	-6.604608e-19	0	-1.8856525e-17
9.600099999990877e-10	1.2706858e-10	0	0.00018478536	0.002804054	-8.846349e-17	-1.2540889e-16	5.646239e-17	-6.604608e-19	0	-1.8856525e-17
9.700099999991735e-10	1.3844785e-10	1.5172367e-11	0.00018478536	0.002804054	-8.846349e-17	-1.2540889e-16	5.646239e-17	-6.604608e-19	0	-1.8856525e-17
9.800099999992593e-10	1.2517203e-10	-3.0344734e-11	0.00018478536	0.002804054	-8.846349e-17	-1.2540889e-16	5.646239e-17	-6.604608e-19	0	-1.8856525e-17
9.90009999999345e-10	1.2517203e-10	-3.0344734e-11	0.00018478536	0.002804054	-8.846349e-17	-1.2540889e-16	5.646239e-17	-6.604608e-19	0	-1.8856525e-17
1.0000099999994308e-09	1.403444e-10	0	0.00018478536	0.002804054	-8.846349e-17	-1.2540889e-16	5.646239e-17	-6.604608e-19	0	-1.8856525e-17
1.0100099999995166e-09	1.3844785e-10	1.5172367e-11	0.00018478536	0.002804054	-8.846349e-17	-1.2540889e-16	5.646239e-17	-6.604608e-19	0	-1.8856525e-17
1.0200099999996024e-09	1.3655131e-10	0	0.00018478536	0.002804054	-8.846349e-17	-1.2540889e-16	5.646239e-17	-6.604608e-19	0	-1.8856525e-17
1.0300099999996882e-09	1.3086167e-10	-1.5172367e-11	0.00018478536	0.002804054	-8.846349e-17	-1.2540889e-16	5.646239e-17	-6.604608e-19	0	-1.8856525e-17
1.040009999999774e-09	1.403444e-10	0	0.00018478536	0.002804054	-8.84635e-17	-1.2540889e-16	5.646238e-17	-6.604608e-19	0	-1.8856528e-17
1.0500099999998598e-09	1.403444e-10	0	0.00018478536	0.002804054	-8.846349e-17	-1.2540889e-16	5.646239e-17	-6.604608e-19	0	-1.8856525e-17
1.0600099999999456e-09	1.2896512e-10	0	0.00018478536	0.002804054	-8.846349e-17	-1.2540889e-16	5.646239e-17	-6.604608e-19	0	-1.8856525e-17
1.0700000000000313e-09	1.4793058e-10	0	0.00018478584	0.0028041464	-8.846349e-17	-1.2540889e-16	5.646239e-17	-6.604608e-19	0	-1.8856528e-17
1.080000000000117e-09	1.2896512e-10	-7.586183e-12	0.00018478584	0.0028041464	-8.846349e-17	-1.2540889e-16	5.646238e-17	-6.604608e-19	0	-1.8856525e-17
1.0900000000002028e-09	1.4603403e-10	-1.5172367e-11	0.00018478584	0.0028041464	-8.846349e-17	-1.2540889e-16	5.646239e-17	-6.604608e-19	0	-1.8856528e-17
1.1000000000002886e-09	1.3655131e-10	0	0.00018478584	0.0028041464	-8.846349e-17	-1.2540889e-16	5.646239e-17	-6.604608e-19	0	-1.8856525e-17
1.1100000000003744e-09	1.3844785e-10	1.5172367e-11	0.00018478584	0.0028041466	-8.846349e-17	-1.2540889e-16	5.646239e-17	-6.604608e-19	0	-1.8856525e-17
1.1200000000004602e-09	1.3275821e-10	0	0.00018478584	0.0028041464	-8.846349e-17	-1.2540889e-16	5.646239e-17	-6.604608e-19	0	-1.8856525e-17
1.130000000000546e-09	1.403444e-10	1.5172367e-11	0.00018478584	0.0028041464	-8.846349e-17	-1.2540889e-16	5.646239e-17	-6.604608e-19	0	-1.8856525e-17
1.1400000000006318e-09	1.3465476e-10	3.0344734e-11	0.00018478584	0.0028041464	-8.846349e-17	-1.2540889e-16	5.646239e-17	-6.604608e-19	0	-1.8856525e-17
1.1500000000007175e-09	1.3655131e-10	-3.0344734e-11	0.00018478584	0.0028041466	-8.846349e-17	-1.2540889e-16	5.646239e-17	-6.604608e-19	0	-1.8856525e-17
1.1600000000008033e-09	1.3655131e-10	0	0.00018478584	0.0028041466	-8.846349e-17	-1.2540889e-16	5.646239e-17	-6.604608e-19	0	-1.8856525e-17
1.1700000000008891e-09	1.3465476e-10	-3.0344734e-11	0.00018478584	0.0028041464	-8.846349e-17	-1.2540889e-16	5.646239e-17	-6.604608e-19	0	-1.8856525e-17
1.1800000000009749e-09	1.2896512e-10	1.5172367e-11	0.00018478584	0.0028041466	-8.846349e-17	-1.2540889e-16	5.646239e-17	-6.604608e-19	0	-1.8856525e-17
1.1900000000010607e-09	1.4224094e-10	0	0.00018478584	0.0028041464	-8.846349e-17	-1.2540889e-16	5.646239e-17	-6.604608e-19	0	-1.8856525e-17
1.2000000000011465e-09	1.3465476e-10	3.0344734e-11	0.00018478584	0.0028041466	-8.846349e-17	-1.2540889e-16	5.646239e-17	-6.604608e-19	0	-1.8856525e-17
1.2100000000012322e-09	1.4982712e-10	7.586183e-12	0.00018478584	0.0028041464	-8.846349e-17	-1.2540889e-16	5.646239e-17	-6.604608e-19	0	-1.8856525e-17
1.220000000001318e-09	1.3275821e-10	3.0344734e-11	0.00018478584	0.0028041464	-8.846349e-17	-1.2540889e-16	5.646239e-17	-6.604608e-19	0	-1.8856525e-17
1.2300000000014038e-09	1.3655131e-10	0	0.00018478584	0.0028041464	-8.846349e-17	-1.2540889e-16	5.646239e-17	-6.604608e-19	0	-1.8856525e-17
1.2400000000014896e-09	1.4793058e-10	3.0344734e-11	0.00018478584	0.0028041464	-8.846349e-17	-1.2540889e-16	5.646239e-17	-6.604608e-19	0	-1.8856525e-17
1.2500000000015754e-09	1.4982712e-10	2.275855e-11	0.00018478584	0.0028041464	-8.846349e-17	-1.2540889e-16	5.646239e-17	-6.604608e-19	0	-1.8856525e-17
1.2600000000016612e-09	1.4224094e-10	0	0.00018478584	0.0028041464	-8.846349e-17	-1.2540889e-16	5.646239e-17	-6.604608e-19	0	-1.8856525e-17
1.270000000001747e-09	1.3275821e-10	1.5172367e-11	0.00018478584	0.0028041464	-8.846349e-17	-1.2540889e-16	5.646239e-17	-6.604608e-19	0	-1.8856525e-17
1.2800000000018327e-09	1.4603403e-10	0	0.00018478584	0.0028041466	-8.846349e-17	-1.2540889e-16	5.646239e-17	-6.604608e-19	0	-1.8856525e-17
1.2900000000019185e-09	1.3275821e-10	1.5172367e-11	0.00018478584	0.0028041464	-8.846349e-17	-1.2540889e-16	5.646239e-17	-6.604608e-19	0	-1.8856525e-17
1.3000000000020043e-09	1.3465476e-10	1.5172367e-11	0.00018478584	0.0028041466	-8.846349e-17	-1.2540889e-16	5.646239e-17	-6.604608e-19	0	-1.8856528e-17
1.3100000000020901e-09	1.4224094e-10	0	0.00018478584	0.0028041464	-8.84635e-17	-1.2540889e-16	5.646239e-17	-6.604608e-19	0	-1.8856525e-17
1.3200000000021759e-09	1.3275821e-10	2.275855e-11	0.00018478584	0.0028041464	-8.846349e-17	-1.2540889e-16	5.646239e-17	-6.604608e-19	0	-1.8856525e-17
1.3300000000022617e-09	1.3275821e-10	3.0344734e-11	0.00018478584	0.0028041464	-8.846349e-17	-1.2540889e-16	5.646239e-17	-6.604608e-19	0	-1.8856525e-17
1.3400000000023475e-09	1.3086167e-10	7.586183e-12	0.00018478584	0.0028041466	-8.846349e-17	-1.2540889e-16	5.646239e-17	-6.604608e-19	0	-1.8856525e-17
1.3500000000024332e-09	1.2327549e-10	4.55171e-11	0.00018478584	0.0028041464	-8.846349e-17	-1.2540889e-16	5.646239e-17	-6.604608e-19	0	-1.8856525e-17
1.360000000002519e-09	1.4603403e-10	0	0.00018478584	0.0028041464	-8.846349e-17	-1.2540889e-16	5.646239e-17	-6.604608e-19	0	-1.8856525e-17
1.3700000000026048e-09	1.3465476e-10	1.5172367e-11	0.00018478584	0.0028041464	-8.84635e-17	-1.2540889e-16	5.646239e-17	-6.604608e-19	0	-1.8856525e-17
1.3800000000026906e-09	1.441375e-10	3.0344734e-11	0.00018478584	0.0028041464	-8.846349e-17	-1.2540889e-16	5.646239e-17	-6.604608e-19	0	-1.8856525e-17
1.3900000000027764e-09	1.4224094e-10	1.5172367e-11	0.00018478584	0.0028041464	-8.846349e-17	-1.2540889e-16	5.646239e-17	-6.604608e-19	0	-1.8856525e-17
1.4000000000028622e-09	1.4224094e-10	1.5172367e-11	0.00018478584	0.0028041466	-8.846349e-17	-1.2540889e-16	5.646239e-17	-6.604608e-19	0	-1.8856525e-17
1.410000000002948e-09	1.2706858e-10	3.0344734e-11	0.00018478584	0.0028041464	-8.846349e-17	-1.2540889e-16	5.646239e-17	-6.604608e-19	0	-1.8856525e-17
1.4200000000030337e-09	1.3655131e-10	7.586184e-11	0.00018478584	0.0028041464	-8.846349e-17	-1.2540889e-16	5.646239e-17	-6.604608e-19	0	-1.8856525e-17
1.4300000000031195e-09	1.2896512e-10	4.55171e-11	0.00018478584	0.0028041464	-8.846349e-17	-1.2540889e-16	5.646239e-17	-6.604608e-19	0	-1.8856525e-17
1.4400000000032053e-09	1.3655131e-10	1.5172367e-11	0.00018478584	0.0028041464	-8.846349e-17	-1.2540889e-16	5.646239e-17	-6.604608e-19	0	-1.8856525e-17
1.450000000003291e-09	1.4603403e-10	0	0.00018478584	0.0028041464	-8.846349e-17	-1.2540889e-16	5.646239e-17	-6.604608e-19	0	-1.8856525e-17
1.4600000000033769e-09	1.3465476e-10	4.55171e-11	0.00018478584	0.0028041464	-8.846349e-17	-1.2540889e-16	5.646239e-17	-6.604608e-19	0	-1.8856525e-17
1.4700000000034627e-09	1.403444e-10	4.55171e-11	0.00018478584	0.0028041464	-8.846349e-17	-1.2540889e-16	5.646239e-17	-6.604608e-19	0	-1.8856525e-17
1.4800000000035485e-09	1.441375e-10	1.5172367e-11	0.00018478584	0.0028041466	-8.846349e-17	-1.2540889e-16	5.646239e-17	-6.604608e-19	0	-1.8856525e-17
1.4900000000036342e-09	1.3655131e-10	1.5172367e-11	0.00018478584	0.0028041464	-8.846349e-17	-1.2540889e-16	5.646239e-17	-6.604608e-19	0	-1.8856525e-17
1.50000000000372e-09	1.403444e-10	0	0.00018478584	0.0028041466	-8.846349e-17	-1.2540889e-16	5.646239e-17	-6.604608e-19	0	-1.8856525e-17
1.5100000000038058e-09	1.3655131e-10	0	0.00018478584	0.0028041464	-8.846349e-17	-1.2540889e-16	5.646239e-17	-6.604608e-19	0	-1.8856525e-17
1.5200000000038916e-09	1.4603403e-10	0	0.00018478584	0.0028041464	-8.846349e-17	-1.2540889e-16	5.646239e-17	-6.604608e-19	0	-1.8856525e-17
1.5300000000039774e-09	1.4982712e-10	3.0344734e-11	0.00018478584	0.0028041464	-8.846349e-17	-1.2540889e-16	5.646239e-17	-6.604608e-19	0	-1.8856525e-17
1.5400000000040632e-09	1.403444e-10	1.5172367e-11	0.00018478584	0.0028041464	-8.846349e-17	-1.2540889e-16	5.646239e-17	-6.604608e-19	0	-1.8856525e-17
1.550000000004149e-09	1.403444e-10	1.5172367e-11	0.00018478584	0.0028041464	-8.846349e-17	-1.2540889e-16	5.646239e-17	-6.604608e-19	0	-1.8856525e-17
1.5600000000042347e-09	1.3655131e-10	-7.586183e-12	0.00018478584	0.0028041464	-8.846349e-17	-1.2540889e-16	5.646239e-17	-6.604608e-19	0	-1.8856525e-17
1.5700000000043205e-09	1.2517203e-10	0	0.00018478584	0.0028041466	-8.846349e-17	-1.2540889e-16	5.646239e-17	-6.604608e-19	0	-1.8856525e-17
1.5800000000044063e-09	1.2896512e-10	-7.586183e-12	0.00018478584	0.0028041464	-8.846349e-17	-1.2540889e-16	5.646239e-17	-6.604608e-19	0	-1.8856525e-17
1.590000000004492e-09	1.441375e-10	0	0.00018478584	0.0028041466	-8.846349e-17	-1.2540889e-16	5.646239e-17	-6.604608e-19	0	-1.8856525e-17
1.6000000000045779e-09	1.3086167e-10	1.5172367e-11	0.00018478584	0.0028041464	-8.846349e-17	-1.2540889e-16	5.646239e-17	-6.604608e-19	0	-1.8856525e-17
1.6100000000046637e-09	1.3086167e-10	4.55171e-11	0.00018478584	0.0028041466	-8.846349e-17	-1.2540889e-16	5.646239e-17	-6.604608e-19	0	-1.8856525e-17
1.6200000000047495e-09	1.3275821e-10	3.0344734e-11	0.00018478584	0.0028041464	-8.846349e-17	-1.2540889e-16	5.646239e-17	-6.604608e-19	0	-1.8856525e-17
1.6300000000048352e-09	1.3844785e-10	4.55171e-11	0.00018478584	0.0028041464	-8.846349e-17	-1.2540889e-16	5.646239e-17	-6.604608e-19	0	-1.8856525e-17
1.640000000004921e-09	1.4793058e-10	0	0.00018478584	0.0028041464	-8.84635e-17	-1.2540889e-16	5.646238e-17	-6.604608e-19	0	-1.8856525e-17
1.6500000000050068e-09	1.403444e-10	3.0344734e-11	0.00018478584	0.0028041466	-8.846349e-17	-1.2540889e-16	5.646239e-17	-6.604608e-19	0	-1.8856525e-17
1.6600000000050926e-09	1.2896512e-10	0	0.00018478584	0.0028041464	-8.84635e-17	-1.2540889e-16	5.646239e-17	-6.604608e-19	0	-1.8856525e-17
1.6700000000051784e-09	1.3655131e-10	0	0.00018478584	0.0028041466	-8.846349e-17	-1.2540889e-16	5.646239e-17	-6.604608e-19	0	-1.8856525e-17
1.6800000000052642e-09	1.3655131e-10	3.0344734e-11	0.00018478584	0.0028041464	-8.846349e-17	-1.2540889e-16	5.646239e-17	-6.604608e-19	0	-1.8856525e-17
1.69000000000535e-09	1.3275821e-10	0	0.00018478584	0.0028041464	-8.846349e-17	-1.2540889e-16	5.646239e-17	-6.604608e-19	0	-1.8856525e-17
1.7000000000054357e-09	1.2896512e-10	3.0344734e-11	0.00018478584	0.0028041464	-8.846349e-17	-1.2540889e-16	5.646238e-17	-6.604608e-19	0	-1.8856525e-17
1.7100000000055215e-09	1.441375e-10	0	0.00018478584	0.0028041464	-8.846349e-17	-1.2540889e-16	5.646239e-17	-6.604608e-19	0	-1.8856525e-17
1.7200000000056073e-09	1.403444e-10	4.55171e-11	0.00018478584	0.0028041464	-8.846349e-17	-1.2540889e-16	5.646239e-17	-6.604608e-19	0	-1.8856525e-17
1.730000000005693e-09	1.3086167e-10	1.5172367e-11	0.00018478584	0.0028041464	-8.846349e-17	-1.2540889e-16	5.646239e-17	-6.604608e-19	0	-1.8856525e-17
1.7400000000057789e-09	1.2896512e-10	0	0.00018478584	0.0028041464	-8.846349e-17	-1.2540889e-16	5.646239e-17	-6.604608e-19	0	-1.8856525e-17
1.7500000000058647e-09	1.441375e-10	0	0.00018478584	0.0028041464	-8.846349e-17	-1.2540889e-16	5.646239e-17	-6.604608e-19	0	-1.8856525e-17
1.7600000000059504e-09	1.3086167e-10	3.0344734e-11	0.00018478584	0.0028041464	-8.846349e-17	-1.2540889e-16	5.646239e-17	-6.604608e-19	0	-1.8856525e-17
1.7700000000060362e-09	1.3655131e-10	3.0344734e-11	0.00018478584	0.0028041464	-8.846349e-17	-1.2540889e-16	5.646239e-17	-6.604608e-19	0	-1.8856525e-17
1.780000000006122e-09	1.2896512e-10	0	0.00018478584	0.0028041464	-8.846349e-17	-1.2540889e-16	5.646239e-17	-6.604608e-19	0	-1.8856525e-17
1.7900000000062078e-09	1.2706858e-10	1.5172367e-11	0.00018478584	0.0028041466	-8.846349e-17	-1.2540889e-16	5.646239e-17	-6.604608e-19	0	-1.8856525e-17
1.8000000000062936e-09	1.4793058e-10	3.0344734e-11	0.00018478584	0.0028041464	-8.846349e-17	-1.2540889e-16	5.646239e-17	-6.604608e-19	0	-1.8856525e-17
1.8100000000063794e-09	1.3655131e-10	3.0344734e-11	0.00018478584	0.0028041466	-8.846349e-17	-1.2540889e-16	5.646239e-17	-6.604608e-19	0	-1.8856525e-17
1.8200000000064652e-09	1.3655131e-10	0	0.00018478584	0.0028041464	-8.846349e-17	-1.2540889e-16	5.646239e-17	-6.604608e-19	0	-1.8856525e-17
1.830000000006551e-09	1.3844785e-10	7.586184e-11	0.00018478584	0.0028041464	-8.846349e-17	-1.2540889e-16	5.646239e-17	-6.604608e-19	0	-1.8856525e-17
1.8400000000066367e-09	1.403444e-10	0	0.00018478584	0.0028041464	-8.846349e-17	-1.2540889e-16	5.646239e-17	-6.604608e-19	0	-1.8856525e-17
1.8500000000067225e-09	1.4224094e-10	3.0344734e-11	0.00018478584	0.0028041466	-8.846349e-17	-1.2540889e-16	5.646239e-17	-6.604608e-19	0	-1.8856525e-17
1.8600000000068083e-09	1.441375e-10	4.55171e-11	0.00018478584	0.0028041464	-8.846349e-17	-1.2540889e-16	5.646239e-17	-6.604608e-19	0	-1.8856525e-17
1.870000000006742e-09	1.3655131e-10	4.55171e-11	0.00018478584	0.0028041466	-8.846349e-17	-1.2540889e-16	5.646239e-17	-6.604608e-19	0	-1.8856525e-17
1.880000000006621e-09	1.441375e-10	3.0344734e-11	0.00018478584	0.0028041464	-8.846349e-17	-1.2540889e-16	5.646239e-17	-6.604608e-19	0	-1.8856525e-17
1.8900000000065e-09	1.4224094e-10	3.0344734e-11	0.00018478584	0.0028041466	-8.846349e-17	-1.2540889e-16	5.646239e-17	-6.604608e-19	0	-1.8856525e-17
1.900000000006379e-09	1.3655131e-10	3.0344734e-11	0.00018478584	0.0028041464	-8.846349e-17	-1.2540889e-16	5.646239e-17	-6.604608e-19	0	-1.8856525e-17
1.910000000006258e-09	1.4793058e-10	0	0.00018478584	0.0028041464	-8.846349e-17	-1.2540889e-16	5.646239e-17	-6.604608e-19	0	-1.8856525e-17
1.920000000006137e-09	1.5172368e-10	3.0344734e-11	0.00018478584	0.0028041464	-8.846349e-17	-1.2540889e-16	5.646239e-17	-6.604608e-19	0	-1.8856525e-17
1.930000000006016e-09	1.5362021e-10	0	0.00018478584	0.0028041464	-8.846349e-17	-1.2540889e-16	5.646239e-17	-6.604608e-19	0	-1.8856525e-17
1.940000000005895e-09	1.3275821e-10	3.0344734e-11	0.00018478584	0.0028041464	-8.84635e-17	-1.2540889e-16	5.646239e-17	-6.604608e-19	0	-1.8856525e-17
1.950000000005774e-09	1.3655131e-10	3.0344734e-11	0.00018478584	0.0028041464	-8.846349e-17	-1.2540889e-16	5.646239e-17	-6.604608e-19	0	-1.8856525e-17
1.960000000005653e-09	1.3655131e-10	4.55171e-11	0.00018478584	0.0028041466	-8.846349e-17	-1.2540889e-16	5.646239e-17	-6.604608e-19	0	-1.8856525e-17
1.9700000000055318e-09	1.3275821e-10	3.0344734e-11	0.00018478584	0.0028041464	-8.846349e-17	-1.2540889e-16	5.646239e-17	-6.604608e-19	0	-1.8856525e-17
1.9800000000054108e-09	1.3275821e-10	3.0344734e-11	0.00018478584	0.0028041466	-8.846349e-17	-1.2540889e-16	5.646239e-17	-6.604608e-19	0	-1.8856525e-17
1.9900000000052898e-09	1.3655131e-10	0	0.00018478584	0.0028041464	-8.846349e-17	-1.2540889e-16	5.646239e-17	-6.604608e-19	0	-1.8856525e-17
2.0000000000051688e-09	1.3844785e-10	3.0344734e-11	0.00018478584	0.0028041466	-8.846349e-17	-1.2540889e-16	5.646239e-17	-6.604608e-19	0	-1.8856525e-17
2.0100000000050478e-09	1.3275821e-10	3.0344734e-11	0.00018478584	0.0028041464	-8.846349e-17	-1.2540889e-16	5.646239e-17	-6.604608e-19	0	-1.8856525e-17
2.0200000000049267e-09	1.403444e-10	3.0344734e-11	0.00018478584	0.0028041466	-8.846349e-17	-1.2540889e-16	5.646239e-17	-6.604608e-19	0	-1.8856525e-17
2.0300000000048057e-09	1.3655131e-10	3.0344734e-11	0.00018478584	0.0028041464	-8.84635e-17	-1.2540889e-16	5.646239e-17	-6.604608e-19	0	-1.8856525e-17
2.0400000000046847e-09	1.403444e-10	3.0344734e-11	0.00018478584	0.0028041464	-8.846349e-17	-1.2540889e-16	5.646239e-17	-6.604608e-19	0	-1.8856525e-17
2.0500000000045637e-09	1.3655131e-10	0	0.00018478584	0.0028041464	-8.846349e-17	-1.2540889e-16	5.646239e-17	-6.604608e-19	0	-1.8856525e-17
2.0600000000044427e-09	1.441375e-10	3.793092e-11	0.00018478584	0.0028041464	-8.846349e-17	-1.2540889e-16	5.646239e-17	-6.604608e-19	0	-1.8856525e-17
2.0700000000043217e-09	1.3275821e-10	1.5172367e-11	0.00018478584	0.0028041464	-8.846349e-17	-1.2540889e-16	5.646239e-17	-6.604608e-19	0	-1.8856525e-17
2.0800000000042007e-09	1.4224094e-10	3.0344734e-11	0.00018478584	0.0028041464	-8.846349e-17	-1.2540889e-16	5.646239e-17	-6.604608e-19	0	-1.8856525e-17
2.0900000000040797e-09	1.403444e-10	3.0344734e-11	0.00018478584	0.0028041464	-8.846349e-17	-1.2540889e-16	5.646239e-17	-6.604608e-19	0	-1.8856525e-17
2.1000000000039587e-09	1.403444e-10	1.5172367e-11	0.00018478584	0.0028041464	-8.846349e-17	-1.2540889e-16	5.646239e-17	-6.604608e-19	0	-1.8856525e-17
2.1100000000038377e-09	1.4982712e-10	-1.5172367e-11	0.00018478584	0.0028041464	-8.846349e-17	-1.2540889e-16	5.646239e-17	-6.604608e-19	0	-1.8856525e-17
2.1200000000037166e-09	1.441375e-10	3.0344734e-11	0.00018478584	0.0028041464	-8.846349e-17	-1.2540889e-16	5.646239e-17	-6.604608e-19	0	-1.8856525e-17
2.1300000000035956e-09	1.4603403e-10	3.0344734e-11	0.00018478584	0.0028041464	-8.846349e-17	-1.2540889e-16	5.646239e-17	-6.604608e-19	0	-1.8856525e-17
2.1400000000034746e-09	1.3655131e-10	0	0.00018478584	0.0028041464	-8.846349e-17	-1.2540889e-16	5.646239e-17	-6.604608e-19	0	-1.8856525e-17
2.1500000000033536e-09	1.441375e-10	0	0.00018478584	0.0028041464	-8.846349e-17	-1.2540889e-16	5.646239e-17	-6.604608e-19	0	-1.8856525e-17
2.1600000000032326e-09	1.3655131e-10	0	0.00018478584	0.0028041464	-8.846349e-17	-1.2540889e-16	5.646239e-17	-6.604608e-19	0	-1.8856525e-17
2.1700000000031116e-09	1.441375e-10	4.55171e-11	0.00018478584	0.0028041464	-8.84635e-17	-1.2540889e-16	5.646238e-17	-6.604608e-19	0	-1.8856525e-17
2.1800000000029906e-09	1.403444e-10	3.0344734e-11	0.00018478584	0.0028041464	-8.846349e-17	-1.2540889e-16	5.646239e-17	-6.604608e-19	0	-1.8856525e-17
2.1900000000028696e-09	1.3465476e-10	4.55171e-11	0.00018478584	0.0028041464	-8.846349e-17	-1.2540889e-16	5.646239e-17	-6.604608e-19	0	-1.8856525e-17
2.2000000000027486e-09	1.441375e-10	4.55171e-11	0.00018478584	0.0028041466	-8.846349e-17	-1.2540889e-16	5.646239e-17	-6.604608e-19	0	-1.8856525e-17
2.2100000000026276e-09	1.3465476e-10	0	0.00018478584	0.0028041464	-8.846349e-17	-1.2540889e-16	5.646239e-17	-6.604608e-19	0	-1.8856525e-17
2.2200000000025065e-09	1.4224094e-10	0	0.00018478584	0.0028041466	-8.846349e-17	-1.2540889e-16	5.646239e-17	-6.604608e-19	0	-1.8856525e-17
2.2300000000023855e-09	1.3275821e-10	4.55171e-11	0.00018478584	0.0028041464	-8.846349e-17	-1.2540889e-16	5.646239e-17	-6.604608e-19	0	-1.8856525e-17
2.2400000000022645e-09	1.3655131e-10	3.0344734e-11	0.00018478584	0.0028041464	-8.846349e-17	-1.2540889e-16	5.646239e-17	-6.604608e-19	0	-1.8856525e-17
2.2500000000021435e-09	1.4603403e-10	3.0344734e-11	0.00018478584	0.0028041464	-8.846349e-17	-1.2540889e-16	5.646239e-17	-6.604608e-19	0	-1.8856525e-17
2.2600000000020225e-09	1.4224094e-10	3.0344734e-11	0.00018478584	0.0028041464	-8.846349e-17	-1.2540889e-16	5.646239e-17	-6.604608e-19	0	-1.8856525e-17
2.2700000000019015e-09	1.4224094e-10	0	0.00018478584	0.0028041464	-8.846349e-17	-1.2540889e-16	5.646239e-17	-6.604608e-19	0	-1.8856525e-17
2.2800000000017805e-09	1.441375e-10	3.0344734e-11	0.00018478584	0.0028041464	-8.846349e-17	-1.2540889e-16	5.646239e-17	-6.604608e-19	0	-1.8856525e-17
2.2900000000016595e-09	1.403444e-10	0	0.00018478584	0.0028041464	-8.846349e-17	-1.2540889e-16	5.646239e-17	-6.604608e-19	0	-1.8856525e-17
2.3000000000015385e-09	1.5362021e-10	3.0344734e-11	0.00018478584	0.0028041464	-8.846349e-17	-1.2540889e-16	5.646239e-17	-6.604608e-19	0	-1.8856525e-17
2.3100000000014175e-09	1.403444e-10	0	0.00018478584	0.0028041464	-8.846349e-17	-1.2540889e-16	5.646239e-17	-6.604608e-19	0	-1.8856525e-17
2.3200000000012965e-09	1.4793058e-10	0	0.00018478584	0.0028041466	-8.846349e-17	-1.2540889e-16	5.646239e-17	-6.604608e-19	0	-1.8856525e-17
2.3300000000011754e-09	1.3844785e-10	0	0.00018478584	0.0028041464	-8.846349e-17	-1.2540889e-16	5.646239e-17	-6.604608e-19	0	-1.8856525e-17
2.3400000000010544e-09	1.403444e-10	1.5172367e-11	0.00018478584	0.0028041464	-8.846349e-17	-1.2540889e-16	5.646239e-17	-6.604608e-19	0	-1.8856525e-17
2.3500000000009334e-09	1.441375e-10	3.0344734e-11	0.00018478584	0.0028041464	-8.846349e-17	-1.2540889e-16	5.646239e-17	-6.604608e-19	0	-1.8856525e-17
2.3600000000008124e-09	1.3844785e-10	4.55171e-11	0.00018478584	0.0028041464	-8.846349e-17	-1.2540889e-16	5.646239e-17	-6.604608e-19	0	-1.8856525e-17
2.3700000000006914e-09	1.3465476e-10	0	0.00018478584	0.0028041464	-8.846349e-17	-1.2540889e-16	5.646239e-17	-6.604608e-19	0	-1.8856525e-17
2.3800000000005704e-09	1.4224094e-10	3.0344734e-11	0.00018478584	0.0028041464	-8.846349e-17	-1.2540889e-16	5.646239e-17	-6.604608e-19	0	-1.8856525e-17
2.3900000000004494e-09	1.4224094e-10	3.0344734e-11	0.00018478584	0.0028041464	-8.846349e-17	-1.2540889e-16	5.646239e-17	-6.604608e-19	0	-1.8856525e-17
2.4000000000003284e-09	1.4982712e-10	0	0.00018478584	0.0028041464	-8.84635e-17	-1.2540889e-16	5.646238e-17	-6.604608e-19	0	-1.8856525e-17
2.4100000000002074e-09	1.403444e-10	3.0344734e-11	0.00018478584	0.0028041466	-8.846349e-17	-1.2540889e-16	5.646239e-17	-6.604608e-19	0	-1.8856525e-17
2.4200000000000864e-09	1.4224094e-10	0	0.00018478584	0.0028041464	-8.846349e-17	-1.2540889e-16	5.646239e-17	-6.604608e-19	0	-1.8856525e-17
2.4300099999999652e-09	1.2517203e-10	1.5172367e-11	0.00018478536	0.002804054	-8.846349e-17	-1.2540889e-16	5.646239e-17	-6.604608e-19	0	-1.8856525e-17
2.4400099999998442e-09	1.4603403e-10	-3.0344734e-11	0.00018478536	0.002804054	-8.846349e-17	-1.2540889e-16	5.646239e-17	-6.604608e-19	0	-1.8856525e-17
2.450009999999723e-09	1.3655131e-10	-3.0344734e-11	0.00018478536	0.002804054	-8.84635e-17	-1.2540889e-16	5.646239e-17	-6.604608e-19	0	-1.8856525e-17
2.460009999999602e-09	1.2517203e-10	0	0.00018478536	0.002804054	-8.846349e-17	-1.2540889e-16	5.646239e-17	-6.604608e-19	0	-1.8856525e-17
2.470009999999481e-09	1.3655131e-10	-3.0344734e-11	0.00018478536	0.002804054	-8.846349e-17	-1.2540889e-16	5.646239e-17	-6.604608e-19	0	-1.8856525e-17
2.48000999999936e-09	1.3275821e-10	0	0.00018478536	0.002804054	-8.846349e-17	-1.2540889e-16	5.646239e-17	-6.604608e-19	0	-1.8856525e-17
2.490009999999239e-09	1.3275821e-10	0	0.00018478536	0.002804054	-8.846349e-17	-1.2540889e-16	5.646239e-17	-6.604608e-19	0	-1.8856525e-17
2.500009999999118e-09	1.4224094e-10	0	0.00018478536	0.002804054	-8.84635e-17	-1.2540889e-16	5.646238e-17	-6.604608e-19	0	-1.8856525e-17
2.510009999998997e-09	1.2896512e-10	1.5172367e-11	0.00018478536	0.002804054	-8.846349e-17	-1.2540889e-16	5.646239e-17	-6.604608e-19	0	-1.8856525e-17
2.520009999998876e-09	1.441375e-10	3.0344734e-11	0.00018478536	0.002804054	-8.846349e-17	-1.2540889e-16	5.646239e-17	-6.604608e-19	0	-1.8856525e-17
2.530009999998755e-09	1.4603403e-10	0	0.00018478536	0.002804054	-8.846349e-17	-1.2540889e-16	5.646238e-17	-6.604608e-19	0	-1.8856525e-17
2.540009999998634e-09	1.5172368e-10	0	0.00018478536	0.002804054	-8.846349e-17	-1.2540889e-16	5.646239e-17	-6.604608e-19	0	-1.8856525e-17
2.550009999998513e-09	1.2517203e-10	-3.0344734e-11	0.00018478536	0.002804054	-8.846349e-17	-1.2540889e-16	5.646239e-17	-6.604608e-19	0	-1.8856525e-17
2.560009999998392e-09	1.3655131e-10	-3.0344734e-11	0.00018478536	0.002804054	-8.846349e-17	-1.2540889e-16	5.646239e-17	-6.604608e-19	0	-1.8856525e-17
2.570009999998271e-09	1.441375e-10	-3.0344734e-11	0.00018478536	0.002804054	-8.846349e-17	-1.2540889e-16	5.646239e-17	-6.604608e-19	0	-1.8856525e-17
2.58000999999815e-09	1.3275821e-10	-3.0344734e-11	0.00018478536	0.002804054	-8.846349e-17	-1.2540889e-16	5.646239e-17	-6.604608e-19	0	-1.8856525e-17
2.590009999998029e-09	1.4224094e-10	0	0.00018478536	0.002804054	-8.846349e-17	-1.2540889e-16	5.646239e-17	-6.604608e-19	0	-1.8856525e-17
2.600009999997908e-09	1.403444e-10	3.0344734e-11	0.00018478536	0.002804054	-8.846349e-17	-1.2540889e-16	5.646239e-17	-6.604608e-19	0	-1.8856525e-17
2.610009999997787e-09	1.2517203e-10	0	0.00018478536	0.002804054	-8.84635e-17	-1.2540889e-16	5.646238e-17	-6.604608e-19	0	-1.8856525e-17
2.620009999997666e-09	1.2517203e-10	-3.0344734e-11	0.00018478536	0.002804054	-8.84635e-17	-1.2540889e-16	5.646238e-17	-6.604608e-19	0	-1.8856525e-17
2.630009999997545e-09	1.3655131e-10	-3.0344734e-11	0.00018478536	0.002804054	-8.84635e-17	-1.2540889e-16	5.646238e-17	-6.604608e-19	0	-1.8856525e-17
2.640009999997424e-09	1.3655131e-10	-3.0344734e-11	0.00018478536	0.002804054	-8.846349e-17	-1.2540889e-16	5.646239e-17	-6.604608e-19	0	-1.8856525e-17
2.650009999997303e-09	1.3275821e-10	0	0.00018478536	0.002804054	-8.846349e-17	-1.2540889e-16	5.646239e-17	-6.604608e-19	0	-1.8856525e-17
2.660009999997182e-09	1.3275821e-10	0	0.00018478536	0.002804054	-8.846349e-17	-1.2540889e-16	5.646239e-17	-6.604608e-19	0	-1.8856525e-17
2.670009999997061e-09	1.441375e-10	-3.0344734e-11	0.00018478536	0.002804054	-8.846349e-17	-1.2540889e-16	5.646239e-17	-6.604608e-19	0	-1.8856525e-17
2.68000999999694e-09	1.403444e-10	0	0.00018478536	0.002804054	-8.846349e-17	-1.2540889e-16	5.646239e-17	-6.604608e-19	0	-1.8856525e-17
2.690009999996819e-09	1.403444e-10	0	0.00018478536	0.002804054	-8.846349e-17	-1.2540889e-16	5.646239e-17	-6.604608e-19	0	-1.8856525e-17
2.700009999996698e-09	1.441375e-10	-1.5172367e-11	0.00018478536	0.002804054	-8.846349e-17	-1.2540889e-16	5.646239e-17	-6.604608e-19	0	-1.8856525e-17
2.710009999996577e-09	1.3465476e-10	0	0.00018478536	0.002804054	-8.846349e-17	-1.2540889e-16	5.646239e-17	-6.604608e-19	0	-1.8856525e-17
2.720009999996456e-09	1.4793058e-10	-3.0344734e-11	0.00018478536	0.002804054	-8.846349e-17	-1.2540889e-16	5.646239e-17	-6.604608e-19	0	-1.8856525e-17
2.730009999996335e-09	1.441375e-10	0	0.00018478536	0.002804054	-8.846349e-17	-1.2540889e-16	5.646239e-17	-6.604608e-19	0	-1.8856525e-17
2.740009999996214e-09	1.5551677e-10	0	0.00018478536	0.002804054	-8.846349e-17	-1.2540889e-16	5.646239e-17	-6.604608e-19	0	-1.8856525e-17
2.750009999996093e-09	1.3844785e-10	0	0.00018478536	0.002804054	-8.846349e-17	-1.2540889e-16	5.646239e-17	-6.604608e-19	0	-1.8856525e-17
2.760009999995972e-09	1.3275821e-10	0	0.00018478536	0.002804054	-8.846349e-17	-1.2540889e-16	5.646239e-17	-6.604608e-19	0	-1.8856525e-17
2.770009999995851e-09	1.3275821e-10	0	0.00018478536	0.002804054	-8.846349e-17	-1.2540889e-16	5.646239e-17	-6.604608e-19	0	-1.8856525e-17
2.78000999999573e-09	1.3275821e-10	-3.0344734e-11	0.00018478536	0.002804054	-8.846349e-17	-1.2540889e-16	5.646238e-17	-6.604608e-19	0	-1.8856525e-17
2.790009999995609e-09	1.3086167e-10	-7.586183e-12	0.00018478536	0.002804054	-8.84635e-17	-1.2540889e-16	5.646238e-17	-6.604608e-19	0	-1.8856525e-17
2.800009999995488e-09	1.3086167e-10	-3.0344734e-11	0.00018478536	0.002804054	-8.846349e-17	-1.2540889e-16	5.646239e-17	-6.604608e-19	0	-1.8856525e-17
2.810009999995367e-09	1.403444e-10	0	0.00018478536	0.002804054	-8.846349e-17	-1.2540889e-16	5.646239e-17	-6.604608e-19	0	-1.8856525e-17
2.820009999995246e-09	1.441375e-10	-3.0344734e-11	0.00018478536	0.002804054	-8.846349e-17	-1.2540889e-16	5.646239e-17	-6.604608e-19	0	-1.8856525e-17
2.830009999995125e-09	1.441375e-10	-1.5172367e-11	0.00018478536	0.002804054	-8.846349e-17	-1.2540889e-16	5.646239e-17	-6.604608e-19	0	-1.8856525e-17
2.840009999995004e-09	1.4603403e-10	-3.0344734e-11	0.00018478536	0.002804054	-8.846349e-17	-1.2540889e-16	5.646239e-17	-6.604608e-19	0	-1.8856525e-17
2.850009999994883e-09	1.3655131e-10	0	0.00018478536	0.002804054	-8.846349e-17	-1.2540889e-16	5.646239e-17	-6.604608e-19	0	-1.8856525e-17
2.860009999994762e-09	1.403444e-10	0	0.00018478536	0.002804054	-8.846349e-17	-1.2540889e-16	5.646239e-17	-6.604608e-19	0	-1.8856525e-17
2.870009999994641e-09	1.3844785e-10	0	0.00018478536	0.002804054	-8.846349e-17	-1.2540889e-16	5.646239e-17	-6.604608e-19	0	-1.8856525e-17
2.8800099999945198e-09	1.2706858e-10	-3.0344734e-11	0.00018478536	0.002804054	-8.846349e-17	-1.2540889e-16	5.646239e-17	-6.604608e-19	0	-1.8856525e-17
2.8900099999943988e-09	1.3275821e-10	-3.0344734e-11	0.00018478536	0.002804054	-8.846349e-17	-1.2540889e-16	5.646239e-17	-6.604608e-19	0	-1.8856525e-17
2.9000099999942778e-09	1.3655131e-10	3.0344734e-11	0.00018478536	0.002804054	-8.846349e-17	-1.2540889e-16	5.646239e-17	-6.604608e-19	0	-1.8856525e-17
2.9100099999941568e-09	1.2517203e-10	4.55171e-11	0.00018478536	0.002804054	-8.84635e-17	-1.2540889e-16	5.646238e-17	-6.604608e-19	0	-1.8856525e-17
2.9200099999940357e-09	1.3086167e-10	-1.5172367e-11	0.00018478536	0.002804054	-8.846349e-17	-1.2540889e-16	5.646239e-17	-6.604608e-19	0	-1.8856525e-17
2.9300099999939147e-09	1.5362021e-10	3.0344734e-11	0.00018478536	0.002804054	-8.846349e-17	-1.2540889e-16	5.646239e-17	-6.604608e-19	0	-1.8856525e-17
2.9400099999937937e-09	1.3275821e-10	1.5172367e-11	0.00018478536	0.002804054	-8.84635e-17	-1.2540889e-16	5.646238e-17	-6.604608e-19	0	-1.8856525e-17
2.9500099999936727e-09	1.2327549e-10	0	0.00018478536	0.002804054	-8.846349e-17	-1.2540889e-16	5.646239e-17	-6.604608e-19	0	-1.8856525e-17
2.9600099999935517e-09	1.2896512e-10	-3.0344734e-11	0.00018478536	0.002804054	-8.846349e-17	-1.2540889e-16	5.646239e-17	-6.604608e-19	0	-1.8856525e-17
2.9700099999934307e-09	1.2517203e-10	-3.0344734e-11	0.00018478536	0.002804054	-8.846349e-17	-1.2540889e-16	5.646239e-17	-6.604608e-19	0	-1.8856525e-17
2.9800099999933097e-09	1.3275821e-10	0	0.00018478536	0.002804054	-8.846349e-17	-1.2540889e-16	5.646239e-17	-6.604608e-19	0	-1.8856525e-17
2.9900099999931887e-09	1.3655131e-10	0	0.00018478536	0.002804054	-8.846349e-17	-1.2540889e-16	5.646239e-17	-6.604608e-19	0	-1.8856525e-17
3.0000099999930677e-09	1.194824e-10	1.5172367e-11	0.00018478536	0.002804054	-8.846349e-17	-1.2540889e-16	5.646239e-17	-6.604608e-19	0	-1.8856525e-17
