# t (s)	mx ()	my ()	mz ()	spinAngle (rad)	E_total (J)	E_anis (J)	E_demag (J)	E_exch (J)	E_therm (J)	E_custom (J)
0	0	0	0	0.009490227	4.222755e-18	-8.0431986e-17	9.044754e-17	6.272e-18	0	-1.2064801e-17
1.0000000000000124e-11	1.3991144e-09	-3.7942086e-10	0.00071371434	0.014286262	-1.0075108e-18	-7.7899635e-17	8.785796e-17	9.487337e-19	0	-1.19145706e-17
2.0009999999999403e-11	3.3673602e-09	0	0.002207287	0.01636839	-1.8301756e-18	-7.629846e-17	8.6087525e-17	2.1752139e-19	0	-1.183676e-17
3.000999999999824e-11	6.165589e-09	-1.1382626e-09	0.004540632	0.01808795	-2.2627414e-18	-7.476971e-17	8.441577e-17	-1.0573052e-19	0	-1.1803067e-17
4.000000000000001e-11	9.91237e-09	-1.8971043e-09	0.0074444255	0.019754874	-2.577045e-18	-7.292641e-17	8.239701e-17	-3.6069932e-19	0	-1.1686936e-17
5.0000000000001785e-11	1.4228282e-08	0	0.011004431	0.021512756	-2.8496533e-18	-7.059493e-17	7.9836257e-17	-5.7709925e-19	0	-1.15138835e-17
6.00000000000024e-11	1.8876188e-08	-1.5176834e-09	0.015358361	0.023339776	-3.110499e-18	-6.774354e-17	7.669254e-17	-7.5064997e-19	0	-1.1308851e-17
7.000999999999771e-11	2.3429237e-08	-2.2765252e-09	0.02049283	0.0251097	-3.380993e-18	-6.4376165e-17	7.296092e-17	-8.89601e-19	0	-1.10761535e-17
8.000999999999302e-11	2.7792577e-08	-3.0353668e-09	0.026180306	0.02716453	-3.6768703e-18	-6.0511643e-17	6.8656083e-17	-9.834474e-19	0	-1.0837864e-17
9.000999999998834e-11	3.111251e-08	-3.0353668e-09	0.0321308	0.029662946	-4.0052528e-18	-5.6222785e-17	6.3853784e-17	-1.022174e-18	0	-1.0614079e-17
1.0000999999998365e-10	3.225077e-08	-4.5530504e-09	0.038032826	0.03233544	-4.368347e-18	-5.1721086e-17	5.877851e-17	-1.0112717e-18	0	-1.0414496e-17
1.1000999999997896e-10	3.2155917e-08	-5.6913128e-09	0.043581847	0.03498092	-4.7652324e-18	-4.736928e-17	5.383074e-17	-9.771615e-19	0	-1.0249535e-17
1.2000999999997891e-10	3.0069103e-08	-4.5530504e-09	0.04860325	0.03747827	-5.1917007e-18	-4.352673e-17	4.9414337e-17	-9.560474e-19	0	-1.0123264e-17
1.3000999999998715e-10	2.7081164e-08	-5.311892e-09	0.053192753	0.03971618	-5.643534e-18	-4.031654e-17	4.5672086e-17	-9.783539e-19	0	-1.0020725e-17
1.400099999999954e-10	2.1911553e-08	-3.7942085e-09	0.05770147	0.041410767	-6.1208516e-18	-3.7556356e-17	4.2410632e-17	-1.061247e-18	0	-9.91388e-18
1.5000000000000362e-10	1.6599662e-08	-1.1382626e-09	0.06246992	0.042343687	-6.630372e-18	-3.4885604e-17	3.9243314e-17	-1.2055589e-18	0	-9.782524e-18
1.6000000000001186e-10	9.2009556e-09	5.691313e-10	0.06748083	0.04269919	-7.186751e-18	-3.1955383e-17	3.579476e-17	-1.3869317e-18	0	-9.63919e-18
1.700000000000201e-10	-8.0626933e-10	2.655946e-09	0.0720206	0.042937025	-7.801366e-18	-2.865289e-17	3.1950424e-17	-1.5484065e-18	0	-9.550492e-18
1.8000000000002833e-10	-1.0244363e-08	5.6913128e-09	0.07457584	0.04334058	-8.468351e-18	-2.5292187e-17	2.8074712e-17	-1.6205123e-18	0	-9.6303634e-18
1.9000000000003657e-10	-2.0299016e-08	7.7781275e-09	0.073191136	0.044061236	-9.147512e-18	-2.2612241e-17	2.5010382e-17	-1.5700382e-18	0	-9.975614e-18
2.000000000000448e-10	-2.9215405e-08	9.770087e-09	0.06647923	0.044784646	-9.769075e-18	-2.1285935e-17	2.3521374e-17	-1.4492674e-18	0	-1.05552465e-17
2.1000000000005304e-10	-3.1776498e-08	1.1951757e-08	0.054654565	0.045337588	-1.0275691e-17	-2.1314016e-17	2.3605703e-17	-1.3849417e-18	0	-1.1182436e-17
2.2000000000006128e-10	-2.9025696e-08	1.1003205e-08	0.039529335	0.04556218	-1.06621455e-17	-2.2100367e-17	2.4574725e-17	-1.4802407e-18	0	-1.16562636e-17
2.3000000000006952e-10	-2.1437279e-08	8.536969e-09	0.023484074	0.04528653	-1.0961419e-17	-2.3033819e-17	2.5710338e-17	-1.7332317e-18	0	-1.1904706e-17
2.4000000000005925e-10	-1.0434073e-08	3.0353668e-09	0.008475837	0.04471559	-1.12071475e-17	-2.3808041e-17	2.6641719e-17	-2.067389e-18	0	-1.1973438e-17
2.5000000000004163e-10	3.983919e-09	-5.691313e-10	-0.0042420304	0.044144735	-1.1418767e-17	-2.437127e-17	2.7301515e-17	-2.4041963e-18	0	-1.19448164e-17
2.60000000000024e-10	1.8781332e-08	-6.4501546e-09	-0.013944142	0.043614168	-1.1604864e-17	-2.4775831e-17	2.7755986e-17	-2.696438e-18	0	-1.18885855e-17
2.700000000000064e-10	3.3199324e-08	-9.295811e-09	-0.020302888	0.04302575	-1.1768211e-17	-2.5048854e-17	2.805177e-17	-2.9240839e-18	0	-1.1847042e-17
2.800099999999888e-10	4.742761e-08	-1.327973e-08	-0.023412518	0.0422932	-1.1908975e-17	-2.513506e-17	2.8141366e-17	-3.0810803e-18	0	-1.18342e-17
2.9000999999997117e-10	5.9569075e-08	-1.6694518e-08	-0.023759443	0.041415215	-1.2027007e-17	-2.4941482e-17	2.7926914e-17	-3.1691097e-18	0	-1.1843328e-17
3.0000999999995355e-10	7.09517e-08	-1.9160753e-08	-0.022075092	0.040443562	-1.2124624e-17	-2.4408047e-17	2.7339744e-17	-3.195909e-18	0	-1.186041e-17
3.1000999999993594e-10	7.844526e-08	-2.3144672e-08	-0.019122483	0.03947838	-1.2205316e-17	-2.3534298e-17	2.6375066e-17	-3.1703885e-18	0	-1.1875696e-17
3.2000999999991833e-10	8.565426e-08	-2.5800619e-08	-0.015542226	0.038611334	-1.2272138e-17	-2.2389572e-17	2.5107666e-17	-3.103727e-18	0	-1.1886506e-17
3.300099999999007e-10	8.9946454e-08	-2.7697723e-08	-0.011790946	0.037805583	-1.23276985e-17	-2.1104934e-17	2.3683645e-17	-3.0116744e-18	0	-1.1894735e-17
3.400099999998831e-10	9.428608e-08	-2.9594826e-08	-0.008189023	0.037047893	-1.2374398e-17	-1.9827389e-17	2.2267393e-17	-2.910417e-18	0	-1.1903984e-17
3.500099999998655e-10	9.3906664e-08	-2.9594826e-08	-0.004980594	0.036378846	-1.24138675e-17	-1.867514e-17	2.0990595e-17	-2.8123134e-18	0	-1.1917011e-17
3.600099999998479e-10	9.295811e-08	-3.0353668e-08	-0.002341428	0.035849392	-1.24467505e-17	-1.7722553e-17	1.9935936e-17	-2.726234e-18	0	-1.1933901e-17
3.7000999999983027e-10	9.0302166e-08	-3.0353668e-08	-0.00036025228	0.035462953	-1.2473459e-17	-1.7003482e-17	1.9141007e-17	-2.6588085e-18	0	-1.1952178e-17
3.8000999999981266e-10	8.859477e-08	-3.1871352e-08	0.0009680664	0.03520659	-1.24948055e-17	-1.6519508e-17	1.8607387e-17	-2.6141436e-18	0	-1.1968542e-17
3.9000999999979505e-10	8.72668e-08	-3.073309e-08	0.0017276866	0.035070952	-1.2512017e-17	-1.6249856e-17	1.8311597e-17	-2.5930623e-18	0	-1.1980695e-17
4.0000999999977743e-10	8.36623e-08	-3.073309e-08	0.0020536617	0.03503934	-1.2526399e-17	-1.6161857e-17	1.8216759e-17	-2.5931496e-18	0	-1.19881524e-17
4.100099999997598e-10	8.1006355e-08	-2.9594826e-08	0.0021050724	0.035085496	-1.2539019e-17	-1.6218568e-17	1.8281137e-17	-2.6096237e-18	0	-1.19919624e-17
4.200099999997422e-10	7.740186e-08	-2.9594826e-08	0.0020394444	0.035180256	-1.2550583e-17	-1.6380459e-17	1.8460119e-17	-2.636348e-18	0	-1.1993895e-17
4.300099999997246e-10	7.3607644e-08	-2.8077142e-08	0.001992352	0.035299525	-1.2561441e-17	-1.6604408e-17	1.8705268e-17	-2.666718e-18	0	-1.1995582e-17
4.40009999999707e-10	7.398707e-08	-2.997425e-08	0.0020620124	0.03542652	-1.2571671e-17	-1.6845186e-17	1.8966065e-17	-2.6945367e-18	0	-1.1998014e-17
4.5000999999968937e-10	7.019286e-08	-3.073309e-08	0.002303463	0.03555136	-1.25811855e-17	-1.70604e-17	1.919545e-17	-2.7148134e-18	0	-1.20014245e-17
4.6000999999967176e-10	6.658836e-08	-3.225077e-08	0.0027309183	0.03566765	-1.2589861e-17	-1.721701e-17	1.9357057e-17	-2.724381e-18	0	-1.20055265e-17
4.700099999996541e-10	6.507068e-08	-3.1491933e-08	0.003327491	0.03577055	-1.2597578e-17	-1.7295228e-17	1.9429546e-17	-2.7220808e-18	0	-1.2009816e-17
4.800099999996365e-10	6.203531e-08	-3.4147877e-08	0.004056829	0.03585539	-1.2604295e-17	-1.7289122e-17	1.9407219e-17	-2.708568e-18	0	-1.20138265e-17
4.900099999996189e-10	5.805139e-08	-3.6803822e-08	0.00487526	0.035915673	-1.2610028e-17	-1.7204258e-17	1.9297306e-17	-2.685841e-18	0	-1.2017234e-17
5.000099999996013e-10	5.4636605e-08	-3.870093e-08	0.005739168	0.03594301	-1.2614866e-17	-1.7053829e-17	1.9115484e-17	-2.6566508e-18	0	-1.201987e-17
5.100099999995837e-10	5.0273265e-08	-3.870093e-08	0.0066091022	0.03592963	-1.2618941e-17	-1.6854493e-17	1.888113e-17	-2.6239002e-18	0	-1.2021678e-17
5.200099999995661e-10	4.799674e-08	-3.7942087e-08	0.0074522565	0.035872456	-1.26224205e-17	-1.6623352e-17	1.8613822e-17	-2.5901972e-18	0	-1.2022694e-17
5.300099999995485e-10	4.5720213e-08	-3.604498e-08	0.008242473	0.03577379	-1.2625471e-17	-1.6375721e-17	1.8330814e-17	-2.5575513e-18	0	-1.20230115e-17
5.400099999995309e-10	4.6099633e-08	-3.566556e-08	0.008960119	0.035640642	-1.2628236e-17	-1.6124197e-17	1.8046055e-17	-2.5272973e-18	0	-1.2022796e-17
5.500099999995133e-10	4.6289344e-08	-3.4527297e-08	0.009591801	0.035482183	-1.2630812e-17	-1.5878362e-17	1.7769939e-17	-2.5001443e-18	0	-1.2022245e-17
5.600099999994956e-10	4.5530502e-08	-3.566556e-08	0.010130437	0.035307724	-1.2633257e-17	-1.5644925e-17	1.7509556e-17	-2.4763093e-18	0	-1.202158e-17
5.70009999999478e-10	4.2115715e-08	-3.4147877e-08	0.010574814	0.03512566	-1.263559e-17	-1.542806e-17	1.7269156e-17	-2.4556664e-18	0	-1.2021019e-17
5.800099999994604e-10	4.1546585e-08	-3.1491933e-08	0.010928575	0.03494305	-1.263779e-17	-1.522981e-17	1.705061e-17	-2.4378764e-18	0	-1.20207136e-17
5.900099999994428e-10	4.2684846e-08	-2.9215405e-08	0.011199823	0.03476491	-1.26398376e-17	-1.5050483e-17	1.6853896e-17	-2.422485e-18	0	-1.2020765e-17
6.000099999994252e-10	4.2495135e-08	-2.6938881e-08	0.011399997	0.03459546	-1.2641708e-17	-1.4889084e-17	1.6677543e-17	-2.4089923e-18	0	-1.2021174e-17
6.100099999994076e-10	4.1356873e-08	-2.3903514e-08	0.011541658	0.03443736	-1.26433754e-17	-1.474391e-17	1.651933e-17	-2.3969177e-18	0	-1.20218766e-17
6.2000999999939e-10	4.3253976e-08	-1.9729885e-08	0.0116375955	0.03429288	-1.264483e-17	-1.4613138e-17	1.6376912e-17	-2.3858509e-18	0	-1.2022755e-17
6.300099999993724e-10	4.097745e-08	-1.6694518e-08	0.011699997	0.03416361	-1.2646083e-17	-1.4495202e-17	1.6248287e-17	-2.3754828e-18	0	-1.2023684e-17
6.400099999993547e-10	3.8131795e-08	-1.2900309e-08	0.011739518	0.034050465	-1.2647138e-17	-1.4389096e-17	1.6132128e-17	-2.3656294e-18	0	-1.2024541e-17
6.500099999993371e-10	3.8511217e-08	-1.3659151e-08	0.011764729	0.033953935	-1.2648029e-17	-1.4294477e-17	1.6027918e-17	-2.3562312e-18	0	-1.2025238e-17
6.600099999993195e-10	4.1167162e-08	-1.6694518e-08	0.011781872	0.0338737	-1.2648782e-17	-1.4211563e-17	1.5935845e-17	-2.3473388e-18	0	-1.2025727e-17
6.700099999993019e-10	3.8321506e-08	-1.8591622e-08	0.011795068	0.033808924	-1.2649428e-17	-1.4140917e-17	1.5856571e-17	-2.3390802e-18	0	-1.2026002e-17
6.800099999992843e-10	3.8511217e-08	-1.8591622e-08	0.01180649	0.0337582	-1.26499945e-17	-1.4083175e-17	1.5790893e-17	-2.3316278e-18	0	-1.2026085e-17
6.900099999992667e-10	3.4527297e-08	-1.8212202e-08	0.011816781	0.033719957	-1.2650501e-17	-1.4038767e-17	1.5739444e-17	-2.3251536e-18	0	-1.2026024e-17
7.000099999992491e-10	3.3199324e-08	-1.8591622e-08	0.011825628	0.033692352	-1.2650972e-17	-1.4007725e-17	1.5702421e-17	-2.319791e-18	0	-1.2025877e-17
7.100099999992315e-10	2.8835984e-08	-1.9729885e-08	0.011832144	0.03367362	-1.26514164e-17	-1.3989515e-17	1.5679419e-17	-2.3156195e-18	0	-1.2025698e-17
7.200099999992138e-10	2.5990328e-08	-1.8971043e-08	0.0118353395	0.03366194	-1.2651835e-17	-1.3983073e-17	1.5669425e-17	-2.3126522e-18	0	-1.2025534e-17
7.300099999991962e-10	2.9215405e-08	-1.745336e-08	0.011834574	0.03365557	-1.2652234e-17	-1.3986805e-17	1.5670826e-17	-2.3108339e-18	0	-1.2025419e-17
7.400099999991786e-10	2.7697723e-08	-1.9350464e-08	0.011829382	0.033652965	-1.2652616e-17	-1.3998794e-17	1.568161e-17	-2.310057e-18	0	-1.20253756e-17
7.50009999999161e-10	2.7318302e-08	-1.8212202e-08	0.011819582	0.03365262	-1.2652979e-17	-1.40169e-17	1.5699503e-17	-2.3101728e-18	0	-1.2025409e-17
7.600099999991434e-10	2.674917e-08	-2.0109304e-08	0.011805916	0.033653267	-1.2653316e-17	-1.4038979e-17	1.5722182e-17	-2.31101e-18	0	-1.2025508e-17
7.700099999991258e-10	2.674917e-08	-2.3144672e-08	0.011789712	0.033653766	-1.2653637e-17	-1.4063033e-17	1.5747461e-17	-2.3123937e-18	0	-1.2025668e-17
7.800099999991082e-10	2.655946e-08	-2.238583e-08	0.0117725665	0.033653334	-1.2653932e-17	-1.408731e-17	1.5773401e-17	-2.3141558e-18	0	-1.20258686e-17
7.900099999990906e-10	2.7508012e-08	-1.8971043e-08	0.011756152	0.03365128	-1.2654211e-17	-1.4110419e-17	1.5798452e-17	-2.316148e-18	0	-1.2026097e-17
8.00009999999073e-10	2.8835984e-08	-1.9729885e-08	0.0117420815	0.033647273	-1.26544745e-17	-1.4131363e-17	1.5821467e-17	-2.318246e-18	0	-1.2026331e-17
8.100099999990553e-10	2.5041777e-08	-1.9729885e-08	0.011731439	0.03364114	-1.2654725e-17	-1.4149545e-17	1.584174e-17	-2.3203564e-18	0	-1.2026563e-17
8.200099999990377e-10	2.4472644e-08	-1.9350464e-08	0.011724894	0.033633005	-1.2654966e-17	-1.416476e-17	1.5858995e-17	-2.3224167e-18	0	-1.20267834e-17
8.300099999990201e-10	2.7128591e-08	-1.6694518e-08	0.0117227305	0.03362313	-1.2655199e-17	-1.4177118e-17	1.5873298e-17	-2.3243924e-18	0	-1.2026987e-17
8.400099999990025e-10	2.618004e-08	-1.7073939e-08	0.011724564	0.033611916	-1.26554274e-17	-1.4186988e-17	1.5885006e-17	-2.3262749e-18	0	-1.202717e-17
8.500099999989849e-10	2.5421198e-08	-1.5935676e-08	0.01172956	0.033599857	-1.26556475e-17	-1.4194884e-17	1.589464e-17	-2.3280682e-18	0	-1.2027334e-17
8.600099999989673e-10	2.6369749e-08	-1.3659151e-08	0.011736481	0.0335874	-1.26558625e-17	-1.4201449e-17	1.590286e-17	-2.3297945e-18	0	-1.202748e-17
8.700099999989497e-10	2.18167e-08	-9.864943e-09	0.011743709	0.033575058	-1.26560784e-17	-1.420731e-17	1.5910328e-17	-2.3314803e-18	0	-1.20276156e-17
8.800099999989321e-10	1.764307e-08	-9.864943e-09	0.011749913	0.03356322	-1.2656282e-17	-1.4213054e-17	1.591766e-17	-2.3331523e-18	0	-1.2027736e-17
8.900099999989144e-10	2.1057858e-08	-7.967838e-09	0.011753478	0.033552215	-1.2656483e-17	-1.4219178e-17	1.5925379e-17	-2.3348335e-18	0	-1.2027852e-17
9.000099999988968e-10	1.8212202e-08	-8.347259e-09	0.011753107	0.03354232	-1.2656679e-17	-1.4226044e-17	1.5933868e-17	-2.3365394e-18	0	-1.2027964e-17
9.100099999988792e-10	1.6884227e-08	-8.347259e-09	0.011747327	0.03353363	-1.26568634e-17	-1.4233871e-17	1.5943355e-17	-2.3382758e-18	0	-1.2028072e-17
9.200099999988616e-10	1.745336e-08	-9.485522e-09	0.011735013	0.033526257	-1.2657043e-17	-1.4242753e-17	1.5953932e-17	-2.3400402e-18	0	-1.202818e-17
9.30009999998844e-10	1.6694518e-08	-9.485522e-09	0.011715334	0.033520103	-1.2657217e-17	-1.4252648e-17	1.596554e-17	-2.3418199e-18	0	-1.2028289e-17
9.400099999989161e-10	1.5935676e-08	-6.8295756e-09	0.011687874	0.033515155	-1.26573804e-17	-1.4263444e-17	1.5978064e-17	-2.3436e-18	0	-1.20284e-17
9.50009999999002e-10	1.6125385e-08	-3.7942085e-09	0.011652282	0.033511236	-1.2657535e-17	-1.4274932e-17	1.5991266e-17	-2.345358e-18	0	-1.2028512e-17
9.600099999990877e-10	1.5935676e-08	-1.8971043e-09	0.011608563	0.033508193	-1.2657689e-17	-1.4286878e-17	1.600489e-17	-2.3470718e-18	0	-1.2028629e-17
9.700099999991735e-10	1.802249e-08	-4.5530504e-09	0.011557195	0.033505786	-1.2657831e-17	-1.4299036e-17	1.6018672e-17	-2.3487227e-18	0	-1.20287455e-17
9.800099999992593e-10	2.0678437e-08	-6.0707337e-09	0.011498697	0.033503827	-1.2657967e-17	-1.4311143e-17	1.6032334e-17	-2.35029e-18	0	-1.2028866e-17
9.90009999999345e-10	1.764307e-08	-1.5176834e-09	0.011433649	0.03350205	-1.26580984e-17	-1.4322947e-17	1.604559e-17	-2.3517558e-18	0	-1.2028986e-17
1.0000099999994308e-09	1.6315097e-08	-3.0353668e-09	0.011362927	0.03350028	-1.26582225e-17	-1.4334228e-17	1.6058218e-17	-2.3531074e-18	0	-1.2029106e-17
1.0100099999995166e-09	1.6315097e-08	-2.2765252e-09	0.011287322	0.033498254	-1.2658344e-17	-1.4344797e-17	1.6070018e-17	-2.3543366e-18	0	-1.2029227e-17
1.0200099999996024e-09	1.4797413e-08	-3.7942085e-09	0.011208096	0.033495855	-1.2658455e-17	-1.4354522e-17	1.6080851e-17	-2.3554388e-18	0	-1.2029346e-17
1.0300099999996882e-09	1.6504806e-08	-4.5530504e-09	0.011125962	0.033492867	-1.26585625e-17	-1.4363244e-17	1.609055e-17	-2.3564086e-18	0	-1.202946e-17
1.040009999999774e-09	1.6125385e-08	-5.6913128e-09	0.0110418545	0.033489205	-1.2658666e-17	-1.4370895e-17	1.6099047e-17	-2.3572457e-18	0	-1.2029574e-17
1.0500099999998598e-09	1.6884227e-08	-6.0707337e-09	0.010956972	0.033484794	-1.2658766e-17	-1.4377438e-17	1.6106307e-17	-2.3579549e-18	0	-1.2029682e-17
1.0600099999999456e-09	1.4797413e-08	-4.9324713e-09	0.010872345	0.033479575	-1.265886e-17	-1.438285e-17	1.6112314e-17	-2.3585399e-18	0	-1.20297844e-17
1.0700000000000313e-09	1.4228282e-08	-4.5530504e-09	0.010788896	0.033473507	-1.26589496e-17	-1.4387106e-17	1.6117042e-17	-2.3590037e-18	0	-1.202988e-17
1.080000000000117e-09	1.309002e-08	-4.1736294e-09	0.010707376	0.03346661	-1.265904e-17	-1.4390236e-17	1.6120524e-17	-2.3593515e-18	0	-1.2029976e-17
1.0900000000002028e-09	1.4417992e-08	-5.6913128e-09	0.010628732	0.033458896	-1.265912e-17	-1.439227e-17	1.61228e-17	-2.3595883e-18	0	-1.2030062e-17
1.1000000000002886e-09	1.4038571e-08	-5.311892e-09	0.010553578	0.033450417	-1.2659201e-17	-1.4393239e-17	1.6123906e-17	-2.3597198e-18	0	-1.20301476e-17
1.1100000000003744e-09	1.4228282e-08	-9.485522e-09	0.010482474	0.033441223	-1.2659275e-17	-1.4393199e-17	1.6123897e-17	-2.3597488e-18	0	-1.20302245e-17
1.1200000000004602e-09	1.4607703e-08	-9.864943e-09	0.010415779	0.03343139	-1.265935e-17	-1.4392221e-17	1.6122857e-17	-2.359683e-18	0	-1.2030302e-17
1.130000000000546e-09	1.2900309e-08	-8.72668e-09	0.010353848	0.033421017	-1.2659426e-17	-1.4390365e-17	1.6120842e-17	-2.3595257e-18	0	-1.2030376e-17
1.1400000000006318e-09	1.17620464e-08	-8.72668e-09	0.010296672	0.033410173	-1.2659489e-17	-1.4387756e-17	1.6117996e-17	-2.359286e-18	0	-1.2030444e-17
1.1500000000007175e-09	1.2710599e-08	-7.208996e-09	0.0102445735	0.03339901	-1.2659559e-17	-1.4384472e-17	1.6114395e-17	-2.3589702e-18	0	-1.2030512e-17
1.1600000000008033e-09	1.0813494e-08	-8.347259e-09	0.01019771	0.033387527	-1.2659628e-17	-1.4380581e-17	1.611012e-17	-2.3585847e-18	0	-1.2030581e-17
1.1700000000008891e-09	1.2141467e-08	-9.485522e-09	0.010155659	0.03337585	-1.2659689e-17	-1.4376192e-17	1.6105286e-17	-2.3581372e-18	0	-1.2030644e-17
1.1800000000009749e-09	1.4228282e-08	-7.588417e-09	0.010118054	0.033364072	-1.2659749e-17	-1.43714e-17	1.6099992e-17	-2.3576337e-18	0	-1.20307076e-17
1.1900000000010607e-09	1.4417992e-08	-8.72668e-09	0.010084751	0.03335223	-1.2659809e-17	-1.4366302e-17	1.6094346e-17	-2.3570836e-18	0	-1.20307704e-17
1.2000000000011465e-09	1.802249e-08	-8.72668e-09	0.010055369	0.0333404	-1.2659869e-17	-1.436099e-17	1.6088451e-17	-2.3564963e-18	0	-1.20308325e-17
1.2100000000012322e-09	1.8401911e-08	-1.0623784e-08	0.010029398	0.03332863	-1.2659927e-17	-1.4355514e-17	1.6082356e-17	-2.355875e-18	0	-1.2030894e-17
1.220000000001318e-09	1.802249e-08	-1.13826255e-08	0.010006452	0.033316933	-1.2659983e-17	-1.4349886e-17	1.6076081e-17	-2.3552225e-18	0	-1.2030955e-17
1.2300000000014038e-09	1.8212202e-08	-1.0623784e-08	0.009986155	0.03330531	-1.2660036e-17	-1.4344159e-17	1.6069682e-17	-2.3545467e-18	0	-1.2031012e-17
1.2400000000014896e-09	1.8781332e-08	-9.106101e-09	0.009968019	0.033293854	-1.2660088e-17	-1.4338397e-17	1.6063232e-17	-2.3538527e-18	0	-1.2031072e-17
1.2500000000015754e-09	1.6504806e-08	-8.72668e-09	0.009951939	0.03328254	-1.2660141e-17	-1.4332636e-17	1.605677e-17	-2.3531446e-18	0	-1.2031132e-17
1.2600000000016612e-09	1.4987124e-08	-1.1003205e-08	0.009937391	0.033271328	-1.2660191e-17	-1.4326854e-17	1.6050277e-17	-2.3524258e-18	0	-1.2031188e-17
1.270000000001747e-09	1.4228282e-08	-9.106101e-09	0.009924077	0.033260226	-1.266024e-17	-1.4321047e-17	1.6043747e-17	-2.3516962e-18	0	-1.2031244e-17
1.2800000000018327e-09	1.6694518e-08	-9.106101e-09	0.009911684	0.033249278	-1.2660287e-17	-1.4315264e-17	1.6037237e-17	-2.3509606e-18	0	-1.2031301e-17
1.2900000000019185e-09	1.4987124e-08	-9.485522e-09	0.009899984	0.033238433	-1.2660335e-17	-1.430951e-17	1.6030754e-17	-2.3502236e-18	0	-1.2031357e-17
1.3000000000020043e-09	1.5556255e-08	-7.588417e-09	0.009888677	0.03322771	-1.266038e-17	-1.430377e-17	1.6024283e-17	-2.3494841e-18	0	-1.203141e-17
1.3100000000020901e-09	1.2520888e-08	-8.347259e-09	0.009877596	0.03321711	-1.2660428e-17	-1.429809e-17	1.6017878e-17	-2.3487485e-18	0	-1.2031465e-17
1.3200000000021759e-09	1.327973e-08	-7.967838e-09	0.009866612	0.033206627	-1.2660471e-17	-1.4292475e-17	1.6011542e-17	-2.3480188e-18	0	-1.2031519e-17
1.3300000000022617e-09	1.4797413e-08	-8.72668e-09	0.0098556485	0.033196244	-1.2660512e-17	-1.428691e-17	1.6005262e-17	-2.3472948e-18	0	-1.203157e-17
1.3400000000023475e-09	1.3469441e-08	-9.864943e-09	0.0098445155	0.033186015	-1.2660552e-17	-1.4281392e-17	1.5999035e-17	-2.3465764e-18	0	-1.2031619e-17
1.3500000000024332e-09	1.4417992e-08	-9.864943e-09	0.009833042	0.033175893	-1.2660593e-17	-1.4275943e-17	1.5992885e-17	-2.345867e-18	0	-1.2031666e-17
1.360000000002519e-09	1.3659151e-08	-1.2141467e-08	0.0098213125	0.033165913	-1.2660632e-17	-1.4270571e-17	1.598682e-17	-2.3451677e-18	0	-1.20317134e-17
1.3700000000026048e-09	1.3659151e-08	-1.2141467e-08	0.009809409	0.033156063	-1.2660669e-17	-1.4265279e-17	1.5980847e-17	-2.344479e-18	0	-1.2031758e-17
1.3800000000026906e-09	1.2710599e-08	-1.17620464e-08	0.009797396	0.033146348	-1.2660708e-17	-1.4260063e-17	1.5974959e-17	-2.3438014e-18	0	-1.2031803e-17
1.3900000000027764e-09	1.4228282e-08	-1.2141467e-08	0.00978545	0.03313677	-1.2660744e-17	-1.4254936e-17	1.5969173e-17	-2.343137e-18	0	-1.2031846e-17
1.4000000000028622e-09	1.2710599e-08	-1.4038571e-08	0.009773639	0.033127338	-1.26607785e-17	-1.4249907e-17	1.5963499e-17	-2.3424864e-18	0	-1.20318855e-17
1.410000000002948e-09	1.2710599e-08	-1.2900309e-08	0.009761962	0.033118043	-1.2660811e-17	-1.4244991e-17	1.5957958e-17	-2.3418521e-18	0	-1.2031926e-17
1.4200000000030337e-09	1.2331178e-08	-1.0623784e-08	0.009750506	0.033108916	-1.2660846e-17	-1.4240195e-17	1.5952547e-17	-2.341234e-18	0	-1.20319665e-17
1.4300000000031195e-09	1.1572336e-08	-1.13826255e-08	0.0097392965	0.033099942	-1.26608786e-17	-1.4235509e-17	1.5947268e-17	-2.3406329e-18	0	-1.2032005e-17
1.4400000000032053e-09	1.2141467e-08	-1.0623784e-08	0.00972839	0.033091087	-1.2660909e-17	-1.4230931e-17	1.5942115e-17	-2.3400487e-18	0	-1.2032043e-17
1.450000000003291e-09	1.0813494e-08	-9.864943e-09	0.009717703	0.033082366	-1.26609414e-17	-1.422646e-17	1.5937079e-17	-2.3394804e-18	0	-1.20320815e-17
1.4600000000033769e-09	1.2141467e-08	-1.0244363e-08	0.009707236	0.033073794	-1.266097e-17	-1.4222092e-17	1.5932169e-17	-2.338927e-18	0	-1.20321196e-17
1.4700000000034627e-09	1.0623784e-08	-7.588417e-09	0.009697129	0.0330654	-1.2661e-17	-1.4217867e-17	1.5927412e-17	-2.3383918e-18	0	-1.2032156e-17
1.4800000000035485e-09	1.0718639e-08	-9.864943e-09	0.009687123	0.0330572	-1.26610275e-17	-1.421378e-17	1.5922818e-17	-2.3378744e-18	0	-1.2032189e-17
1.4900000000036342e-09	9.390666e-09	-9.106101e-09	0.009677226	0.03304915	-1.2661056e-17	-1.4209845e-17	1.5918391e-17	-2.3373758e-18	0	-1.20322254e-17
1.50000000000372e-09	1.13826255e-08	-8.72668e-09	0.009667362	0.033041283	-1.2661083e-17	-1.4206058e-17	1.5914131e-17	-2.3368957e-18	0	-1.2032259e-17
1.5100000000038058e-09	1.0244363e-08	-7.967838e-09	0.009657557	0.0330336	-1.2661109e-17	-1.4202415e-17	1.5910033e-17	-2.336433e-18	0	-1.2032295e-17
1.5200000000038916e-09	1.0718639e-08	-8.347259e-09	0.009647854	0.033026073	-1.2661135e-17	-1.4198913e-17	1.5906093e-17	-2.335988e-18	0	-1.2032326e-17
1.5300000000039774e-09	1.0054652e-08	-9.106101e-09	0.009638117	0.033018697	-1.2661157e-17	-1.419555e-17	1.590231e-17	-2.33556e-18	0	-1.2032359e-17
1.5400000000040632e-09	9.675232e-09	-9.106101e-09	0.009628277	0.033011474	-1.2661182e-17	-1.4192325e-17	1.5898681e-17	-2.3351489e-18	0	-1.203239e-17
1.550000000004149e-09	1.0623784e-08	-7.588417e-09	0.00961844	0.0330044	-1.2661207e-17	-1.4189235e-17	1.5895205e-17	-2.3347551e-18	0	-1.2032424e-17
1.5600000000042347e-09	1.0623784e-08	-7.208996e-09	0.009608604	0.03299749	-1.2661228e-17	-1.4186273e-17	1.5891875e-17	-2.3343773e-18	0	-1.2032454e-17
1.5700000000043205e-09	1.0434073e-08	-8.347259e-09	0.009598912	0.032990694	-1.2661251e-17	-1.4183431e-17	1.5888679e-17	-2.3340133e-18	0	-1.2032484e-17
1.5800000000044063e-09	1.109806e-08	-7.208996e-09	0.009589143	0.03298405	-1.26612715e-17	-1.4180695e-17	1.5885603e-17	-2.3336635e-18	0	-1.2032516e-17
1.590000000004492e-09	1.090835e-08	-5.6913128e-09	0.009579416	0.03297754	-1.2661295e-17	-1.4178061e-17	1.5882637e-17	-2.3333258e-18	0	-1.2032547e-17
1.6000000000045779e-09	1.1572336e-08	-5.311892e-09	0.009569652	0.03297116	-1.2661316e-17	-1.4175531e-17	1.5879793e-17	-2.3330015e-18	0	-1.2032576e-17
1.6100000000046637e-09	1.2615743e-08	-6.8295756e-09	0.009559911	0.032964904	-1.2661335e-17	-1.4173085e-17	1.5877044e-17	-2.3326884e-18	0	-1.2032606e-17
1.6200000000047495e-09	1.2331178e-08	-7.588417e-09	0.009550091	0.03295876	-1.2661353e-17	-1.4170727e-17	1.5874397e-17	-2.3323863e-18	0	-1.2032635e-17
1.6300000000048352e-09	1.35642955e-08	-8.347259e-09	0.009540291	0.032952726	-1.2661373e-17	-1.4168456e-17	1.587184e-17	-2.3320947e-18	0	-1.2032665e-17
1.640000000004921e-09	1.54614e-08	-6.8295756e-09	0.00953057	0.0329468	-1.2661391e-17	-1.416626e-17	1.5869377e-17	-2.331813e-18	0	-1.20326944e-17
1.6500000000050068e-09	1.3374585e-08	-7.967838e-09	0.00952082	0.032940984	-1.266141e-17	-1.4164135e-17	1.5866988e-17	-2.3315403e-18	0	-1.20327226e-17
1.6600000000050926e-09	1.4228282e-08	-8.72668e-09	0.0095111	0.03293527	-1.2661426e-17	-1.416207e-17	1.5864669e-17	-2.331275e-18	0	-1.203275e-17
1.6700000000051784e-09	1.4987124e-08	-1.0623784e-08	0.009501408	0.032929655	-1.2661443e-17	-1.416006e-17	1.5862414e-17	-2.3310175e-18	0	-1.2032778e-17
1.6800000000052642e-09	1.4038571e-08	-9.485522e-09	0.009491739	0.03292414	-1.2661458e-17	-1.4158106e-17	1.5860217e-17	-2.3307663e-18	0	-1.2032804e-17
1.69000000000535e-09	1.3374585e-08	-8.347259e-09	0.009482122	0.032918707	-1.2661475e-17	-1.4156192e-17	1.5858068e-17	-2.3305202e-18	0	-1.2032832e-17
1.7000000000054357e-09	1.1856902e-08	-9.864943e-09	0.009472457	0.032913357	-1.2661489e-17	-1.4154331e-17	1.585598e-17	-2.330281e-18	0	-1.2032857e-17
1.7100000000055215e-09	1.1572336e-08	-1.1003205e-08	0.009462718	0.032908093	-1.2661507e-17	-1.4152516e-17	1.5853942e-17	-2.330048e-18	0	-1.2032887e-17
1.7200000000056073e-09	1.17620464e-08	-1.2900309e-08	0.009453031	0.032902896	-1.2661521e-17	-1.415074e-17	1.585195e-17	-2.3298197e-18	0	-1.2032911e-17
1.730000000005693e-09	1.2331178e-08	-1.2900309e-08	0.009443506	0.03289777	-1.26615345e-17	-1.4149e-17	1.585e-17	-2.3295956e-18	0	-1.203294e-17
1.7400000000057789e-09	1.2331178e-08	-1.2900309e-08	0.009434083	0.032892715	-1.2661549e-17	-1.414729e-17	1.5848077e-17	-2.3293751e-18	0	-1.20329625e-17
1.7500000000058647e-09	1.3469441e-08	-1.327973e-08	0.0094247125	0.03288775	-1.2661564e-17	-1.4145609e-17	1.5846191e-17	-2.3291586e-18	0	-1.2032988e-17
1.7600000000059504e-09	1.2710599e-08	-1.17620464e-08	0.009415386	0.032882832	-1.2661577e-17	-1.4143955e-17	1.5844337e-17	-2.3289456e-18	0	-1.2033014e-17
1.7700000000060362e-09	1.1951757e-08	-1.1003205e-08	0.009406005	0.032878008	-1.2661589e-17	-1.414233e-17	1.5842515e-17	-2.3287363e-18	0	-1.20330386e-17
1.780000000006122e-09	1.5366545e-08	-1.2520888e-08	0.009396727	0.03287323	-1.2661603e-17	-1.4140719e-17	1.5840709e-17	-2.3285291e-18	0	-1.2033064e-17
1.7900000000062078e-09	1.6599662e-08	-1.0623784e-08	0.009387623	0.032868534	-1.26616156e-17	-1.4139124e-17	1.5838919e-17	-2.3283232e-18	0	-1.2033087e-17
1.8000000000062936e-09	1.5745966e-08	-9.864943e-09	0.009378662	0.032863908	-1.2661628e-17	-1.4137546e-17	1.5837147e-17	-2.3281195e-18	0	-1.203311e-17
1.8100000000063794e-09	1.54614e-08	-9.106101e-09	0.009369888	0.032859325	-1.2661637e-17	-1.4135977e-17	1.5835392e-17	-2.327917e-18	0	-1.20331345e-17
1.8200000000064652e-09	1.4797413e-08	-7.588417e-09	0.009361141	0.032854784	-1.26616495e-17	-1.4134424e-17	1.5833646e-17	-2.327716e-18	0	-1.2033157e-17
1.830000000006551e-09	1.3848862e-08	-6.4501546e-09	0.009352562	0.03285033	-1.266166e-17	-1.4132892e-17	1.583193e-17	-2.3275181e-18	0	-1.2033181e-17
1.8400000000066367e-09	1.4797413e-08	-6.8295756e-09	0.009344107	0.032845914	-1.2661674e-17	-1.4131373e-17	1.5830225e-17	-2.3273217e-18	0	-1.2033203e-17
1.8500000000067225e-09	1.4228282e-08	-5.311892e-09	0.00933571	0.032841545	-1.26616834e-17	-1.4129856e-17	1.5828523e-17	-2.3271252e-18	0	-1.2033225e-17
1.8600000000068083e-09	1.4038571e-08	-6.0707337e-09	0.00932742	0.032837223	-1.2661696e-17	-1.4128349e-17	1.582683e-17	-2.32693e-18	0	-1.2033247e-17
1.870000000006742e-09	1.4987124e-08	-6.0707337e-09	0.009319162	0.032832947	-1.2661703e-17	-1.4126845e-17	1.5825145e-17	-2.3267354e-18	0	-1.2033268e-17
1.880000000006621e-09	1.5176834e-08	-6.4501546e-09	0.009310896	0.03282871	-1.2661712e-17	-1.4125343e-17	1.5823462e-17	-2.3265418e-18	0	-1.2033288e-17
1.8900000000065e-09	1.4607703e-08	-9.106101e-09	0.009302633	0.03282453	-1.26617215e-17	-1.4123853e-17	1.582179e-17	-2.3263497e-18	0	-1.2033309e-17
1.900000000006379e-09	1.6220241e-08	-7.588417e-09	0.009294421	0.03282039	-1.2661731e-17	-1.4122369e-17	1.5820125e-17	-2.326158e-18	0	-1.2033328e-17
1.910000000006258e-09	1.4702558e-08	-9.864943e-09	0.009286318	0.0328163	-1.2661741e-17	-1.4120891e-17	1.5818468e-17	-2.3259678e-18	0	-1.20333496e-17
1.920000000006137e-09	1.4797413e-08	-9.106101e-09	0.009278346	0.032812256	-1.2661749e-17	-1.4119425e-17	1.5816823e-17	-2.3257784e-18	0	-1.2033368e-17
1.930000000006016e-09	1.4987124e-08	-1.0623784e-08	0.009270454	0.03280826	-1.2661758e-17	-1.4117961e-17	1.581518e-17	-2.3255893e-18	0	-1.20333885e-17
1.940000000005895e-09	1.4323137e-08	-8.347259e-09	0.009262651	0.032804325	-1.2661765e-17	-1.4116502e-17	1.5813544e-17	-2.3254007e-18	0	-1.2033407e-17
1.950000000005774e-09	1.2710599e-08	-7.588417e-09	0.009255022	0.032800417	-1.2661776e-17	-1.411506e-17	1.5811925e-17	-2.3252146e-18	0	-1.2033426e-17
1.960000000005653e-09	1.0718639e-08	-7.588417e-09	0.009247439	0.032796547	-1.2661781e-17	-1.4113619e-17	1.5810308e-17	-2.3250285e-18	0	-1.2033443e-17
1.9700000000055318e-09	1.1287771e-08	-1.0623784e-08	0.009239919	0.032792706	-1.2661791e-17	-1.4112188e-17	1.5808704e-17	-2.3248438e-18	0	-1.2033462e-17
1.9800000000054108e-09	1.1287771e-08	-1.13826255e-08	0.009232487	0.032788917	-1.2661798e-17	-1.411078e-17	1.5807122e-17	-2.324661e-18	0	-1.2033481e-17
1.9900000000052898e-09	1.1572336e-08	-1.0623784e-08	0.0092250565	0.032785174	-1.2661806e-17	-1.4109379e-17	1.580555e-17	-2.3244786e-18	0	-1.2033497e-17
2.0000000000051688e-09	1.1477481e-08	-1.2520888e-08	0.009217688	0.03278149	-1.2661813e-17	-1.4107994e-17	1.5803997e-17	-2.324299e-18	0	-1.20335175e-17
2.0100000000050478e-09	1.0623784e-08	-9.106101e-09	0.0092104925	0.032777842	-1.266182e-17	-1.4106622e-17	1.5802458e-17	-2.3241209e-18	0	-1.2033535e-17
2.0200000000049267e-09	9.390666e-09	-9.864943e-09	0.009203562	0.032774244	-1.2661826e-17	-1.4105264e-17	1.5800933e-17	-2.3239439e-18	0	-1.2033552e-17
2.0300000000048057e-09	9.106101e-09	-9.106101e-09	0.00919681	0.032770686	-1.2661834e-17	-1.4103916e-17	1.5799421e-17	-2.3237683e-18	0	-1.203357e-17
2.0400000000046847e-09	8.157548e-09	-9.106101e-09	0.00919021	0.032767136	-1.26618406e-17	-1.410259e-17	1.579793e-17	-2.3235948e-18	0	-1.2033585e-17
2.0500000000045637e-09	6.165589e-09	-6.4501546e-09	0.009183866	0.032763664	-1.2661847e-17	-1.4101274e-17	1.5796453e-17	-2.3234227e-18	0	-1.20336035e-17
2.0600000000044427e-09	6.4501546e-09	-5.311892e-09	0.009177722	0.032760225	-1.2661852e-17	-1.4099969e-17	1.5794986e-17	-2.3232515e-18	0	-1.20336176e-17
2.0700000000043217e-09	4.36334e-09	-4.1736294e-09	0.009171698	0.03275684	-1.266186e-17	-1.4098672e-17	1.5793528e-17	-2.3230815e-18	0	-1.2033634e-17
2.0800000000042007e-09	5.5964575e-09	-3.7942085e-09	0.009165767	0.032753464	-1.2661865e-17	-1.4097374e-17	1.5792072e-17	-2.3229111e-18	0	-1.203365e-17
2.0900000000040797e-09	5.8810232e-09	-4.5530504e-09	0.009159934	0.03275015	-1.266187e-17	-1.4096082e-17	1.5790621e-17	-2.3227422e-18	0	-1.2033666e-17
2.1000000000039587e-09	6.3552994e-09	-3.7942085e-09	0.009154182	0.032746863	-1.2661876e-17	-1.4094802e-17	1.5789182e-17	-2.3225747e-18	0	-1.2033681e-17
2.1100000000038377e-09	5.5016023e-09	-3.7942085e-09	0.009148483	0.032743633	-1.266188e-17	-1.4093531e-17	1.5787756e-17	-2.3224086e-18	0	-1.2033697e-17
2.1200000000037166e-09	5.311892e-09	-2.2765252e-09	0.009142815	0.032740418	-1.2661885e-17	-1.4092272e-17	1.5786343e-17	-2.322244e-18	0	-1.2033712e-17
2.1300000000035956e-09	6.4501546e-09	-5.311892e-09	0.009137171	0.032737236	-1.2661889e-17	-1.409103e-17	1.5784949e-17	-2.322082e-18	0	-1.2033728e-17
2.1400000000034746e-09	7.208996e-09	-5.6913128e-09	0.009131668	0.032734104	-1.2661894e-17	-1.4089807e-17	1.5783574e-17	-2.3219212e-18	0	-1.2033741e-17
2.1500000000033536e-09	7.0192856e-09	-1.8971043e-09	0.009126257	0.032731015	-1.2661901e-17	-1.408859e-17	1.5782209e-17	-2.3217624e-18	0	-1.2033757e-17
2.1600000000032326e-09	7.114141e-09	-4.5530504e-09	0.009121034	0.032727934	-1.2661905e-17	-1.4087389e-17	1.5780857e-17	-2.3216046e-18	0	-1.203377e-17
2.1700000000031116e-09	7.3987065e-09	-5.6913128e-09	0.009115913	0.032724902	-1.2661909e-17	-1.4086206e-17	1.5779529e-17	-2.3214495e-18	0	-1.2033783e-17
2.1800000000029906e-09	7.493562e-09	-3.7942085e-09	0.009110917	0.032721918	-1.2661915e-17	-1.408504e-17	1.5778219e-17	-2.3212969e-18	0	-1.2033797e-17
2.1900000000028696e-09	9.2009556e-09	-4.9324713e-09	0.0091060465	0.03271897	-1.2661921e-17	-1.4083883e-17	1.5776917e-17	-2.3211455e-18	0	-1.2033809e-17
2.2000000000027486e-09	1.0244363e-08	-4.5530504e-09	0.009101246	0.032716047	-1.2661922e-17	-1.4082722e-17	1.5775618e-17	-2.3209946e-18	0	-1.20338236e-17
2.2100000000026276e-09	1.0339218e-08	-3.0353668e-09	0.009096483	0.032713156	-1.2661925e-17	-1.4081572e-17	1.5774323e-17	-2.3208448e-18	0	-1.2033835e-17
2.2200000000025065e-09	1.1003205e-08	-5.311892e-09	0.009091753	0.03271031	-1.2661933e-17	-1.4080434e-17	1.5773047e-17	-2.3206968e-18	0	-1.203385e-17
2.2300000000023855e-09	9.864943e-09	-5.311892e-09	0.009086992	0.0327075	-1.2661935e-17	-1.4079306e-17	1.5771783e-17	-2.320551e-18	0	-1.2033862e-17
2.2400000000022645e-09	9.675232e-09	-6.8295756e-09	0.009082234	0.03270472	-1.2661939e-17	-1.4078192e-17	1.5770534e-17	-2.320406e-18	0	-1.2033874e-17
2.2500000000021435e-09	9.675232e-09	-8.347259e-09	0.009077454	0.032701958	-1.2661944e-17	-1.4077089e-17	1.5769295e-17	-2.320263e-18	0	-1.2033888e-17
2.2600000000020225e-09	9.011245e-09	-7.208996e-09	0.009072689	0.032699242	-1.26619465e-17	-1.4076e-17	1.5768076e-17	-2.3201217e-18	0	-1.20339005e-17
2.2700000000019015e-09	9.011245e-09	-8.72668e-09	0.009067954	0.032696545	-1.2661951e-17	-1.4074926e-17	1.576687e-17	-2.3199819e-18	0	-1.2033913e-17
2.2800000000017805e-09	9.390666e-09	-7.208996e-09	0.009063251	0.03269388	-1.2661955e-17	-1.4073874e-17	1.5765689e-17	-2.3198446e-18	0	-1.2033925e-17
2.2900000000016595e-09	8.821535e-09	-8.72668e-09	0.009058683	0.032691274	-1.2661958e-17	-1.4072844e-17	1.5764534e-17	-2.31971e-18	0	-1.2033938e-17
2.3000000000015385e-09	9.295811e-09	-9.106101e-09	0.009054266	0.032688677	-1.2661962e-17	-1.4071831e-17	1.5763396e-17	-2.3195774e-18	0	-1.2033949e-17
2.3100000000014175e-09	7.208996e-09	-9.864943e-09	0.009049977	0.032686137	-1.2661965e-17	-1.4070837e-17	1.5762279e-17	-2.3194465e-18	0	-1.2033959e-17
2.3200000000012965e-09	5.9758785e-09	-9.106101e-09	0.009045794	0.032683622	-1.26619704e-17	-1.4069856e-17	1.5761177e-17	-2.3193172e-18	0	-1.2033973e-17
2.3300000000011754e-09	6.165589e-09	-1.13826255e-08	0.009041692	0.032681122	-1.266197e-17	-1.4068891e-17	1.5760092e-17	-2.3191903e-18	0	-1.2033982e-17
2.3400000000010544e-09	7.588417e-09	-9.106101e-09	0.009037725	0.03267867	-1.2661974e-17	-1.4067935e-17	1.5759022e-17	-2.3190647e-18	0	-1.2033994e-17
2.3500000000009334e-09	9.011245e-09	-9.864943e-09	0.009033844	0.03267624	-1.2661976e-17	-1.4066994e-17	1.5757963e-17	-2.3189407e-18	0	-1.2034004e-17
2.3600000000008124e-09	7.7781275e-09	-1.1003205e-08	0.009030083	0.032673847	-1.2661982e-17	-1.4066056e-17	1.5756906e-17	-2.3188176e-18	0	-1.20340155e-17
2.3700000000006914e-09	5.027326e-09	-9.485522e-09	0.009026337	0.032671493	-1.26619845e-17	-1.4065118e-17	1.5755855e-17	-2.318695e-18	0	-1.2034026e-17
2.3800000000005704e-09	5.5964575e-09	-1.0623784e-08	0.009022601	0.03266916	-1.26619845e-17	-1.4064195e-17	1.575482e-17	-2.3185736e-18	0	-1.2034035e-17
2.3900000000004494e-09	3.983919e-09	-9.106101e-09	0.009018875	0.03266686	-1.2661988e-17	-1.4063276e-17	1.5753789e-17	-2.3184533e-18	0	-1.2034046e-17
2.4000000000003284e-09	4.837616e-09	-7.967838e-09	0.009015197	0.032664597	-1.26619895e-17	-1.4062378e-17	1.575278e-17	-2.318335e-18	0	-1.2034056e-17
2.4100000000002074e-09	4.6479056e-09	-8.72668e-09	0.009011524	0.03266235	-1.2661991e-17	-1.4061485e-17	1.5751777e-17	-2.3182177e-18	0	-1.2034067e-17
2.4200000000000864e-09	5.311892e-09	-7.967838e-09	0.009007858	0.032660134	-1.2661998e-17	-1.4060605e-17	1.5750788e-17	-2.3181021e-18	0	-1.2034078e-17
2.4300099999999652e-09	6.8295756e-09	-7.967838e-09	0.009004209	0.032657936	-1.2661999e-17	-1.4059733e-17	1.5749808e-17	-2.3179873e-18	0	-1.2034088e-17
2.4400099999998442e-09	9.295811e-09	-9.106101e-09	0.009000605	0.03265577	-1.2662e-17	-1.4058866e-17	1.5748836e-17	-2.3178734e-18	0	-1.2034097e-17
2.450009999999723e-09	1.0244363e-08	-6.4501546e-09	0.00899707	0.03265363	-1.2662003e-17	-1.4058014e-17	1.574788e-17	-2.3177615e-18	0	-1.20341064e-17
2.460009999999602e-09	1.1192915e-08	-6.8295756e-09	0.008993588	0.03265151	-1.2662007e-17	-1.4057183e-17	1.5746946e-17	-2.3176517e-18	0	-1.2034116e-17
2.470009999999481e-09	8.91639e-09	-7.967838e-09	0.00899008	0.03264941	-1.2662006e-17	-1.4056366e-17	1.574603e-17	-2.3175444e-18	0	-1.20341255e-17
2.48000999999936e-09	9.2009556e-09	-8.347259e-09	0.008986618	0.03264733	-1.2662009e-17	-1.405556e-17	1.5745125e-17	-2.3174385e-18	0	-1.2034135e-17
2.490009999999239e-09	1.0623784e-08	-8.72668e-09	0.008983223	0.032645267	-1.2662013e-17	-1.4054765e-17	1.5744235e-17	-2.317334e-18	0	-1.2034146e-17
2.500009999999118e-09	1.1003205e-08	-7.967838e-09	0.008979887	0.032643244	-1.2662013e-17	-1.4053972e-17	1.5743345e-17	-2.3172299e-18	0	-1.20341544e-17
2.510009999998997e-09	9.864943e-09	-6.0707337e-09	0.00897664	0.032641236	-1.2662016e-17	-1.4053193e-17	1.5742466e-17	-2.3171269e-18	0	-1.2034166e-17
2.520009999998876e-09	1.0623784e-08	-7.588417e-09	0.008973532	0.03263925	-1.2662019e-17	-1.405242e-17	1.57416e-17	-2.3170251e-18	0	-1.2034174e-17
2.530009999998755e-09	9.864943e-09	-4.9324713e-09	0.008970559	0.032637324	-1.2662022e-17	-1.4051664e-17	1.5740749e-17	-2.3169255e-18	0	-1.20341825e-17
2.540009999998634e-09	8.347259e-09	-6.0707337e-09	0.008967637	0.03263539	-1.2662021e-17	-1.405092e-17	1.5739915e-17	-2.3168268e-18	0	-1.2034189e-17
2.550009999998513e-09	1.0054652e-08	-6.0707337e-09	0.008964818	0.032633487	-1.2662021e-17	-1.405018e-17	1.5739086e-17	-2.3167296e-18	0	-1.20341974e-17
2.560009999998392e-09	7.872983e-09	-5.6913128e-09	0.008962096	0.03263162	-1.26620275e-17	-1.4049456e-17	1.5738271e-17	-2.3166332e-18	0	-1.2034207e-17
2.570009999998271e-09	5.8810232e-09	-7.588417e-09	0.008959323	0.032629784	-1.2662026e-17	-1.4048738e-17	1.5737465e-17	-2.3165385e-18	0	-1.2034214e-17
2.58000999999815e-09	3.983919e-09	-8.347259e-09	0.00895651	0.03262796	-1.26620275e-17	-1.4048032e-17	1.5736673e-17	-2.3164453e-18	0	-1.2034222e-17
2.590009999998029e-09	4.2684847e-09	-1.2141467e-08	0.008953781	0.03262616	-1.2662032e-17	-1.4047332e-17	1.5735884e-17	-2.3163524e-18	0	-1.20342305e-17
2.600009999997908e-09	4.36334e-09	-9.864943e-09	0.008951113	0.032624397	-1.26620325e-17	-1.4046642e-17	1.5735111e-17	-2.3162614e-18	0	-1.203424e-17
2.610009999997787e-09	4.1736294e-09	-8.347259e-09	0.00894852	0.032622658	-1.2662034e-17	-1.404596e-17	1.5734343e-17	-2.3161704e-18	0	-1.2034247e-17
2.620009999997666e-09	4.5530504e-09	-5.6913128e-09	0.008945933	0.03262096	-1.2662036e-17	-1.4045284e-17	1.5733582e-17	-2.3160807e-18	0	-1.2034254e-17
2.630009999997545e-09	5.6913128e-09	-7.588417e-09	0.008943285	0.032619257	-1.2662038e-17	-1.4044612e-17	1.5732828e-17	-2.3159907e-18	0	-1.2034263e-17
2.640009999997424e-09	3.4147878e-09	-6.4501546e-09	0.008940564	0.03261758	-1.266204e-17	-1.404394e-17	1.5732072e-17	-2.315902e-18	0	-1.2034269e-17
2.650009999997303e-09	4.6479056e-09	-6.0707337e-09	0.008937763	0.03261591	-1.2662039e-17	-1.4043282e-17	1.5731336e-17	-2.3158141e-18	0	-1.2034276e-17
2.660009999997182e-09	3.6993533e-09	-7.967838e-09	0.008934879	0.032614272	-1.2662041e-17	-1.4042643e-17	1.5730614e-17	-2.3157291e-18	0	-1.20342835e-17
2.670009999997061e-09	4.1736294e-09	-6.4501546e-09	0.008932	0.03261265	-1.2662044e-17	-1.4042016e-17	1.572991e-17	-2.3156456e-18	0	-1.2034292e-17
2.68000999999694e-09	4.5530504e-09	-7.208996e-09	0.008929112	0.032611046	-1.2662045e-17	-1.40414e-17	1.5729223e-17	-2.3155645e-18	0	-1.20343e-17
2.690009999996819e-09	4.078774e-09	-6.8295756e-09	0.008926246	0.032609463	-1.2662045e-17	-1.4040802e-17	1.5728548e-17	-2.315484e-18	0	-1.20343075e-17
2.700009999996698e-09	3.983919e-09	-8.347259e-09	0.008923498	0.032607894	-1.2662044e-17	-1.4040208e-17	1.5727881e-17	-2.315405e-18	0	-1.2034313e-17
2.710009999996577e-09	6.7347203e-09	-6.0707337e-09	0.008920784	0.032606337	-1.2662048e-17	-1.4039619e-17	1.5727218e-17	-2.3153265e-18	0	-1.2034321e-17
2.720009999996456e-09	6.0707337e-09	-6.8295756e-09	0.008918117	0.0326048	-1.2662048e-17	-1.4039037e-17	1.5726565e-17	-2.3152492e-18	0	-1.2034327e-17
2.730009999996335e-09	4.9324713e-09	-6.4501546e-09	0.00891546	0.032603275	-1.2662049e-17	-1.4038461e-17	1.5725918e-17	-2.3151724e-18	0	-1.2034335e-17
2.740009999996214e-09	5.406747e-09	-4.9324713e-09	0.0089129135	0.03260177	-1.2662053e-17	-1.4037889e-17	1.5725276e-17	-2.3150966e-18	0	-1.2034342e-17
2.750009999996093e-09	7.0192856e-09	-6.8295756e-09	0.008910477	0.032600276	-1.26620515e-17	-1.4037321e-17	1.5724636e-17	-2.3150213e-18	0	-1.2034346e-17
2.760009999995972e-09	6.165589e-09	-6.8295756e-09	0.008908124	0.03259882	-1.2662055e-17	-1.403676e-17	1.5724005e-17	-2.3149468e-18	0	-1.2034353e-17
2.770009999995851e-09	6.924431e-09	-3.0353668e-09	0.008905853	0.032597378	-1.2662054e-17	-1.4036206e-17	1.5723385e-17	-2.3148736e-18	0	-1.20343596e-17
2.78000999999573e-09	5.786168e-09	-4.9324713e-09	0.00890369	0.032595962	-1.2662056e-17	-1.403566e-17	1.5722771e-17	-2.3148013e-18	0	-1.2034365e-17
2.790009999995609e-09	7.0192856e-09	-4.5530504e-09	0.008901608	0.03259454	-1.2662057e-17	-1.4035123e-17	1.5722166e-17	-2.31473e-18	0	-1.2034372e-17
2.800009999995488e-09	5.5016023e-09	-3.4147878e-09	0.008899571	0.032593157	-1.2662057e-17	-1.4034585e-17	1.5721565e-17	-2.3146588e-18	0	-1.2034377e-17
2.810009999995367e-09	5.786168e-09	-5.6913128e-09	0.00889754	0.032591783	-1.266206e-17	-1.403405e-17	1.5720961e-17	-2.3145878e-18	0	-1.20343836e-17
2.820009999995246e-09	5.8810232e-09	-5.311892e-09	0.008895496	0.03259043	-1.2662059e-17	-1.4033523e-17	1.572037e-17	-2.3145184e-18	0	-1.2034389e-17
2.830009999995125e-09	2.2765252e-09	-6.0707337e-09	0.008893391	0.03258911	-1.26620614e-17	-1.4032998e-17	1.5719782e-17	-2.3144489e-18	0	-1.2034396e-17
2.840009999995004e-09	3.0353668e-09	-5.6913128e-09	0.00889122	0.032587793	-1.2662062e-17	-1.4032476e-17	1.5719196e-17	-2.3143802e-18	0	-1.20344026e-17
2.850009999994883e-09	3.6993533e-09	-7.588417e-09	0.008889034	0.032586507	-1.2662062e-17	-1.4031963e-17	1.571862e-17	-2.3143128e-18	0	-1.2034407e-17
2.860009999994762e-09	2.2765252e-09	-7.588417e-09	0.008886837	0.032585222	-1.2662061e-17	-1.4031455e-17	1.571805e-17	-2.3142456e-18	0	-1.2034412e-17
2.870009999994641e-09	4.078774e-09	-8.347259e-09	0.008884637	0.032583963	-1.26620614e-17	-1.4030952e-17	1.5717487e-17	-2.3141788e-18	0	-1.2034417e-17
2.8800099999945198e-09	2.9405116e-09	-7.588417e-09	0.008882477	0.032582726	-1.2662063e-17	-1.4030464e-17	1.5716938e-17	-2.3141143e-18	0	-1.20344224e-17
2.8900099999943988e-09	2.8456564e-09	-7.588417e-09	0.0088803675	0.032581516	-1.2662066e-17	-1.4029984e-17	1.5716399e-17	-2.3140508e-18	0	-1.2034429e-17
2.9000099999942778e-09	8.5369695e-10	-1.13826255e-08	0.008878309	0.0325803	-1.2662066e-17	-1.4029511e-17	1.5715866e-17	-2.3139881e-18	0	-1.2034434e-17
2.9100099999941568e-09	3.604498e-09	-1.0623784e-08	0.008876281	0.03257911	-1.2662067e-17	-1.4029046e-17	1.5715345e-17	-2.3139263e-18	0	-1.2034439e-17
2.9200099999940357e-09	3.6993533e-09	-1.0623784e-08	0.008874298	0.032577917	-1.2662066e-17	-1.4028588e-17	1.5714829e-17	-2.3138657e-18	0	-1.2034442e-17
2.9300099999939147e-09	4.742761e-09	-9.864943e-09	0.008872337	0.032576744	-1.26620705e-17	-1.4028138e-17	1.5714324e-17	-2.3138057e-18	0	-1.203445e-17
2.9400099999937937e-09	5.027326e-09	-9.864943e-09	0.008870342	0.03257559	-1.2662069e-17	-1.4027688e-17	1.571382e-17	-2.3137466e-18	0	-1.2034454e-17
2.9500099999936727e-09	2.8456564e-09	-6.8295756e-09	0.008868359	0.032574434	-1.2662068e-17	-1.4027246e-17	1.5713323e-17	-2.3136879e-18	0	-1.2034458e-17
2.9600099999935517e-09	5.6913128e-09	-9.485522e-09	0.00886634	0.032573294	-1.2662072e-17	-1.4026806e-17	1.5712828e-17	-2.31363e-18	0	-1.2034464e-17
2.9700099999934307e-09	5.311892e-09	-9.864943e-09	0.0088642975	0.03257216	-1.2662071e-17	-1.4026368e-17	1.5712337e-17	-2.3135723e-18	0	-1.2034469e-17
2.9800099999933097e-09	4.1736294e-09	-1.0244363e-08	0.008862265	0.03257104	-1.2662069e-17	-1.4025934e-17	1.5711852e-17	-2.313515e-18	0	-1.2034474e-17
2.9900099999931887e-09	9.106101e-09	-6.8295756e-09	0.008860297	0.032569934	-1.2662072e-17	-1.402551e-17	1.5711376e-17	-2.3134594e-18	0	-1.2034478e-17
3.0000099999930677e-09	7.208996e-09	-9.106101e-09	0.008858408	0.032568835	-1.2662072e-17	-1.4025084e-17	1.5710898e-17	-2.313403e-18	0	-1.2034483e-17
