# t (s)	mx ()	my ()	mz ()	spinAngle (rad)	E_total (J)	E_anis (J)	E_demag (J)	E_exch (J)	E_therm (J)	E_custom (J)
0	0	0	0	0.009490227	-6.0715078e-18	-8.0432005e-17	8.117729e-17	5.248001e-18	0	-1.2064801e-17
1.0000000000000124e-11	2.18167e-09	0	0.0029142685	0.02315284	-1.5157496e-17	-7.4922605e-17	7.614697e-17	-4.5870556e-18	0	-1.1794809e-17
2.0009999999999403e-11	7.872983e-09	-1.8971043e-09	0.009054815	0.029641768	-1.7037024e-17	-6.886836e-17	7.019272e-17	-6.8386963e-18	0	-1.1522687e-17
3.000999999999824e-11	1.3943716e-08	-4.5530504e-09	0.016690595	0.03764431	-1.8948168e-17	-6.341602e-17	6.4451855e-17	-8.7995134e-18	0	-1.11844886e-17
4.000000000000001e-11	2.0109304e-08	-5.311892e-09	0.02244974	0.04493281	-2.1338007e-17	-6.0245126e-17	6.08919e-17	-1.1027516e-17	0	-1.0957271e-17
5.0000000000001785e-11	2.618004e-08	-8.347259e-09	0.024414826	0.050139837	-2.3841215e-17	-5.8014795e-17	5.857501e-17	-1.3481324e-17	0	-1.0920105e-17
6.00000000000024e-11	3.4527297e-08	-1.0232506e-08	0.023196079	0.054240067	-2.6126617e-17	-5.5241183e-17	5.5885977e-17	-1.5788309e-17	0	-1.0983105e-17
7.000999999999771e-11	4.3917964e-08	-1.4417992e-08	0.020233065	0.057679556	-2.811979e-17	-5.164245e-17	5.2404813e-17	-1.7815876e-17	0	-1.1066277e-17
8.000999999999302e-11	5.6154285e-08	-1.783278e-08	0.016689155	0.060589563	-2.987615e-17	-4.754804e-17	4.838377e-17	-1.9618314e-17	0	-1.1093566e-17
9.000999999998834e-11	6.952887e-08	-2.3144672e-08	0.01365201	0.06395561	-3.1536506e-17	-4.284492e-17	4.3625373e-17	-2.1231779e-17	0	-1.10851764e-17
1.0000999999998365e-10	7.915668e-08	-2.5041777e-08	0.01157093	0.06858033	-3.3232722e-17	-3.8155036e-17	3.8684435e-17	-2.2638789e-17	0	-1.1123331e-17
1.1000999999997896e-10	7.431906e-08	-2.3524093e-08	0.008358709	0.073596716	-3.4942303e-17	-3.608624e-17	3.632892e-17	-2.393945e-17	0	-1.12455345e-17
1.2000999999997891e-10	6.296015e-08	-1.9729885e-08	0.00281289	0.0776255	-3.648552e-17	-3.7501927e-17	3.7642108e-17	-2.5213079e-17	0	-1.1412623e-17
1.3000999999998715e-10	5.5371732e-08	-1.5935676e-08	-0.003525129	0.08039026	-3.777236e-17	-4.059887e-17	4.0772662e-17	-2.6389975e-17	0	-1.1556177e-17
1.400099999999954e-10	5.0723827e-08	-1.3659151e-08	-0.0085179955	0.082249984	-3.879654e-17	-4.3211723e-17	4.3449098e-17	-2.734702e-17	0	-1.1686896e-17
1.5000000000000362e-10	4.968042e-08	-9.864943e-09	-0.0099085225	0.083777755	-3.9517773e-17	-4.452711e-17	4.483379e-17	-2.8005715e-17	0	-1.1818738e-17
1.6000000000001186e-10	4.7830742e-08	-6.8295756e-09	-0.0075043812	0.0851914	-3.995466e-17	-4.500313e-17	4.5391814e-17	-2.8421003e-17	0	-1.1922344e-17
1.700000000000201e-10	4.6905903e-08	-9.106101e-09	-0.0038676409	0.08662606	-4.0198797e-17	-4.5158122e-17	4.5636967e-17	-2.8694697e-17	0	-1.1982946e-17
1.8000000000002833e-10	4.719047e-08	-1.13826255e-08	-0.0013634913	0.08791179	-4.033721e-17	-4.5177478e-17	4.5743134e-17	-2.8890285e-17	0	-1.20125774e-17
1.9000000000003657e-10	4.939585e-08	-1.2141467e-08	-0.00038706732	0.0888716	-4.0423096e-17	-4.5091637e-17	4.57279e-17	-2.9033245e-17	0	-1.2026114e-17
2.000000000000448e-10	5.6770844e-08	-1.4417992e-08	-0.00019608565	0.089476794	-4.048474e-17	-4.4909895e-17	4.5595168e-17	-2.9138337e-17	0	-1.2031679e-17
2.1000000000005304e-10	6.694407e-08	-1.8212202e-08	-0.00014129709	0.08980053	-4.053607e-17	-4.464828e-17	4.536377e-17	-2.921907e-17	0	-1.2032488e-17
2.2000000000006128e-10	7.842155e-08	-1.8401911e-08	-3.573727e-05	0.08992375	-4.05835e-17	-4.4330065e-17	4.506289e-17	-2.9285532e-17	0	-1.20307845e-17
2.3000000000006952e-10	9.409637e-08	-2.3713804e-08	7.1610564e-05	0.08994097	-4.062953e-17	-4.3984952e-17	4.4727485e-17	-2.934314e-17	0	-1.2028928e-17
2.4000000000005925e-10	1.0946292e-07	-2.5895472e-08	0.00014279789	0.08994393	-4.067486e-17	-4.3639538e-17	4.438754e-17	-2.9395024e-17	0	-1.2027846e-17
2.5000000000004163e-10	1.2807826e-07	-3.2547195e-08	0.00020214461	0.08999003	-4.072002e-17	-4.3306455e-17	4.405744e-17	-2.944396e-17	0	-1.2027044e-17
2.60000000000024e-10	1.4934953e-07	-3.7040962e-08	0.00027532977	0.09011813	-4.0765972e-17	-4.298456e-17	4.373654e-17	-2.9491927e-17	0	-1.202602e-17
2.700000000000064e-10	1.7405932e-07	-4.2684846e-08	0.00034706137	0.09038812	-4.0814226e-17	-4.2668454e-17	4.341876e-17	-2.9540267e-17	0	-1.2024261e-17
2.800099999999888e-10	2.0242102e-07	-5.0083553e-08	0.00037908676	0.0908527	-4.0867146e-17	-4.23591e-17	4.310339e-17	-2.959052e-17	0	-1.20209146e-17
2.9000999999997117e-10	2.2919392e-07	-5.349834e-08	0.00034941352	0.09152146	-4.0927686e-17	-4.2071885e-17	4.2803798e-17	-2.9644436e-17	0	-1.2015163e-17
3.0000999999995355e-10	2.5345312e-07	-5.6154285e-08	0.00027158955	0.09238736	-4.099911e-17	-4.1828065e-17	4.2539765e-17	-2.9704208e-17	0	-1.2006602e-17
3.1000999999993594e-10	2.73349e-07	-5.4257182e-08	0.00018562435	0.09342747	-4.1084003e-17	-4.1637916e-17	4.2321753e-17	-2.977235e-17	0	-1.1995482e-17
3.2000999999991833e-10	2.867473e-07	-5.4636605e-08	0.0001317574	0.094609946	-4.1183556e-17	-4.1493156e-17	4.2143668e-17	-2.9851433e-17	0	-1.1982633e-17
3.300099999999007e-10	2.9912593e-07	-4.856587e-08	0.00012735071	0.095902495	-4.1297568e-17	-4.137572e-17	4.1990636e-17	-2.994347e-17	0	-1.1969014e-17
3.400099999998831e-10	3.148956e-07	-3.3389036e-08	0.00016456147	0.0972758	-4.1424768e-17	-4.1267015e-17	4.1846617e-17	-3.004926e-17	0	-1.1955104e-17
3.500099999998655e-10	3.3659373e-07	-1.6694518e-08	0.00022608892	0.09871674	-4.1563645e-17	-4.115132e-17	4.169657e-17	-3.01684e-17	0	-1.1940498e-17
3.600099999998479e-10	3.6303462e-07	1.3659151e-08	0.00029863496	0.100218944	-4.1713435e-17	-4.101751e-17	4.1527865e-17	-3.0299884e-17	0	-1.19239094e-17
3.7000999999983027e-10	3.96311e-07	5.1601237e-08	0.0003674767	0.10178596	-4.1874917e-17	-4.0862537e-17	4.1334083e-17	-3.0442923e-17	0	-1.19035385e-17
3.8000999999981266e-10	4.2203456e-07	1.0016711e-07	0.00039637377	0.103406824	-4.205089e-17	-4.069804e-17	4.112212e-17	-3.0597378e-17	0	-1.1877592e-17
3.9000999999979505e-10	4.0736165e-07	1.6087444e-07	0.00032262306	0.1050505	-4.2245623e-17	-4.0557033e-17	4.0921015e-17	-3.0765094e-17	0	-1.1844507e-17
4.0000999999977743e-10	3.1269022e-07	2.3068787e-07	0.00012407366	0.106633045	-4.2461153e-17	-4.0481825e-17	4.0776315e-17	-3.0952963e-17	0	-1.18026795e-17
4.100099999997598e-10	1.47405e-07	3.1719583e-07	-6.19913e-05	0.10805533	-4.2692403e-17	-4.048329e-17	4.0712013e-17	-3.1170918e-17	0	-1.1750203e-17
4.200099999997422e-10	-2.4958778e-08	4.0825685e-07	3.1084433e-05	0.109254554	-4.2929142e-17	-4.0526824e-17	4.0704416e-17	-3.142086e-17	0	-1.1685883e-17
4.300099999997246e-10	-1.5339273e-07	4.8717635e-07	0.0005973093	0.11024292	-4.3163333e-17	-4.057514e-17	4.0716894e-17	-3.1695477e-17	0	-1.1609612e-17
4.40009999999707e-10	-2.153569e-07	5.509191e-07	0.0016506605	0.11108587	-4.3391384e-17	-4.0622966e-17	4.07401e-17	-3.198755e-17	0	-1.1520969e-17
4.5000999999968937e-10	-2.0402764e-07	5.767197e-07	0.0030860195	0.11187906	-4.3611116e-17	-4.0687244e-17	4.078756e-17	-3.2291467e-17	0	-1.141997e-17
4.6000999999967176e-10	-1.2836281e-07	5.569898e-07	0.0047674156	0.11268514	-4.3819413e-17	-4.0781185e-17	4.0870597e-17	-3.2599605e-17	0	-1.13092175e-17
4.700099999996541e-10	-1.7737925e-08	4.826233e-07	0.0065299845	0.1135264	-4.401308e-17	-4.0903466e-17	4.0986078e-17	-3.2900682e-17	0	-1.1195011e-17
4.800099999996365e-10	1.01898216e-07	3.490672e-07	0.008113302	0.11445936	-4.4190867e-17	-4.1044348e-17	4.1121378e-17	-3.3181583e-17	0	-1.1086314e-17
4.900099999996189e-10	2.1503676e-07	1.9426348e-07	0.009134501	0.11553271	-4.435383e-17	-4.119159e-17	4.126229e-17	-3.3433267e-17	0	-1.09912674e-17
5.000099999996013e-10	3.1328307e-07	4.856587e-08	0.009186588	0.116705574	-4.4504742e-17	-4.132719e-17	4.139264e-17	-3.3656722e-17	0	-1.0913468e-17
5.100099999995837e-10	3.810808e-07	-6.0707336e-08	0.008064369	0.117947385	-4.464713e-17	-4.1435462e-17	4.149993e-17	-3.3859656e-17	0	-1.0851944e-17
5.200099999995661e-10	4.1081793e-07	-1.5176835e-07	0.005978346	0.11926057	-4.4784892e-17	-4.151936e-17	4.1586648e-17	-3.4047303e-17	0	-1.0804872e-17
5.300099999995485e-10	4.0313466e-07	-2.4890008e-07	0.0035412281	0.12066859	-4.4921853e-17	-4.1592034e-17	4.1662775e-17	-3.422033e-17	0	-1.0772269e-17
5.400099999995309e-10	3.4569982e-07	-3.763855e-07	0.0015000312	0.12220449	-4.5060935e-17	-4.1656677e-17	4.173018e-17	-3.437863e-17	0	-1.07558105e-17
5.500099999995133e-10	2.4586473e-07	-5.0994163e-07	0.0003521921	0.123875044	-4.5203786e-17	-4.1704054e-17	4.1780714e-17	-3.452266e-17	0	-1.075779e-17
5.600099999994956e-10	1.2371491e-07	-6.1048814e-07	8.4791835e-05	0.12565038	-4.5350753e-17	-4.172751e-17	4.18087e-17	-3.4652154e-17	0	-1.0779787e-17
5.70009999999478e-10	1.0955777e-08	-6.3552994e-07	0.00029307036	0.12747277	-4.5500403e-17	-4.173015e-17	4.18167e-17	-3.476598e-17	0	-1.08209725e-17
5.800099999994604e-10	-8.109232e-08	-5.714078e-07	0.0005631135	0.12927952	-4.5649607e-17	-4.1719906e-17	4.1811356e-17	-3.4863254e-17	0	-1.0877806e-17
5.900099999994428e-10	-1.5475035e-07	-4.382311e-07	0.0007062481	0.13099359	-4.5793973e-17	-4.1703892e-17	4.179887e-17	-3.494369e-17	0	-1.0945263e-17
6.000099999994252e-10	-2.1024658e-07	-2.564885e-07	0.0007221242	0.13254718	-4.5928595e-17	-4.168519e-17	4.1781968e-17	-3.500707e-17	0	-1.1018298e-17
6.100099999994076e-10	-2.2181298e-07	-5.0083553e-08	0.0007006044	0.13390476	-4.604899e-17	-4.1664866e-17	4.176193e-17	-3.5052953e-17	0	-1.1093101e-17
6.2000999999939e-10	-1.592619e-07	1.5518313e-07	0.0007509266	0.13504712	-4.615204e-17	-4.1643515e-17	4.173979e-17	-3.5081008e-17	0	-1.1167301e-17
6.300099999993724e-10	-2.8148285e-08	3.1188395e-07	0.0008999045	0.13593505	-4.623695e-17	-4.1618974e-17	4.1713818e-17	-3.5092823e-17	0	-1.12389774e-17
6.400099999993547e-10	1.2518517e-07	3.7942087e-07	0.0010440482	0.13657375	-4.63059e-17	-4.1586876e-17	4.167993e-17	-3.509315e-17	0	-1.1305798e-17
6.500099999993371e-10	2.4827168e-07	3.6614114e-07	0.0010602439	0.13698426	-4.636328e-17	-4.1544835e-17	4.1635835e-17	-3.5088896e-17	0	-1.1365395e-17
6.600099999993195e-10	3.1897437e-07	3.111251e-07	0.00094707694	0.13717455	-4.64141e-17	-4.1494e-17	4.158279e-17	-3.508643e-17	0	-1.1416459e-17
6.700099999993019e-10	3.5652516e-07	2.6142098e-07	0.0008144229	0.1371705	-4.646261e-17	-4.143677e-17	4.152328e-17	-3.5089567e-17	0	-1.14595484e-17
6.800099999992843e-10	3.8952294e-07	2.3675861e-07	0.0007531925	0.13701972	-4.6511903e-17	-4.137452e-17	4.1458802e-17	-3.5099e-17	0	-1.1497185e-17
6.900099999992667e-10	4.4405283e-07	2.3865573e-07	0.0007577958	0.13676138	-4.6564174e-17	-4.1307322e-17	4.138954e-17	-3.5112656e-17	0	-1.1533736e-17
7.000099999992491e-10	5.3558813e-07	2.564885e-07	0.0007718585	0.13641766	-4.6620965e-17	-4.1234755e-17	4.131525e-17	-3.5126592e-17	0	-1.1574868e-17
7.100099999992315e-10	6.173652e-07	2.9898362e-07	0.0007702264	0.1360212	-4.668302e-17	-4.1157238e-17	4.1236545e-17	-3.5136786e-17	0	-1.162554e-17
7.200099999992138e-10	6.142942e-07	3.7259127e-07	0.0007848062	0.13559899	-4.6749353e-17	-4.107876e-17	4.1157493e-17	-3.5142173e-17	0	-1.1685916e-17
7.300099999991962e-10	4.5992923e-07	4.9969725e-07	0.00086310995	0.1351994	-4.6816533e-17	-4.1009438e-17	4.1087798e-17	-3.514711e-17	0	-1.1747787e-17
7.400099999991786e-10	1.9189802e-07	6.68919e-07	0.000992357	0.13484655	-4.6879412e-17	-4.0961094e-17	4.1038624e-17	-3.5159735e-17	0	-1.17972036e-17
7.50009999999161e-10	-6.220131e-08	8.1271946e-07	0.0010711312	0.13451554	-4.693343e-17	-4.0937665e-17	4.1013878e-17	-3.5185163e-17	0	-1.1824479e-17
7.600099999991434e-10	-1.8480166e-07	8.4990273e-07	0.0010089832	0.13424252	-4.697673e-17	-4.093366e-17	4.1008567e-17	-3.5220824e-17	0	-1.1830808e-17
7.700099999991258e-10	-1.6810715e-07	7.4821793e-07	0.0008394635	0.13405906	-4.700987e-17	-4.0939928e-17	4.1013795e-17	-3.5259404e-17	0	-1.1824332e-17
7.800099999991082e-10	-8.72668e-08	5.2891266e-07	0.0006849611	0.13390408	-4.7034694e-17	-4.0948686e-17	4.1021736e-17	-3.5294437e-17	0	-1.18133055e-17
7.900099999990906e-10	-3.4005595e-08	2.6597402e-07	0.00063121575	0.13377793	-4.7053256e-17	-4.0955128e-17	4.1027444e-17	-3.5322472e-17	0	-1.18031055e-17
8.00009999999073e-10	-3.43613e-08	3.7942087e-08	0.0006652963	0.13369344	-4.706745e-17	-4.095746e-17	4.1029002e-17	-3.5343012e-17	0	-1.17959785e-17
8.100099999990553e-10	-7.5789316e-08	-1.1799989e-07	0.00072050304	0.13367383	-4.7078736e-17	-4.095635e-17	4.1027067e-17	-3.5357627e-17	0	-1.1791827e-17
8.200099999990377e-10	-1.3087649e-07	-2.0678436e-07	0.0007522838	0.13372058	-4.7088153e-17	-4.0953126e-17	4.102303e-17	-3.5368572e-17	0	-1.1789483e-17
8.300099999990201e-10	-1.781618e-07	-2.420705e-07	0.0007636433	0.13380636	-4.7096223e-17	-4.0948458e-17	4.1017617e-17	-3.5377585e-17	0	-1.1787794e-17
8.400099999990025e-10	-2.2905162e-07	-2.492795e-07	0.0007780863	0.13391525	-4.7103178e-17	-4.0942532e-17	4.101102e-17	-3.5385536e-17	0	-1.1786129e-17
8.500099999989849e-10	-2.760168e-07	-2.3334383e-07	0.00080751337	0.1340323	-4.7109097e-17	-4.0935534e-17	4.100342e-17	-3.539256e-17	0	-1.17844195e-17
8.600099999989673e-10	-3.16105e-07	-2.1247568e-07	0.00084571465	0.13414791	-4.7114093e-17	-4.0927954e-17	4.0995263e-17	-3.539845e-17	0	-1.1782953e-17
8.700099999989497e-10	-3.3868054e-07	-1.9160753e-07	0.00088015234	0.13425714	-4.7118266e-17	-4.0920397e-17	4.098718e-17	-3.5402903e-17	0	-1.1782138e-17
8.800099999989321e-10	-3.4081478e-07	-1.802249e-07	0.0009032673	0.13435611	-4.7121684e-17	-4.0913253e-17	4.0979563e-17	-3.540574e-17	0	-1.1782256e-17
8.900099999989144e-10	-3.4147877e-07	-1.6941141e-07	0.0009157829	0.13444331	-4.712449e-17	-4.0906473e-17	4.0972373e-17	-3.5407023e-17	0	-1.1783362e-17
9.000099999988968e-10	-3.390481e-07	-1.5954647e-07	0.00092307385	0.13451779	-4.712676e-17	-4.0899628e-17	4.0965203e-17	-3.5407053e-17	0	-1.1785284e-17
9.100099999988792e-10	-3.2559052e-07	-1.5366544e-07	0.00093009067	0.1345789	-4.712863e-17	-4.089217e-17	4.0957497e-17	-3.540623e-17	0	-1.1787717e-17
9.200099999988616e-10	-3.0057245e-07	-1.5745965e-07	0.0009383053	0.1346248	-4.7130177e-17	-4.0883666e-17	4.0948832e-17	-3.5404988e-17	0	-1.1790352e-17
9.30009999998844e-10	-2.688671e-07	-1.5935676e-07	0.0009460066	0.1346551	-4.7131527e-17	-4.0874028e-17	4.0939098e-17	-3.5403648e-17	0	-1.1792947e-17
9.400099999989161e-10	-2.3285769e-07	-1.6277154e-07	0.0009510774	0.13466978	-4.7132735e-17	-4.086351e-17	4.092855e-17	-3.5402434e-17	0	-1.1795342e-17
9.50009999999002e-10	-2.0035793e-07	-1.6049502e-07	0.0009532097	0.13467084	-4.7133817e-17	-4.085256e-17	4.091764e-17	-3.5401457e-17	0	-1.1797438e-17
9.600099999990877e-10	-1.631984e-07	-1.6220241e-07	0.0009539902	0.134662	-4.713481e-17	-4.0841725e-17	4.0906887e-17	-3.5400786e-17	0	-1.17991855e-17
9.700099999991735e-10	-1.2816125e-07	-1.6220241e-07	0.0009556495	0.13464701	-4.7135723e-17	-4.0831432e-17	4.0896713e-17	-3.540045e-17	0	-1.18005545e-17
9.800099999992593e-10	-1.0124608e-07	-1.6315097e-07	0.00095984363	0.13462941	-4.7136533e-17	-4.0821992e-17	4.088743e-17	-3.5400435e-17	0	-1.1801532e-17
9.90009999999345e-10	-7.626359e-08	-1.639098e-07	0.0009669138	0.1346126	-4.7137258e-17	-4.081359e-17	4.08792e-17	-3.5400733e-17	0	-1.18021336e-17
1.0000099999994308e-09	-5.5940863e-08	-1.637201e-07	0.0009761809	0.13459896	-4.7137936e-17	-4.0806282e-17	4.087206e-17	-3.5401322e-17	0	-1.1802384e-17
1.0100099999995166e-09	-3.915149e-08	-1.5878763e-07	0.0009863252	0.13458987	-4.713856e-17	-4.0800042e-17	4.0865968e-17	-3.540216e-17	0	-1.1802337e-17
1.0200099999996024e-09	-3.1183653e-08	-1.4645644e-07	0.0009960607	0.13458629	-4.7139177e-17	-4.0794738e-17	4.0860816e-17	-3.5403198e-17	0	-1.1802052e-17
1.0300099999996882e-09	-2.2302832e-08	-1.3507382e-07	0.0010044532	0.1345889	-4.7139796e-17	-4.0790258e-17	4.0856452e-17	-3.540439e-17	0	-1.1801599e-17
1.040009999999774e-09	-1.2710599e-08	-1.3052077e-07	0.0010114077	0.134598	-4.714042e-17	-4.0786397e-17	4.0852707e-17	-3.540568e-17	0	-1.1801049e-17
1.0500099999998598e-09	-7.1734254e-09	-1.1999184e-07	0.0010172997	0.13461338	-4.7141096e-17	-4.078299e-17	4.084939e-17	-3.540703e-17	0	-1.1800469e-17
1.0600099999999456e-09	-6.0825904e-09	-1.0804009e-07	0.0010225335	0.13463426	-4.714185e-17	-4.077985e-17	4.0846328e-17	-3.5408412e-17	0	-1.1799921e-17
1.0700000000000313e-09	1.8615336e-09	-9.428608e-08	0.0010275842	0.13465981	-4.71427e-17	-4.0776834e-17	4.084339e-17	-3.5409812e-17	0	-1.17994485e-17
1.080000000000117e-09	5.632028e-09	-8.1765194e-08	0.0010326747	0.13468929	-4.7143693e-17	-4.0773804e-17	4.084042e-17	-3.541122e-17	0	-1.1799084e-17
1.0900000000002028e-09	1.109806e-08	-7.0003146e-08	0.0010376393	0.13472188	-4.714486e-17	-4.0770674e-17	4.0837338e-17	-3.5412674e-17	0	-1.1798851e-17
1.1000000000002886e-09	1.748893e-08	-5.5585154e-08	0.001042241	0.13475657	-4.7146248e-17	-4.076738e-17	4.083409e-17	-3.5414196e-17	0	-1.1798757e-17
1.1100000000003744e-09	2.5172202e-08	-4.5815067e-08	0.0010462143	0.1347923	-4.7147912e-17	-4.0763917e-17	4.083065e-17	-3.5415847e-17	0	-1.1798796e-17
1.1200000000004602e-09	3.1290362e-08	-3.528614e-08	0.0010493	0.13482839	-4.7149857e-17	-4.0760307e-17	4.0827064e-17	-3.5417654e-17	0	-1.1798966e-17
1.130000000000546e-09	3.9127777e-08	-2.4757211e-08	0.0010514549	0.13486311	-4.715217e-17	-4.0756618e-17	4.0823375e-17	-3.5419682e-17	0	-1.1799255e-17
1.1400000000006318e-09	4.0580247e-08	-1.1572336e-08	0.0010524767	0.13489528	-4.715483e-17	-4.075295e-17	4.0819712e-17	-3.5421925e-17	0	-1.1799667e-17
1.1500000000007175e-09	3.6335475e-08	-3.7942085e-09	0.0010522266	0.13492428	-4.7157815e-17	-4.0749415e-17	4.0816172e-17	-3.5424374e-17	0	-1.1800197e-17
1.1600000000008033e-09	3.92582e-08	3.3199326e-09	0.0010506164	0.1349486	-4.716107e-17	-4.0746126e-17	4.0812863e-17	-3.5426948e-17	0	-1.180086e-17
1.1700000000008891e-09	4.336069e-08	8.121978e-09	0.0010474192	0.1349676	-4.716449e-17	-4.0743142e-17	4.0809852e-17	-3.5429545e-17	0	-1.18016555e-17
1.1800000000009749e-09	4.7510603e-08	1.2663171e-08	0.0010424316	0.13498026	-4.7167916e-17	-4.0740452e-17	4.0807142e-17	-3.543203e-17	0	-1.18025745e-17
1.1900000000010607e-09	4.5625356e-08	2.4520073e-08	0.0010356511	0.13498683	-4.7171215e-17	-4.0737993e-17	4.080467e-17	-3.5434313e-17	0	-1.1803585e-17
1.2000000000011465e-09	4.4712376e-08	3.286733e-08	0.0010272395	0.13498813	-4.717428e-17	-4.0735694e-17	4.0802355e-17	-3.543632e-17	0	-1.1804616e-17
1.2100000000012322e-09	4.4570093e-08	3.670897e-08	0.0010177091	0.13498552	-4.7176986e-17	-4.0733464e-17	4.0800134e-17	-3.5438075e-17	0	-1.180557e-17
1.220000000001318e-09	4.8061953e-08	4.040832e-08	0.0010077177	0.13497952	-4.71793e-17	-4.0731263e-17	4.0797954e-17	-3.5439637e-17	0	-1.1806352e-17
1.2300000000014038e-09	4.734461e-08	4.6668767e-08	0.0009978868	0.13496974	-4.7181244e-17	-4.072912e-17	4.079584e-17	-3.5441086e-17	0	-1.18068775e-17
1.2400000000014896e-09	4.4712376e-08	5.349834e-08	0.0009886619	0.1349591	-4.718285e-17	-4.0727045e-17	4.0793808e-17	-3.5442515e-17	0	-1.1807101e-17
1.2500000000015754e-09	4.160587e-08	5.3972617e-08	0.0009802935	0.13494918	-4.7184166e-17	-4.072508e-17	4.07919e-17	-3.544397e-17	0	-1.1807017e-17
1.2600000000016612e-09	4.41551e-08	5.7577115e-08	0.0009728724	0.13494082	-4.7185244e-17	-4.0723223e-17	4.0790106e-17	-3.5445457e-17	0	-1.1806665e-17
1.270000000001747e-09	5.1304813e-08	5.748226e-08	0.0009664331	0.13493523	-4.7186147e-17	-4.07215e-17	4.0788438e-17	-3.5446986e-17	0	-1.1806105e-17
1.2800000000018327e-09	5.200437e-08	5.786168e-08	0.0009610649	0.13493314	-4.7186928e-17	-4.0719885e-17	4.078688e-17	-3.5448508e-17	0	-1.1805416e-17
1.2900000000019185e-09	5.26565e-08	5.672342e-08	0.0009564983	0.13493603	-4.718761e-17	-4.071837e-17	4.078541e-17	-3.544998e-17	0	-1.1804673e-17
1.3000000000020043e-09	5.866795e-08	5.7102838e-08	0.0009527569	0.13494441	-4.718824e-17	-4.0716937e-17	4.078401e-17	-3.5451366e-17	0	-1.1803947e-17
1.3100000000020901e-09	6.170332e-08	5.6533707e-08	0.0009496053	0.13495837	-4.7188818e-17	-4.0715547e-17	4.078265e-17	-3.5452624e-17	0	-1.18032925e-17
1.3200000000021759e-09	6.145432e-08	5.862052e-08	0.0009470358	0.13497749	-4.7189354e-17	-4.0714184e-17	4.0781308e-17	-3.5453722e-17	0	-1.1802755e-17
1.3300000000022617e-09	6.2983865e-08	5.9189652e-08	0.00094497646	0.13500166	-4.7189873e-17	-4.071283e-17	4.0779964e-17	-3.545465e-17	0	-1.18023586e-17
1.3400000000023475e-09	6.847361e-08	5.9569075e-08	0.00094320346	0.13502964	-4.719037e-17	-4.0711457e-17	4.07786e-17	-3.5455393e-17	0	-1.1802116e-17
1.3500000000024332e-09	7.096356e-08	5.862052e-08	0.0009418227	0.1350604	-4.7190852e-17	-4.071005e-17	4.077719e-17	-3.5455962e-17	0	-1.1802026e-17
1.360000000002519e-09	7.204253e-08	5.672342e-08	0.0009406469	0.13509318	-4.7191332e-17	-4.0708595e-17	4.0775716e-17	-3.5456372e-17	0	-1.18020815e-17
1.3700000000026048e-09	7.692758e-08	5.6343996e-08	0.00093973987	0.13512662	-4.719179e-17	-4.070709e-17	4.0774194e-17	-3.5456634e-17	0	-1.1802258e-17
1.3800000000026906e-09	7.919225e-08	5.6343996e-08	0.00093912886	0.13515979	-4.7192232e-17	-4.0705515e-17	4.0772603e-17	-3.545679e-17	0	-1.1802531e-17
1.3900000000027764e-09	8.044908e-08	5.406747e-08	0.0009388894	0.13519192	-4.719267e-17	-4.0703897e-17	4.0770958e-17	-3.545686e-17	0	-1.1802871e-17
1.4000000000028622e-09	8.322359e-08	4.932471e-08	0.00093905465	0.13522242	-4.719309e-17	-4.0702236e-17	4.076927e-17	-3.5456875e-17	0	-1.18032494e-17
1.410000000002948e-09	8.5701686e-08	5.1221814e-08	0.0009396236	0.13525102	-4.719352e-17	-4.0700552e-17	4.0767553e-17	-3.5456875e-17	0	-1.1803641e-17
1.4200000000030337e-09	8.9329895e-08	4.856587e-08	0.0009405733	0.13527745	-4.7193936e-17	-4.0698864e-17	4.0765836e-17	-3.5456885e-17	0	-1.180402e-17
1.4300000000031195e-09	9.077644e-08	4.439224e-08	0.0009420386	0.13530158	-4.719434e-17	-4.06972e-17	4.076414e-17	-3.545691e-17	0	-1.180437e-17
1.4400000000032053e-09	9.2697256e-08	4.2684846e-08	0.00094396836	0.13532339	-4.7194747e-17	-4.0695562e-17	4.0762475e-17	-3.5456975e-17	0	-1.1804676e-17
1.450000000003291e-09	9.587491e-08	3.6803822e-08	0.0009462849	0.13534307	-4.7195147e-17	-4.0693974e-17	4.0760857e-17	-3.5457097e-17	0	-1.1804934e-17
1.4600000000033769e-09	9.876799e-08	3.547585e-08	0.000949001	0.1353609	-4.719556e-17	-4.069245e-17	4.0759295e-17	-3.545727e-17	0	-1.1805139e-17
1.4700000000034627e-09	1.006651e-07	2.8835984e-08	0.00095212134	0.13537689	-4.719595e-17	-4.0690986e-17	4.0757816e-17	-3.545749e-17	0	-1.1805294e-17
1.4800000000035485e-09	1.0310762e-07	2.655946e-08	0.0009555244	0.13539173	-4.7196355e-17	-4.0689593e-17	4.0756413e-17	-3.5457765e-17	0	-1.1805402e-17
1.4900000000036342e-09	1.0645126e-07	1.8971043e-08	0.00095915276	0.13540559	-4.7196752e-17	-4.068828e-17	4.0755086e-17	-3.5458086e-17	0	-1.1805473e-17
1.50000000000372e-09	1.0640384e-07	1.13826255e-08	0.0009629426	0.13541886	-4.719716e-17	-4.068704e-17	4.0753832e-17	-3.545844e-17	0	-1.1805511e-17
1.5100000000038058e-09	1.115023e-07	7.208996e-09	0.00096686376	0.13543165	-4.7197566e-17	-4.068587e-17	4.0752658e-17	-3.5458827e-17	0	-1.1805525e-17
1.5200000000038916e-09	1.2051355e-07	3.4147878e-09	0.0009709905	0.13544425	-4.7197966e-17	-4.0684773e-17	4.075156e-17	-3.545923e-17	0	-1.1805524e-17
1.5300000000039774e-09	1.2196008e-07	-3.4147878e-09	0.00097513926	0.13545644	-4.7198373e-17	-4.0683747e-17	4.0750533e-17	-3.5459648e-17	0	-1.18055134e-17
1.5400000000040632e-09	1.2665542e-07	-9.485522e-09	0.0009794468	0.13546868	-4.719877e-17	-4.0682787e-17	4.0749584e-17	-3.5460075e-17	0	-1.1805499e-17
1.550000000004149e-09	1.290268e-07	-1.4038571e-08	0.0009839009	0.1354808	-4.719919e-17	-4.068189e-17	4.0748697e-17	-3.54605e-17	0	-1.1805485e-17
1.5600000000042347e-09	1.3625952e-07	-1.783278e-08	0.000988301	0.13549271	-4.7199587e-17	-4.0681057e-17	4.0747863e-17	-3.5460922e-17	0	-1.1805473e-17
1.5700000000043205e-09	1.3908145e-07	-2.238583e-08	0.000992728	0.13550459	-4.7199994e-17	-4.0680283e-17	4.07471e-17	-3.5461342e-17	0	-1.1805469e-17
1.5800000000044063e-09	1.4214054e-07	-2.8077142e-08	0.0009972727	0.13551672	-4.720038e-17	-4.0679568e-17	4.0746394e-17	-3.5461742e-17	0	-1.180547e-17
1.590000000004492e-09	1.4683587e-07	-3.7183245e-08	0.001001827	0.13552897	-4.7200795e-17	-4.067891e-17	4.074574e-17	-3.546215e-17	0	-1.1805479e-17
1.6000000000045779e-09	1.5157863e-07	-3.945977e-08	0.0010063133	0.13554129	-4.7201196e-17	-4.0678297e-17	4.0745134e-17	-3.546254e-17	0	-1.1805494e-17
1.6100000000046637e-09	1.5696166e-07	-4.2495135e-08	0.0010108436	0.13555375	-4.72016e-17	-4.0677735e-17	4.0744578e-17	-3.5462927e-17	0	-1.18055134e-17
1.6200000000047495e-09	1.6495322e-07	-4.6289344e-08	0.0010153289	0.13556613	-4.720199e-17	-4.0677212e-17	4.0744068e-17	-3.5463298e-17	0	-1.1805541e-17
1.6300000000048352e-09	1.6779887e-07	-5.1980656e-08	0.0010196958	0.13557805	-4.7202387e-17	-4.0676726e-17	4.074358e-17	-3.5463668e-17	0	-1.1805571e-17
1.640000000004921e-09	1.7429646e-07	-5.5774866e-08	0.0010239545	0.13558966	-4.7202774e-17	-4.0676286e-17	4.074314e-17	-3.5464032e-17	0	-1.1805602e-17
1.6500000000050068e-09	1.7714211e-07	-5.5395446e-08	0.0010281501	0.13560095	-4.720316e-17	-4.067586e-17	4.0742725e-17	-3.546439e-17	0	-1.1805636e-17
1.6600000000050926e-09	1.8586879e-07	-5.99485e-08	0.0010321046	0.13561185	-4.7203555e-17	-4.067547e-17	4.074233e-17	-3.5464753e-17	0	-1.1805668e-17
1.6700000000051784e-09	1.9592345e-07	-6.2983865e-08	0.0010358252	0.13562226	-4.720394e-17	-4.067509e-17	4.074196e-17	-3.5465104e-17	0	-1.18057e-17
1.6800000000052642e-09	2.032273e-07	-6.3742704e-08	0.0010394565	0.13563262	-4.720431e-17	-4.0674744e-17	4.0741613e-17	-3.5465455e-17	0	-1.1805732e-17
1.69000000000535e-09	2.0657095e-07	-6.260444e-08	0.001042875	0.13564265	-4.720469e-17	-4.0674403e-17	4.074128e-17	-3.5465806e-17	0	-1.1805759e-17
1.7000000000054357e-09	2.068555e-07	-7.171054e-08	0.0010461109	0.13565215	-4.720505e-17	-4.0674075e-17	4.074096e-17	-3.5466153e-17	0	-1.1805785e-17
1.7100000000055215e-09	2.1498934e-07	-6.753691e-08	0.0010489575	0.13566123	-4.720542e-17	-4.067377e-17	4.074066e-17	-3.5466504e-17	0	-1.1805806e-17
1.7200000000056073e-09	2.1830927e-07	-6.336328e-08	0.0010516716	0.13566975	-4.7205798e-17	-4.0673463e-17	4.0740356e-17	-3.5466854e-17	0	-1.1805827e-17
1.730000000005693e-09	2.2276747e-07	-6.18456e-08	0.001054178	0.13567792	-4.720615e-17	-4.0673172e-17	4.0740068e-17	-3.5467202e-17	0	-1.180584e-17
1.7400000000057789e-09	2.2532856e-07	-6.222502e-08	0.001056424	0.13568571	-4.720651e-17	-4.0672878e-17	4.0739773e-17	-3.5467556e-17	0	-1.1805849e-17
1.7500000000058647e-09	2.2845879e-07	-6.4122126e-08	0.0010584194	0.1356931	-4.7206853e-17	-4.0672593e-17	4.0739492e-17	-3.54679e-17	0	-1.1805856e-17
1.7600000000059504e-09	2.3339125e-07	-6.753691e-08	0.0010601626	0.13570015	-4.72072e-17	-4.067231e-17	4.0739208e-17	-3.5468247e-17	0	-1.18058575e-17
1.7700000000060362e-09	2.3201585e-07	-6.2983865e-08	0.0010616372	0.13570713	-4.720754e-17	-4.0672027e-17	4.073893e-17	-3.5468588e-17	0	-1.1805855e-17
1.780000000006122e-09	2.4266336e-07	-5.8810233e-08	0.0010628672	0.13571362	-4.7207876e-17	-4.067175e-17	4.0738652e-17	-3.5468936e-17	0	-1.1805845e-17
1.7900000000062078e-09	2.439439e-07	-6.450154e-08	0.0010639381	0.1357198	-4.720821e-17	-4.0671468e-17	4.0738374e-17	-3.546928e-17	0	-1.1805835e-17
1.8000000000062936e-09	2.4422846e-07	-6.336328e-08	0.0010648653	0.13572554	-4.7208524e-17	-4.0671187e-17	4.0738096e-17	-3.5469614e-17	0	-1.1805817e-17
1.8100000000063794e-09	2.4368305e-07	-6.18456e-08	0.0010656411	0.13573095	-4.7208845e-17	-4.067091e-17	4.0737818e-17	-3.5469955e-17	0	-1.1805797e-17
1.8200000000064652e-09	2.3969912e-07	-5.5395446e-08	0.0010661524	0.13573614	-4.720916e-17	-4.067063e-17	4.0737537e-17	-3.5470295e-17	0	-1.1805774e-17
1.830000000006551e-09	2.338181e-07	-5.236008e-08	0.0010664101	0.13574074	-4.7209474e-17	-4.0670343e-17	4.0737252e-17	-3.547063e-17	0	-1.1805745e-17
1.8400000000066367e-09	2.3590492e-07	-4.856587e-08	0.0010664902	0.13574485	-4.7209772e-17	-4.0670062e-17	4.0736964e-17	-3.5470964e-17	0	-1.1805714e-17
1.8500000000067225e-09	2.2886192e-07	-4.8186447e-08	0.0010663519	0.13574865	-4.7210073e-17	-4.0669764e-17	4.0736667e-17	-3.5471295e-17	0	-1.1805677e-17
1.8600000000068083e-09	2.3154158e-07	-4.6289344e-08	0.0010661555	0.13575213	-4.7210364e-17	-4.066948e-17	4.0736375e-17	-3.5471622e-17	0	-1.1805638e-17
1.870000000006742e-09	2.2855363e-07	-4.742761e-08	0.0010659078	0.13575506	-4.7210642e-17	-4.0669185e-17	4.073608e-17	-3.5471943e-17	0	-1.1805595e-17
1.880000000006621e-09	2.2611111e-07	-4.477166e-08	0.0010655761	0.13575774	-4.7210933e-17	-4.066889e-17	4.0735777e-17	-3.547227e-17	0	-1.1805551e-17
1.8900000000065e-09	2.2511513e-07	-4.1736293e-08	0.0010651125	0.13576004	-4.7211204e-17	-4.0668586e-17	4.073548e-17	-3.547259e-17	0	-1.18055035e-17
1.900000000006379e-09	2.1871242e-07	-3.7562664e-08	0.001064502	0.13576217	-4.7211476e-17	-4.0668292e-17	4.073517e-17	-3.5472903e-17	0	-1.18054506e-17
1.910000000006258e-09	2.1313967e-07	-3.7183245e-08	0.0010636918	0.13576409	-4.7211747e-17	-4.066799e-17	4.0734863e-17	-3.5473224e-17	0	-1.1805395e-17
1.920000000006137e-09	2.0308501e-07	-3.3009613e-08	0.0010628485	0.13576563	-4.7212015e-17	-4.0667686e-17	4.073455e-17	-3.5473538e-17	0	-1.1805337e-17
1.930000000006016e-09	2.0026307e-07	-3.111251e-08	0.0010620115	0.13576673	-4.721226e-17	-4.0667372e-17	4.0734238e-17	-3.5473846e-17	0	-1.18052785e-17
1.940000000005895e-09	1.9568631e-07	-2.5421198e-08	0.0010611324	0.13576762	-4.7212508e-17	-4.066707e-17	4.0733927e-17	-3.5474153e-17	0	-1.1805214e-17
1.950000000005774e-09	1.8776589e-07	-2.8077142e-08	0.0010601978	0.13576807	-4.7212766e-17	-4.066676e-17	4.0733606e-17	-3.547446e-17	0	-1.1805148e-17
1.960000000005653e-09	1.8074661e-07	-2.5421198e-08	0.001059241	0.13576822	-4.7213004e-17	-4.0666442e-17	4.0733285e-17	-3.547477e-17	0	-1.1805078e-17
1.9700000000055318e-09	1.812446e-07	-1.9350464e-08	0.0010581907	0.13576812	-4.7213246e-17	-4.0666138e-17	4.0732967e-17	-3.547507e-17	0	-1.1805008e-17
1.9800000000054108e-09	1.771184e-07	-1.327973e-08	0.0010570796	0.13576792	-4.7213474e-17	-4.0665827e-17	4.0732653e-17	-3.547537e-17	0	-1.1804934e-17
1.9900000000052898e-09	1.7154565e-07	-1.4417992e-08	0.0010559859	0.13576755	-4.721371e-17	-4.0665512e-17	4.073233e-17	-3.5475666e-17	0	-1.18048575e-17
2.0000000000051688e-09	1.6708746e-07	-1.4797413e-08	0.0010548548	0.13576685	-4.721393e-17	-4.0665195e-17	4.0732008e-17	-3.5475963e-17	0	-1.1804779e-17
2.0100000000050478e-09	1.659729e-07	-1.6315097e-08	0.0010538201	0.13576595	-4.7214152e-17	-4.066489e-17	4.0731694e-17	-3.5476258e-17	0	-1.1804699e-17
2.0200000000049267e-09	1.6704003e-07	-1.0623784e-08	0.0010528067	0.13576482	-4.7214377e-17	-4.0664583e-17	4.073138e-17	-3.5476552e-17	0	-1.1804616e-17
2.0300000000048057e-09	1.6224985e-07	-1.0244363e-08	0.0010517361	0.13576347	-4.7214596e-17	-4.0664278e-17	4.0731065e-17	-3.5476843e-17	0	-1.18045316e-17
2.0400000000046847e-09	1.5862163e-07	-3.4147878e-09	0.0010505709	0.13576186	-4.7214804e-17	-4.0663977e-17	4.0730754e-17	-3.5477135e-17	0	-1.1804445e-17
2.0500000000045637e-09	1.6006817e-07	-3.0353668e-09	0.0010494593	0.13576017	-4.721501e-17	-4.066368e-17	4.0730453e-17	-3.547743e-17	0	-1.1804356e-17
2.0600000000044427e-09	1.5876391e-07	-8.347259e-09	0.0010485079	0.13575828	-4.721521e-17	-4.0663385e-17	4.0730152e-17	-3.5477717e-17	0	-1.1804264e-17
2.0700000000043217e-09	1.5418715e-07	-3.0353668e-09	0.0010475105	0.13575622	-4.721542e-17	-4.066309e-17	4.072985e-17	-3.5478008e-17	0	-1.18041726e-17
2.0800000000042007e-09	1.5136521e-07	3.4147878e-09	0.0010464357	0.13575396	-4.7215608e-17	-4.0662803e-17	4.072956e-17	-3.5478286e-17	0	-1.1804079e-17
2.0900000000040797e-09	1.5485114e-07	6.8295756e-09	0.0010453978	0.13575171	-4.7215813e-17	-4.066252e-17	4.0729268e-17	-3.5478577e-17	0	-1.1803986e-17
2.1000000000039587e-09	1.5674824e-07	7.208996e-09	0.0010444606	0.13574928	-4.7216002e-17	-4.066224e-17	4.072899e-17	-3.547886e-17	0	-1.1803888e-17
2.1100000000038377e-09	1.4849584e-07	5.6913128e-09	0.0010436472	0.13574675	-4.7216194e-17	-4.0661972e-17	4.0728712e-17	-3.5479143e-17	0	-1.180379e-17
2.1200000000037166e-09	1.429231e-07	1.2900309e-08	0.001042754	0.13574411	-4.7216383e-17	-4.0661704e-17	4.072844e-17	-3.5479424e-17	0	-1.1803692e-17
2.1300000000035956e-09	1.3976916e-07	1.8971043e-08	0.0010418685	0.13574131	-4.7216568e-17	-4.0661446e-17	4.0728173e-17	-3.547971e-17	0	-1.1803593e-17
2.1400000000034746e-09	1.395083e-07	3.0353668e-08	0.0010410128	0.13573824	-4.721675e-17	-4.0661185e-17	4.0727912e-17	-3.5479987e-17	0	-1.180349e-17
2.1500000000033536e-09	1.4676473e-07	2.655946e-08	0.0010401865	0.13573502	-4.721693e-17	-4.0660943e-17	4.0727667e-17	-3.5480265e-17	0	-1.1803389e-17
2.1600000000032326e-09	1.4287566e-07	2.2765251e-08	0.0010393634	0.13573182	-4.721711e-17	-4.06607e-17	4.0727422e-17	-3.5480546e-17	0	-1.1803287e-17
2.1700000000031116e-09	1.3991144e-07	2.7318302e-08	0.0010385951	0.13572863	-4.7217283e-17	-4.066046e-17	4.0727187e-17	-3.548083e-17	0	-1.18031824e-17
2.1800000000029906e-09	1.4168998e-07	3.111251e-08	0.0010379589	0.13572545	-4.7217458e-17	-4.0660235e-17	4.072696e-17	-3.5481105e-17	0	-1.1803077e-17
2.1900000000028696e-09	1.4536562e-07	3.7942087e-08	0.0010373973	0.1357222	-4.721763e-17	-4.066001e-17	4.0726734e-17	-3.548138e-17	0	-1.1802972e-17
2.2000000000027486e-09	1.3834632e-07	4.1736293e-08	0.0010368271	0.13571882	-4.7217802e-17	-4.0659792e-17	4.072652e-17	-3.5481658e-17	0	-1.1802866e-17
2.2100000000026276e-09	1.4145284e-07	4.477166e-08	0.0010362704	0.13571529	-4.721797e-17	-4.0659596e-17	4.072632e-17	-3.5481936e-17	0	-1.1802759e-17
2.2200000000025065e-09	1.4256739e-07	5.0083553e-08	0.0010356824	0.13571171	-4.7218136e-17	-4.0659395e-17	4.072612e-17	-3.548221e-17	0	-1.18026506e-17
2.2300000000023855e-09	1.3637808e-07	5.0842395e-08	0.0010351789	0.13570803	-4.7218305e-17	-4.0659206e-17	4.0725933e-17	-3.5482488e-17	0	-1.1802544e-17
2.2400000000022645e-09	1.4531818e-07	5.3877763e-08	0.0010346984	0.13570432	-4.7218467e-17	-4.0659027e-17	4.0725758e-17	-3.5482763e-17	0	-1.18024355e-17
2.2500000000021435e-09	1.4951553e-07	6.3742704e-08	0.0010342028	0.13570079	-4.7218633e-17	-4.0658845e-17	4.0725582e-17	-3.5483037e-17	0	-1.1802326e-17
2.2600000000020225e-09	1.5361802e-07	5.6913127e-08	0.0010338357	0.13569729	-4.7218785e-17	-4.0658677e-17	4.0725424e-17	-3.5483312e-17	0	-1.1802217e-17
2.2700000000019015e-09	1.4617189e-07	6.2983865e-08	0.0010335018	0.13569377	-4.7218953e-17	-4.0658518e-17	4.0725268e-17	-3.5483587e-17	0	-1.1802108e-17
2.2800000000017805e-09	1.4659874e-07	6.905459e-08	0.001033149	0.13569023	-4.7219112e-17	-4.0658366e-17	4.0725116e-17	-3.548386e-17	0	-1.1801999e-17
2.2900000000016595e-09	1.4455935e-07	7.740186e-08	0.0010327551	0.13568683	-4.7219264e-17	-4.0658223e-17	4.072498e-17	-3.5484133e-17	0	-1.18018896e-17
2.3000000000015385e-09	1.5240862e-07	8.499027e-08	0.0010324315	0.13568346	-4.7219423e-17	-4.0658074e-17	4.0724848e-17	-3.5484407e-17	0	-1.18017795e-17
2.3100000000014175e-09	1.5276431e-07	8.954332e-08	0.0010322058	0.13568033	-4.7219575e-17	-4.0657945e-17	4.072472e-17	-3.5484682e-17	0	-1.18016695e-17
2.3200000000012965e-09	1.5058265e-07	8.954332e-08	0.0010320266	0.13567726	-4.7219724e-17	-4.0657816e-17	4.0724603e-17	-3.548495e-17	0	-1.180156e-17
2.3300000000011754e-09	1.3920003e-07	8.954332e-08	0.0010318964	0.13567428	-4.7219877e-17	-4.0657697e-17	4.0724497e-17	-3.5485224e-17	0	-1.180145e-17
2.3400000000010544e-09	1.4330251e-07	9.5614055e-08	0.0010318538	0.13567132	-4.722003e-17	-4.0657585e-17	4.072439e-17	-3.5485496e-17	0	-1.180134e-17
2.3500000000009334e-09	1.4389536e-07	9.864942e-08	0.0010317891	0.1356688	-4.722018e-17	-4.065748e-17	4.0724292e-17	-3.5485767e-17	0	-1.180123e-17
2.3600000000008124e-09	1.4885154e-07	1.0623784e-07	0.0010317354	0.13566647	-4.7220333e-17	-4.065738e-17	4.0724206e-17	-3.5486042e-17	0	-1.1801121e-17
2.3700000000006914e-09	1.3855976e-07	1.1610278e-07	0.0010317978	0.13566442	-4.722049e-17	-4.0657284e-17	4.072412e-17	-3.548631e-17	0	-1.1801011e-17
2.3800000000005704e-09	1.5138892e-07	1.2445004e-07	0.0010319591	0.13566253	-4.722063e-17	-4.0657194e-17	4.0724047e-17	-3.5486578e-17	0	-1.1800903e-17
2.3900000000004494e-09	1.5779165e-07	1.3355614e-07	0.0010320809	0.13566124	-4.722078e-17	-4.065711e-17	4.0723978e-17	-3.5486852e-17	0	-1.1800793e-17
2.4000000000003284e-09	1.5281175e-07	1.3052077e-07	0.001032255	0.13566053	-4.7220932e-17	-4.0657036e-17	4.0723915e-17	-3.548712e-17	0	-1.1800684e-17
2.4100000000002074e-09	1.4716787e-07	1.3355614e-07	0.0010324869	0.13565996	-4.722108e-17	-4.065697e-17	4.072386e-17	-3.548739e-17	0	-1.1800576e-17
2.4200000000000864e-09	1.534046e-07	1.2824425e-07	0.0010328293	0.13565978	-4.7221227e-17	-4.0656903e-17	4.072381e-17	-3.5487663e-17	0	-1.1800468e-17
2.4300099999999652e-09	1.4832985e-07	1.3659151e-07	0.0010332665	0.13565962	-4.7221362e-17	-4.0656837e-17	4.0723763e-17	-3.548793e-17	0	-1.180036e-17
2.4400099999998442e-09	1.5157863e-07	1.510095e-07	0.0010336296	0.13565955	-4.7221514e-17	-4.065679e-17	4.0723726e-17	-3.54882e-17	0	-1.18002526e-17
2.450009999999723e-09	1.4882782e-07	1.5632139e-07	0.0010339888	0.13565952	-4.722165e-17	-4.065673e-17	4.0723693e-17	-3.5488464e-17	0	-1.1800146e-17
2.460009999999602e-09	1.5665339e-07	1.6770402e-07	0.0010344813	0.13565953	-4.7221796e-17	-4.065669e-17	4.072367e-17	-3.5488735e-17	0	-1.1800039e-17
2.470009999999481e-09	1.5006094e-07	1.7149823e-07	0.0010350385	0.1356596	-4.7221948e-17	-4.0656652e-17	4.0723643e-17	-3.5489006e-17	0	-1.1799935e-17
2.48000999999936e-09	1.556574e-07	1.6163328e-07	0.0010356493	0.13565984	-4.7222077e-17	-4.065662e-17	4.0723633e-17	-3.548927e-17	0	-1.1799828e-17
2.490009999999239e-09	1.4892268e-07	1.6846286e-07	0.0010362089	0.1356601	-4.722223e-17	-4.0656586e-17	4.072362e-17	-3.548954e-17	0	-1.1799725e-17
2.500009999999118e-09	1.625344e-07	1.8288085e-07	0.0010368058	0.1356604	-4.7222368e-17	-4.065656e-17	4.0723617e-17	-3.5489807e-17	0	-1.179962e-17
2.510009999998997e-09	1.7000426e-07	1.8819274e-07	0.0010375404	0.13566068	-4.722251e-17	-4.0656536e-17	4.0723617e-17	-3.5490072e-17	0	-1.1799516e-17
2.520009999998876e-09	1.745336e-07	1.9274579e-07	0.001038369	0.13566117	-4.7222646e-17	-4.065651e-17	4.0723617e-17	-3.5490336e-17	0	-1.1799415e-17
2.530009999998755e-09	1.7325304e-07	1.9881652e-07	0.0010392471	0.13566175	-4.7222788e-17	-4.06565e-17	4.0723624e-17	-3.5490598e-17	0	-1.1799311e-17
2.540009999998634e-09	1.5745965e-07	2.0640495e-07	0.0010401534	0.13566256	-4.722293e-17	-4.0656486e-17	4.0723637e-17	-3.5490866e-17	0	-1.1799211e-17
2.550009999998513e-09	1.5259832e-07	2.1551105e-07	0.0010410534	0.13566355	-4.7223063e-17	-4.065648e-17	4.0723657e-17	-3.549113e-17	0	-1.1799109e-17
2.560009999998392e-09	1.6604405e-07	2.1626988e-07	0.00104198	0.13566457	-4.72232e-17	-4.065648e-17	4.0723677e-17	-3.549139e-17	0	-1.1799009e-17
2.570009999998271e-09	1.776401e-07	2.1930525e-07	0.0010429907	0.1356657	-4.7223338e-17	-4.065648e-17	4.0723703e-17	-3.549165e-17	0	-1.1798911e-17
2.58000999999815e-09	1.7325304e-07	2.39794e-07	0.0010440167	0.1356669	-4.7223483e-17	-4.065648e-17	4.0723736e-17	-3.5491918e-17	0	-1.1798814e-17
2.590009999998029e-09	1.6528521e-07	2.2992904e-07	0.0010450586	0.1356682	-4.722362e-17	-4.0656486e-17	4.072376e-17	-3.5492176e-17	0	-1.1798716e-17
2.600009999997908e-09	1.707868e-07	2.3068787e-07	0.0010461594	0.1356696	-4.7223748e-17	-4.065649e-17	4.07238e-17	-3.5492437e-17	0	-1.1798619e-17
2.610009999997787e-09	1.7564814e-07	2.3372324e-07	0.0010473588	0.13567103	-4.7223887e-17	-4.0656506e-17	4.0723835e-17	-3.5492692e-17	0	-1.1798524e-17
2.620009999997666e-09	1.882876e-07	2.39794e-07	0.0010486597	0.13567261	-4.7224016e-17	-4.0656523e-17	4.0723885e-17	-3.549295e-17	0	-1.17984295e-17
2.630009999997545e-09	1.8738648e-07	2.4586473e-07	0.0010499873	0.13567413	-4.722415e-17	-4.0656543e-17	4.072393e-17	-3.549321e-17	0	-1.1798335e-17
2.640009999997424e-09	1.8439853e-07	2.5876503e-07	0.0010512905	0.13567583	-4.7224287e-17	-4.0656566e-17	4.072398e-17	-3.5493463e-17	0	-1.1798242e-17
2.650009999997303e-09	1.767864e-07	2.640769e-07	0.0010526718	0.13567767	-4.7224406e-17	-4.065659e-17	4.0724037e-17	-3.549371e-17	0	-1.17981515e-17
2.660009999997182e-09	1.7543472e-07	2.6255924e-07	0.001054053	0.13567953	-4.722455e-17	-4.065662e-17	4.0724093e-17	-3.5493966e-17	0	-1.179806e-17
2.670009999997061e-09	1.75577e-07	2.6787112e-07	0.0010554414	0.13568147	-4.7224674e-17	-4.0656642e-17	4.0724153e-17	-3.5494214e-17	0	-1.1797969e-17
2.68000999999694e-09	1.8700705e-07	2.7166533e-07	0.0010568707	0.1356835	-4.7224797e-17	-4.0656675e-17	4.072422e-17	-3.5494462e-17	0	-1.179788e-17
2.690009999996819e-09	1.9011357e-07	2.6711228e-07	0.0010584107	0.13568583	-4.7224926e-17	-4.0656705e-17	4.0724275e-17	-3.5494707e-17	0	-1.1797794e-17
2.700009999996698e-09	1.9948051e-07	2.8077145e-07	0.001059985	0.13568822	-4.7225058e-17	-4.065674e-17	4.072434e-17	-3.549496e-17	0	-1.17977065e-17
2.710009999996577e-09	2.0275301e-07	2.9063636e-07	0.0010615417	0.13569091	-4.722519e-17	-4.065678e-17	4.072441e-17	-3.5495204e-17	0	-1.1797622e-17
2.720009999996456e-09	2.113137e-07	2.9139522e-07	0.0010631441	0.13569367	-4.7225313e-17	-4.0656817e-17	4.0724484e-17	-3.5495442e-17	0	-1.1797537e-17
2.730009999996335e-09	2.1150342e-07	2.8987753e-07	0.0010647547	0.13569689	-4.722543e-17	-4.0656854e-17	4.0724563e-17	-3.5495683e-17	0	-1.1797452e-17
2.740009999996214e-09	2.2632454e-07	2.9746596e-07	0.0010664776	0.13570036	-4.722555e-17	-4.0656897e-17	4.0724633e-17	-3.5495915e-17	0	-1.1797371e-17
2.750009999996093e-09	2.3419753e-07	3.0277783e-07	0.001068179	0.13570409	-4.722568e-17	-4.065695e-17	4.072471e-17	-3.5496153e-17	0	-1.1797288e-17
2.760009999995972e-09	2.350038e-07	3.035367e-07	0.0010698813	0.13570799	-4.7225803e-17	-4.065699e-17	4.072478e-17	-3.5496388e-17	0	-1.1797209e-17
2.770009999995851e-09	2.3400781e-07	3.179547e-07	0.0010716313	0.13571203	-4.7225918e-17	-4.0657036e-17	4.072486e-17	-3.5496616e-17	0	-1.1797129e-17
2.78000999999573e-09	2.4031567e-07	3.3616686e-07	0.0010734313	0.13571626	-4.722603e-17	-4.0657085e-17	4.0724947e-17	-3.549684e-17	0	-1.1797051e-17
2.790009999995609e-09	2.4918464e-07	3.2554308e-07	0.001075227	0.13572058	-4.722615e-17	-4.0657135e-17	4.0725023e-17	-3.5497066e-17	0	-1.1796974e-17
2.800009999995488e-09	2.5124774e-07	3.3161382e-07	0.0010770392	0.13572511	-4.7226266e-17	-4.065718e-17	4.0725106e-17	-3.549729e-17	0	-1.1796899e-17
2.810009999995367e-09	2.4681327e-07	3.3692572e-07	0.0010788528	0.13572973	-4.7226375e-17	-4.065723e-17	4.0725192e-17	-3.5497513e-17	0	-1.1796825e-17
2.820009999995246e-09	2.427819e-07	3.4679067e-07	0.0010807016	0.13573432	-4.722649e-17	-4.0657284e-17	4.0725275e-17	-3.549773e-17	0	-1.179675e-17
2.830009999995125e-09	2.541171e-07	3.5589676e-07	0.0010825548	0.13573895	-4.72266e-17	-4.065734e-17	4.0725364e-17	-3.549795e-17	0	-1.17966775e-17
2.840009999995004e-09	2.4904236e-07	3.5741445e-07	0.0010844355	0.13574378	-4.7226716e-17	-4.0657393e-17	4.0725443e-17	-3.549816e-17	0	-1.1796606e-17
2.850009999994883e-09	2.4458416e-07	3.6803823e-07	0.0010863954	0.13574873	-4.7226818e-17	-4.065744e-17	4.072553e-17	-3.549837e-17	0	-1.1796536e-17
2.860009999994762e-09	2.535954e-07	3.6652054e-07	0.001088366	0.13575374	-4.722693e-17	-4.0657495e-17	4.0725612e-17	-3.549858e-17	0	-1.1796467e-17
2.870009999994641e-09	2.6761026e-07	3.5513793e-07	0.0010902215	0.13575867	-4.7227033e-17	-4.0657552e-17	4.07257e-17	-3.5498784e-17	0	-1.17964e-17
2.8800099999945198e-09	2.7892176e-07	3.6424402e-07	0.001092089	0.13576357	-4.722713e-17	-4.06576e-17	4.0725787e-17	-3.549898e-17	0	-1.17963326e-17
2.8900099999943988e-09	2.7806806e-07	3.6500285e-07	0.0010940024	0.13576835	-4.722724e-17	-4.0657658e-17	4.0725873e-17	-3.549918e-17	0	-1.1796269e-17
2.9000099999942778e-09	2.9149007e-07	3.748678e-07	0.0010959359	0.13577306	-4.722733e-17	-4.065771e-17	4.072596e-17	-3.5499376e-17	0	-1.17962035e-17
2.9100099999941568e-09	2.9898362e-07	3.78662e-07	0.0010978428	0.13577779	-4.722743e-17	-4.065777e-17	4.0726052e-17	-3.5499578e-17	0	-1.1796141e-17
2.9200099999940357e-09	3.0258812e-07	3.8776813e-07	0.0010996754	0.1357825	-4.722753e-17	-4.0657823e-17	4.072613e-17	-3.5499766e-17	0	-1.1796079e-17
2.9300099999939147e-09	3.2601736e-07	4.0294495e-07	0.001101675	0.13578714	-4.722762e-17	-4.065788e-17	4.072622e-17	-3.5499945e-17	0	-1.1796016e-17
2.9400099999937937e-09	3.3028584e-07	4.07498e-07	0.0011036217	0.13579169	-4.722771e-17	-4.065793e-17	4.0726307e-17	-3.5500134e-17	0	-1.1795957e-17
2.9500099999936727e-09	3.2644422e-07	4.1432756e-07	0.0011054821	0.13579613	-4.7227814e-17	-4.0657985e-17	4.0726393e-17	-3.550032e-17	0	-1.1795898e-17
2.9600099999935517e-09	3.4954147e-07	4.1584525e-07	0.0011074009	0.13580047	-4.7227904e-17	-4.065804e-17	4.072647e-17	-3.550049e-17	0	-1.1795841e-17
2.9700099999934307e-09	3.4738352e-07	4.2495137e-07	0.0011092714	0.13580468	-4.7227996e-17	-4.0658098e-17	4.0726555e-17	-3.5500666e-17	0	-1.1795785e-17
2.9800099999933097e-09	3.499209e-07	4.1888063e-07	0.0011111574	0.13580881	-4.7228082e-17	-4.065815e-17	4.0726638e-17	-3.550084e-17	0	-1.17957295e-17
2.9900099999931887e-09	3.8236138e-07	4.2646903e-07	0.0011130109	0.13581286	-4.722816e-17	-4.0658197e-17	4.0726724e-17	-3.550101e-17	0	-1.1795675e-17
3.0000099999930677e-09	3.8788667e-07	4.1888063e-07	0.00111485	0.1358168	-4.7228258e-17	-4.0658256e-17	4.0726803e-17	-3.550118e-17	0	-1.1795622e-17
