# t (s)	mx ()	my ()	mz ()	spinAngle (rad)	E_total (J)	E_anis (J)	E_demag (J)	E_exch (J)	E_therm (J)	E_custom (J)
0	0	0	0	0.0060737464	-1.1219332e-17	-1.2571201e-16	1.271095e-16	6.240001e-18	0	-1.88568e-17
1.0000000000000124e-11	4.55171e-10	1.9344769e-10	0.00054124655	0.00975472	-1.6513147e-17	-1.2306853e-16	1.2468125e-16	5.8040627e-19	0	-1.8706281e-17
2.0009999999999403e-11	2.2805964e-09	7.586184e-11	0.0014606536	0.010838774	-1.7287373e-17	-1.2146846e-16	1.2310727e-16	-2.562805e-19	0	-1.8669893e-17
3.000999999999824e-11	4.8930886e-09	-6.865496e-10	0.0026365733	0.011612816	-1.7656461e-17	-1.2011009e-16	1.2178678e-16	-6.6432586e-19	0	-1.8668825e-17
4.000000000000001e-11	8.739284e-09	-1.5513746e-09	0.003918119	0.012358994	-1.7900124e-17	-1.1860372e-16	1.2032053e-16	-9.864765e-19	0	-1.8630445e-17
5.0000000000001785e-11	1.3552717e-08	-2.9965426e-09	0.0053510168	0.013090203	-1.809464e-17	-1.1677779e-16	1.1853387e-16	-1.2699986e-18	0	-1.8580728e-17
6.00000000000024e-11	1.9591319e-08	-4.4455035e-09	0.006963289	0.013827398	-1.8267609e-17	-1.1460515e-16	1.1639575e-16	-1.5287644e-18	0	-1.8529445e-17
7.000999999999771e-11	2.685509e-08	-6.766876e-09	0.0087310625	0.014602666	-1.8432256e-17	-1.1208746e-16	1.1390588e-16	-1.7709112e-18	0	-1.8479756e-17
8.000999999999302e-11	3.5093684e-08	-9.679971e-09	0.01060194	0.015344635	-1.8595113e-17	-1.0924496e-16	1.1108322e-16	-2.002571e-18	0	-1.8430795e-17
9.000999999998834e-11	4.5152966e-08	-1.3624786e-08	0.01251928	0.016078971	-1.8761426e-17	-1.06090274e-16	1.0793925e-16	-2.2281284e-18	0	-1.8382273e-17
1.0000999999998365e-10	5.5500518e-08	-1.8146151e-08	0.014423294	0.016963134	-1.8933461e-17	-1.02640296e-16	1.04489786e-16	-2.446281e-18	0	-1.8336672e-17
1.1000999999997896e-10	6.8078414e-08	-2.3547514e-08	0.016261013	0.017927768	-1.9112395e-17	-9.8936367e-17	1.0077366e-16	-2.6592668e-18	0	-1.8290422e-17
1.2000999999997891e-10	8.1779056e-08	-2.9373703e-08	0.017976627	0.018875964	-1.930099e-17	-9.5034886e-17	9.6844036e-17	-2.8713825e-18	0	-1.8238763e-17
1.3000999999998715e-10	9.588936e-08	-3.780954e-08	0.01950423	0.01981243	-1.9502611e-17	-9.099395e-17	9.27542e-17	-3.0816707e-18	0	-1.8181188e-17
1.400099999999954e-10	1.09908626e-07	-4.6306067e-08	0.020774672	0.0208702	-1.9719898e-17	-8.689557e-17	8.8581104e-17	-3.286306e-18	0	-1.8119128e-17
1.5000000000000362e-10	1.2322997e-07	-5.571293e-08	0.021728808	0.022135917	-1.9954637e-17	-8.286049e-17	8.4442e-17	-3.4830235e-18	0	-1.8053118e-17
1.6000000000001186e-10	1.3363821e-07	-6.420946e-08	0.02233912	0.023553155	-2.020922e-17	-7.9002287e-17	8.044905e-17	-3.6726385e-18	0	-1.7983347e-17
1.700000000000201e-10	1.4180094e-07	-7.106737e-08	0.022623228	0.025045525	-2.0484522e-17	-7.541129e-17	7.669686e-17	-3.8574273e-18	0	-1.7912666e-17
1.8000000000002833e-10	1.4556369e-07	-7.282736e-08	0.02265176	0.026528861	-2.0779619e-17	-7.21239e-17	7.3233105e-17	-4.0414473e-18	0	-1.7847368e-17
1.9000000000003657e-10	1.4488093e-07	-7.062358e-08	0.022517575	0.027928244	-2.1090943e-17	-6.914779e-17	7.008071e-17	-4.2282876e-18	0	-1.779557e-17
2.000000000000448e-10	1.4136094e-07	-6.5544626e-08	0.02228795	0.029202018	-2.141267e-17	-6.649771e-17	6.726804e-17	-4.4183807e-18	0	-1.776462e-17
2.1000000000005304e-10	1.3398717e-07	-5.832258e-08	0.021973114	0.030342773	-2.173732e-17	-6.421158e-17	6.4841795e-17	-4.608279e-18	0	-1.7759252e-17
2.2000000000006128e-10	1.2526307e-07	-5.140398e-08	0.02152764	0.031370446	-2.2056817e-17	-6.2334835e-17	6.2851135e-17	-4.792357e-18	0	-1.7780765e-17
2.3000000000006952e-10	1.1485482e-07	-4.563848e-08	0.020873705	0.032298326	-2.2363359e-17	-6.0893926e-17	6.1322856e-17	-4.965108e-18	0	-1.7827177e-17
2.4000000000005925e-10	1.0402175e-07	-3.9812292e-08	0.01992781	0.033133633	-2.2650386e-17	-5.988451e-17	6.025084e-17	-5.122427e-18	0	-1.7894286e-17
2.5000000000004163e-10	9.2247994e-08	-3.550334e-08	0.018619666	0.0338811	-2.291298e-17	-5.927805e-17	5.9603915e-17	-5.2617927e-18	0	-1.7977048e-17
2.60000000000024e-10	8.2143195e-08	-3.2787487e-08	0.01690275	0.03454425	-2.3147933e-17	-5.903563e-17	5.934021e-17	-5.382029e-18	0	-1.8070487e-17
2.700000000000064e-10	7.31915e-08	-2.9601289e-08	0.014759445	0.035129003	-2.3353542e-17	-5.911749e-17	5.941705e-17	-5.4831412e-18	0	-1.8169959e-17
2.800099999999888e-10	6.518049e-08	-2.7729397e-08	0.012202238	0.035642773	-2.3529543e-17	-5.9485536e-17	5.9793505e-17	-5.566354e-18	0	-1.8271157e-17
2.9000999999997117e-10	5.9111542e-08	-2.5307509e-08	0.009285676	0.03609346	-2.3676277e-17	-6.0098027e-17	6.042507e-17	-5.633736e-18	0	-1.8369577e-17
3.0000999999995355e-10	5.352811e-08	-2.3668893e-08	0.0060912594	0.0364888	-2.3795707e-17	-6.0906645e-17	6.1260626e-17	-5.6884326e-18	0	-1.8461258e-17
3.1000999999993594e-10	4.915847e-08	-2.2515794e-08	0.0027337149	0.036840446	-2.38905e-17	-6.185244e-17	6.223856e-17	-5.733798e-18	0	-1.8542823e-17
3.2000999999991833e-10	4.5547445e-08	-2.0027525e-08	-0.0006494442	0.03715897	-2.3964026e-17	-6.286819e-17	6.328903e-17	-5.7728707e-18	0	-1.8611994e-17
3.300099999999007e-10	4.372676e-08	-1.653788e-08	-0.003908995	0.03745242	-2.4019978e-17	-6.388501e-17	6.4340815e-17	-5.807905e-18	0	-1.8667872e-17
3.400099999998831e-10	4.2209525e-08	-1.3048236e-08	-0.006897003	0.03772834	-2.4061988e-17	-6.4840657e-17	6.532975e-17	-5.840193e-18	0	-1.8710895e-17
3.500099999998655e-10	4.1906077e-08	-9.649626e-09	-0.009479804	0.037988883	-2.4093358e-17	-6.5686604e-17	6.6205935e-17	-5.8701497e-18	0	-1.874254e-17
3.600099999998479e-10	4.044953e-08	-6.311705e-09	-0.01154949	0.03823186	-2.411681e-17	-6.63919e-17	6.6937566e-17	-5.8975877e-18	0	-1.8764882e-17
3.7000999999983027e-10	3.9463327e-08	-3.2772314e-09	-0.013032614	0.038453776	-2.4134475e-17	-6.6943436e-17	6.7511127e-17	-5.922032e-18	0	-1.8780135e-17
3.8000999999981266e-10	3.940264e-08	1.2137894e-09	-0.013895561	0.038649194	-2.4147973e-17	-6.7343235e-17	6.792855e-17	-5.9429883e-18	0	-1.8790296e-17
3.9000999999979505e-10	3.743023e-08	4.9765365e-09	-0.0141459	0.038812146	-2.4158435e-17	-6.7604075e-17	6.82027e-17	-5.960132e-18	0	-1.8796925e-17
4.0000999999977743e-10	3.6307476e-08	8.739284e-09	-0.01382955	0.038937517	-2.4166719e-17	-6.774473e-17	6.8352515e-17	-5.973391e-18	0	-1.8801114e-17
4.100099999997598e-10	3.5336445e-08	1.3533752e-08	-0.013023749	0.039021716	-2.4173495e-17	-6.7785585e-17	6.8398566e-17	-5.982937e-18	0	-1.8803536e-17
4.200099999997422e-10	3.743023e-08	1.5597193e-08	-0.011827609	0.039063327	-2.4179297e-17	-6.7745556e-17	6.835996e-17	-5.9891268e-18	0	-1.8804575e-17
4.300099999997246e-10	3.686885e-08	1.7842703e-08	-0.01035136	0.039062817	-2.4184594e-17	-6.764025e-17	6.825254e-17	-5.9924123e-18	0	-1.8804467e-17
4.40009999999707e-10	3.516955e-08	1.9724077e-08	-0.008705946	0.03902243	-2.4189774e-17	-6.748141e-17	6.8088313e-17	-5.9932697e-18	0	-1.8803413e-17
4.5000999999968937e-10	3.7672987e-08	2.2333724e-08	-0.006994694	0.038946025	-2.4195167e-17	-6.727723e-17	6.787585e-17	-5.992155e-18	0	-1.8801622e-17
4.6000999999967176e-10	3.641368e-08	2.4275788e-08	-0.0053069666	0.038838793	-2.4200994e-17	-6.703346e-17	6.76213e-17	-5.9894787e-18	0	-1.8799355e-17
4.700099999996541e-10	3.6747473e-08	2.512544e-08	-0.0037132113	0.038706783	-2.420736e-17	-6.675445e-17	6.732959e-17	-5.9856063e-18	0	-1.8796897e-17
4.800099999996365e-10	3.5928167e-08	2.9252323e-08	-0.0022641227	0.038556326	-2.4214344e-17	-6.6444335e-17	6.700539e-17	-5.9808682e-18	0	-1.8794531e-17
4.900099999996189e-10	3.492679e-08	3.0708872e-08	-0.000991797	0.03839369	-2.4221901e-17	-6.61077e-17	6.6653856e-17	-5.9755478e-18	0	-1.8792505e-17
5.000099999996013e-10	3.51392e-08	2.985922e-08	8.8105575e-05	0.03822469	-2.422992e-17	-6.575001e-17	6.6281e-17	-5.969897e-18	0	-1.8791009e-17
5.100099999995837e-10	3.6383337e-08	3.064818e-08	0.00097319105	0.03805435	-2.4238278e-17	-6.5377676e-17	6.589365e-17	-5.964113e-18	0	-1.8790142e-17
5.200099999995661e-10	3.705092e-08	2.8402672e-08	0.0016707653	0.037886865	-2.4246844e-17	-6.4997735e-17	6.549919e-17	-5.9583495e-18	0	-1.8789947e-17
5.300099999995485e-10	3.6565407e-08	2.6824745e-08	0.0021946342	0.03772574	-2.4255415e-17	-6.4617483e-17	6.5105156e-17	-5.9527044e-18	0	-1.8790384e-17
5.400099999995309e-10	3.774885e-08	2.7128193e-08	0.0025622777	0.037573405	-2.4263846e-17	-6.424401e-17	6.4718763e-17	-5.94724e-18	0	-1.8791363e-17
5.500099999995133e-10	3.6808164e-08	2.5307509e-08	0.0027925626	0.037431564	-2.4271992e-17	-6.388373e-17	6.43465e-17	-5.9419853e-18	0	-1.8792774e-17
5.600099999994956e-10	3.6474372e-08	2.2090967e-08	0.0029046445	0.037301242	-2.4279738e-17	-6.3542036e-17	6.399374e-17	-5.9369544e-18	0	-1.8794482e-17
5.70009999999478e-10	3.6352994e-08	2.011856e-08	0.0029170634	0.037182875	-2.4286944e-17	-6.322297e-17	6.366454e-17	-5.9321522e-18	0	-1.8796358e-17
5.800099999994604e-10	3.6049546e-08	1.7296498e-08	0.002847631	0.037076447	-2.4293595e-17	-6.292922e-17	6.33615e-17	-5.9275874e-18	0	-1.8798285e-17
5.900099999994428e-10	3.6686785e-08	1.5354436e-08	0.002713122	0.036981616	-2.4299623e-17	-6.266204e-17	6.3085856e-17	-5.923269e-18	0	-1.8800164e-17
6.000099999994252e-10	3.5290928e-08	1.025652e-08	0.0025293527	0.036897868	-2.430501e-17	-6.2421464e-17	6.28376e-17	-5.919218e-18	0	-1.8801925e-17
6.100099999994076e-10	3.550334e-08	7.828942e-09	0.00231126	0.036824554	-2.4309765e-17	-6.220655e-17	6.261576e-17	-5.9154564e-18	0	-1.8803516e-17
6.2000999999939e-10	3.6352994e-08	4.157229e-09	0.002072674	0.036761038	-2.4313938e-17	-6.201558e-17	6.241857e-17	-5.912013e-18	0	-1.8804916e-17
6.300099999993724e-10	3.7263334e-08	3.0344735e-10	0.0018262346	0.03670686	-2.431756e-17	-6.1846395e-17	6.2243865e-17	-5.908908e-18	0	-1.8806125e-17
6.400099999993547e-10	3.750609e-08	-1.8813735e-09	0.0015831741	0.036661454	-2.4320688e-17	-6.16967e-17	6.208932e-17	-5.9061622e-18	0	-1.880714e-17
6.500099999993371e-10	3.3682657e-08	-2.7006815e-09	0.0013533377	0.036624372	-2.4323398e-17	-6.156433e-17	6.195271e-17	-5.903786e-18	0	-1.8807991e-17
6.600099999993195e-10	3.1315768e-08	-5.0372257e-09	0.0011449332	0.036595255	-2.4325739e-17	-6.14473e-17	6.1832035e-17	-5.901783e-18	0	-1.8808697e-17
6.700099999993019e-10	2.9464736e-08	-3.7020575e-09	0.0009644647	0.036573704	-2.4327754e-17	-6.134401e-17	6.1725686e-17	-5.9001486e-18	0	-1.8809278e-17
6.800099999992843e-10	2.6794401e-08	-6.159981e-09	0.0008166748	0.036559395	-2.4329547e-17	-6.125329e-17	6.163238e-17	-5.8988706e-18	0	-1.880977e-17
6.900099999992667e-10	2.7037158e-08	-8.0717e-09	0.00070452096	0.036551952	-2.433113e-17	-6.117425e-17	6.155124e-17	-5.8979343e-18	0	-1.8810183e-17
7.000099999992491e-10	2.5095096e-08	-9.10342e-09	0.0006292793	0.036551002	-2.4332575e-17	-6.110637e-17	6.1481655e-17	-5.897319e-18	0	-1.881054e-17
7.100099999992315e-10	2.4154408e-08	-1.12882415e-08	0.0005905413	0.036556136	-2.43339e-17	-6.10493e-17	6.142325e-17	-5.897e-18	0	-1.8810858e-17
7.200099999992138e-10	2.5732335e-08	-9.831694e-09	0.0005864251	0.03656689	-2.4335134e-17	-6.1002803e-17	6.137577e-17	-5.8969565e-18	0	-1.881114e-17
7.300099999991962e-10	2.325924e-08	-7.313081e-09	0.0006137954	0.036582764	-2.4336319e-17	-6.0966685e-17	6.133893e-17	-5.897159e-18	0	-1.88114e-17
7.400099999991786e-10	2.1817865e-08	-9.042731e-09	0.0006684483	0.03660325	-2.4337444e-17	-6.0940646e-17	6.131243e-17	-5.897583e-18	0	-1.8811642e-17
7.50009999999161e-10	2.108959e-08	-1.0347555e-08	0.0007453922	0.03662779	-2.4338547e-17	-6.0924314e-17	6.129584e-17	-5.8981994e-18	0	-1.8811875e-17
7.600099999991434e-10	2.069511e-08	-1.06813465e-08	0.00083911844	0.03665582	-2.433962e-17	-6.091712e-17	6.128858e-17	-5.8989802e-18	0	-1.8812099e-17
7.700099999991258e-10	1.9784768e-08	-1.0013762e-08	0.0009438454	0.036686767	-2.4340675e-17	-6.091838e-17	6.128992e-17	-5.8998963e-18	0	-1.8812317e-17
7.800099999991082e-10	1.9299252e-08	-1.06813465e-08	0.0010537505	0.036720056	-2.434169e-17	-6.0927225e-17	6.1298994e-17	-5.900919e-18	0	-1.8812537e-17
7.900099999990906e-10	1.9026148e-08	-8.041354e-09	0.001163309	0.03675512	-2.4342696e-17	-6.0942644e-17	6.131473e-17	-5.90202e-18	0	-1.881276e-17
8.00009999999073e-10	1.9724077e-08	-9.437213e-09	0.0012673563	0.03679142	-2.4343662e-17	-6.096351e-17	6.1336e-17	-5.903169e-18	0	-1.8812984e-17
8.100099999990553e-10	2.1423382e-08	-8.617905e-09	0.001361474	0.03682842	-2.4344602e-17	-6.098869e-17	6.136163e-17	-5.9043383e-18	0	-1.8813212e-17
8.200099999990377e-10	2.0270283e-08	-7.3737705e-09	0.001441816	0.036865648	-2.4345492e-17	-6.101695e-17	6.139041e-17	-5.9055038e-18	0	-1.8813445e-17
8.300099999990201e-10	1.7994427e-08	-4.491021e-09	0.0015056239	0.036902603	-2.4346359e-17	-6.104719e-17	6.1421165e-17	-5.906642e-18	0	-1.8813685e-17
8.400099999990025e-10	1.6674433e-08	-2.1241313e-09	0.0015510938	0.036938883	-2.4347161e-17	-6.1078275e-17	6.1452776e-17	-5.9077326e-18	0	-1.8813925e-17
8.500099999989849e-10	1.5991676e-08	-2.6096472e-09	0.0015772971	0.036974106	-2.4347927e-17	-6.110921e-17	6.148421e-17	-5.908759e-18	0	-1.8814168e-17
8.600099999989673e-10	1.6568226e-08	-1.7296499e-09	0.0015841323	0.03700795	-2.4348645e-17	-6.11391e-17	6.1514577e-17	-5.9097067e-18	0	-1.881441e-17
8.700099999989497e-10	1.7144774e-08	-1.0924105e-09	0.001572274	0.037040137	-2.4349314e-17	-6.1167174e-17	6.154307e-17	-5.910567e-18	0	-1.8814645e-17
8.800099999989321e-10	1.5293747e-08	-3.095163e-09	0.0015430507	0.037070442	-2.4349936e-17	-6.1192764e-17	6.156904e-17	-5.911331e-18	0	-1.8814873e-17
8.900099999989144e-10	1.4656507e-08	-5.6744653e-09	0.0014984958	0.03709872	-2.4350503e-17	-6.121537e-17	6.1591954e-17	-5.9119955e-18	0	-1.881509e-17
9.000099999988968e-10	1.596133e-08	-7.464805e-09	0.0014409908	0.037124854	-2.4351024e-17	-6.1234586e-17	6.161142e-17	-5.9125584e-18	0	-1.8815297e-17
9.100099999988792e-10	1.4777886e-08	-6.5848074e-09	0.0013733065	0.03714876	-2.43515e-17	-6.1250163e-17	6.1627166e-17	-5.9130216e-18	0	-1.8815484e-17
9.200099999988616e-10	1.4686852e-08	-4.8551576e-09	0.001298403	0.03717043	-2.4351936e-17	-6.126195e-17	6.163906e-17	-5.913386e-18	0	-1.8815656e-17
9.30009999998844e-10	1.5263401e-08	-5.462052e-09	0.0012192167	0.037189852	-2.4352336e-17	-6.126993e-17	6.1647065e-17	-5.9136573e-18	0	-1.881581e-17
9.400099999989161e-10	1.4322715e-08	-7.282736e-09	0.0011386742	0.037207104	-2.4352697e-17	-6.1274185e-17	6.165127e-17	-5.9138405e-18	0	-1.8815942e-17
9.50009999999002e-10	1.4595817e-08	-8.375147e-09	0.00105948	0.037222244	-2.4353028e-17	-6.127485e-17	6.165183e-17	-5.913943e-18	0	-1.881606e-17
9.600099999990877e-10	1.3746165e-08	-8.375147e-09	0.0009841458	0.037235368	-2.4353326e-17	-6.127218e-17	6.1648984e-17	-5.9139716e-18	0	-1.8816157e-17
9.700099999991735e-10	1.550616e-08	-7.980665e-09	0.0009148167	0.037246585	-2.4353608e-17	-6.1266456e-17	6.164302e-17	-5.9139352e-18	0	-1.881624e-17
9.800099999992593e-10	1.5233057e-08	-9.1641095e-09	0.0008532057	0.037256043	-2.435386e-17	-6.1257985e-17	6.1634266e-17	-5.9138418e-18	0	-1.8816306e-17
9.90009999999345e-10	1.4504783e-08	-9.346178e-09	0.00080060615	0.037263867	-2.4354088e-17	-6.124712e-17	6.162308e-17	-5.9136987e-18	0	-1.881636e-17
1.0000099999994308e-09	1.4444094e-08	-9.10342e-09	0.0007580493	0.037270203	-2.4354307e-17	-6.123421e-17	6.1609815e-17	-5.913513e-18	0	-1.8816402e-17
1.0100099999995166e-09	1.5020644e-08	-1.0135142e-08	0.000725915	0.03727518	-2.4354505e-17	-6.1219584e-17	6.159481e-17	-5.9132938e-18	0	-1.8816438e-17
1.0200099999996024e-09	1.4353059e-08	-7.404115e-09	0.0007043337	0.037278976	-2.4354689e-17	-6.120359e-17	6.1578415e-17	-5.913046e-18	0	-1.8816466e-17
1.0300099999996882e-09	1.3230304e-08	-8.162734e-09	0.0006930077	0.03728172	-2.4354854e-17	-6.1186537e-17	6.156095e-17	-5.9127776e-18	0	-1.8816488e-17
1.040009999999774e-09	1.3958578e-08	-7.768252e-09	0.00069140224	0.03728352	-2.435502e-17	-6.1168736e-17	6.154272e-17	-5.912493e-18	0	-1.8816513e-17
1.0500099999998598e-09	1.3169615e-08	-8.223423e-09	0.00069882785	0.03728457	-2.435516e-17	-6.115045e-17	6.152402e-17	-5.912199e-18	0	-1.8816528e-17
1.0600099999999456e-09	1.1713068e-08	-9.346178e-09	0.00071416906	0.037284948	-2.43553e-17	-6.113191e-17	6.1505054e-17	-5.9119e-18	0	-1.8816549e-17
1.0700000000000313e-09	1.1622033e-08	-1.05296225e-08	0.0007362414	0.037284788	-2.435543e-17	-6.111334e-17	6.1486075e-17	-5.9115984e-18	0	-1.8816567e-17
1.080000000000117e-09	1.0954449e-08	-9.649626e-09	0.0007638428	0.03728418	-2.4355547e-17	-6.1094865e-17	6.14672e-17	-5.9112974e-18	0	-1.8816587e-17
1.0900000000002028e-09	1.0286865e-08	-9.922728e-09	0.0007957754	0.037283212	-2.4355655e-17	-6.107669e-17	6.144864e-17	-5.9110016e-18	0	-1.881661e-17
1.1000000000002886e-09	1.0954449e-08	-8.830318e-09	0.0008306706	0.037281968	-2.4355762e-17	-6.10589e-17	6.143048e-17	-5.9107113e-18	0	-1.8816635e-17
1.1100000000003744e-09	8.344802e-09	-9.528247e-09	0.00086735835	0.037280537	-2.4355853e-17	-6.104162e-17	6.141286e-17	-5.9104313e-18	0	-1.881666e-17
1.1200000000004602e-09	9.679971e-09	-1.0317209e-08	0.0009047059	0.03727897	-2.4355936e-17	-6.102495e-17	6.139586e-17	-5.9101587e-18	0	-1.8816686e-17
1.130000000000546e-09	8.193078e-09	-9.2248e-09	0.0009415857	0.037277345	-2.4356014e-17	-6.100895e-17	6.1379554e-17	-5.9099e-18	0	-1.8816716e-17
1.1400000000006318e-09	7.313081e-09	-9.255144e-09	0.0009770399	0.037275698	-2.4356093e-17	-6.099369e-17	6.136399e-17	-5.9096513e-18	0	-1.8816748e-17
1.1500000000007175e-09	7.95032e-09	-9.922728e-09	0.0010103266	0.037274085	-2.4356161e-17	-6.09792e-17	6.1349227e-17	-5.909415e-18	0	-1.8816779e-17
1.1600000000008033e-09	4.2482626e-09	-1.06813465e-08	0.0010406852	0.037272535	-2.4356224e-17	-6.0965514e-17	6.13353e-17	-5.909192e-18	0	-1.8816807e-17
1.1700000000008891e-09	2.7006815e-09	-1.1075828e-08	0.0010677801	0.0372711	-2.4356272e-17	-6.095269e-17	6.132223e-17	-5.9089817e-18	0	-1.8816835e-17
1.1800000000009749e-09	2.852405e-09	-1.0620657e-08	0.0010911612	0.037269782	-2.4356325e-17	-6.0940725e-17	6.1310045e-17	-5.908785e-18	0	-1.8816865e-17
1.1900000000010607e-09	2.4579234e-09	-1.21985835e-08	0.0011106855	0.037268624	-2.4356386e-17	-6.092964e-17	6.129874e-17	-5.9086003e-18	0	-1.8816893e-17
1.2000000000011465e-09	2.1544762e-09	-1.1530999e-08	0.0011263354	0.03726762	-2.4356416e-17	-6.091942e-17	6.1288346e-17	-5.90843e-18	0	-1.8816918e-17
1.2100000000012322e-09	1.942063e-09	-1.2107549e-08	0.001138189	0.037266787	-2.435646e-17	-6.091005e-17	6.1278804e-17	-5.9082728e-18	0	-1.8816943e-17
1.220000000001318e-09	2.3668894e-09	-1.25020305e-08	0.0011462899	0.037266113	-2.4356485e-17	-6.0901523e-17	6.127013e-17	-5.9081268e-18	0	-1.8816963e-17
1.2300000000014038e-09	2.6703366e-09	-1.2775133e-08	0.0011510004	0.03726561	-2.4356527e-17	-6.089382e-17	6.1262273e-17	-5.9079944e-18	0	-1.8816983e-17
1.2400000000014896e-09	3.762747e-09	-1.1166862e-08	0.0011525233	0.037265263	-2.4356553e-17	-6.088689e-17	6.125521e-17	-5.9078745e-18	0	-1.8816999e-17
1.2500000000015754e-09	2.731026e-09	-1.0863415e-08	0.001151217	0.037265062	-2.4356585e-17	-6.088072e-17	6.124892e-17	-5.907765e-18	0	-1.8817017e-17
1.2600000000016612e-09	2.8220604e-09	-1.18951355e-08	0.0011474533	0.037265	-2.4356601e-17	-6.087524e-17	6.1243334e-17	-5.907666e-18	0	-1.881703e-17
1.270000000001747e-09	3.914471e-09	-1.2319962e-08	0.0011417408	0.03726506	-2.435663e-17	-6.087043e-17	6.1238424e-17	-5.9075767e-18	0	-1.8817042e-17
1.2800000000018327e-09	3.97516e-09	-1.1864791e-08	0.0011345827	0.03726521	-2.4356652e-17	-6.086622e-17	6.1234116e-17	-5.9074985e-18	0	-1.8817052e-17
1.2900000000019185e-09	4.03585e-09	-1.0347555e-08	0.0011261922	0.03726546	-2.4356672e-17	-6.086257e-17	6.123039e-17	-5.907428e-18	0	-1.8817065e-17
1.3000000000020043e-09	1.1834447e-09	-1.0590313e-08	0.001117116	0.037265774	-2.4356692e-17	-6.0859417e-17	6.122717e-17	-5.9073654e-18	0	-1.8817073e-17
1.3100000000020901e-09	1.2441341e-09	-9.285489e-09	0.0011077207	0.037266143	-2.4356695e-17	-6.085672e-17	6.122442e-17	-5.9073116e-18	0	-1.8817082e-17
1.3200000000021759e-09	-4.2482629e-10	-1.0863415e-08	0.0010982491	0.037266534	-2.4356712e-17	-6.0854434e-17	6.122208e-17	-5.9072636e-18	0	-1.881709e-17
1.3300000000022617e-09	1.1531e-09	-1.147031e-08	0.0010889155	0.037266932	-2.4356719e-17	-6.085252e-17	6.122011e-17	-5.9072206e-18	0	-1.8817093e-17
1.3400000000023475e-09	6.068947e-11	-1.077238e-08	0.0010800505	0.037267327	-2.4356737e-17	-6.085087e-17	6.121841e-17	-5.9071838e-18	0	-1.88171e-17
1.3500000000024332e-09	2.4275787e-10	-1.0347555e-08	0.0010718794	0.037267707	-2.4356748e-17	-6.084947e-17	6.121698e-17	-5.907152e-18	0	-1.8817108e-17
1.360000000002519e-09	-6.6758415e-10	-9.528247e-09	0.0010644911	0.037268043	-2.4356762e-17	-6.08483e-17	6.121577e-17	-5.9071226e-18	0	-1.8817112e-17
1.3700000000026048e-09	-8.4965257e-10	-1.0802726e-08	0.0010580554	0.037268322	-2.4356768e-17	-6.084728e-17	6.121473e-17	-5.9070957e-18	0	-1.8817117e-17
1.3800000000026906e-09	-2.184821e-09	-9.831694e-09	0.0010524753	0.037268553	-2.4356783e-17	-6.0846393e-17	6.12138e-17	-5.907072e-18	0	-1.881712e-17
1.3900000000027764e-09	-2.3062e-09	-1.0377899e-08	0.0010479752	0.037268694	-2.4356777e-17	-6.084562e-17	6.121302e-17	-5.907052e-18	0	-1.8817126e-17
1.4000000000028622e-09	-1.2137893e-10	-9.679971e-09	0.0010446452	0.037268758	-2.435679e-17	-6.084494e-17	6.121231e-17	-5.9070316e-18	0	-1.881713e-17
1.410000000002948e-09	-7.889631e-10	-8.7089385e-09	0.0010421387	0.037268743	-2.4356801e-17	-6.084432e-17	6.121167e-17	-5.9070126e-18	0	-1.8817135e-17
1.4200000000030337e-09	-9.10342e-10	-8.405491e-09	0.0010403738	0.03726862	-2.4356806e-17	-6.0843713e-17	6.1211034e-17	-5.9069948e-18	0	-1.8817136e-17
1.4300000000031195e-09	-7.586184e-10	-1.0499278e-08	0.0010395402	0.03726839	-2.4356815e-17	-6.08431e-17	6.1210406e-17	-5.9069786e-18	0	-1.8817141e-17
1.4400000000032053e-09	-2.5793023e-09	-1.0438589e-08	0.0010394938	0.037268035	-2.4356816e-17	-6.084249e-17	6.120978e-17	-5.906961e-18	0	-1.8817143e-17
1.450000000003291e-09	-1.5779262e-09	-1.2441341e-08	0.0010401935	0.037267562	-2.4356816e-17	-6.0841874e-17	6.120915e-17	-5.906945e-18	0	-1.8817146e-17
1.4600000000033769e-09	-7.889631e-10	-1.140962e-08	0.0010412994	0.037266992	-2.4356831e-17	-6.084124e-17	6.120849e-17	-5.9069278e-18	0	-1.8817151e-17
1.4700000000034627e-09	2.1241314e-10	-1.09847935e-08	0.0010428597	0.03726631	-2.435683e-17	-6.084056e-17	6.120779e-17	-5.9069104e-18	0	-1.8817151e-17
1.4800000000035485e-09	5.4620525e-10	-1.025652e-08	0.001044732	0.037265517	-2.4356838e-17	-6.083984e-17	6.120705e-17	-5.9068934e-18	0	-1.8817155e-17
1.4900000000036342e-09	-4.2482629e-10	-1.077238e-08	0.0010467313	0.037264623	-2.435683e-17	-6.0839074e-17	6.120627e-17	-5.9068752e-18	0	-1.8817158e-17
1.50000000000372e-09	-1.3351683e-09	-1.0924104e-08	0.0010488328	0.03726363	-2.4356833e-17	-6.083827e-17	6.120544e-17	-5.906856e-18	0	-1.881716e-17
1.5100000000038058e-09	3.0344735e-10	-1.00744515e-08	0.0010510618	0.037262548	-2.4356843e-17	-6.0837447e-17	6.12046e-17	-5.9068384e-18	0	-1.8817161e-17
1.5200000000038916e-09	1.6386157e-09	-8.526871e-09	0.0010531765	0.037261385	-2.4356846e-17	-6.083661e-17	6.120375e-17	-5.9068202e-18	0	-1.8817163e-17
1.5300000000039774e-09	2.5793023e-09	-7.980665e-09	0.0010551802	0.037260137	-2.4356846e-17	-6.0835746e-17	6.120287e-17	-5.906803e-18	0	-1.8817163e-17
1.5400000000040632e-09	1.608271e-09	-7.646873e-09	0.0010570396	0.037258796	-2.4356851e-17	-6.0834846e-17	6.120194e-17	-5.906784e-18	0	-1.8817168e-17
1.550000000004149e-09	3.9448156e-10	-7.404115e-09	0.0010587941	0.03725739	-2.4356853e-17	-6.0833886e-17	6.120096e-17	-5.9067644e-18	0	-1.8817168e-17
1.5600000000042347e-09	-3.0344734e-11	-8.132389e-09	0.0010603425	0.037255917	-2.4356853e-17	-6.08329e-17	6.119996e-17	-5.906745e-18	0	-1.8817168e-17
1.5700000000043205e-09	3.641368e-10	-7.677218e-09	0.0010616457	0.037254386	-2.4356853e-17	-6.0831895e-17	6.119893e-17	-5.9067255e-18	0	-1.881717e-17
1.5800000000044063e-09	6.068947e-11	-6.9185995e-09	0.001062715	0.0372528	-2.4356863e-17	-6.083089e-17	6.11979e-17	-5.9067053e-18	0	-1.8817171e-17
1.590000000004492e-09	-1.2137894e-09	-7.919976e-09	0.001063542	0.037251163	-2.435686e-17	-6.082987e-17	6.1196867e-17	-5.9066854e-18	0	-1.8817171e-17
1.6000000000045779e-09	-2.1241313e-09	-7.1613573e-09	0.0010641916	0.037249487	-2.4356866e-17	-6.0828844e-17	6.119582e-17	-5.9066672e-18	0	-1.8817173e-17
1.6100000000046637e-09	-1.5779262e-09	-8.162734e-09	0.0010646414	0.037247777	-2.435687e-17	-6.082787e-17	6.1194815e-17	-5.9066474e-18	0	-1.8817171e-17
1.6200000000047495e-09	-1.3958578e-09	-8.193078e-09	0.0010650179	0.037246026	-2.4356864e-17	-6.0826905e-17	6.119384e-17	-5.906629e-18	0	-1.8817171e-17
1.6300000000048352e-09	-6.068947e-11	-7.95032e-09	0.0010653064	0.037244234	-2.4356872e-17	-6.0825965e-17	6.1192876e-17	-5.90661e-18	0	-1.8817171e-17
1.640000000004921e-09	8.1930784e-10	-7.919976e-09	0.001065501	0.037242424	-2.4356872e-17	-6.082505e-17	6.119194e-17	-5.9065928e-18	0	-1.8817171e-17
1.6500000000050068e-09	4.2482629e-10	-7.828942e-09	0.0010655668	0.037240576	-2.435687e-17	-6.082415e-17	6.1191017e-17	-5.906574e-18	0	-1.8817171e-17
1.6600000000050926e-09	6.6758415e-10	-8.405491e-09	0.001065701	0.037238713	-2.4356879e-17	-6.082327e-17	6.119012e-17	-5.9065584e-18	0	-1.8817171e-17
1.6700000000051784e-09	-3.0344735e-10	-8.466181e-09	0.0010657789	0.037236836	-2.4356876e-17	-6.082243e-17	6.118927e-17	-5.9065427e-18	0	-1.8817171e-17
1.6800000000052642e-09	-1.5172368e-10	-8.0717e-09	0.0010658454	0.037234962	-2.4356872e-17	-6.082163e-17	6.1188456e-17	-5.9065282e-18	0	-1.881717e-17
1.69000000000535e-09	2.7310262e-10	-9.10342e-09	0.0010659851	0.03723306	-2.4356877e-17	-6.082088e-17	6.118769e-17	-5.906515e-18	0	-1.8817171e-17
1.7000000000054357e-09	1.1227552e-09	-7.95032e-09	0.0010661058	0.03723115	-2.4356877e-17	-6.082019e-17	6.118698e-17	-5.906502e-18	0	-1.8817171e-17
1.7100000000055215e-09	-6.068947e-11	-8.0717e-09	0.0010661477	0.03722924	-2.4356884e-17	-6.081955e-17	6.118633e-17	-5.90649e-18	0	-1.8817173e-17
1.7200000000056073e-09	-2.4275787e-10	-1.0135142e-08	0.0010661515	0.03722733	-2.4356879e-17	-6.081896e-17	6.1185736e-17	-5.906479e-18	0	-1.8817176e-17
1.730000000005693e-09	-1.6386157e-09	-8.0717e-09	0.0010661482	0.037225414	-2.4356886e-17	-6.081844e-17	6.11852e-17	-5.90647e-18	0	-1.8817176e-17
1.7400000000057789e-09	-2.3668894e-09	-6.4634285e-09	0.0010660632	0.0372235	-2.4356897e-17	-6.0817965e-17	6.1184704e-17	-5.9064617e-18	0	-1.8817176e-17
1.7500000000058647e-09	-3.428955e-09	-6.372394e-09	0.0010659622	0.037221592	-2.4356889e-17	-6.081753e-17	6.1184274e-17	-5.9064534e-18	0	-1.8817176e-17
1.7600000000059504e-09	-2.8220604e-09	-5.7654996e-09	0.001065926	0.037219677	-2.4356894e-17	-6.081714e-17	6.118386e-17	-5.906445e-18	0	-1.8817176e-17
1.7700000000060362e-09	-2.2151656e-09	-7.1310127e-09	0.0010659348	0.037217777	-2.4356899e-17	-6.081677e-17	6.1183486e-17	-5.9064385e-18	0	-1.8817176e-17
1.780000000006122e-09	-7.586184e-10	-7.464805e-09	0.0010659827	0.037215874	-2.4356897e-17	-6.081643e-17	6.118314e-17	-5.906432e-18	0	-1.8817176e-17
1.7900000000062078e-09	0	-7.95032e-09	0.0010661008	0.037213963	-2.4356896e-17	-6.08161e-17	6.1182804e-17	-5.9064265e-18	0	-1.8817176e-17
1.8000000000062936e-09	1.9117183e-09	-8.951696e-09	0.0010662351	0.03721205	-2.4356897e-17	-6.081578e-17	6.1182474e-17	-5.9064203e-18	0	-1.8817176e-17
1.8100000000063794e-09	3.5806786e-09	-9.042731e-09	0.0010664157	0.037210155	-2.4356896e-17	-6.0815477e-17	6.1182176e-17	-5.906415e-18	0	-1.8817176e-17
1.8200000000064652e-09	4.7034336e-09	-9.710315e-09	0.0010666557	0.03720825	-2.4356899e-17	-6.08152e-17	6.1181885e-17	-5.90641e-18	0	-1.8817176e-17
1.830000000006551e-09	3.1255076e-09	-1.0317209e-08	0.0010669174	0.037206344	-2.4356909e-17	-6.081494e-17	6.118162e-17	-5.906405e-18	0	-1.8817178e-17
1.8400000000066367e-09	5.4923968e-09	-9.862038e-09	0.0010672092	0.037204448	-2.4356897e-17	-6.0814696e-17	6.1181375e-17	-5.9064004e-18	0	-1.8817176e-17
1.8500000000067225e-09	4.7186064e-09	-9.710315e-09	0.0010674896	0.037202556	-2.4356907e-17	-6.081447e-17	6.118114e-17	-5.906395e-18	0	-1.8817178e-17
1.8600000000068083e-09	4.7337787e-09	-1.1075828e-08	0.0010677535	0.037200652	-2.4356904e-17	-6.081425e-17	6.118092e-17	-5.906392e-18	0	-1.8817178e-17
1.870000000006742e-09	4.339297e-09	-8.860662e-09	0.0010679835	0.037198756	-2.4356912e-17	-6.0814054e-17	6.118071e-17	-5.906388e-18	0	-1.8817176e-17
1.880000000006621e-09	4.5820547e-09	-9.801349e-09	0.0010681468	0.03719686	-2.4356909e-17	-6.0813855e-17	6.1180515e-17	-5.9063843e-18	0	-1.8817176e-17
1.8900000000065e-09	2.0330972e-09	-8.617905e-09	0.0010682504	0.037194964	-2.4356917e-17	-6.081369e-17	6.118033e-17	-5.9063806e-18	0	-1.8817178e-17
1.900000000006379e-09	4.2482629e-10	-7.0399784e-09	0.0010683034	0.037193075	-2.435691e-17	-6.081353e-17	6.118017e-17	-5.9063777e-18	0	-1.8817176e-17
1.910000000006258e-09	-2.2455104e-09	-8.0717e-09	0.001068342	0.037191182	-2.4356909e-17	-6.081337e-17	6.118001e-17	-5.9063752e-18	0	-1.8817176e-17
1.920000000006137e-09	-2.7917155e-09	-7.525494e-09	0.0010683523	0.037189286	-2.4356917e-17	-6.081324e-17	6.117987e-17	-5.9063727e-18	0	-1.8817176e-17
1.930000000006016e-09	-4.3999866e-09	-7.737907e-09	0.0010683425	0.037187386	-2.4356917e-17	-6.0813114e-17	6.117974e-17	-5.9063703e-18	0	-1.8817176e-17
1.940000000005895e-09	-4.3089523e-09	-7.282736e-09	0.0010683526	0.037185494	-2.4356919e-17	-6.0813e-17	6.117963e-17	-5.9063686e-18	0	-1.8817176e-17
1.950000000005774e-09	-6.85791e-09	-5.856534e-09	0.0010683563	0.0371836	-2.4356917e-17	-6.0812896e-17	6.117952e-17	-5.906366e-18	0	-1.8817176e-17
1.960000000005653e-09	-7.8592866e-09	-5.917223e-09	0.0010683613	0.03718171	-2.4356919e-17	-6.08128e-17	6.117942e-17	-5.9063645e-18	0	-1.8817176e-17
1.9700000000055318e-09	-9.315833e-09	-6.766876e-09	0.0010683527	0.03717982	-2.4356917e-17	-6.0812704e-17	6.1179324e-17	-5.906363e-18	0	-1.8817176e-17
1.9800000000054108e-09	-7.768252e-09	-5.2192943e-09	0.0010683532	0.03717793	-2.4356932e-17	-6.0812605e-17	6.117922e-17	-5.906361e-18	0	-1.8817176e-17
1.9900000000052898e-09	-8.193078e-09	-3.1255076e-09	0.0010683336	0.037176024	-2.4356932e-17	-6.081252e-17	6.117912e-17	-5.9063603e-18	0	-1.8817176e-17
2.0000000000051688e-09	-7.3737705e-09	-4.1268837e-09	0.001068309	0.03717413	-2.4356932e-17	-6.0812426e-17	6.1179026e-17	-5.9063583e-18	0	-1.8817176e-17
2.0100000000050478e-09	-4.430331e-09	-5.12826e-09	0.0010682932	0.037172228	-2.4356932e-17	-6.0812333e-17	6.117893e-17	-5.9063574e-18	0	-1.8817176e-17
2.0200000000049267e-09	-3.4592997e-09	-3.1558525e-09	0.0010682965	0.03717033	-2.435693e-17	-6.081225e-17	6.117885e-17	-5.9063554e-18	0	-1.8817176e-17
2.0300000000048057e-09	-2.5186129e-09	-4.1268837e-09	0.0010683147	0.037168425	-2.4356937e-17	-6.081217e-17	6.1178755e-17	-5.906354e-18	0	-1.8817176e-17
2.0400000000046847e-09	-3.4592997e-09	-7.1613573e-09	0.0010683138	0.03716653	-2.435694e-17	-6.081208e-17	6.1178675e-17	-5.9063533e-18	0	-1.8817178e-17
2.0500000000045637e-09	-3.7020575e-09	-6.85791e-09	0.0010683241	0.037164636	-2.4356937e-17	-6.0812e-17	6.1178596e-17	-5.9063516e-18	0	-1.881718e-17
2.0600000000044427e-09	-6.0234298e-09	-8.435836e-09	0.0010683618	0.037162732	-2.435694e-17	-6.081192e-17	6.117851e-17	-5.9063512e-18	0	-1.8817178e-17
2.0700000000043217e-09	-5.462052e-09	-9.10342e-09	0.0010684249	0.037160847	-2.4356935e-17	-6.0811844e-17	6.117843e-17	-5.9063496e-18	0	-1.8817178e-17
2.0800000000042007e-09	-5.1889497e-09	-8.830318e-09	0.0010685202	0.03715895	-2.4356944e-17	-6.0811764e-17	6.1178344e-17	-5.906349e-18	0	-1.881718e-17
2.0900000000040797e-09	-8.860662e-09	-5.522742e-09	0.0010686344	0.037157055	-2.4356947e-17	-6.0811685e-17	6.117826e-17	-5.9063475e-18	0	-1.8817178e-17
2.1000000000039587e-09	-7.737907e-09	-4.0661945e-09	0.0010687447	0.037155155	-2.4356939e-17	-6.081159e-17	6.117817e-17	-5.9063454e-18	0	-1.881718e-17
2.1100000000038377e-09	-4.0661945e-09	-6.736531e-09	0.0010688576	0.037153263	-2.4356947e-17	-6.081151e-17	6.1178086e-17	-5.906345e-18	0	-1.8817178e-17
2.1200000000037166e-09	-3.641368e-09	-8.830318e-09	0.0010689775	0.037151374	-2.4356949e-17	-6.081142e-17	6.1178e-17	-5.906343e-18	0	-1.8817178e-17
2.1300000000035956e-09	-3.2468865e-09	-8.314458e-09	0.0010690978	0.03714949	-2.4356949e-17	-6.081134e-17	6.1177914e-17	-5.9063413e-18	0	-1.8817178e-17
2.1400000000034746e-09	-3.671713e-09	-1.0317209e-08	0.001069211	0.037147604	-2.435695e-17	-6.0811255e-17	6.117782e-17	-5.9063405e-18	0	-1.8817176e-17
2.1500000000033536e-09	-2.3365445e-09	-1.0317209e-08	0.0010693271	0.037145723	-2.4356952e-17	-6.081117e-17	6.1177735e-17	-5.9063396e-18	0	-1.8817178e-17
2.1600000000032326e-09	-4.005505e-09	-1.1682722e-08	0.0010694538	0.037143838	-2.4356954e-17	-6.081108e-17	6.117764e-17	-5.906338e-18	0	-1.8817176e-17
2.1700000000031116e-09	-4.7034336e-09	-1.377651e-08	0.001069575	0.037141968	-2.4356949e-17	-6.0810997e-17	6.1177563e-17	-5.9063368e-18	0	-1.8817176e-17
2.1800000000029906e-09	-5.4317075e-09	-9.983418e-09	0.0010696803	0.03714008	-2.4356947e-17	-6.081092e-17	6.117747e-17	-5.906335e-18	0	-1.8817176e-17
2.1900000000028696e-09	-2.9130944e-09	-7.646873e-09	0.0010697691	0.03713821	-2.4356955e-17	-6.0810825e-17	6.117738e-17	-5.9063347e-18	0	-1.8817178e-17
2.2000000000027486e-09	-2.2455104e-09	-6.2510153e-09	0.0010698491	0.03713634	-2.4356962e-17	-6.0810745e-17	6.117729e-17	-5.906333e-18	0	-1.8817176e-17
2.2100000000026276e-09	-5.371018e-09	-6.524118e-09	0.0010699375	0.037134476	-2.4356957e-17	-6.081065e-17	6.11772e-17	-5.9063326e-18	0	-1.8817176e-17
2.2200000000025065e-09	-5.9475678e-09	-7.495149e-09	0.0010700367	0.03713261	-2.4356963e-17	-6.0810567e-17	6.1177113e-17	-5.9063305e-18	0	-1.8817176e-17
2.2300000000023855e-09	-6.311705e-09	-8.435836e-09	0.0010701211	0.037130754	-2.4356967e-17	-6.081049e-17	6.117702e-17	-5.9063305e-18	0	-1.8817176e-17
2.2400000000022645e-09	-8.162734e-09	-8.769629e-09	0.0010702016	0.037128896	-2.4356967e-17	-6.08104e-17	6.117694e-17	-5.906329e-18	0	-1.8817178e-17
2.2500000000021435e-09	-1.06813465e-08	-9.862038e-09	0.0010702848	0.03712704	-2.4356967e-17	-6.0810315e-17	6.1176855e-17	-5.9063277e-18	0	-1.8817178e-17
2.2600000000020225e-09	-9.346178e-09	-5.7654996e-09	0.0010703717	0.037125193	-2.4356965e-17	-6.0810236e-17	6.1176776e-17	-5.9063256e-18	0	-1.8817178e-17
2.2700000000019015e-09	-1.2593065e-08	-1.0317209e-09	0.0010704675	0.03712333	-2.4356985e-17	-6.081016e-17	6.117668e-17	-5.9063256e-18	0	-1.8817178e-17
2.2800000000017805e-09	-1.480823e-08	2.0937867e-09	0.0010705661	0.03712149	-2.4356973e-17	-6.081007e-17	6.11766e-17	-5.906325e-18	0	-1.8817176e-17
2.2900000000016595e-09	-1.480823e-08	4.1268837e-09	0.001070662	0.03711965	-2.4356972e-17	-6.081e-17	6.117652e-17	-5.9063235e-18	0	-1.8817176e-17
2.3000000000015385e-09	-1.4140646e-08	5.371018e-09	0.00107076	0.03711781	-2.4356977e-17	-6.080992e-17	6.1176445e-17	-5.906323e-18	0	-1.8817176e-17
2.3100000000014175e-09	-1.2016515e-08	6.1296364e-09	0.0010708647	0.037115984	-2.4356978e-17	-6.080984e-17	6.117636e-17	-5.9063215e-18	0	-1.8817176e-17
2.3200000000012965e-09	-1.1166862e-08	5.70481e-09	0.001070973	0.03711415	-2.4356987e-17	-6.0809766e-17	6.1176286e-17	-5.9063202e-18	0	-1.8817176e-17
2.3300000000011754e-09	-1.2593065e-08	7.222047e-09	0.0010710936	0.037112337	-2.4356985e-17	-6.080969e-17	6.11762e-17	-5.90632e-18	0	-1.8817176e-17
2.3400000000010544e-09	-1.3897888e-08	9.194455e-09	0.0010712137	0.037110515	-2.4356988e-17	-6.080961e-17	6.1176114e-17	-5.906319e-18	0	-1.8817176e-17
2.3500000000009334e-09	-1.5779262e-08	9.406867e-09	0.0010713446	0.0371087	-2.4356995e-17	-6.080953e-17	6.117603e-17	-5.9063177e-18	0	-1.8817176e-17
2.3600000000008124e-09	-1.6780637e-08	1.2137894e-08	0.0010714704	0.037106894	-2.4356993e-17	-6.0809435e-17	6.117594e-17	-5.9063165e-18	0	-1.8817176e-17
2.3700000000006914e-09	-1.699305e-08	1.4262025e-08	0.0010715933	0.03710508	-2.4356998e-17	-6.080936e-17	6.1175856e-17	-5.9063157e-18	0	-1.8817176e-17
2.3800000000005704e-09	-1.6568226e-08	1.4626162e-08	0.0010716992	0.03710327	-2.4356997e-17	-6.0809276e-17	6.117577e-17	-5.906315e-18	0	-1.8817176e-17
2.3900000000004494e-09	-1.7448222e-08	1.3958578e-08	0.0010718012	0.037101474	-2.4356995e-17	-6.080919e-17	6.1175684e-17	-5.9063136e-18	0	-1.8817176e-17
2.4000000000003284e-09	-1.6841328e-08	1.4565472e-08	0.0010718947	0.037099674	-2.4357001e-17	-6.080911e-17	6.11756e-17	-5.9063115e-18	0	-1.8817176e-17
2.4100000000002074e-09	-1.3017891e-08	1.025652e-08	0.0010719904	0.03709789	-2.4356998e-17	-6.080903e-17	6.117552e-17	-5.9063115e-18	0	-1.8817176e-17
2.4200000000000864e-09	-1.5111677e-08	8.01101e-09	0.0010720885	0.03709611	-2.4356997e-17	-6.080895e-17	6.117544e-17	-5.9063103e-18	0	-1.8817173e-17
2.4300099999999652e-09	-1.775167e-08	9.376523e-09	0.0010721973	0.037094332	-2.4356998e-17	-6.0808866e-17	6.1175347e-17	-5.9063095e-18	0	-1.8817173e-17
2.4400099999998442e-09	-1.7144774e-08	6.524118e-09	0.0010723022	0.037092555	-2.4357003e-17	-6.080878e-17	6.117526e-17	-5.9063074e-18	0	-1.8817173e-17
2.450009999999723e-09	-1.8540632e-08	2.4275788e-09	0.0010724056	0.03709079	-2.4357003e-17	-6.080871e-17	6.117518e-17	-5.906307e-18	0	-1.8817173e-17
2.460009999999602e-09	-2.2455103e-08	2.0027524e-09	0.0010725106	0.037089016	-2.4357001e-17	-6.080863e-17	6.11751e-17	-5.906306e-18	0	-1.8817176e-17
2.470009999999481e-09	-2.5034407e-08	4.6427444e-09	0.0010726247	0.03708725	-2.4357003e-17	-6.080854e-17	6.117502e-17	-5.906305e-18	0	-1.8817176e-17
2.48000999999936e-09	-2.4639924e-08	6.28136e-09	0.0010727475	0.03708549	-2.4357003e-17	-6.080847e-17	6.117494e-17	-5.9063045e-18	0	-1.8817176e-17
2.490009999999239e-09	-2.0027525e-08	3.7020575e-09	0.0010728702	0.03708374	-2.4357006e-17	-6.0808396e-17	6.117487e-17	-5.9063037e-18	0	-1.8817176e-17
2.500009999999118e-09	-1.7994427e-08	5.7655e-10	0.0010729874	0.037081994	-2.4357005e-17	-6.0808317e-17	6.117479e-17	-5.906302e-18	0	-1.8817171e-17
2.510009999998997e-09	-1.9815111e-08	-5.7655e-10	0.0010731022	0.037080258	-2.4357013e-17	-6.0808244e-17	6.1174705e-17	-5.9063024e-18	0	-1.8817171e-17
2.520009999998876e-09	-1.9041321e-08	-5.0979154e-09	0.0010732119	0.037078522	-2.4357016e-17	-6.0808164e-17	6.117462e-17	-5.9063004e-18	0	-1.8817173e-17
2.530009999998755e-09	-2.3365445e-08	-7.768252e-09	0.0010733136	0.03707679	-2.4357013e-17	-6.0808085e-17	6.1174546e-17	-5.9062987e-18	0	-1.8817171e-17
2.540009999998634e-09	-2.5975092e-08	-5.371018e-09	0.0010734096	0.037075065	-2.4357018e-17	-6.0808006e-17	6.117445e-17	-5.906298e-18	0	-1.8817173e-17
2.550009999998513e-09	-2.512544e-08	-3.641368e-09	0.0010735011	0.03707335	-2.4357018e-17	-6.080792e-17	6.1174374e-17	-5.9062966e-18	0	-1.8817173e-17
2.560009999998392e-09	-2.5519922e-08	-1.0317209e-09	0.0010735836	0.037071634	-2.4357025e-17	-6.080785e-17	6.117429e-17	-5.9062962e-18	0	-1.8817173e-17
2.570009999998271e-09	-2.6551643e-08	-1.6386157e-09	0.0010736646	0.03706992	-2.435702e-17	-6.080776e-17	6.117421e-17	-5.906295e-18	0	-1.8817173e-17
2.58000999999815e-09	-2.6764056e-08	-2.3365445e-09	0.001073736	0.037068203	-2.435702e-17	-6.0807675e-17	6.117412e-17	-5.9062937e-18	0	-1.8817173e-17
2.590009999998029e-09	-2.7886811e-08	-5.522742e-09	0.0010738086	0.037066504	-2.4357023e-17	-6.0807595e-17	6.1174036e-17	-5.9062937e-18	0	-1.8817173e-17
2.600009999997908e-09	-3.146749e-08	-7.0399784e-09	0.0010738815	0.037064802	-2.4357035e-17	-6.0807516e-17	6.117395e-17	-5.906293e-18	0	-1.8817173e-17
2.610009999997787e-09	-3.1497834e-08	-7.464805e-09	0.0010739462	0.037063114	-2.4357025e-17	-6.0807436e-17	6.117387e-17	-5.9062913e-18	0	-1.8817173e-17
2.620009999997666e-09	-2.6490953e-08	-7.0399784e-09	0.001074024	0.037061423	-2.4357031e-17	-6.080735e-17	6.117378e-17	-5.90629e-18	0	-1.8817173e-17
2.630009999997545e-09	-2.0444764e-08	-5.7654996e-09	0.0010741084	0.03705975	-2.4357038e-17	-6.0807264e-17	6.117369e-17	-5.906289e-18	0	-1.8817173e-17
2.640009999997424e-09	-2.166614e-08	-5.1586047e-10	0.0010741891	0.037058078	-2.4357035e-17	-6.0807185e-17	6.117361e-17	-5.9062888e-18	0	-1.8817173e-17
2.650009999997303e-09	-1.9670974e-08	4.8551574e-10	0.0010742755	0.037056405	-2.4357026e-17	-6.0807106e-17	6.117353e-17	-5.906287e-18	0	-1.8817171e-17
2.660009999997182e-09	-1.6780637e-08	-1.9724078e-09	0.0010743698	0.03705474	-2.4357038e-17	-6.080701e-17	6.1173434e-17	-5.9062867e-18	0	-1.8817171e-17
2.670009999997061e-09	-1.7478568e-08	1.7296499e-09	0.001074468	0.037053086	-2.4357041e-17	-6.0806934e-17	6.117335e-17	-5.906285e-18	0	-1.8817171e-17
2.68000999999694e-09	-1.7903393e-08	4.430331e-09	0.0010745762	0.037051424	-2.4357045e-17	-6.0806834e-17	6.117324e-17	-5.9062842e-18	0	-1.8817171e-17
2.690009999996819e-09	-2.1059245e-08	-6.068947e-11	0.0010746983	0.037049778	-2.4357043e-17	-6.0806735e-17	6.117315e-17	-5.9062826e-18	0	-1.8817171e-17
2.700009999996698e-09	-2.3335101e-08	-3.0648182e-09	0.0010748324	0.03704813	-2.4357041e-17	-6.080665e-17	6.117305e-17	-5.906281e-18	0	-1.8817171e-17
2.710009999996577e-09	-1.6507535e-08	-6.2510153e-09	0.0010749734	0.03704649	-2.4357051e-17	-6.0806556e-17	6.117295e-17	-5.90628e-18	0	-1.8817171e-17
2.720009999996456e-09	-1.0317209e-08	-6.0082574e-09	0.0010751113	0.037044857	-2.4357051e-17	-6.080646e-17	6.117285e-17	-5.906279e-18	0	-1.8817171e-17
2.730009999996335e-09	-5.3103286e-09	-3.095163e-09	0.001075248	0.037043232	-2.4357054e-17	-6.0806364e-17	6.117276e-17	-5.906278e-18	0	-1.8817171e-17
2.740009999996214e-09	-5.522742e-09	-6.190326e-09	0.0010753764	0.037041612	-2.4357061e-17	-6.080627e-17	6.117266e-17	-5.9062764e-18	0	-1.8817171e-17
2.750009999996093e-09	-6.8199792e-09	-6.9185995e-09	0.0010754942	0.03704	-2.4357054e-17	-6.080618e-17	6.117257e-17	-5.9062747e-18	0	-1.8817171e-17
2.760009999995972e-09	-6.9185995e-09	-8.739284e-09	0.001075614	0.037038386	-2.4357054e-17	-6.0806087e-17	6.117248e-17	-5.9062743e-18	0	-1.8817171e-17
2.770009999995851e-09	-6.645497e-09	-1.0013762e-08	0.0010757379	0.037036784	-2.4357058e-17	-6.0805994e-17	6.117238e-17	-5.9062735e-18	0	-1.8817171e-17
2.78000999999573e-09	-8.284113e-09	-7.95032e-09	0.0010758684	0.037035186	-2.4357068e-17	-6.080591e-17	6.117228e-17	-5.9062714e-18	0	-1.8817171e-17
2.790009999995609e-09	-8.435836e-09	-9.528247e-09	0.0010760068	0.037033603	-2.4357064e-17	-6.0805815e-17	6.1172197e-17	-5.9062714e-18	0	-1.8817171e-17
2.800009999995488e-09	-7.95032e-09	-8.860662e-09	0.0010761421	0.037032016	-2.4357061e-17	-6.0805716e-17	6.11721e-17	-5.9062693e-18	0	-1.8817171e-17
2.810009999995367e-09	-6.372394e-09	-5.6441207e-09	0.0010762797	0.037030432	-2.435707e-17	-6.080563e-17	6.1172005e-17	-5.9062685e-18	0	-1.8817171e-17
2.820009999995246e-09	-8.557215e-09	-3.3986103e-09	0.0010764191	0.037028845	-2.4357064e-17	-6.080553e-17	6.1171906e-17	-5.9062677e-18	0	-1.8817171e-17
2.830009999995125e-09	-7.282736e-09	-6.979289e-09	0.0010765579	0.037027273	-2.435707e-17	-6.0805445e-17	6.117181e-17	-5.9062664e-18	0	-1.881717e-17
2.840009999995004e-09	-3.884126e-09	-5.6441207e-09	0.0010766963	0.037025712	-2.4357073e-17	-6.080535e-17	6.1171714e-17	-5.906265e-18	0	-1.881717e-17
2.850009999994883e-09	5.4620525e-10	-1.025652e-08	0.0010768374	0.037024155	-2.4357066e-17	-6.080525e-17	6.1171614e-17	-5.9062635e-18	0	-1.881717e-17
2.860009999994762e-09	2.6096472e-09	-1.3533752e-08	0.001076977	0.037022598	-2.4357078e-17	-6.080515e-17	6.117151e-17	-5.9062627e-18	0	-1.881717e-17
2.870009999994641e-09	4.005505e-09	-1.9663387e-08	0.0010771138	0.037021052	-2.435708e-17	-6.080505e-17	6.11714e-17	-5.9062615e-18	0	-1.881717e-17
2.8800099999945198e-09	4.491021e-09	-2.1908898e-08	0.001077248	0.037019517	-2.4357071e-17	-6.080495e-17	6.1171303e-17	-5.9062607e-18	0	-1.881717e-17
2.8900099999943988e-09	7.222047e-09	-2.166614e-08	0.0010773792	0.037017982	-2.4357078e-17	-6.080485e-17	6.11712e-17	-5.9062578e-18	0	-1.881717e-17
2.9000099999942778e-09	6.402739e-09	-2.4882683e-08	0.0010775117	0.037016455	-2.4357084e-17	-6.0804737e-17	6.117109e-17	-5.906257e-18	0	-1.881717e-17
2.9100099999941568e-09	3.216542e-09	-2.8827499e-08	0.0010776336	0.037014924	-2.4357083e-17	-6.0804644e-17	6.1170986e-17	-5.9062553e-18	0	-1.881717e-17
2.9200099999940357e-09	-2.3365445e-09	-3.416817e-08	0.0010777537	0.03701341	-2.4357086e-17	-6.080454e-17	6.117087e-17	-5.9062544e-18	0	-1.881717e-17
2.9300099999939147e-09	-7.313081e-09	-3.3439896e-08	0.0010778748	0.037011903	-2.4357097e-17	-6.080443e-17	6.117076e-17	-5.9062532e-18	0	-1.881717e-17
2.9400099999937937e-09	-8.891007e-09	-2.7249571e-08	0.0010780086	0.037010394	-2.4357094e-17	-6.0804326e-17	6.1170655e-17	-5.906251e-18	0	-1.881717e-17
2.9500099999936727e-09	-1.2805478e-08	-2.5853714e-08	0.0010781472	0.03700889	-2.4357094e-17	-6.080422e-17	6.117055e-17	-5.9062507e-18	0	-1.881717e-17
2.9600099999935517e-09	-1.8866839e-08	-3.1497834e-08	0.0010782867	0.037007403	-2.435709e-17	-6.0804115e-17	6.117044e-17	-5.90625e-18	0	-1.881717e-17
2.9700099999934307e-09	-2.3335101e-08	-3.2772313e-08	0.0010784259	0.03700591	-2.4357092e-17	-6.080401e-17	6.117034e-17	-5.9062482e-18	0	-1.881717e-17
2.9800099999933097e-09	-2.2788896e-08	-3.3925414e-08	0.001078574	0.03700443	-2.435709e-17	-6.08039e-17	6.117023e-17	-5.906246e-18	0	-1.881717e-17
2.9900099999931887e-09	-1.711443e-08	-3.4107483e-08	0.0010787325	0.037002947	-2.4357099e-17	-6.0803804e-17	6.117012e-17	-5.9062458e-18	0	-1.8817168e-17
3.0000099999930677e-09	-9.133765e-09	-3.3864723e-08	0.0010788878	0.03700148	-2.4357097e-17	-6.08037e-17	6.1170006e-17	-5.906244e-18	0	-1.8817168e-17
