# t (s)	mx ()	my ()	mz ()	spinAngle (rad)	E_total (J)	E_anis (J)	E_demag (J)	E_exch (J)	E_therm (J)	E_custom (J)
0	0	0	0	0.0015184366	1.2098072e-16	-5.02704e-16	6.939703e-16	5.120001e-18	0	-7.54056e-17
1.0000000000000124e-11	1.4417878e-10	3.1112263e-10	0.00091887976	0.0061528743	1.1272616e-16	-4.968829e-16	6.8675266e-16	-2.1772273e-18	0	-7.4966426e-17
2.0009999999999403e-11	1.1382535e-10	7.0571715e-10	0.0029570197	0.008639118	1.10422775e-16	-4.8862297e-16	6.7586156e-16	-2.5820586e-18	0	-7.423378e-17
3.000999999999824e-11	1.7073802e-10	4.8565485e-10	0.0057394993	0.011160468	1.08469094e-16	-4.7775496e-16	6.612724e-16	-1.8738687e-18	0	-7.317448e-17
4.000000000000001e-11	6.0706856e-11	-1.3659042e-10	0.008722647	0.013922811	1.06493303e-16	-4.653275e-16	6.443284e-16	-6.1638687e-19	0	-7.1891346e-17
5.0000000000001785e-11	-3.870062e-10	-1.149636e-09	0.011363392	0.017004855	1.04279596e-16	-4.5276934e-16	6.269348e-16	7.78779e-19	0	-7.066471e-17
6.00000000000024e-11	-1.1382535e-10	-1.8136173e-09	0.013281234	0.020358704	1.0168798e-16	-4.413352e-16	6.108488e-16	1.916467e-18	0	-6.974213e-17
7.000999999999771e-11	8.233367e-10	-1.0813408e-09	0.014381706	0.02379495	9.856883e-17	-4.3144997e-16	5.967818e-16	2.5012937e-18	0	-6.926426e-17
8.000999999999302e-11	2.3979208e-09	1.2473361e-09	0.01487447	0.026980743	9.473787e-17	-4.2255385e-16	5.840766e-16	2.418442e-18	0	-6.920335e-17
9.000999999998834e-11	5.7519745e-09	5.775688e-09	0.015175869	0.029509807	8.993878e-17	-4.134922e-16	5.7118e-16	1.6158208e-18	0	-6.936482e-17
1.0000999999998365e-10	1.03960485e-08	1.1761953e-08	0.015737662	0.031024659	8.392368e-17	-4.0314057e-16	5.5655025e-16	-3.7110337e-20	0	-6.944892e-17
1.1000999999997896e-10	1.5632015e-08	1.8576298e-08	0.01677498	0.031455357	7.6750985e-17	-3.9073426e-16	5.3916485e-16	-2.5371925e-18	0	-6.914244e-17
1.2000999999997891e-10	1.9972555e-08	2.4783573e-08	0.018117612	0.031013561	6.915067e-17	-3.7628494e-16	5.190668e-16	-5.290529e-18	0	-6.834071e-17
1.3000999999998715e-10	2.1292928e-08	2.8228687e-08	0.019579144	0.030077327	6.2187485e-17	-3.606685e-16	4.974327e-16	-7.218417e-18	0	-6.7358317e-17
1.400099999999954e-10	1.9297191e-08	2.9260704e-08	0.021091374	0.029119093	5.6389213e-17	-3.4460651e-16	4.752073e-16	-7.546514e-18	0	-6.666504e-17
1.5000000000000362e-10	1.5155845e-08	2.6528895e-08	0.022338448	0.028609674	5.1566575e-17	-3.283891e-16	4.5281847e-16	-6.366465e-18	0	-6.649633e-17
1.6000000000001186e-10	9.584094e-09	1.9608313e-08	0.022940794	0.028986746	4.7246346e-17	-3.1233196e-16	4.3074616e-16	-4.310443e-18	0	-6.685749e-17
1.700000000000201e-10	3.080873e-09	8.832847e-09	0.022723598	0.030039566	4.3058404e-17	-2.9689495e-16	4.0961187e-16	-2.008312e-18	0	-6.765019e-17
1.8000000000002833e-10	-3.0656961e-09	-4.401247e-09	0.021760961	0.03150678	3.882383e-17	-2.8241577e-16	3.8983513e-16	8.558022e-20	0	-6.868111e-17
1.9000000000003657e-10	-6.7081074e-09	-1.824241e-08	0.020379506	0.033005983	3.449815e-17	-2.6886176e-16	3.71309e-16	1.7225577e-18	0	-6.967164e-17
2.000000000000448e-10	-6.0517147e-09	-2.8562575e-08	0.019102763	0.034283426	3.002581e-17	-2.5574394e-16	3.5329583e-16	2.862726e-18	0	-7.0388795e-17
2.1000000000005304e-10	-1.2046516e-09	-3.3123175e-08	0.01858072	0.03540645	2.5213866e-17	-2.4253923e-16	3.3503192e-16	3.442734e-18	0	-7.072157e-17
2.2000000000006128e-10	9.271075e-09	-3.1624477e-08	0.019366879	0.035927385	1.9712008e-17	-2.2901767e-16	3.1619422e-16	3.12832e-18	0	-7.0592824e-17
2.3000000000006952e-10	2.3007898e-08	-2.4692513e-08	0.02131546	0.035630636	1.32606325e-17	-2.1484815e-16	2.9638308e-16	1.6505535e-18	0	-6.9924866e-17
2.4000000000005925e-10	3.6181284e-08	-1.1579832e-08	0.023186956	0.034741372	6.2033455e-18	-1.9978457e-16	2.7536686e-16	-6.5052446e-19	0	-6.872843e-17
2.5000000000004163e-10	4.361408e-08	5.49397e-09	0.023825746	0.033323076	-5.355899e-19	-1.8455695e-16	2.5422683e-16	-2.9465406e-18	0	-6.725893e-17
2.60000000000024e-10	4.3283986e-08	2.4001972e-08	0.023771837	0.031532414	-6.26753e-18	-1.695937e-16	2.3351168e-16	-4.1675684e-18	0	-6.6017927e-17
2.700000000000064e-10	3.8799268e-08	4.188773e-08	0.024269223	0.029842015	-1.0914755e-17	-1.5486974e-16	2.1317669e-16	-3.91304e-18	0	-6.5308636e-17
2.800099999999888e-10	3.3278738e-08	5.594516e-08	0.02525224	0.029033443	-1.485514e-17	-1.4109564e-16	1.9427774e-16	-3.0351933e-18	0	-6.500205e-17
2.9000999999997117e-10	2.9680908e-08	6.350696e-08	0.02554875	0.029146597	-1.8616234e-17	-1.2822038e-16	1.766374e-16	-1.7001877e-18	0	-6.5333094e-17
3.0000999999995355e-10	2.9143084e-08	6.032744e-08	0.025119018	0.02988472	-2.2352217e-17	-1.1633031e-16	1.6037862e-16	2.1108217e-19	0	-6.661161e-17
3.1000999999993594e-10	3.3286327e-08	4.6182738e-08	0.024673797	0.031241609	-2.6128791e-17	-1.0613493e-16	1.465748e-16	1.4615952e-18	0	-6.803026e-17
3.2000999999991833e-10	3.9816108e-08	2.036715e-08	0.024097124	0.03268062	-3.0150608e-17	-9.5713294e-17	1.3226237e-16	2.1786209e-18	0	-6.8878284e-17
3.300099999999007e-10	4.859394e-08	-1.339345e-08	0.023189295	0.033753466	-3.449754e-17	-8.3805175e-17	1.1559783e-16	2.8424879e-18	0	-6.913268e-17
3.400099999998831e-10	5.8096457e-08	-5.223825e-08	0.021539915	0.033553444	-3.9402428e-17	-7.2139705e-17	9.9306474e-17	2.0626981e-18	0	-6.86319e-17
3.500099999998655e-10	6.735426e-08	-9.461163e-08	0.01925546	0.03220587	-4.530804e-17	-6.018018e-17	8.306133e-17	-3.3109856e-19	0	-6.7858086e-17
3.600099999998479e-10	6.1678165e-08	-1.3489063e-07	0.018975435	0.03161828	-5.2117133e-17	-4.6668564e-17	6.466626e-17	-1.6654372e-18	0	-6.8449394e-17
3.7000999999983027e-10	3.5665277e-08	-1.5978044e-07	0.02318457	0.031831346	-5.868101e-17	-3.820692e-17	5.2258055e-17	-2.913599e-18	0	-6.981855e-17
3.8000999999981266e-10	4.7958415e-09	-1.4953616e-07	0.025817823	0.030577427	-6.4162534e-17	-3.5377724e-17	4.7867347e-17	-6.134704e-18	0	-7.051746e-17
3.9000999999979505e-10	-2.977671e-08	-1.1215591e-07	0.023422034	0.028608346	-6.834233e-17	-3.2552694e-17	4.374238e-17	-8.293173e-18	0	-7.1238846e-17
4.0000999999977743e-10	-8.8263974e-08	-8.025446e-08	0.01893694	0.026726909	-7.1446845e-17	-2.952239e-17	3.9633668e-17	-9.502342e-18	0	-7.2055776e-17
4.100099999997598e-10	-1.5981838e-07	-6.261912e-08	0.014165759	0.025176186	-7.3700773e-17	-2.7672417e-17	3.7190007e-17	-1.0617097e-17	0	-7.260126e-17
4.200099999997422e-10	-2.2301421e-07	-5.5622653e-08	0.009990608	0.023938287	-7.53367e-17	-2.6959262e-17	3.6268475e-17	-1.1726992e-17	0	-7.2918916e-17
4.300099999997246e-10	-2.5741224e-07	-5.5076292e-08	0.0067007085	0.022983622	-7.655415e-17	-2.6991927e-17	3.634238e-17	-1.2735388e-17	0	-7.316921e-17
4.40009999999707e-10	-2.5277575e-07	-5.5152178e-08	0.0042602564	0.022299062	-7.749577e-17	-2.7341362e-17	3.684943e-17	-1.3583402e-17	0	-7.342044e-17
4.5000999999968937e-10	-2.1189727e-07	-5.8566936e-08	0.0025067064	0.021883674	-7.8248116e-17	-2.7706828e-17	3.7386148e-17	-1.4257136e-17	0	-7.3670294e-17
4.6000999999967176e-10	-1.4544224e-07	-6.207276e-08	0.0012296631	0.02168715	-7.886258e-17	-2.795214e-17	3.7763998e-17	-1.4777484e-17	0	-7.3896954e-17
4.700099999996541e-10	-6.7646404e-08	-6.081309e-08	0.00023132356	0.021663167	-7.937135e-17	-2.807434e-17	3.797572e-17	-1.5186548e-17	0	-7.408618e-17
4.800099999996365e-10	1.099458e-08	-4.9870682e-08	-0.00063244026	0.021766687	-7.979675e-17	-2.8156242e-17	3.8131934e-17	-1.5535243e-17	0	-7.42372e-17
4.900099999996189e-10	8.152931e-08	-2.5709353e-08	-0.0014390729	0.021975404	-8.015639e-17	-2.831017e-17	3.8384205e-17	-1.587293e-17	0	-7.435749e-17
5.000099999996013e-10	1.3717852e-07	6.9888766e-09	-0.0022123987	0.022268461	-8.0465324e-17	-2.862865e-17	3.8858043e-17	-1.6238603e-17	0	-7.4456115e-17
5.100099999995837e-10	1.7396687e-07	4.3595108e-08	-0.0029457505	0.022620773	-8.073648e-17	-2.9156863e-17	3.9614692e-17	-1.6654863e-17	0	-7.453945e-17
5.200099999995661e-10	1.90371e-07	8.0068546e-08	-0.0036192567	0.023023052	-8.098055e-17	-2.989047e-17	4.064877e-17	-1.712894e-17	0	-7.460991e-17
5.300099999995485e-10	1.8863517e-07	1.1237787e-07	-0.0042126263	0.023477847	-8.120606e-17	-3.0796616e-17	4.1917272e-17	-1.7659714e-17	0	-7.4667e-17
5.400099999995309e-10	1.7325925e-07	1.3598336e-07	-0.004709865	0.023992157	-8.141932e-17	-3.184061e-17	4.33743e-17	-1.824375e-17	0	-7.4709265e-17
5.500099999995133e-10	1.492772e-07	1.5182783e-07	-0.0050942856	0.024571706	-8.162466e-17	-3.2999285e-17	4.498815e-17	-1.8877564e-17	0	-7.473596e-17
5.600099999994956e-10	1.2147916e-07	1.5818688e-07	-0.005346718	0.0252182	-8.182476e-17	-3.425964e-17	4.674039e-17	-1.9557731e-17	0	-7.474777e-17
5.70009999999478e-10	9.4264465e-08	1.5676028e-07	-0.005449889	0.025929272	-8.2020966e-17	-3.561323e-17	4.8619218e-17	-2.0280263e-17	0	-7.4746694e-17
5.800099999994604e-10	7.0419e-08	1.4875455e-07	-0.0053914865	0.026700702	-8.2213613e-17	-3.7053592e-17	5.0615986e-17	-2.1040363e-17	0	-7.473564e-17
5.900099999994428e-10	5.1162598e-08	1.3726579e-07	-0.0051658447	0.027528195	-8.2402515e-17	-3.8576134e-17	5.2724575e-17	-2.1833093e-17	0	-7.4717855e-17
6.000099999994252e-10	3.817418e-08	1.231135e-07	-0.004777071	0.028410943	-8.2587426e-17	-4.0178164e-17	5.4941455e-17	-2.2654675e-17	0	-7.469604e-17
6.100099999994076e-10	2.855214e-08	1.0689718e-07	-0.0042418707	0.029350393	-8.27686e-17	-4.1858965e-17	5.7265714e-17	-2.3503596e-17	0	-7.467176e-17
6.2000999999939e-10	2.1537653e-08	9.060498e-08	-0.0035890145	0.030342704	-8.2946985e-17	-4.361955e-17	5.969895e-17	-2.4380795e-17	0	-7.464559e-17
6.300099999993724e-10	1.555613e-08	7.61264e-08	-0.002854791	0.03138956	-8.312406e-17	-4.5462617e-17	6.224513e-17	-2.5289136e-17	0	-7.4617435e-17
6.400099999993547e-10	9.409562e-09	6.13291e-08	-0.0020766263	0.032493033	-8.3301574e-17	-4.7392294e-17	6.491035e-17	-2.6232607e-17	0	-7.4587035e-17
6.500099999993371e-10	2.083004e-09	4.7275464e-08	-0.0012878682	0.033658754	-8.348125e-17	-4.9413887e-17	6.770236e-17	-2.7215645e-17	0	-7.455408e-17
6.600099999993195e-10	-4.917255e-09	3.3449478e-08	-0.00051525165	0.03488994	-8.366457e-17	-5.1533723e-17	7.063038e-17	-2.824295e-17	0	-7.451827e-17
6.700099999993019e-10	-1.2186901e-08	1.9213719e-08	0.00022091334	0.036186434	-8.385289e-17	-5.375943e-17	7.3705306e-17	-2.9319414e-17	0	-7.4479356e-17
6.800099999992843e-10	-1.6800621e-08	4.037006e-09	0.00090511015	0.037544895	-8.4047393e-17	-5.6100084e-17	7.693995e-17	-3.0450133e-17	0	-7.4437116e-17
6.900099999992667e-10	-1.8212056e-08	-1.4448231e-08	0.0015249423	0.03896145	-8.424903e-17	-5.856613e-17	8.034885e-17	-3.1640204e-17	0	-7.439155e-17
7.000099999992491e-10	-1.491871e-08	-3.469397e-08	0.0020699871	0.04043135	-8.4458674e-17	-6.1168676e-17	8.394723e-17	-3.2894276e-17	0	-7.4342963e-17
7.100099999992315e-10	-5.554677e-09	-5.4787936e-08	0.0025311182	0.04194918	-8.4676944e-17	-6.391802e-17	8.774914e-17	-3.42158e-17	0	-7.429227e-17
7.200099999992138e-10	9.78898e-09	-7.582286e-08	0.002899969	0.04350694	-8.490406e-17	-6.6821774e-17	9.176487e-17	-3.5606218e-17	0	-7.424094e-17
7.300099999991962e-10	3.1506858e-08	-9.779874e-08	0.0031688095	0.04509774	-8.5139834e-17	-6.988301e-17	9.5998446e-17	-3.7064286e-17	0	-7.4190974e-17
7.400099999991786e-10	5.8491054e-08	-1.2010851e-07	0.0033310635	0.04671353	-8.53836e-17	-7.3098526e-17	1.0044517e-16	-3.858571e-17	0	-7.414454e-17
7.50009999999161e-10	8.981579e-08	-1.4020247e-07	0.0033826383	0.048343197	-8.563422e-17	-7.645782e-17	1.0509033e-16	-4.0163063e-17	0	-7.410367e-17
7.600099999991434e-10	1.2570872e-07	-1.6047856e-07	0.0033234274	0.04997577	-8.5890094e-17	-7.9942764e-17	1.0990883e-16	-4.178621e-17	0	-7.406996e-17
7.700099999991258e-10	1.6478876e-07	-1.8139208e-07	0.0031582948	0.05160166	-8.614946e-17	-8.3528334e-17	1.148662e-16	-4.3442834e-17	0	-7.4044503e-17
7.800099999991082e-10	2.0565965e-07	-2.0027191e-07	0.0028970276	0.053210795	-8.641045e-17	-8.718436e-17	1.19921e-16	-4.511927e-17	0	-7.402782e-17
7.900099999990906e-10	2.4698582e-07	-2.1587357e-07	0.0025533307	0.054792155	-8.667121e-17	-9.087785e-17	1.2502808e-16	-4.6801426e-17	0	-7.4020026e-17
8.00009999999073e-10	2.8724966e-07	-2.2737753e-07	0.0021435635	0.05633757	-8.693002e-17	-9.457575e-17	1.3014223e-16	-4.847564e-17	0	-7.4020866e-17
8.100099999990553e-10	3.228618e-07	-2.3284113e-07	0.0016857564	0.05784084	-8.718538e-17	-9.8247424e-17	1.3522149e-16	-5.0129637e-17	0	-7.402981e-17
8.200099999990377e-10	3.52722e-07	-2.329929e-07	0.0011990708	0.059298243	-8.743608e-17	-1.0186654e-16	1.4022969e-16	-5.175313e-17	0	-7.4046105e-17
8.300099999990201e-10	3.7582853e-07	-2.2303698e-07	0.0007030271	0.060706735	-8.768111e-17	-1.05411854e-16	1.4513755e-16	-5.3338128e-17	0	-7.40687e-17
8.400099999990025e-10	3.9150987e-07	-2.050981e-07	0.000216699	0.06206168	-8.7919896e-17	-1.08867265e-16	1.4992271e-16	-5.4878937e-17	0	-7.4096404e-17
8.500099999989849e-10	4.0011886e-07	-1.7735508e-07	-0.00024220668	0.06336111	-8.815208e-17	-1.1222101e-16	1.5456868e-16	-5.637187e-17	0	-7.412786e-17
8.600099999989673e-10	4.0097825e-07	-1.4296464e-07	-0.00065801723	0.06460257	-8.837745e-17	-1.1546486e-16	1.590639e-16	-5.7814796e-17	0	-7.416169e-17
8.700099999989497e-10	3.9464007e-07	-1.0074302e-07	-0.0010173671	0.06578472	-8.859606e-17	-1.1859333e-16	1.6340068e-16	-5.920676e-17	0	-7.4196645e-17
8.800099999989321e-10	3.823977e-07	-5.2450723e-08	-0.0013092803	0.06690699	-8.880807e-17	-1.2160296e-16	1.6757401e-16	-6.054741e-17	0	-7.423171e-17
8.900099999989144e-10	3.638892e-07	-2.0943864e-09	-0.0015251904	0.06796796	-8.901352e-17	-1.2449157e-16	1.7158091e-16	-6.1836654e-17	0	-7.426623e-17
9.000099999988968e-10	3.4244547e-07	5.1904358e-08	-0.0016592747	0.068967186	-8.92126e-17	-1.2725775e-16	1.7541935e-16	-6.307428e-17	0	-7.429992e-17
9.100099999988792e-10	3.1651985e-07	1.0223034e-07	-0.0017092641	0.0699042	-8.9405214e-17	-1.2990027e-16	1.7908761e-16	-6.425976e-17	0	-7.433279e-17
9.200099999988616e-10	2.8921505e-07	1.4958168e-07	-0.0016772823	0.07077829	-8.959132e-17	-1.3241769e-16	1.8258364e-16	-6.5392135e-17	0	-7.436512e-17
9.30009999998844e-10	2.6260267e-07	1.9052845e-07	-0.0015703924	0.07159054	-8.9770755e-17	-1.3480826e-16	1.8590491e-16	-6.647015e-17	0	-7.4397246e-17
9.400099999989161e-10	2.401032e-07	2.2828813e-07	-0.0014004415	0.07234184	-8.9943404e-17	-1.3707002e-16	1.8904854e-16	-6.749235e-17	0	-7.4429566e-17
9.50009999999002e-10	2.1694353e-07	2.6334632e-07	-0.0011827671	0.0730352	-9.010905e-17	-1.3920112e-16	1.9201177e-16	-6.8457335e-17	0	-7.4462395e-17
9.600099999990877e-10	1.9639425e-07	2.950353e-07	-0.000934219	0.073671885	-9.026764e-17	-1.4120014e-16	1.9479238e-16	-6.9363826e-17	0	-7.449604e-17
9.700099999991735e-10	1.7580705e-07	3.1956088e-07	-0.0006710287	0.07425427	-9.0418855e-17	-1.430661e-16	1.9738876e-16	-7.0210766e-17	0	-7.4530733e-17
9.800099999992593e-10	1.5158501e-07	3.383193e-07	-0.00040726617	0.07478466	-9.056246e-17	-1.4479855e-16	1.9980012e-16	-7.099739e-17	0	-7.456664e-17
9.90009999999345e-10	1.2332598e-07	3.5392097e-07	-0.00015427927	0.075264916	-9.06982e-17	-1.4639757e-16	2.0202652e-16	-7.172334e-17	0	-7.460381e-17
1.0000099999994308e-09	9.25476e-08	3.6187356e-07	7.9165016e-05	0.07569662	-9.0825914e-17	-1.4786421e-16	2.0406932e-16	-7.2388905e-17	0	-7.4642145e-17
1.0100099999995166e-09	5.8536582e-08	3.6527314e-07	0.00028653847	0.07608188	-9.094555e-17	-1.4920078e-16	2.059317e-16	-7.299512e-17	0	-7.4681366e-17
1.0200099999996024e-09	2.470769e-08	3.6181285e-07	0.00046336715	0.076424144	-9.105712e-17	-1.5041099e-16	2.0761877e-16	-7.354382e-17	0	-7.4721084e-17
1.0300099999996882e-09	-9.864864e-09	3.5404236e-07	0.00060737657	0.07672627	-9.116069e-17	-1.5149997e-16	2.0913758e-16	-7.403756e-17	0	-7.476075e-17
1.040009999999774e-09	-3.8913093e-08	3.4299373e-07	0.0007186128	0.07699169	-9.12565e-17	-1.524739e-16	2.1049662e-16	-7.4479395e-17	0	-7.479983e-17
1.0500099999998598e-09	-6.683825e-08	3.303667e-07	0.0007993753	0.07722296	-9.134468e-17	-1.5333968e-16	2.1170555e-16	-7.487272e-17	0	-7.4837836e-17
1.0600099999999456e-09	-8.8874835e-08	3.1482574e-07	0.00085382006	0.07742355	-9.142571e-17	-1.5410507e-16	2.1277485e-16	-7.522121e-17	0	-7.487427e-17
1.0700000000000313e-09	-1.0432473e-07	2.9782782e-07	0.0008872259	0.07759585	-9.1499636e-17	-1.5477759e-16	2.137151e-16	-7.552842e-17	0	-7.490872e-17
1.080000000000117e-09	-1.156162e-07	2.8095133e-07	0.0009052234	0.0777439	-9.1567054e-17	-1.5536724e-16	2.1454012e-16	-7.5799026e-17	0	-7.494091e-17
1.0900000000002028e-09	-1.2074594e-07	2.6261785e-07	0.0009126876	0.07787013	-9.162828e-17	-1.5588236e-16	2.1526142e-16	-7.603683e-17	0	-7.49705e-17
1.1000000000002886e-09	-1.2086734e-07	2.445879e-07	0.00091321726	0.07797723	-9.168384e-17	-1.5633175e-16	2.1589118e-16	-7.624593e-17	0	-7.499734e-17
1.1100000000003744e-09	-1.17740946e-07	2.2473677e-07	0.00090880453	0.0780684	-9.173416e-17	-1.5672387e-16	2.1644119e-16	-7.64302e-17	0	-7.502128e-17
1.1200000000004602e-09	-1.1303616e-07	2.0427856e-07	0.0009000142	0.078145646	-9.177976e-17	-1.570665e-16	2.1692223e-16	-7.6593166e-17	0	-7.504232e-17
1.130000000000546e-09	-1.0350519e-07	1.8527732e-07	0.00088650425	0.078210965	-9.18212e-17	-1.573665e-16	2.173438e-16	-7.6737936e-17	0	-7.506053e-17
1.1400000000006318e-09	-9.379209e-08	1.6676172e-07	0.00086767157	0.078265905	-9.185887e-17	-1.576299e-16	2.177143e-16	-7.686718e-17	0	-7.507608e-17
1.1500000000007175e-09	-8.301662e-08	1.4952099e-07	0.00084319635	0.07831234	-9.189332e-17	-1.5786182e-16	2.180408e-16	-7.6983125e-17	0	-7.5089166e-17
1.1600000000008033e-09	-7.072349e-08	1.3258376e-07	0.0008133553	0.07835102	-9.1924985e-17	-1.5806649e-16	2.1832915e-16	-7.7087575e-17	0	-7.510004e-17
1.1700000000008891e-09	-5.7155503e-08	1.17528465e-07	0.00077907025	0.078382626	-9.195421e-17	-1.5824754e-16	2.1858433e-16	-7.718199e-17	0	-7.5109e-17
1.1800000000009749e-09	-4.401247e-08	1.03748015e-07	0.0007416816	0.07840827	-9.198131e-17	-1.5840779e-16	2.1881038e-16	-7.726758e-17	0	-7.5116344e-17
1.1900000000010607e-09	-3.2265692e-08	9.063533e-08	0.0007027591	0.07842894	-9.200663e-17	-1.5854965e-16	2.190106e-16	-7.734521e-17	0	-7.512236e-17
1.2000000000011465e-09	-1.6360497e-08	7.9343856e-08	0.0006636835	0.078445055	-9.203038e-17	-1.5867505e-16	2.1918766e-16	-7.7415675e-17	0	-7.51273e-17
1.2100000000012322e-09	-4.8565485e-10	6.938794e-08	0.00062551623	0.07845716	-9.2052775e-17	-1.5878556e-16	2.1934373e-16	-7.747955e-17	0	-7.513143e-17
1.220000000001318e-09	1.5207068e-08	6.1496046e-08	0.00058891164	0.07846538	-9.207401e-17	-1.5888244e-16	2.1948069e-16	-7.753731e-17	0	-7.5134946e-17
1.2300000000014038e-09	3.0414135e-08	5.536465e-08	0.0005541332	0.07847023	-9.209417e-17	-1.589668e-16	2.1959999e-16	-7.758936e-17	0	-7.513801e-17
1.2400000000014896e-09	4.650145e-08	5.0325983e-08	0.00052119175	0.07847206	-9.2113404e-17	-1.5903955e-16	2.1970302e-16	-7.7636095e-17	0	-7.5140776e-17
1.2500000000015754e-09	6.2315586e-08	4.7351346e-08	0.00048992614	0.078471184	-9.213175e-17	-1.5910155e-16	2.1979095e-16	-7.767783e-17	0	-7.514333e-17
1.2600000000016612e-09	7.65817e-08	4.4133884e-08	0.0004601478	0.07846799	-9.214929e-17	-1.5915359e-16	2.1986494e-16	-7.7714876e-17	0	-7.514577e-17
1.270000000001747e-09	9.075674e-08	3.933804e-08	0.00043171248	0.07846289	-9.2166125e-17	-1.5919643e-16	2.1992602e-16	-7.774756e-17	0	-7.514814e-17
1.2800000000018327e-09	1.0377837e-07	3.7759662e-08	0.00040458224	0.078456216	-9.218226e-17	-1.5923087e-16	2.1997532e-16	-7.7776206e-17	0	-7.5150484e-17
1.2900000000019185e-09	1.131424e-07	3.4845733e-08	0.0003788086	0.07844801	-9.219771e-17	-1.5925768e-16	2.2001392e-16	-7.7801174e-17	0	-7.51528e-17
1.3000000000020043e-09	1.2130747e-07	3.3874425e-08	0.00035449778	0.07843847	-9.2212586e-17	-1.5927765e-16	2.2004295e-16	-7.782277e-17	0	-7.515512e-17
1.3100000000020901e-09	1.3033761e-07	3.3874425e-08	0.00033180378	0.07842786	-9.22268e-17	-1.5929157e-16	2.2006357e-16	-7.784137e-17	0	-7.5157425e-17
1.3200000000021759e-09	1.3859375e-07	3.5938456e-08	0.000310822	0.0784163	-9.224049e-17	-1.5930031e-16	2.2007683e-16	-7.785732e-17	0	-7.5159735e-17
1.3300000000022617e-09	1.4750248e-07	3.6241993e-08	0.0002915638	0.07840395	-9.22536e-17	-1.5930458e-16	2.2008394e-16	-7.7870975e-17	0	-7.516201e-17
1.3400000000023475e-09	1.5160019e-07	3.605987e-08	0.00027404955	0.0783912	-9.2266253e-17	-1.5930526e-16	2.2008593e-16	-7.7882655e-17	0	-7.516427e-17
1.3500000000024332e-09	1.544686e-07	3.5938456e-08	0.0002581899	0.07837814	-9.2278324e-17	-1.5930301e-16	2.2008383e-16	-7.789267e-17	0	-7.5166485e-17
1.360000000002519e-09	1.5899126e-07	3.5756337e-08	0.00024388202	0.07836488	-9.228998e-17	-1.5929863e-16	2.2007867e-16	-7.790135e-17	0	-7.516866e-17
1.3700000000026048e-09	1.612981e-07	3.6302698e-08	0.000231005	0.07835159	-9.2301114e-17	-1.5929274e-16	2.2007142e-16	-7.7908985e-17	0	-7.517079e-17
1.3800000000026906e-09	1.6105528e-07	3.9034507e-08	0.00021941312	0.07833825	-9.2311814e-17	-1.5928599e-16	2.2006287e-16	-7.7915834e-17	0	-7.517286e-17
1.3900000000027764e-09	1.5943138e-07	4.34054e-08	0.00020896316	0.07832523	-9.232214e-17	-1.5927896e-16	2.2005383e-16	-7.7922154e-17	0	-7.5174856e-17
1.4000000000028622e-09	1.5938585e-07	4.534802e-08	0.00019955914	0.07831246	-9.233196e-17	-1.592721e-16	2.2004508e-16	-7.7928136e-17	0	-7.517679e-17
1.410000000002948e-09	1.5651744e-07	4.613721e-08	0.0001911169	0.078300074	-9.234147e-17	-1.5926595e-16	2.2003716e-16	-7.793402e-17	0	-7.517864e-17
1.4200000000030337e-09	1.5398294e-07	4.741205e-08	0.00018354198	0.07828815	-9.235059e-17	-1.592609e-16	2.2003068e-16	-7.7939935e-17	0	-7.518044e-17
1.4300000000031195e-09	1.5097794e-07	4.7351346e-08	0.00017674603	0.07827671	-9.235934e-17	-1.592573e-16	2.2002618e-16	-7.794606e-17	0	-7.518215e-17
1.4400000000032053e-09	1.4827648e-07	5.0022447e-08	0.00017063234	0.07826587	-9.2367785e-17	-1.592554e-16	2.2002393e-16	-7.795251e-17	0	-7.518379e-17
1.450000000003291e-09	1.4732036e-07	5.2390014e-08	0.0001651217	0.07825571	-9.237585e-17	-1.5925546e-16	2.2002434e-16	-7.795939e-17	0	-7.518537e-17
1.4600000000033769e-09	1.4426983e-07	5.287567e-08	0.00016012692	0.07824616	-9.238364e-17	-1.5925769e-16	2.2002769e-16	-7.796679e-17	0	-7.5186886e-17
1.4700000000034627e-09	1.4074884e-07	5.2147186e-08	0.00015549276	0.07823719	-9.2391164e-17	-1.5926217e-16	2.200341e-16	-7.797476e-17	0	-7.5188335e-17
1.4800000000035485e-09	1.3889728e-07	5.2207895e-08	0.0001511076	0.07822888	-9.2398364e-17	-1.5926906e-16	2.2004381e-16	-7.798337e-17	0	-7.518973e-17
1.4900000000036342e-09	1.3675736e-07	5.111517e-08	0.00014682946	0.07822121	-9.240531e-17	-1.5927831e-16	2.2005674e-16	-7.799263e-17	0	-7.5191055e-17
1.50000000000372e-09	1.3492098e-07	4.8565482e-08	0.00014255384	0.07821429	-9.2411976e-17	-1.5928999e-16	2.2007292e-16	-7.800256e-17	0	-7.519234e-17
1.5100000000038058e-09	1.3454157e-07	4.5226606e-08	0.00013818438	0.078208074	-9.241841e-17	-1.5930404e-16	2.2009238e-16	-7.8013144e-17	0	-7.519359e-17
1.5200000000038916e-09	1.3398002e-07	4.5044484e-08	0.00013367106	0.078202344	-9.2424615e-17	-1.5932039e-16	2.201149e-16	-7.8024374e-17	0	-7.519478e-17
1.5300000000039774e-09	1.3496651e-07	4.498378e-08	0.0001289572	0.078197114	-9.243056e-17	-1.5933894e-16	2.2014051e-16	-7.803623e-17	0	-7.519593e-17
1.5400000000040632e-09	1.3425321e-07	4.534802e-08	0.00012404546	0.078192286	-9.243629e-17	-1.5935955e-16	2.2016894e-16	-7.8048666e-17	0	-7.519703e-17
1.550000000004149e-09	1.3489063e-07	4.4255295e-08	0.000118905846	0.078188084	-9.244182e-17	-1.5938215e-16	2.2020007e-16	-7.806164e-17	0	-7.519809e-17
1.5600000000042347e-09	1.3636277e-07	4.1341366e-08	0.00011358659	0.078184426	-9.2447135e-17	-1.5940656e-16	2.2023366e-16	-7.807512e-17	0	-7.519912e-17
1.5700000000043205e-09	1.3777421e-07	4.0370058e-08	0.000108063025	0.078181215	-9.245226e-17	-1.5943259e-16	2.2026946e-16	-7.808903e-17	0	-7.52001e-17
1.5800000000044063e-09	1.386924e-07	3.933804e-08	0.00010243136	0.078178376	-9.24572e-17	-1.5946013e-16	2.2030733e-16	-7.810334e-17	0	-7.5201054e-17
1.590000000004492e-09	1.3925393e-07	3.818461e-08	9.6743854e-05	0.07817583	-9.246192e-17	-1.5948899e-16	2.2034702e-16	-7.811797e-17	0	-7.520196e-17
1.6000000000045779e-09	1.4020247e-07	3.6333052e-08	9.1027425e-05	0.07817363	-9.246646e-17	-1.5951899e-16	2.2038826e-16	-7.813289e-17	0	-7.520284e-17
1.6100000000046637e-09	1.4121173e-07	3.551351e-08	8.536054e-05	0.07817171	-9.247083e-17	-1.5955001e-16	2.2043089e-16	-7.8148034e-17	0	-7.520368e-17
1.6200000000047495e-09	1.4231964e-07	3.508856e-08	7.976338e-05	0.0781699	-9.247505e-17	-1.595819e-16	2.2047468e-16	-7.816336e-17	0	-7.5204475e-17
1.6300000000048352e-09	1.4288875e-07	3.3328064e-08	7.430592e-05	0.078168295	-9.247911e-17	-1.5961448e-16	2.2051947e-16	-7.817881e-17	0	-7.520526e-17
1.640000000004921e-09	1.4206921e-07	3.275135e-08	6.896991e-05	0.07816689	-9.248297e-17	-1.5964764e-16	2.2056501e-16	-7.819436e-17	0	-7.5206e-17
1.6500000000050068e-09	1.4205403e-07	3.23264e-08	6.3862775e-05	0.078165576	-9.248674e-17	-1.5968122e-16	2.206111e-16	-7.820991e-17	0	-7.5206705e-17
1.6600000000050926e-09	1.4169738e-07	3.171933e-08	5.900512e-05	0.07816422	-9.249034e-17	-1.5971505e-16	2.2065755e-16	-7.8225465e-17	0	-7.5207374e-17
1.6700000000051784e-09	1.3993689e-07	2.8714341e-08	5.437034e-05	0.07816291	-9.249385e-17	-1.5974909e-16	2.2070428e-16	-7.824098e-17	0	-7.5208036e-17
1.6800000000052642e-09	1.4023283e-07	2.7712678e-08	4.9994316e-05	0.078161575	-9.249714e-17	-1.5978322e-16	2.2075112e-16	-7.825642e-17	0	-7.520864e-17
1.69000000000535e-09	1.403846e-07	2.5557584e-08	4.5933157e-05	0.07816021	-9.2500405e-17	-1.5981729e-16	2.2079787e-16	-7.827175e-17	0	-7.5209227e-17
1.7000000000054357e-09	1.4114343e-07	2.4343448e-08	4.2151667e-05	0.07815872	-9.250348e-17	-1.5985121e-16	2.2084445e-16	-7.828692e-17	0	-7.5209796e-17
1.7100000000055215e-09	1.399293e-07	2.3523906e-08	3.8677572e-05	0.078157075	-9.250645e-17	-1.5988497e-16	2.2089079e-16	-7.830195e-17	0	-7.521033e-17
1.7200000000056073e-09	1.3789561e-07	2.4495215e-08	3.545538e-05	0.07815525	-9.2509325e-17	-1.5991844e-16	2.2093675e-16	-7.831678e-17	0	-7.521085e-17
1.730000000005693e-09	1.3720508e-07	2.4616629e-08	3.2507935e-05	0.07815324	-9.25121e-17	-1.5995158e-16	2.2098225e-16	-7.833142e-17	0	-7.5211344e-17
1.7400000000057789e-09	1.3589988e-07	2.5314758e-08	2.9838906e-05	0.07815104	-9.25148e-17	-1.599843e-16	2.2102717e-16	-7.834583e-17	0	-7.521183e-17
1.7500000000058647e-09	1.3668907e-07	2.5254051e-08	2.74326e-05	0.07814868	-9.2517366e-17	-1.600166e-16	2.2107151e-16	-7.8360004e-17	0	-7.521228e-17
1.7600000000059504e-09	1.3598336e-07	2.3948854e-08	2.527605e-05	0.07814616	-9.2519874e-17	-1.600484e-16	2.2111518e-16	-7.837395e-17	0	-7.521272e-17
1.7700000000060362e-09	1.3519416e-07	2.3068605e-08	2.3262912e-05	0.078143425	-9.25223e-17	-1.6007967e-16	2.2115815e-16	-7.8387625e-17	0	-7.521313e-17
1.780000000006122e-09	1.3378273e-07	2.2431182e-08	2.144972e-05	0.07814046	-9.252465e-17	-1.6011042e-16	2.2120035e-16	-7.8401045e-17	0	-7.521353e-17
1.7900000000062078e-09	1.3320602e-07	2.1459872e-08	1.9773413e-05	0.078137204	-9.252689e-17	-1.601405e-16	2.2124171e-16	-7.841419e-17	0	-7.521391e-17
1.8000000000062936e-09	1.298899e-07	2.3706026e-08	1.822806e-05	0.07813368	-9.2529105e-17	-1.6017e-16	2.2128224e-16	-7.8427065e-17	0	-7.521428e-17
1.8100000000063794e-09	1.2609952e-07	2.5284404e-08	1.6802405e-05	0.078129865	-9.253119e-17	-1.6019885e-16	2.2132195e-16	-7.8439645e-17	0	-7.5214646e-17
1.8200000000064652e-09	1.2499541e-07	2.5132637e-08	1.5563082e-05	0.078125745	-9.253326e-17	-1.602271e-16	2.2136078e-16	-7.845196e-17	0	-7.521498e-17
1.830000000006551e-09	1.2320076e-07	2.4161327e-08	1.4429974e-05	0.0781213	-9.2535246e-17	-1.6025462e-16	2.2139865e-16	-7.846396e-17	0	-7.521532e-17
1.8400000000066367e-09	1.1994915e-07	2.4222034e-08	1.3395173e-05	0.0781165	-9.253718e-17	-1.6028146e-16	2.2143558e-16	-7.8475684e-17	0	-7.5215626e-17
1.8500000000067225e-09	1.17528465e-07	2.4829102e-08	1.2391012e-05	0.07811139	-9.2539104e-17	-1.6030764e-16	2.214716e-16	-7.8487125e-17	0	-7.521594e-17
1.8600000000068083e-09	1.150319e-07	2.5011223e-08	1.1459906e-05	0.07810601	-9.2540904e-17	-1.603331e-16	2.215067e-16	-7.849827e-17	0	-7.5216235e-17
1.870000000006742e-09	1.1431101e-07	2.577006e-08	1.0594985e-05	0.078100316	-9.2542704e-17	-1.6035784e-16	2.2154077e-16	-7.850911e-17	0	-7.521652e-17
1.880000000006621e-09	1.1305513e-07	2.5618291e-08	9.755257e-06	0.078094326	-9.254443e-17	-1.6038188e-16	2.2157385e-16	-7.851963e-17	0	-7.5216784e-17
1.8900000000065e-09	1.1192826e-07	2.3857794e-08	8.95757e-06	0.078088015	-9.254615e-17	-1.604052e-16	2.2160597e-16	-7.852988e-17	0	-7.521705e-17
1.900000000006379e-09	1.09970465e-07	2.4464862e-08	8.205404e-06	0.078081466	-9.25478e-17	-1.6042778e-16	2.216371e-16	-7.853984e-17	0	-7.521729e-17
1.910000000006258e-09	1.08968806e-07	2.4313096e-08	7.454589e-06	0.07807466	-9.2549354e-17	-1.604496e-16	2.2166723e-16	-7.854948e-17	0	-7.5217525e-17
1.920000000006137e-09	1.0791402e-07	2.4920164e-08	6.7379447e-06	0.07806754	-9.255098e-17	-1.6047075e-16	2.2169638e-16	-7.855884e-17	0	-7.521776e-17
1.930000000006016e-09	1.0706792e-07	2.5193344e-08	6.025049e-06	0.078060135	-9.255253e-17	-1.6049114e-16	2.2172455e-16	-7.85679e-17	0	-7.5217995e-17
1.940000000005895e-09	1.06741616e-07	2.604324e-08	5.2800847e-06	0.07805242	-9.255403e-17	-1.6051085e-16	2.2175168e-16	-7.857668e-17	0	-7.52182e-17
1.950000000005774e-09	1.0545539e-07	2.4768397e-08	4.50416e-06	0.07804442	-9.2555515e-17	-1.6052984e-16	2.2177788e-16	-7.858517e-17	0	-7.521839e-17
1.960000000005653e-09	1.0403637e-07	2.410062e-08	3.7032394e-06	0.07803612	-9.255697e-17	-1.6054817e-16	2.2180319e-16	-7.859338e-17	0	-7.521859e-17
1.9700000000055318e-09	1.0012837e-07	2.3159664e-08	2.897409e-06	0.078027524	-9.2558394e-17	-1.605658e-16	2.218275e-16	-7.860134e-17	0	-7.521878e-17
1.9800000000054108e-09	9.8398225e-08	2.3554259e-08	2.096997e-06	0.07801863	-9.2559764e-17	-1.6058273e-16	2.2185093e-16	-7.860899e-17	0	-7.521896e-17
1.9900000000052898e-09	9.7123376e-08	2.3281078e-08	1.2880477e-06	0.078009486	-9.256113e-17	-1.60599e-16	2.2187337e-16	-7.861638e-17	0	-7.5219126e-17
2.0000000000051688e-09	9.637213e-08	2.3493552e-08	4.5664453e-07	0.0780001	-9.256249e-17	-1.6061465e-16	2.2189497e-16	-7.8623524e-17	0	-7.5219285e-17
2.0100000000050478e-09	9.697161e-08	2.3205194e-08	-4.32248e-07	0.07799046	-9.25638e-17	-1.6062967e-16	2.2191574e-16	-7.863041e-17	0	-7.5219444e-17
2.0200000000049267e-09	9.559812e-08	2.5223697e-08	-1.4115254e-06	0.07798061	-9.256508e-17	-1.6064407e-16	2.2193566e-16	-7.863707e-17	0	-7.521958e-17
2.0300000000048057e-09	9.555638e-08	2.5709353e-08	-2.4078918e-06	0.0779705	-9.256635e-17	-1.6065792e-16	2.2195477e-16	-7.8643475e-17	0	-7.521973e-17
2.0400000000046847e-09	9.472166e-08	2.7075256e-08	-3.4551e-06	0.077960156	-9.25676e-17	-1.6067117e-16	2.2197308e-16	-7.8649656e-17	0	-7.521986e-17
2.0500000000045637e-09	9.344303e-08	2.6953844e-08	-4.487777e-06	0.077949554	-9.256883e-17	-1.6068388e-16	2.2199067e-16	-7.865562e-17	0	-7.521999e-17
2.0600000000044427e-09	9.062774e-08	2.8759873e-08	-5.553144e-06	0.07793876	-9.2570093e-17	-1.6069609e-16	2.2200751e-16	-7.866139e-17	0	-7.5220126e-17
2.0700000000043217e-09	8.996756e-08	3.071767e-08	-6.634652e-06	0.077927805	-9.257127e-17	-1.6070777e-16	2.220237e-16	-7.8666934e-17	0	-7.522023e-17
2.0800000000042007e-09	8.7922494e-08	3.085426e-08	-7.764991e-06	0.07791669	-9.2572436e-17	-1.60719e-16	2.2203923e-16	-7.86723e-17	0	-7.5220344e-17
2.0900000000040797e-09	8.926943e-08	3.130956e-08	-8.885419e-06	0.07790544	-9.257358e-17	-1.6072976e-16	2.220541e-16	-7.8677476e-17	0	-7.522045e-17
2.1000000000039587e-09	8.8097025e-08	3.2963822e-08	-1.004873e-05	0.07789403	-9.257474e-17	-1.6074008e-16	2.2206837e-16	-7.868247e-17	0	-7.522055e-17
2.1100000000038377e-09	8.6619195e-08	3.4420786e-08	-1.1218733e-05	0.077882476	-9.257585e-17	-1.6074999e-16	2.220821e-16	-7.868733e-17	0	-7.5220655e-17
2.1200000000037166e-09	8.624737e-08	3.4041367e-08	-1.2392894e-05	0.07787079	-9.2576995e-17	-1.6075953e-16	2.2209527e-16	-7.8692e-17	0	-7.522075e-17
2.1300000000035956e-09	8.703466e-08	3.4602905e-08	-1.3599602e-05	0.07785897	-9.257808e-17	-1.6076869e-16	2.22108e-16	-7.869653e-17	0	-7.5220834e-17
2.1400000000034746e-09	8.684874e-08	3.587775e-08	-1.4836953e-05	0.07784706	-9.257916e-17	-1.6077753e-16	2.2212023e-16	-7.870093e-17	0	-7.5220926e-17
2.1500000000033536e-09	8.55094e-08	3.7289183e-08	-1.6139562e-05	0.07783506	-9.2580264e-17	-1.6078606e-16	2.22132e-16	-7.87052e-17	0	-7.5221006e-17
2.1600000000032326e-09	8.440529e-08	3.999064e-08	-1.7465263e-05	0.07782298	-9.2581283e-17	-1.6079424e-16	2.2214336e-16	-7.8709326e-17	0	-7.522109e-17
2.1700000000031116e-09	8.316459e-08	4.247962e-08	-1.8823397e-05	0.077810794	-9.2582355e-17	-1.6080212e-16	2.221543e-16	-7.871335e-17	0	-7.522117e-17
2.1800000000029906e-09	8.1457216e-08	4.270727e-08	-2.0155221e-05	0.077798575	-9.2583414e-17	-1.6080977e-16	2.2216486e-16	-7.871724e-17	0	-7.5221244e-17
2.1900000000028696e-09	8.083118e-08	4.2828685e-08	-2.152093e-05	0.07778632	-9.2584447e-17	-1.6081717e-16	2.221751e-16	-7.872105e-17	0	-7.522132e-17
2.2000000000027486e-09	8.015202e-08	4.1902904e-08	-2.2922384e-05	0.07777405	-9.2585426e-17	-1.6082429e-16	2.22185e-16	-7.872476e-17	0	-7.522138e-17
2.2100000000026276e-09	8.142307e-08	4.3481283e-08	-2.4276042e-05	0.07776176	-9.258646e-17	-1.6083123e-16	2.2219458e-16	-7.8728364e-17	0	-7.522145e-17
2.2200000000025065e-09	8.129786e-08	4.2267146e-08	-2.5611447e-05	0.077749416	-9.258745e-17	-1.6083796e-16	2.2220393e-16	-7.87319e-17	0	-7.5221515e-17
2.2300000000023855e-09	8.203772e-08	4.238856e-08	-2.698145e-05	0.07773701	-9.258839e-17	-1.6084452e-16	2.2221306e-16	-7.8735345e-17	0	-7.522158e-17
2.2400000000022645e-09	8.244749e-08	4.300322e-08	-2.8370878e-05	0.077724576	-9.258941e-17	-1.6085091e-16	2.2222187e-16	-7.8738734e-17	0	-7.522165e-17
2.2500000000021435e-09	8.297109e-08	4.2654154e-08	-2.977279e-05	0.07771213	-9.259035e-17	-1.608571e-16	2.2223045e-16	-7.8742036e-17	0	-7.5221694e-17
2.2600000000020225e-09	8.262013e-08	4.4452594e-08	-3.1184874e-05	0.07769972	-9.2591316e-17	-1.6086316e-16	2.2223884e-16	-7.8745265e-17	0	-7.5221753e-17
2.2700000000019015e-09	8.353643e-08	4.4224944e-08	-3.2639866e-05	0.07768733	-9.259226e-17	-1.6086905e-16	2.2224705e-16	-7.874846e-17	0	-7.522181e-17
2.2800000000017805e-09	8.245508e-08	4.4672657e-08	-3.4093515e-05	0.07767493	-9.2593235e-17	-1.6087485e-16	2.2225507e-16	-7.875157e-17	0	-7.522186e-17
2.2900000000016595e-09	8.1705736e-08	4.5401137e-08	-3.556675e-05	0.07766255	-9.259411e-17	-1.6088054e-16	2.2226295e-16	-7.875466e-17	0	-7.522191e-17
2.3000000000015385e-09	8.188121e-08	4.543149e-08	-3.7023456e-05	0.07765018	-9.259507e-17	-1.6088614e-16	2.2227074e-16	-7.875769e-17	0	-7.5221965e-17
2.3100000000014175e-09	8.320633e-08	4.5477023e-08	-3.850704e-05	0.07763783	-9.259597e-17	-1.6089165e-16	2.2227836e-16	-7.876067e-17	0	-7.5222005e-17
2.3200000000012965e-09	8.352315e-08	4.6440743e-08	-4.000348e-05	0.07762547	-9.2596874e-17	-1.6089702e-16	2.222858e-16	-7.8763615e-17	0	-7.522206e-17
2.3300000000011754e-09	8.525139e-08	4.785218e-08	-4.145291e-05	0.07761317	-9.259779e-17	-1.6090231e-16	2.2229316e-16	-7.876652e-17	0	-7.52221e-17
2.3400000000010544e-09	8.333249e-08	4.6979515e-08	-4.28927e-05	0.07760089	-9.2598654e-17	-1.6090755e-16	2.2230044e-16	-7.87694e-17	0	-7.522214e-17
2.3500000000009334e-09	8.233367e-08	4.8140535e-08	-4.4347395e-05	0.07758864	-9.259957e-17	-1.6091272e-16	2.2230756e-16	-7.877224e-17	0	-7.522219e-17
2.3600000000008124e-09	8.331921e-08	4.847063e-08	-4.5805842e-05	0.077576414	-9.260042e-17	-1.6091781e-16	2.2231465e-16	-7.877504e-17	0	-7.522223e-17
2.3700000000006914e-09	8.215345e-08	4.7518288e-08	-4.7297286e-05	0.07756425	-9.26013e-17	-1.6092288e-16	2.2232166e-16	-7.877781e-17	0	-7.522227e-17
2.3800000000005704e-09	8.0639566e-08	4.8273332e-08	-4.8838723e-05	0.07755211	-9.2602155e-17	-1.6092786e-16	2.223286e-16	-7.878056e-17	0	-7.522231e-17
2.3900000000004494e-09	7.982382e-08	4.936985e-08	-5.039471e-05	0.077540025	-9.260298e-17	-1.609328e-16	2.2233545e-16	-7.878331e-17	0	-7.5222336e-17
2.4000000000003284e-09	7.963411e-08	5.0166626e-08	-5.1922194e-05	0.07752798	-9.260385e-17	-1.6093777e-16	2.223423e-16	-7.878603e-17	0	-7.522238e-17
2.4100000000002074e-09	7.978588e-08	4.9605088e-08	-5.3432395e-05	0.07751598	-9.2604696e-17	-1.6094267e-16	2.2234914e-16	-7.878873e-17	0	-7.5222415e-17
2.4200000000000864e-09	7.930212e-08	4.962406e-08	-5.492656e-05	0.07750405	-9.260555e-17	-1.6094759e-16	2.2235592e-16	-7.879141e-17	0	-7.522245e-17
2.4300099999999652e-09	7.842187e-08	5.0667456e-08	-5.640579e-05	0.07749214	-9.260638e-17	-1.6095243e-16	2.2236264e-16	-7.8794095e-17	0	-7.522248e-17
2.4400099999998442e-09	7.937706e-08	5.1528737e-08	-5.7867033e-05	0.0774803	-9.260718e-17	-1.6095725e-16	2.223693e-16	-7.879673e-17	0	-7.5222515e-17
2.450009999999723e-09	7.842187e-08	5.242606e-08	-5.933531e-05	0.077468514	-9.2608005e-17	-1.6096202e-16	2.2237593e-16	-7.8799356e-17	0	-7.522255e-17
2.460009999999602e-09	7.7388435e-08	5.3348046e-08	-6.081407e-05	0.0774568	-9.260881e-17	-1.6096682e-16	2.2238257e-16	-7.880198e-17	0	-7.522258e-17
2.470009999999481e-09	7.6859145e-08	5.3841287e-08	-6.2325904e-05	0.07744511	-9.260961e-17	-1.6097158e-16	2.2238921e-16	-7.880461e-17	0	-7.5222614e-17
2.48000999999936e-09	7.8799864e-08	5.6235415e-08	-6.383098e-05	0.077433474	-9.261043e-17	-1.6097637e-16	2.223958e-16	-7.880722e-17	0	-7.522265e-17
2.490009999999239e-09	7.923952e-08	5.576304e-08	-6.5272056e-05	0.077421874	-9.261119e-17	-1.6098115e-16	2.2240242e-16	-7.880981e-17	0	-7.5222673e-17
2.500009999999118e-09	7.9533095e-08	5.45508e-08	-6.670336e-05	0.077410355	-9.2612015e-17	-1.6098592e-16	2.2240901e-16	-7.8812406e-17	0	-7.5222706e-17
2.510009999998997e-09	7.8640035e-08	5.5112338e-08	-6.819878e-05	0.077398896	-9.261279e-17	-1.6099066e-16	2.224156e-16	-7.881499e-17	0	-7.5222726e-17
2.520009999998876e-09	7.685203e-08	5.4298486e-08	-6.9684604e-05	0.07738752	-9.2613544e-17	-1.6099541e-16	2.2242217e-16	-7.881756e-17	0	-7.522276e-17
2.530009999998755e-09	7.7143234e-08	5.1938507e-08	-7.1200375e-05	0.07737619	-9.261434e-17	-1.6100016e-16	2.2242876e-16	-7.882014e-17	0	-7.5222786e-17
2.540009999998634e-09	7.688808e-08	5.2777022e-08	-7.2719144e-05	0.0773649	-9.2615105e-17	-1.6100492e-16	2.2243535e-16	-7.882272e-17	0	-7.522282e-17
2.550009999998513e-09	7.803202e-08	5.2424163e-08	-7.4240495e-05	0.07735367	-9.261588e-17	-1.6100966e-16	2.2244192e-16	-7.882528e-17	0	-7.5222845e-17
2.560009999998392e-09	7.80804e-08	5.224204e-08	-7.576519e-05	0.07734251	-9.2616614e-17	-1.6101441e-16	2.224485e-16	-7.882784e-17	0	-7.522288e-17
2.570009999998271e-09	7.816766e-08	5.310332e-08	-7.722533e-05	0.0773314	-9.261737e-17	-1.6101918e-16	2.224551e-16	-7.883038e-17	0	-7.522289e-17
2.58000999999815e-09	7.735191e-08	5.3452386e-08	-7.866115e-05	0.077320345	-9.26181e-17	-1.6102393e-16	2.224617e-16	-7.883293e-17	0	-7.5222925e-17
2.590009999998029e-09	7.70683e-08	5.232172e-08	-8.0117876e-05	0.07730934	-9.2618844e-17	-1.6102872e-16	2.224683e-16	-7.8835494e-17	0	-7.5222945e-17
2.600009999997908e-09	7.8954e-08	5.0105918e-08	-8.156754e-05	0.077298395	-9.261957e-17	-1.6103348e-16	2.2247495e-16	-7.883804e-17	0	-7.522298e-17
2.610009999997787e-09	8.0152965e-08	4.905114e-08	-8.299831e-05	0.0772875	-9.262032e-17	-1.6103834e-16	2.2248162e-16	-7.88406e-17	0	-7.522299e-17
2.620009999997666e-09	8.1086334e-08	4.7768705e-08	-8.4438376e-05	0.07727669	-9.2621015e-17	-1.6104316e-16	2.2248832e-16	-7.884316e-17	0	-7.5223024e-17
2.630009999997545e-09	8.1967535e-08	5.0401866e-08	-8.588618e-05	0.07726595	-9.2621736e-17	-1.6104799e-16	2.2249501e-16	-7.8845724e-17	0	-7.522305e-17
2.640009999997424e-09	8.13026e-08	4.982515e-08	-8.7317974e-05	0.07725526	-9.2622444e-17	-1.6105282e-16	2.225017e-16	-7.884826e-17	0	-7.5223064e-17
2.650009999997303e-09	8.0113125e-08	4.8823487e-08	-8.8778914e-05	0.07724463	-9.262316e-17	-1.610577e-16	2.2250846e-16	-7.8850826e-17	0	-7.52231e-17
2.660009999997182e-09	7.9568665e-08	4.9476085e-08	-9.02552e-05	0.07723406	-9.26239e-17	-1.6106261e-16	2.225152e-16	-7.885338e-17	0	-7.522312e-17
2.670009999997061e-09	7.822078e-08	4.8694485e-08	-9.169162e-05	0.077223554	-9.2624575e-17	-1.6106747e-16	2.2252196e-16	-7.8855955e-17	0	-7.5223137e-17
2.68000999999694e-09	7.8238806e-08	4.7730765e-08	-9.308584e-05	0.0772131	-9.2625256e-17	-1.6107237e-16	2.2252876e-16	-7.8858496e-17	0	-7.522316e-17
2.690009999996819e-09	7.879844e-08	4.840613e-08	-9.4490366e-05	0.07720273	-9.2625945e-17	-1.6107726e-16	2.2253554e-16	-7.886105e-17	0	-7.5223176e-17
2.700009999996698e-09	7.7283616e-08	4.976444e-08	-9.589863e-05	0.077192426	-9.262664e-17	-1.6108217e-16	2.2254234e-16	-7.88636e-17	0	-7.52232e-17
2.710009999996577e-09	7.687574e-08	5.0356334e-08	-9.7308104e-05	0.07718221	-9.2627314e-17	-1.6108712e-16	2.2254922e-16	-7.886616e-17	0	-7.5223236e-17
2.720009999996456e-09	7.771047e-08	5.061434e-08	-9.8726356e-05	0.07717206	-9.262799e-17	-1.6109209e-16	2.2255608e-16	-7.8868727e-17	0	-7.5223256e-17
2.730009999996335e-09	7.720868e-08	5.2025772e-08	-0.000100102625	0.077162	-9.262866e-17	-1.6109705e-16	2.2256296e-16	-7.887128e-17	0	-7.5223276e-17
2.740009999996214e-09	7.995283e-08	5.328544e-08	-0.00010146327	0.07715199	-9.262934e-17	-1.6110205e-16	2.2256984e-16	-7.887385e-17	0	-7.5223295e-17
2.750009999996093e-09	7.949088e-08	5.5288766e-08	-0.00010283687	0.07714207	-9.2629975e-17	-1.6110706e-16	2.2257678e-16	-7.88764e-17	0	-7.522332e-17
2.760009999995972e-09	7.973087e-08	5.6002072e-08	-0.000104186685	0.07713223	-9.263063e-17	-1.6111203e-16	2.225837e-16	-7.887896e-17	0	-7.522334e-17
2.770009999995851e-09	8.190777e-08	5.5015587e-08	-0.00010551513	0.07712246	-9.263129e-17	-1.6111702e-16	2.2259062e-16	-7.8881525e-17	0	-7.522336e-17
2.78000999999573e-09	8.3109576e-08	5.6411842e-08	-0.00010687284	0.07711277	-9.263196e-17	-1.6112204e-16	2.2259753e-16	-7.888406e-17	0	-7.522338e-17
2.790009999995609e-09	8.4267754e-08	5.6351137e-08	-0.000108227745	0.07710311	-9.26326e-17	-1.6112707e-16	2.226045e-16	-7.888662e-17	0	-7.522341e-17
2.800009999995488e-09	8.601213e-08	5.7337623e-08	-0.000109589375	0.07709352	-9.263324e-17	-1.6113212e-16	2.2261148e-16	-7.8889175e-17	0	-7.5223434e-17
2.810009999995367e-09	8.608801e-08	5.8961533e-08	-0.00011093927	0.077084	-9.263386e-17	-1.6113717e-16	2.226185e-16	-7.889173e-17	0	-7.522345e-17
2.820009999995246e-09	8.613354e-08	5.9932844e-08	-0.00011228979	0.07707458	-9.263449e-17	-1.6114225e-16	2.2262548e-16	-7.889428e-17	0	-7.5223474e-17
2.830009999995125e-09	8.550655e-08	6.020602e-08	-0.000113589536	0.0770652	-9.263513e-17	-1.6114732e-16	2.2263253e-16	-7.889684e-17	0	-7.522349e-17
2.840009999995004e-09	8.487292e-08	5.9189183e-08	-0.000114877934	0.077055864	-9.2635765e-17	-1.6115241e-16	2.2263957e-16	-7.8899405e-17	0	-7.5223514e-17
2.850009999994883e-09	8.520492e-08	5.8627645e-08	-0.000116171424	0.077046566	-9.263635e-17	-1.6115751e-16	2.2264663e-16	-7.890196e-17	0	-7.522354e-17
2.860009999994762e-09	8.610129e-08	5.744386e-08	-0.0001174711	0.077037334	-9.263696e-17	-1.6116263e-16	2.226537e-16	-7.8904514e-17	0	-7.5223553e-17
2.870009999994641e-09	8.576645e-08	5.6700202e-08	-0.00011875077	0.07702816	-9.2637624e-17	-1.6116774e-16	2.2266077e-16	-7.890706e-17	0	-7.522357e-17
2.8800099999945198e-09	8.4170054e-08	5.7003735e-08	-0.000120035584	0.07701904	-9.263817e-17	-1.611728e-16	2.226678e-16	-7.89096e-17	0	-7.52236e-17
2.8900099999943988e-09	8.3297394e-08	5.6685025e-08	-0.00012126158	0.077009976	-9.263876e-17	-1.6117789e-16	2.2267488e-16	-7.8912144e-17	0	-7.522361e-17
2.9000099999942778e-09	8.2290036e-08	5.665467e-08	-0.00012248047	0.077000976	-9.2639404e-17	-1.6118304e-16	2.2268197e-16	-7.8914685e-17	0	-7.522364e-17
2.9100099999941568e-09	8.271214e-08	5.6214546e-08	-0.00012367399	0.07699206	-9.264e-17	-1.6118817e-16	2.226891e-16	-7.891723e-17	0	-7.522365e-17
2.9200099999940357e-09	8.20548e-08	5.6077955e-08	-0.00012489496	0.0769832	-9.2640576e-17	-1.6119333e-16	2.226962e-16	-7.891978e-17	0	-7.522368e-17
2.9300099999939147e-09	8.277e-08	5.629043e-08	-0.00012614645	0.07697441	-9.264115e-17	-1.6119851e-16	2.2270336e-16	-7.892231e-17	0	-7.522369e-17
2.9400099999937937e-09	8.283355e-08	5.6548433e-08	-0.00012737795	0.07696566	-9.264172e-17	-1.6120367e-16	2.2271053e-16	-7.8924876e-17	0	-7.522371e-17
2.9500099999936727e-09	8.2260634e-08	5.665467e-08	-0.00012856696	0.07695696	-9.26423e-17	-1.612088e-16	2.2271765e-16	-7.89274e-17	0	-7.522374e-17
2.9600099999935517e-09	8.177023e-08	5.4727227e-08	-0.00012973874	0.07694831	-9.264289e-17	-1.6121395e-16	2.2272475e-16	-7.892992e-17	0	-7.522376e-17
2.9700099999934307e-09	8.125992e-08	5.421122e-08	-0.00013089277	0.07693975	-9.264346e-17	-1.6121912e-16	2.2273187e-16	-7.8932446e-17	0	-7.522378e-17
2.9800099999933097e-09	8.230996e-08	5.3239912e-08	-0.00013207342	0.07693123	-9.264402e-17	-1.6122426e-16	2.22739e-16	-7.893497e-17	0	-7.522379e-17
2.9900099999931887e-09	8.215155e-08	5.278461e-08	-0.00013324629	0.07692282	-9.264458e-17	-1.6122941e-16	2.2274613e-16	-7.893748e-17	0	-7.522382e-17
3.0000099999930677e-09	8.051911e-08	5.2207895e-08	-0.00013440466	0.07691446	-9.264512e-17	-1.6123459e-16	2.2275328e-16	-7.893999e-17	0	-7.5223845e-17
