# t (s)	mx ()	my ()	mz ()	spinAngle (rad)	E_total (J)	E_anis (J)	E_demag (J)	E_exch (J)	E_therm (J)	E_custom (J)
0	0	0	0	0.002372557	-3.8543936e-17	-3.21808e-16	3.2615927e-16	5.376001e-18	0	-4.82712e-17
1.0000000000000124e-11	-2.2522513e-10	2.1855728e-10	0.000904791	0.0075033125	-4.634958e-17	-3.1650966e-16	3.2134146e-16	-3.2100733e-18	0	-4.797131e-17
2.0009999999999403e-11	-8.297768e-10	7.942149e-10	0.0025880602	0.009289879	-4.7899018e-17	-3.1045147e-16	3.1553237e-16	-5.237345e-18	0	-4.7742615e-17
3.000999999999824e-11	-2.0388802e-09	1.9677564e-09	0.0047520553	0.01095173	-4.898811e-17	-3.031812e-16	3.084304e-16	-6.7890576e-18	0	-4.744825e-17
4.000000000000001e-11	-3.5798942e-09	3.615456e-09	0.0073106214	0.0127808545	-5.0076326e-17	-2.9481675e-16	3.0008715e-16	-8.217836e-18	0	-4.7128897e-17
5.0000000000001785e-11	-5.5002345e-09	6.3537193e-09	0.010055419	0.0148381265	-5.132516e-17	-2.8620232e-16	2.9124804e-16	-9.596378e-18	0	-4.6774493e-17
6.00000000000024e-11	-7.965857e-09	8.973443e-09	0.012532488	0.017044868	-5.2827172e-17	-2.7883496e-16	2.8340015e-16	-1.0981003e-17	0	-4.641134e-17
7.000999999999771e-11	-9.127545e-09	1.1640583e-08	0.014295777	0.019157521	-5.4577794e-17	-2.7362552e-16	2.776547e-16	-1.24792595e-17	0	-4.6127733e-17
8.000999999999302e-11	-9.909906e-09	1.3051204e-08	0.015141016	0.020965543	-5.645588e-17	-2.7008633e-16	2.73748e-16	-1.4126102e-17	0	-4.5991437e-17
9.000999999998834e-11	-9.886198e-09	1.427216e-08	0.015106633	0.022459043	-5.832735e-17	-2.6713566e-16	2.706303e-16	-1.583461e-17	0	-4.5987384e-17
1.0000999999998365e-10	-9.6017025e-09	1.5777612e-08	0.014366378	0.023697075	-6.010399e-17	-2.6402843e-16	2.6748755e-16	-1.749946e-17	0	-4.6063634e-17
1.1000999999997896e-10	-9.530579e-09	1.7283066e-08	0.013145385	0.024737807	-6.174605e-17	-2.604475e-16	2.639387e-16	-1.9061661e-17	0	-4.6175588e-17
1.2000999999997891e-10	-9.957321e-09	1.9049304e-08	0.011660235	0.025653794	-6.324472e-17	-2.5631752e-16	2.5987087e-16	-2.0502254e-17	0	-4.6295827e-17
1.3000999999998715e-10	-1.0526311e-08	2.1082258e-08	0.010088311	0.026492083	-6.460752e-17	-2.5165894e-16	2.5528533e-16	-2.182405e-17	0	-4.6409835e-17
1.400099999999954e-10	-1.2399236e-08	2.3414524e-08	0.008558407	0.027278991	-6.5850075e-17	-2.4651412e-16	2.5021422e-16	-2.3039804e-17	0	-4.6510394e-17
1.5000000000000362e-10	-1.4983398e-08	2.6763265e-08	0.0071544778	0.028059203	-6.6990876e-17	-2.4092436e-16	2.4469204e-16	-2.4164311e-17	0	-4.6594227e-17
1.6000000000001186e-10	-1.8065426e-08	3.059654e-08	0.005920382	0.028878346	-6.805331e-17	-2.349036e-16	2.387253e-16	-2.5215271e-17	0	-4.6659786e-17
1.700000000000201e-10	-2.1621613e-08	3.5461845e-08	0.0048840386	0.029756714	-6.9059364e-17	-2.2848555e-16	2.3233587e-16	-2.6205017e-17	0	-4.670465e-17
1.8000000000002833e-10	-2.6268362e-08	4.0713147e-08	0.004067142	0.030703913	-7.0034994e-17	-2.217331e-16	2.2556665e-16	-2.7144382e-17	0	-4.6724137e-17
1.9000000000003657e-10	-3.0867696e-08	4.6591225e-08	0.0034967663	0.031743843	-7.101129e-17	-2.1479302e-16	2.1853447e-16	-2.80397e-17	0	-4.671303e-17
2.000000000000448e-10	-3.5324785e-08	5.235595e-08	0.0032043788	0.03291816	-7.2023344e-17	-2.0794082e-16	2.1148247e-16	-2.889409e-17	0	-4.6670917e-17
2.1000000000005304e-10	-3.8833555e-08	5.5891395e-08	0.0032002933	0.034231108	-7.310136e-17	-2.015645e-16	2.0479048e-16	-2.97188e-17	0	-4.660854e-17
2.2000000000006128e-10	-4.0161197e-08	5.5743218e-08	0.0034336413	0.035589945	-7.425469e-17	-1.9602214e-16	1.9886294e-16	-3.0546582e-17	0	-4.6548894e-17
2.3000000000006952e-10	-3.8264563e-08	5.333094e-08	0.003800248	0.036823805	-7.5461834e-17	-1.9144407e-16	1.9391685e-16	-3.1419413e-17	0	-4.6515195e-17
2.4000000000005925e-10	-3.5229952e-08	4.8713826e-08	0.004209158	0.037803724	-7.668236e-17	-1.8770989e-16	1.8989683e-16	-3.2355123e-17	0	-4.651421e-17
2.5000000000004163e-10	-3.252725e-08	4.4345644e-08	0.0046217325	0.038497515	-7.7878545e-17	-1.8458788e-16	1.865832e-16	-3.3337192e-17	0	-4.6536695e-17
2.60000000000024e-10	-3.0346122e-08	4.0718334e-08	0.005037828	0.038975302	-7.902675e-17	-1.8181697e-16	1.8369357e-16	-3.433143e-17	0	-4.657191e-17
2.700000000000064e-10	-2.8591737e-08	3.73933e-08	0.0054658786	0.03935546	-8.011587e-17	-1.7911936e-16	1.8092313e-16	-3.5303013e-17	0	-4.6616614e-17
2.800099999999888e-10	-2.7050723e-08	3.4554276e-08	0.0058946386	0.039701596	-8.114253e-17	-1.7625529e-16	1.7801194e-16	-3.622515e-17	0	-4.6674033e-17
2.9000999999997117e-10	-2.5865328e-08	3.2513174e-08	0.0062714373	0.040016945	-8.210177e-17	-1.7314404e-16	1.7486818e-16	-3.70772e-17	0	-4.6748708e-17
3.0000999999995355e-10	-2.4051673e-08	2.9788987e-08	0.006507482	0.040310014	-8.2990905e-17	-1.6991302e-16	1.7161478e-16	-3.7849793e-17	0	-4.6842854e-17
3.1000999999993594e-10	-2.2486951e-08	2.8022747e-08	0.006504579	0.040599585	-8.3805016e-17	-1.6685857e-16	1.6854798e-16	-3.85403e-17	0	-4.6954127e-17
3.2000999999991833e-10	-2.0631807e-08	2.5497854e-08	0.0061930143	0.040887337	-8.4540115e-17	-1.6430373e-16	1.6599249e-16	-3.91533e-17	0	-4.7075583e-17
3.300099999999007e-10	-1.8717394e-08	2.3767178e-08	0.005555391	0.041178722	-8.519537e-17	-1.6246697e-16	1.6416856e-16	-3.9699157e-17	0	-4.7197804e-17
3.400099999998831e-10	-1.7324554e-08	2.2498805e-08	0.004626777	0.0414725	-8.577478e-17	-1.6141789e-16	1.6314635e-16	-4.019102e-17	0	-4.7312206e-17
3.500099999998655e-10	-1.5913933e-08	2.0708859e-08	0.0034783196	0.041764263	-8.628629e-17	-1.611146e-16	1.6288332e-16	-4.0641154e-17	0	-4.7413834e-17
3.600099999998479e-10	-1.4544802e-08	1.8930765e-08	0.0021986724	0.042044625	-8.673947e-17	-1.6146157e-16	1.6328237e-16	-4.1058466e-17	0	-4.7501786e-17
3.7000999999983027e-10	-1.3347552e-08	1.7591267e-08	0.0008810701	0.04231368	-8.714299e-17	-1.6234113e-16	1.6422373e-16	-4.144807e-17	0	-4.757752e-17
3.8000999999981266e-10	-1.2043618e-08	1.5730198e-08	-0.00038484798	0.042579785	-8.7503566e-17	-1.6361681e-16	1.6556823e-16	-4.181225e-17	0	-4.764273e-17
3.9000999999979505e-10	-1.0099569e-08	1.3845418e-08	-0.0015191804	0.04285366	-8.7826074e-17	-1.6513048e-16	1.6715449e-16	-4.2151834e-17	0	-4.7698252e-17
4.0000999999977743e-10	-9.1986685e-09	1.20199095e-08	-0.0024572774	0.043143757	-8.811393e-17	-1.6670858e-16	1.6880606e-16	-4.246718e-17	0	-4.774422e-17
4.100099999997598e-10	-9.050494e-09	1.037221e-08	-0.003153006	0.043456905	-8.837038e-17	-1.6818174e-16	1.7035103e-16	-4.275885e-17	0	-4.778079e-17
4.200099999997422e-10	-8.031054e-09	9.459455e-09	-0.0035788612	0.04379833	-8.859847e-17	-1.6940945e-16	1.716474e-16	-4.3027848e-17	0	-4.7808578e-17
4.300099999997246e-10	-7.3672326e-09	8.58819e-09	-0.0037241015	0.044172343	-8.880164e-17	-1.7030254e-16	1.7260561e-16	-4.3276e-17	0	-4.7828705e-17
4.40009999999707e-10	-7.177569e-09	8.52892e-09	-0.0035935908	0.04458121	-8.8983266e-17	-1.7083356e-16	1.7319869e-16	-4.3505985e-17	0	-4.784241e-17
4.5000999999968937e-10	-8.155521e-09	9.186815e-09	-0.0032086086	0.045025513	-8.914695e-17	-1.7103072e-16	1.7345582e-16	-4.372138e-17	0	-4.785066e-17
4.6000999999967176e-10	-7.4027944e-09	1.22155e-08	-0.0026083812	0.045507945	-8.9296304e-17	-1.7095698e-16	1.73441e-16	-4.392644e-17	0	-4.7853874e-17
4.700099999996541e-10	-8.084396e-09	1.5786503e-08	-0.001849801	0.046033524	-8.943521e-17	-1.7068247e-16	1.7322501e-16	-4.4125794e-17	0	-4.7851965e-17
4.800099999996365e-10	-8.616343e-09	2.1100039e-08	-0.0010029351	0.046609275	-8.956779e-17	-1.7026109e-16	1.7286185e-16	-4.4324093e-17	0	-4.7844474e-17
4.900099999996189e-10	-9.340916e-09	2.7348554e-08	-0.0001440928	0.04724586	-8.969842e-17	-1.6971877e-16	1.7237682e-16	-4.452562e-17	0	-4.7830842e-17
5.000099999996013e-10	-1.0662632e-08	3.443648e-08	0.00065217895	0.047953308	-8.98321e-17	-1.6905557e-16	1.7176798e-16	-4.4733944e-17	0	-4.7810573e-17
5.100099999995837e-10	-1.139165e-08	4.4465665e-08	0.0013206328	0.04874335	-8.997442e-17	-1.6825793e-16	1.7101818e-16	-4.495143e-17	0	-4.7783256e-17
5.200099999995661e-10	-1.3424603e-08	5.577878e-08	0.0018102739	0.04962844	-9.013195e-17	-1.673159e-16	1.7011144e-16	-4.5178914e-17	0	-4.7748574e-17
5.300099999995485e-10	-1.5362724e-08	6.631398e-08	0.0020867134	0.050619606	-9.031217e-17	-1.6624062e-16	1.6905032e-16	-4.5415634e-17	0	-4.7706232e-17
5.400099999995309e-10	-1.6903739e-08	7.847318e-08	0.0021333382	0.051723838	-9.0523424e-17	-1.6507694e-16	1.6786963e-16	-4.5659877e-17	0	-4.7656238e-17
5.500099999995133e-10	-1.6453289e-08	9.02323e-08	0.0019533145	0.052956376	-9.077421e-17	-1.6390671e-16	1.6664232e-16	-4.5910344e-17	0	-4.759947e-17
5.600099999994956e-10	-1.6678513e-08	9.954358e-08	0.0015723318	0.054309774	-9.10716e-17	-1.6283921e-16	1.6547351e-16	-4.6167504e-17	0	-4.7538404e-17
5.70009999999478e-10	-1.4580364e-08	1.05654294e-07	0.001037752	0.055750072	-9.141962e-17	-1.6199154e-16	1.6448295e-16	-4.6433555e-17	0	-4.7477474e-17
5.800099999994604e-10	-1.0218108e-08	1.05666146e-07	0.00041418697	0.057238866	-9.1817366e-17	-1.6146608e-16	1.63783e-16	-4.6711405e-17	0	-4.7422877e-17
5.900099999994428e-10	-3.7458494e-09	1.012387e-07	-0.0002204273	0.058728524	-9.225774e-17	-1.6132489e-16	1.6345327e-16	-4.700417e-17	0	-4.7381948e-17
6.000099999994252e-10	4.9786606e-09	9.333804e-08	-0.0007797619	0.060169663	-9.2727e-17	-1.6156382e-16	1.6351213e-16	-4.731395e-17	0	-4.736136e-17
6.100099999994076e-10	1.7520144e-08	8.2230876e-08	-0.0011847742	0.061543267	-9.3206705e-17	-1.6210571e-16	1.6390209e-16	-4.7638615e-17	0	-4.736448e-17
6.2000999999939e-10	2.7643422e-08	6.7128944e-08	-0.001387603	0.062828444	-9.367783e-17	-1.6282767e-16	1.6450939e-16	-4.796987e-17	0	-4.7389667e-17
6.300099999993724e-10	3.9675186e-08	4.749287e-08	-0.0013868009	0.064010434	-9.412444e-17	-1.6360468e-16	1.6520728e-16	-4.8295708e-17	0	-4.743133e-17
6.400099999993547e-10	5.2181107e-08	2.1538634e-08	-0.0012254742	0.06508123	-9.4536063e-17	-1.643424e-16	1.6589375e-16	-4.8605024e-17	0	-4.7482387e-17
6.500099999993371e-10	6.609765e-08	-1.3774295e-08	-0.00097526197	0.06604023	-9.490786e-17	-1.6498661e-16	1.6650607e-16	-4.8891225e-17	0	-4.7536085e-17
6.600099999993195e-10	8.279987e-08	-5.687231e-08	-0.00071210705	0.06688863	-9.52406e-17	-1.6551418e-16	1.6701395e-16	-4.9153573e-17	0	-4.7586774e-17
6.700099999993019e-10	1.0186695e-07	-1.0899414e-07	-0.0004919182	0.06763415	-9.553939e-17	-1.6591946e-16	1.6740681e-16	-4.9396626e-17	0	-4.7630132e-17
6.800099999992843e-10	1.2155192e-07	-1.679083e-07	-0.0003359167	0.0682897	-9.5812066e-17	-1.6620549e-16	1.676846e-16	-4.9628153e-17	0	-4.7662997e-17
6.900099999992667e-10	1.4636966e-07	-2.3227823e-07	-0.0002311145	0.068878226	-9.606699e-17	-1.6637947e-16	1.6785239e-16	-4.9856594e-17	0	-4.7683306e-17
7.000099999992491e-10	1.7628608e-07	-2.9999987e-07	-0.0001430363	0.0694195	-9.6311405e-17	-1.664496e-16	1.6791717e-16	-5.0089095e-17	0	-4.768989e-17
7.100099999992315e-10	2.0753903e-07	-3.6987004e-07	-3.235911e-05	0.06993636	-9.6550665e-17	-1.6642438e-16	1.6788658e-16	-5.0330542e-17	0	-4.7682307e-17
7.200099999992138e-10	2.4300607e-07	-4.4164574e-07	0.00013189421	0.07044838	-9.678809e-17	-1.6631325e-16	1.6776938e-16	-5.05836e-17	0	-4.7660618e-17
7.300099999991962e-10	2.8214782e-07	-5.144053e-07	0.00036618614	0.07097102	-9.702558e-17	-1.6612778e-16	1.6757683e-16	-5.084945e-17	0	-4.762518e-17
7.400099999991786e-10	3.248102e-07	-5.8736344e-07	0.00067271106	0.071517386	-9.726441e-17	-1.6588258e-16	1.6732311e-16	-5.1128642e-17	0	-4.757629e-17
7.50009999999161e-10	3.6916768e-07	-6.58422e-07	0.0010433036	0.07210089	-9.750543e-17	-1.6559517e-16	1.6702559e-16	-5.1422004e-17	0	-4.7513847e-17
7.600099999991434e-10	4.1363188e-07	-7.2483374e-07	0.0014642501	0.072729394	-9.77496e-17	-1.6528518e-16	1.6670368e-16	-5.1731045e-17	0	-4.7437068e-17
7.700099999991258e-10	4.5380492e-07	-7.864684e-07	0.00191988	0.073406726	-9.7998145e-17	-1.6497277e-16	1.6637747e-16	-5.205834e-17	0	-4.73445e-17
7.800099999991082e-10	4.882169e-07	-8.4233756e-07	0.0023945158	0.07413859	-9.8252606e-17	-1.6467682e-16	1.6606583e-16	-5.240731e-17	0	-4.723429e-17
7.900099999990906e-10	5.1174703e-07	-8.9363147e-07	0.0028725355	0.074926384	-9.8515166e-17	-1.6441361e-16	1.6578511e-16	-5.2781872e-17	0	-4.71048e-17
8.00009999999073e-10	5.2866267e-07	-9.4814743e-07	0.0033368885	0.07576975	-9.878839e-17	-1.641956e-16	1.6554822e-16	-5.318559e-17	0	-4.6955427e-17
8.100099999990553e-10	5.476053e-07	-1.0099658e-06	0.0037664324	0.07666581	-9.907553e-17	-1.6403125e-16	1.6536399e-16	-5.362061e-17	0	-4.678766e-17
8.200099999990377e-10	5.839969e-07	-1.088999e-06	0.0041328925	0.077603884	-9.938e-17	-1.6392311e-16	1.6523542e-16	-5.4086078e-17	0	-4.660619e-17
8.300099999990201e-10	6.54362e-07	-1.1940873e-06	0.0043990687	0.07856744	-9.9704903e-17	-1.6386531e-16	1.6515697e-16	-5.4576725e-17	0	-4.641986e-17
8.400099999990025e-10	7.644852e-07	-1.3379795e-06	0.004519945	0.07954376	-1.000525e-16	-1.6384158e-16	1.651131e-16	-5.5082192e-17	0	-4.624179e-17
8.500099999989849e-10	9.0063975e-07	-1.5403798e-06	0.004445622	0.0805057	-1.0042355e-16	-1.6382697e-16	1.6507967e-16	-5.5588066e-17	0	-4.6088158e-17
8.600099999989673e-10	1.0227828e-06	-1.8070049e-06	0.004122083	0.081446886	-1.00817534e-16	-1.6379179e-16	1.6502846e-16	-5.6078584e-17	0	-4.5975608e-17
8.700099999989497e-10	1.0911565e-06	-2.1167014e-06	0.003491089	0.0823548	-1.0123231e-16	-1.63707e-16	1.6493206e-16	-5.653978e-17	0	-4.591761e-17
8.800099999989321e-10	1.0873632e-06	-2.402358e-06	0.002500873	0.08321316	-1.01664064e-16	-1.635523e-16	1.6477127e-16	-5.696237e-17	0	-4.592067e-17
8.900099999989144e-10	1.0313652e-06	-2.5827276e-06	0.001138574	0.08401847	-1.0210684e-16	-1.6332769e-16	1.6454565e-16	-5.734347e-17	0	-4.5981306e-17
9.000099999988968e-10	9.658839e-07	-2.5916418e-06	-0.0005227781	0.08477113	-1.02552377e-16	-1.6305947e-16	1.6427975e-16	-5.768644e-17	0	-4.6086235e-17
9.100099999988792e-10	9.3213566e-07	-2.4074195e-06	-0.0022931981	0.08546759	-1.0299146e-16	-1.6278775e-16	1.6401156e-16	-5.7998596e-17	0	-4.621667e-17
9.200099999988616e-10	9.4748657e-07	-2.0637438e-06	-0.0038870145	0.08609434	-1.03415576e-16	-1.6253642e-16	1.6376362e-16	-5.828782e-17	0	-4.6354957e-17
9.30009999998844e-10	9.99844e-07	-1.635662e-06	-0.0050045517	0.086647436	-1.0381967e-16	-1.6229219e-16	1.6352264e-16	-5.8560516e-17	0	-4.6489628e-17
9.400099999989161e-10	1.0713129e-06	-1.2301026e-06	-0.0054389345	0.08712751	-1.0420367e-16	-1.6202193e-16	1.6325618e-16	-5.882179e-17	0	-4.6616124e-17
9.50009999999002e-10	1.1468263e-06	-9.539054e-07	-0.0051520416	0.087540805	-1.0457159e-16	-1.6171628e-16	1.6295524e-16	-5.907616e-17	0	-4.6734394e-17
9.600099999990877e-10	1.213001e-06	-8.812111e-07	-0.0042709396	0.0878824	-1.04928966e-16	-1.6140757e-16	1.6265226e-16	-5.9326055e-17	0	-4.6847635e-17
9.700099999991735e-10	1.2374758e-06	-1.0120432e-06	-0.0030059486	0.088135324	-1.0527869e-16	-1.6114651e-16	1.6239865e-16	-5.9568856e-17	0	-4.6961995e-17
9.800099999992593e-10	1.1583921e-06	-1.2624461e-06	-0.001581027	0.08828995	-1.0561703e-16	-1.6097716e-16	1.6223881e-16	-5.979656e-17	0	-4.708211e-17
9.90009999999345e-10	9.1767384e-07	-1.4985295e-06	-0.00024445425	0.08835574	-1.0593472e-16	-1.6092105e-16	1.6219287e-16	-5.999863e-17	0	-4.720788e-17
1.0000099999994308e-09	5.15813e-07	-1.6099685e-06	0.0007369158	0.08835054	-1.06223265e-16	-1.6096445e-16	1.622451e-16	-6.016673e-17	0	-4.7337197e-17
1.0100099999995166e-09	5.6887124e-08	-1.5494066e-06	0.0011862011	0.08833241	-1.0648005e-16	-1.6106328e-16	1.6235063e-16	-6.03013e-17	0	-4.7466138e-17
1.0200099999996024e-09	-3.1627536e-07	-1.3204238e-06	0.001121066	0.08829198	-1.0670718e-16	-1.6116219e-16	1.6245524e-16	-6.041271e-17	0	-4.7587492e-17
1.0300099999996882e-09	-4.966214e-07	-9.734897e-07	0.0007335937	0.08822695	-1.0690795e-16	-1.6122814e-16	1.625274e-16	-6.051286e-17	0	-4.7694337e-17
1.040009999999774e-09	-4.7574068e-07	-5.819158e-07	0.0002758383	0.08813932	-1.070854e-16	-1.6127045e-16	1.6257655e-16	-6.0607715e-17	0	-4.778378e-17
1.0500099999998598e-09	-3.118153e-07	-2.1028767e-07	-4.7856713e-05	0.08804183	-1.07242147e-16	-1.6131729e-16	1.6262899e-16	-6.0697024e-17	0	-4.7856842e-17
1.0600099999999456e-09	-9.317282e-08	1.0549723e-07	-0.0001337813	0.08795067	-1.07380226e-16	-1.6137688e-16	1.6269125e-16	-6.077825e-17	0	-4.7916353e-17
1.0700000000000313e-09	1.0189066e-07	3.5506594e-07	1.4604558e-05	0.08787858	-1.07501014e-16	-1.6143318e-16	1.6274714e-16	-6.085025e-17	0	-4.796473e-17
1.080000000000117e-09	2.1573011e-07	5.311468e-07	0.00031492012	0.087839045	-1.0760626e-16	-1.6147026e-16	1.6278185e-16	-6.091429e-17	0	-4.8003554e-17
1.0900000000002028e-09	2.3542842e-07	6.26643e-07	0.00065260765	0.08783011	-1.07697506e-16	-1.6148753e-16	1.6279601e-16	-6.097228e-17	0	-4.803374e-17
1.1000000000002886e-09	1.8429046e-07	6.453263e-07	0.0009297776	0.08784721	-1.07776724e-16	-1.6149571e-16	1.6280111e-16	-6.1025945e-17	0	-4.8056186e-17
1.1100000000003744e-09	9.243713e-08	6.0147556e-07	0.0010949811	0.0878896	-1.07845916e-16	-1.6150531e-16	1.6280787e-16	-6.107613e-17	0	-4.8072342e-17
1.1200000000004602e-09	-1.21784565e-08	5.107276e-07	0.0011449154	0.08795607	-1.0790687e-16	-1.6152042e-16	1.6282055e-16	-6.112277e-17	0	-4.808427e-17
1.130000000000546e-09	-1.0979929e-07	4.0222244e-07	0.0011075985	0.08804316	-1.0796141e-16	-1.6153982e-16	1.6283793e-16	-6.1165434e-17	0	-4.809406e-17
1.1400000000006318e-09	-1.9435076e-07	2.9871669e-07	0.0010221746	0.088147946	-1.0801065e-16	-1.6156056e-16	1.6285705e-16	-6.120394e-17	0	-4.8103223e-17
1.1500000000007175e-09	-2.558839e-07	2.1800014e-07	0.0009240401	0.088261105	-1.0805556e-16	-1.6158077e-16	1.6287631e-16	-6.1238656e-17	0	-4.8112428e-17
1.1600000000008033e-09	-2.851054e-07	1.6029509e-07	0.00083750056	0.08838206	-1.08096776e-16	-1.6160068e-16	1.6289592e-16	-6.1270366e-17	0	-4.8121646e-17
1.1700000000008891e-09	-2.8394368e-07	1.3540772e-07	0.00077493966	0.08851202	-1.0813475e-16	-1.6162147e-16	1.6291715e-16	-6.1299894e-17	0	-4.8130516e-17
1.1800000000009749e-09	-2.5332938e-07	1.3187524e-07	0.0007393723	0.08864734	-1.08169754e-16	-1.6164385e-16	1.6294055e-16	-6.132782e-17	0	-4.8138633e-17
1.1900000000010607e-09	-2.0929119e-07	1.4302388e-07	0.0007281511	0.08878521	-1.0820214e-16	-1.6166732e-16	1.6296542e-16	-6.135441e-17	0	-4.814583e-17
1.2000000000011465e-09	-1.574257e-07	1.6746674e-07	0.00073581055	0.0889234	-1.0823213e-16	-1.6169029e-16	1.6299e-16	-6.137971e-17	0	-4.8152126e-17
1.2100000000012322e-09	-1.047847e-07	1.9535317e-07	0.0007560525	0.08905816	-1.0825988e-16	-1.6171118e-16	1.6301254e-16	-6.14036e-17	0	-4.8157684e-17
1.220000000001318e-09	-5.625905e-08	2.1996198e-07	0.00078255805	0.08918715	-1.0828573e-16	-1.6172888e-16	1.6303185e-16	-6.1426e-17	0	-4.8162697e-17
1.2300000000014038e-09	-1.7399753e-08	2.3526543e-07	0.0008095916	0.0893086	-1.0830978e-16	-1.6174285e-16	1.6304724e-16	-6.1446893e-17	0	-4.816728e-17
1.2400000000014896e-09	1.065263e-08	2.4302977e-07	0.000832481	0.08942246	-1.0833227e-16	-1.6175297e-16	1.6305853e-16	-6.146636e-17	0	-4.8171465e-17
1.2500000000015754e-09	3.354706e-08	2.4307718e-07	0.0008481605	0.089529224	-1.08353355e-16	-1.6175943e-16	1.6306589e-16	-6.148455e-17	0	-4.8175257e-17
1.2600000000016612e-09	4.8130758e-08	2.3577515e-07	0.0008557263	0.08963017	-1.08373194e-16	-1.6176275e-16	1.6306982e-16	-6.1501646e-17	0	-4.817861e-17
1.270000000001747e-09	5.8061406e-08	2.2628014e-07	0.00085635413	0.08972606	-1.0839191e-16	-1.6176357e-16	1.6307097e-16	-6.1517786e-17	0	-4.8181524e-17
1.2800000000018327e-09	6.552421e-08	2.1723557e-07	0.0008526962	0.0898192	-1.0840961e-16	-1.6176261e-16	1.6307008e-16	-6.153309e-17	0	-4.8184002e-17
1.2900000000019185e-09	6.621915e-08	2.0842808e-07	0.00084788847	0.08991099	-1.0842643e-16	-1.617604e-16	1.6306769e-16	-6.154763e-17	0	-4.8186096e-17
1.3000000000020043e-09	6.229623e-08	2.0093637e-07	0.0008445009	0.09000165	-1.0844244e-16	-1.6175743e-16	1.6306436e-16	-6.156147e-17	0	-4.81879e-17
1.3100000000020901e-09	5.5833606e-08	1.9382401e-07	0.000843925	0.0900928	-1.08457685e-16	-1.6175412e-16	1.6306055e-16	-6.157465e-17	0	-4.818946e-17
1.3200000000021759e-09	4.646824e-08	1.9014335e-07	0.000846188	0.09018431	-1.084723e-16	-1.6175085e-16	1.6305663e-16	-6.158723e-17	0	-4.8190848e-17
1.3300000000022617e-09	3.404752e-08	1.841986e-07	0.0008503816	0.09027663	-1.0848632e-16	-1.61748e-16	1.6305305e-16	-6.159928e-17	0	-4.8192092e-17
1.3400000000023475e-09	2.4481379e-08	1.7887616e-07	0.00085512595	0.09037068	-1.0849981e-16	-1.6174593e-16	1.6305019e-16	-6.161087e-17	0	-4.8193197e-17
1.3500000000024332e-09	1.2074734e-08	1.7570524e-07	0.0008592203	0.0904662	-1.08512835e-16	-1.6174491e-16	1.6304834e-16	-6.162209e-17	0	-4.8194183e-17
1.360000000002519e-09	-8.1495935e-11	1.7053098e-07	0.00086198514	0.09056316	-1.0852544e-16	-1.617451e-16	1.630477e-16	-6.163299e-17	0	-4.8195063e-17
1.3700000000026048e-09	-6.3566827e-09	1.7166896e-07	0.0008633421	0.09066116	-1.0853763e-16	-1.617465e-16	1.6304832e-16	-6.1643623e-17	0	-4.8195834e-17
1.3800000000026906e-09	-1.3295692e-08	1.7557484e-07	0.0008636206	0.09075987	-1.0854941e-16	-1.6174904e-16	1.6305016e-16	-6.1653986e-17	0	-4.8196522e-17
1.3900000000027764e-09	-1.8004675e-08	1.8551438e-07	0.00086339604	0.090859	-1.08560805e-16	-1.6175255e-16	1.63053e-16	-6.166411e-17	0	-4.8197154e-17
1.4000000000028622e-09	-1.942715e-08	1.9932423e-07	0.0008631549	0.09095773	-1.0857191e-16	-1.6175674e-16	1.6305657e-16	-6.167399e-17	0	-4.8197756e-17
1.410000000002948e-09	-1.8096543e-08	2.150663e-07	0.0008632903	0.091055416	-1.0858266e-16	-1.6176136e-16	1.6306062e-16	-6.168358e-17	0	-4.8198332e-17
1.4200000000030337e-09	-1.688003e-08	2.3181e-07	0.00086382014	0.09115117	-1.0859307e-16	-1.6176605e-16	1.6306479e-16	-6.169291e-17	0	-4.8198928e-17
1.4300000000031195e-09	-1.970794e-08	2.5020734e-07	0.00086462154	0.0912443	-1.0860316e-16	-1.6177055e-16	1.6306884e-16	-6.1701936e-17	0	-4.819952e-17
1.4400000000032053e-09	-2.1802386e-08	2.6895435e-07	0.0008654317	0.091334306	-1.08612944e-16	-1.6177457e-16	1.6307244e-16	-6.171069e-17	0	-4.8200135e-17
1.450000000003291e-09	-2.670029e-08	2.8624927e-07	0.00086591503	0.09142088	-1.08622393e-16	-1.6177788e-16	1.6307538e-16	-6.1719135e-17	0	-4.8200737e-17
1.4600000000033769e-09	-3.139742e-08	3.0316488e-07	0.0008659363	0.09150386	-1.0863157e-16	-1.6178033e-16	1.6307739e-16	-6.172731e-17	0	-4.8201336e-17
1.4700000000034627e-09	-3.9335866e-08	3.1948184e-07	0.00086530775	0.09158267	-1.0864046e-16	-1.6178168e-16	1.6307833e-16	-6.1735196e-17	0	-4.820191e-17
1.4800000000035485e-09	-4.4118195e-08	3.3464306e-07	0.0008641237	0.09165723	-1.08649055e-16	-1.617819e-16	1.6307814e-16	-6.174281e-17	0	-4.820245e-17
1.4900000000036342e-09	-4.4019657e-08	3.4768536e-07	0.00086250604	0.09172764	-1.0865735e-16	-1.6178096e-16	1.6307675e-16	-6.175018e-17	0	-4.8202964e-17
1.50000000000372e-09	-4.4498634e-08	3.5719225e-07	0.0008606659	0.091794156	-1.0866541e-16	-1.6177886e-16	1.6307416e-16	-6.175728e-17	0	-4.820343e-17
1.5100000000038058e-09	-5.026484e-08	3.6485287e-07	0.0008587617	0.09185697	-1.08673215e-16	-1.6177563e-16	1.6307044e-16	-6.176416e-17	0	-4.820387e-17
1.5200000000038916e-09	-5.298532e-08	3.7116806e-07	0.00085696386	0.09191637	-1.0868081e-16	-1.617714e-16	1.6306566e-16	-6.177079e-17	0	-4.8204268e-17
1.5300000000039774e-09	-5.4489664e-08	3.7516284e-07	0.00085531076	0.09197257	-1.08688105e-16	-1.6176625e-16	1.6305997e-16	-6.17772e-17	0	-4.8204645e-17
1.5400000000040632e-09	-5.4364456e-08	3.8095644e-07	0.00085383956	0.09202575	-1.0869526e-16	-1.617604e-16	1.6305355e-16	-6.178339e-17	0	-4.820501e-17
1.550000000004149e-09	-5.4821946e-08	3.8968986e-07	0.00085246394	0.09207628	-1.08702173e-16	-1.6175395e-16	1.6304652e-16	-6.178936e-17	0	-4.8205366e-17
1.5600000000042347e-09	-5.1772886e-08	3.9649697e-07	0.00085111655	0.092124656	-1.0870888e-16	-1.6174712e-16	1.6303909e-16	-6.1795103e-17	0	-4.8205717e-17
1.5700000000043205e-09	-5.0899583e-08	4.046525e-07	0.00084968953	0.09217115	-1.08715375e-16	-1.6174007e-16	1.630314e-16	-6.180063e-17	0	-4.8206078e-17
1.5800000000044063e-09	-5.1668053e-08	4.1099142e-07	0.0008482125	0.092216164	-1.0872165e-16	-1.6173285e-16	1.6302359e-16	-6.1805936e-17	0	-4.8206445e-17
1.590000000004492e-09	-5.382853e-08	4.159997e-07	0.000846565	0.09225986	-1.0872777e-16	-1.6172572e-16	1.6301586e-16	-6.181104e-17	0	-4.820683e-17
1.6000000000045779e-09	-5.4588384e-08	4.2540137e-07	0.0008447031	0.09230243	-1.08733646e-16	-1.6171867e-16	1.6300818e-16	-6.181594e-17	0	-4.8207226e-17
1.6100000000046637e-09	-5.9433688e-08	4.2790552e-07	0.00084267993	0.09234423	-1.08739344e-16	-1.6171181e-16	1.6300074e-16	-6.1820633e-17	0	-4.820762e-17
1.6200000000047495e-09	-5.973448e-08	4.3236852e-07	0.0008404761	0.09238513	-1.0874481e-16	-1.6170517e-16	1.6299352e-16	-6.1825133e-17	0	-4.8208027e-17
1.6300000000048352e-09	-6.375584e-08	4.3622254e-07	0.0008381277	0.09242522	-1.0875008e-16	-1.6169877e-16	1.6298657e-16	-6.182944e-17	0	-4.8208434e-17
1.640000000004921e-09	-6.70868e-08	4.4037736e-07	0.0008356945	0.09246468	-1.08755186e-16	-1.6169265e-16	1.6297989e-16	-6.1833584e-17	0	-4.8208847e-17
1.6500000000050068e-09	-6.406822e-08	4.455501e-07	0.0008331665	0.09250337	-1.08760056e-16	-1.616867e-16	1.6297344e-16	-6.1837534e-17	0	-4.8209257e-17
1.6600000000050926e-09	-6.2690376e-08	4.467607e-07	0.00083064556	0.09254137	-1.08764755e-16	-1.6168096e-16	1.6296718e-16	-6.18413e-17	0	-4.820966e-17
1.6700000000051784e-09	-6.367694e-08	4.4412766e-07	0.00082809175	0.09257859	-1.0876922e-16	-1.6167534e-16	1.6296107e-16	-6.184491e-17	0	-4.821004e-17
1.6800000000052642e-09	-6.419592e-08	4.4367275e-07	0.0008255157	0.092615105	-1.0877352e-16	-1.6166978e-16	1.6295506e-16	-6.184836e-17	0	-4.8210432e-17
1.69000000000535e-09	-6.765922e-08	4.4286224e-07	0.0008229918	0.09265078	-1.0877764e-16	-1.616643e-16	1.629491e-16	-6.185165e-17	0	-4.821081e-17
1.7000000000054357e-09	-6.659718e-08	4.4443289e-07	0.00082051393	0.09268559	-1.0878159e-16	-1.6165879e-16	1.6294317e-16	-6.18548e-17	0	-4.8211167e-17
1.7100000000055215e-09	-6.897297e-08	4.5032283e-07	0.00081811333	0.09271962	-1.0878533e-16	-1.6165323e-16	1.629372e-16	-6.1857804e-17	0	-4.8211504e-17
1.7200000000056073e-09	-6.4943e-08	4.4955974e-07	0.00081580953	0.092752725	-1.0878892e-16	-1.6164757e-16	1.6293117e-16	-6.186067e-17	0	-4.821184e-17
1.730000000005693e-09	-6.756022e-08	4.50977e-07	0.00081356155	0.09278488	-1.08792356e-16	-1.6164184e-16	1.6292504e-16	-6.18634e-17	0	-4.821215e-17
1.7400000000057789e-09	-6.584603e-08	4.4918337e-07	0.0008114583	0.09281608	-1.08795665e-16	-1.6163599e-16	1.629188e-16	-6.1866016e-17	0	-4.8212447e-17
1.7500000000058647e-09	-6.2881526e-08	4.4400355e-07	0.00080948946	0.09284649	-1.0879878e-16	-1.6162999e-16	1.6291245e-16	-6.186852e-17	0	-4.8212725e-17
1.7600000000059504e-09	-6.2759646e-08	4.4102006e-07	0.000807709	0.09287598	-1.0880179e-16	-1.6162388e-16	1.6290601e-16	-6.18709e-17	0	-4.8212993e-17
1.7700000000060362e-09	-6.4103034e-08	4.403216e-07	0.00080611213	0.092904694	-1.08804664e-16	-1.6161767e-16	1.6289943e-16	-6.187317e-17	0	-4.8213238e-17
1.780000000006122e-09	-6.598096e-08	4.4050034e-07	0.00080468756	0.092932634	-1.088074e-16	-1.6161138e-16	1.6289281e-16	-6.187535e-17	0	-4.8213466e-17
1.7900000000062078e-09	-6.6952616e-08	4.4357367e-07	0.00080338336	0.092959784	-1.0881e-16	-1.61605e-16	1.6288614e-16	-6.187744e-17	0	-4.821369e-17
1.8000000000062936e-09	-6.8684216e-08	4.3772206e-07	0.0008022724	0.09298627	-1.08812506e-16	-1.615986e-16	1.6287942e-16	-6.187943e-17	0	-4.8213896e-17
1.8100000000063794e-09	-6.9843495e-08	4.3363025e-07	0.00080127903	0.09301207	-1.08814915e-16	-1.6159218e-16	1.6287271e-16	-6.188135e-17	0	-4.8214088e-17
1.8200000000064652e-09	-6.635769e-08	4.3558558e-07	0.00080042944	0.09303724	-1.0881723e-16	-1.6158579e-16	1.62866e-16	-6.1883175e-17	0	-4.821427e-17
1.830000000006551e-09	-6.508636e-08	4.3567968e-07	0.0007996761	0.09306176	-1.0881944e-16	-1.6157942e-16	1.6285936e-16	-6.188494e-17	0	-4.8214432e-17
1.8400000000066367e-09	-6.824914e-08	4.345256e-07	0.00079902203	0.09308565	-1.08821545e-16	-1.615731e-16	1.6285278e-16	-6.1886616e-17	0	-4.8214598e-17
1.8500000000067225e-09	-7.2939976e-08	4.302426e-07	0.00079843076	0.09310898	-1.08823564e-16	-1.6156684e-16	1.6284628e-16	-6.188824e-17	0	-4.821475e-17
1.8600000000068083e-09	-7.099778e-08	4.2938245e-07	0.0007979587	0.09313171	-1.08825516e-16	-1.6156066e-16	1.6283986e-16	-6.188979e-17	0	-4.8214902e-17
1.870000000006742e-09	-7.1828296e-08	4.2873455e-07	0.00079759356	0.093153894	-1.0882739e-16	-1.6155457e-16	1.6283351e-16	-6.1891275e-17	0	-4.821503e-17
1.880000000006621e-09	-6.856068e-08	4.2798052e-07	0.0007973123	0.09317558	-1.08829175e-16	-1.6154861e-16	1.6282733e-16	-6.189272e-17	0	-4.8215163e-17
1.8900000000065e-09	-7.0611414e-08	4.2678587e-07	0.00079706823	0.093196675	-1.0883085e-16	-1.6154275e-16	1.6282127e-16	-6.1894094e-17	0	-4.8215283e-17
1.900000000006379e-09	-7.0460274e-08	4.2348992e-07	0.00079691363	0.09321716	-1.0883254e-16	-1.6153703e-16	1.6281531e-16	-6.1895424e-17	0	-4.8215405e-17
1.910000000006258e-09	-7.3868286e-08	4.1972592e-07	0.0007968734	0.09323707	-1.0883412e-16	-1.6153139e-16	1.628095e-16	-6.1896694e-17	0	-4.8215514e-17
1.920000000006137e-09	-7.267548e-08	4.1835733e-07	0.0007968095	0.093256384	-1.0883567e-16	-1.6152586e-16	1.6280374e-16	-6.189792e-17	0	-4.821562e-17
1.930000000006016e-09	-7.4170565e-08	4.193227e-07	0.0007967421	0.09327514	-1.08837096e-16	-1.6152042e-16	1.6279813e-16	-6.18991e-17	0	-4.8215716e-17
1.940000000005895e-09	-7.6659894e-08	4.2024416e-07	0.0007966969	0.09329329	-1.0883851e-16	-1.6151509e-16	1.6279264e-16	-6.190024e-17	0	-4.821581e-17
1.950000000005774e-09	-7.9590414e-08	4.1652572e-07	0.0007966756	0.093310855	-1.0883986e-16	-1.6150985e-16	1.6278723e-16	-6.190134e-17	0	-4.82159e-17
1.960000000005653e-09	-8.223681e-08	4.1443164e-07	0.00079667626	0.09332785	-1.0884118e-16	-1.6150471e-16	1.6278192e-16	-6.19024e-17	0	-4.821599e-17
1.9700000000055318e-09	-7.75093e-08	4.1122996e-07	0.0007967008	0.09334425	-1.08842404e-16	-1.6149963e-16	1.6277669e-16	-6.1903424e-17	0	-4.8216073e-17
1.9800000000054108e-09	-8.0950656e-08	4.0945557e-07	0.00079675013	0.09336016	-1.08843654e-16	-1.6149467e-16	1.6277157e-16	-6.190442e-17	0	-4.8216143e-17
1.9900000000052898e-09	-8.2067146e-08	4.0924516e-07	0.00079679367	0.09337552	-1.088448e-16	-1.6148973e-16	1.6276653e-16	-6.190537e-17	0	-4.8216216e-17
2.0000000000051688e-09	-8.1821916e-08	4.130525e-07	0.00079689693	0.093390316	-1.0884595e-16	-1.6148493e-16	1.6276155e-16	-6.1906296e-17	0	-4.8216285e-17
2.0100000000050478e-09	-8.205011e-08	4.1488542e-07	0.0007969994	0.09340458	-1.0884701e-16	-1.6148016e-16	1.6275669e-16	-6.190719e-17	0	-4.821635e-17
2.0200000000049267e-09	-8.7416986e-08	4.123457e-07	0.0007970426	0.093418345	-1.088481e-16	-1.6147549e-16	1.6275186e-16	-6.1908057e-17	0	-4.821641e-17
2.0300000000048057e-09	-9.288314e-08	4.0897106e-07	0.0007970289	0.09343156	-1.0884911e-16	-1.6147087e-16	1.6274712e-16	-6.19089e-17	0	-4.8216477e-17
2.0400000000046847e-09	-9.513094e-08	4.0322558e-07	0.0007970248	0.09344429	-1.0885008e-16	-1.6146633e-16	1.6274249e-16	-6.190971e-17	0	-4.8216527e-17
2.0500000000045637e-09	-9.545545e-08	3.9728081e-07	0.000797043	0.09345651	-1.0885104e-16	-1.6146186e-16	1.6273791e-16	-6.19105e-17	0	-4.8216576e-17
2.0600000000044427e-09	-1.00578575e-07	3.884878e-07	0.0007970455	0.09346822	-1.0885195e-16	-1.6145748e-16	1.6273339e-16	-6.191127e-17	0	-4.821663e-17
2.0700000000043217e-09	-1.0078528e-07	3.8410664e-07	0.0007970182	0.093479455	-1.08852866e-16	-1.6145314e-16	1.6272895e-16	-6.191202e-17	0	-4.821668e-17
2.0800000000042007e-09	-9.7516555e-08	3.8336282e-07	0.00079697056	0.093490236	-1.0885373e-16	-1.6144889e-16	1.6272461e-16	-6.191274e-17	0	-4.8216715e-17
2.0900000000040797e-09	-9.723725e-08	3.8816626e-07	0.00079683476	0.093500555	-1.08854586e-16	-1.6144473e-16	1.6272035e-16	-6.191345e-17	0	-4.821676e-17
2.1000000000039587e-09	-9.9682126e-08	3.9303268e-07	0.0007966741	0.09351049	-1.08855394e-16	-1.6144063e-16	1.627162e-16	-6.191415e-17	0	-4.8216805e-17
2.1100000000038377e-09	-9.7774375e-08	3.9045e-07	0.0007965178	0.09352002	-1.0885623e-16	-1.6143663e-16	1.6271209e-16	-6.191484e-17	0	-4.8216838e-17
2.1200000000037166e-09	-9.7798086e-08	3.9036922e-07	0.0007963475	0.09352909	-1.0885697e-16	-1.6143266e-16	1.6270808e-16	-6.191549e-17	0	-4.8216874e-17
2.1300000000035956e-09	-1.03815445e-07	3.8611068e-07	0.00079623144	0.0935377	-1.08857716e-16	-1.6142884e-16	1.6270412e-16	-6.191615e-17	0	-4.8216907e-17
2.1400000000034746e-09	-1.0219812e-07	3.8192698e-07	0.0007960465	0.093545906	-1.0885846e-16	-1.6142504e-16	1.6270026e-16	-6.1916785e-17	0	-4.821694e-17
2.1500000000033536e-09	-1.0719383e-07	3.770002e-07	0.00079586194	0.09355373	-1.08859166e-16	-1.614213e-16	1.6269651e-16	-6.191741e-17	0	-4.8216977e-17
2.1600000000032326e-09	-1.1245698e-07	3.7321877e-07	0.000795685	0.09356112	-1.08859913e-16	-1.6141772e-16	1.6269282e-16	-6.1918016e-17	0	-4.8217003e-17
2.1700000000031116e-09	-1.1184873e-07	3.7121362e-07	0.0007954153	0.09356817	-1.0886059e-16	-1.6141417e-16	1.6268922e-16	-6.191861e-17	0	-4.821704e-17
2.1800000000029906e-09	-1.189448e-07	3.6418274e-07	0.00079508824	0.09357483	-1.08861243e-16	-1.6141069e-16	1.6268571e-16	-6.19192e-17	0	-4.821706e-17
2.1900000000028696e-09	-1.1929524e-07	3.6870725e-07	0.00079476676	0.09358113	-1.0886193e-16	-1.614073e-16	1.6268226e-16	-6.191978e-17	0	-4.821709e-17
2.2000000000027486e-09	-1.1841878e-07	3.6881985e-07	0.0007944447	0.09358708	-1.0886256e-16	-1.6140401e-16	1.6267894e-16	-6.192035e-17	0	-4.821711e-17
2.2100000000026276e-09	-1.2032727e-07	3.7263646e-07	0.0007941304	0.09359268	-1.08863176e-16	-1.6140076e-16	1.6267564e-16	-6.1920914e-17	0	-4.821713e-17
2.2200000000025065e-09	-1.1814169e-07	3.7396927e-07	0.0007937439	0.093597956	-1.0886382e-16	-1.613976e-16	1.6267241e-16	-6.192147e-17	0	-4.821716e-17
2.2300000000023855e-09	-1.1639398e-07	3.776155e-07	0.0007933081	0.09360294	-1.0886442e-16	-1.613945e-16	1.6266928e-16	-6.192201e-17	0	-4.821718e-17
2.2400000000022645e-09	-1.1873365e-07	3.7068722e-07	0.0007928721	0.093607634	-1.0886501e-16	-1.6139147e-16	1.6266623e-16	-6.1922555e-17	0	-4.8217198e-17
2.2500000000021435e-09	-1.1794462e-07	3.6952886e-07	0.00079248636	0.093611985	-1.08865585e-16	-1.6138851e-16	1.6266324e-16	-6.192309e-17	0	-4.8217215e-17
2.2600000000020225e-09	-1.1833136e-07	3.7143403e-07	0.00079209486	0.09361606	-1.088662e-16	-1.6138564e-16	1.6266032e-16	-6.192362e-17	0	-4.8217235e-17
2.2700000000019015e-09	-1.1987682e-07	3.7457903e-07	0.00079165807	0.09361987	-1.08866756e-16	-1.613828e-16	1.6265746e-16	-6.1924144e-17	0	-4.8217248e-17
2.2800000000017805e-09	-1.2322852e-07	3.752684e-07	0.0007912618	0.09362339	-1.088673e-16	-1.6138005e-16	1.6265466e-16	-6.1924666e-17	0	-4.821726e-17
2.2900000000016595e-09	-1.254741e-07	3.7203338e-07	0.00079080905	0.09362661	-1.088679e-16	-1.6137737e-16	1.6265195e-16	-6.192518e-17	0	-4.821728e-17
2.3000000000015385e-09	-1.2655948e-07	3.693455e-07	0.0007903616	0.09362955	-1.0886842e-16	-1.6137473e-16	1.626493e-16	-6.19257e-17	0	-4.82173e-17
2.3100000000014175e-09	-1.2255877e-07	3.7115174e-07	0.00078989	0.093632184	-1.0886898e-16	-1.6137219e-16	1.6264672e-16	-6.19262e-17	0	-4.8217304e-17
2.3200000000012965e-09	-1.2715365e-07	3.645906e-07	0.0007893956	0.09363459	-1.0886952e-16	-1.6136969e-16	1.6264418e-16	-6.1926705e-17	0	-4.8217314e-17
2.3300000000011754e-09	-1.3674943e-07	3.624739e-07	0.000788883	0.093636796	-1.0887002e-16	-1.6136724e-16	1.6264173e-16	-6.1927214e-17	0	-4.8217324e-17
2.3400000000010544e-09	-1.3627825e-07	3.5565196e-07	0.000788321	0.09363875	-1.0887055e-16	-1.6136486e-16	1.6263935e-16	-6.1927704e-17	0	-4.821734e-17
2.3500000000009334e-09	-1.3530178e-07	3.5635617e-07	0.00078777707	0.093640484	-1.0887108e-16	-1.6136253e-16	1.6263701e-16	-6.192821e-17	0	-4.821734e-17
2.3600000000008124e-09	-1.3639011e-07	3.587966e-07	0.00078723463	0.093642	-1.0887161e-16	-1.6136025e-16	1.626347e-16	-6.192871e-17	0	-4.821735e-17
2.3700000000006914e-09	-1.4090499e-07	3.6064694e-07	0.0007867126	0.09364329	-1.0887212e-16	-1.6135806e-16	1.6263248e-16	-6.1929206e-17	0	-4.8217357e-17
2.3800000000005704e-09	-1.3817265e-07	3.5138788e-07	0.00078617816	0.09364434	-1.0887264e-16	-1.6135589e-16	1.6263033e-16	-6.19297e-17	0	-4.8217364e-17
2.3900000000004494e-09	-1.3765033e-07	3.4717416e-07	0.0007856158	0.093645185	-1.0887315e-16	-1.613538e-16	1.6262822e-16	-6.193021e-17	0	-4.821737e-17
2.4000000000003284e-09	-1.3691465e-07	3.474357e-07	0.0007850632	0.093645826	-1.0887367e-16	-1.6135174e-16	1.6262616e-16	-6.193071e-17	0	-4.8217374e-17
2.4100000000002074e-09	-1.3511804e-07	3.6130297e-07	0.00078446476	0.09364628	-1.0887417e-16	-1.6134976e-16	1.6262417e-16	-6.193121e-17	0	-4.8217374e-17
2.4200000000000864e-09	-1.401656e-07	3.6258209e-07	0.0007838425	0.093646556	-1.0887471e-16	-1.613478e-16	1.6262224e-16	-6.1931714e-17	0	-4.8217374e-17
2.4300099999999652e-09	-1.418785e-07	3.6056173e-07	0.00078323274	0.09364665	-1.08875206e-16	-1.613459e-16	1.6262031e-16	-6.193223e-17	0	-4.8217374e-17
2.4400099999998442e-09	-1.4338025e-07	3.638275e-07	0.00078262575	0.09364659	-1.0887571e-16	-1.6134408e-16	1.6261848e-16	-6.193274e-17	0	-4.821738e-17
2.450009999999723e-09	-1.4733725e-07	3.6402605e-07	0.00078196893	0.09364634	-1.0887619e-16	-1.6134228e-16	1.626167e-16	-6.193325e-17	0	-4.8217374e-17
2.460009999999602e-09	-1.5296861e-07	3.7507468e-07	0.0007813161	0.09364588	-1.08876715e-16	-1.6134049e-16	1.6261493e-16	-6.193377e-17	0	-4.821738e-17
2.470009999999481e-09	-1.5688116e-07	3.7432972e-07	0.0007806433	0.09364524	-1.0887721e-16	-1.613388e-16	1.6261323e-16	-6.193431e-17	0	-4.8217367e-17
2.48000999999936e-09	-1.6591831e-07	3.8283605e-07	0.000779953	0.093644425	-1.0887777e-16	-1.6133716e-16	1.626116e-16	-6.193483e-17	0	-4.8217367e-17
2.490009999999239e-09	-1.6351345e-07	3.7965623e-07	0.000779271	0.09364346	-1.0887828e-16	-1.6133554e-16	1.6260998e-16	-6.193538e-17	0	-4.8217364e-17
2.500009999999118e-09	-1.7339964e-07	3.8071343e-07	0.0007785916	0.09364236	-1.0887883e-16	-1.6133401e-16	1.6260846e-16	-6.193592e-17	0	-4.8217357e-17
2.510009999998997e-09	-1.806261e-07	3.7361514e-07	0.0007779026	0.093641154	-1.0887935e-16	-1.6133247e-16	1.6260695e-16	-6.1936465e-17	0	-4.8217347e-17
2.520009999998876e-09	-1.8389632e-07	3.7512578e-07	0.00077715516	0.0936398	-1.0887992e-16	-1.6133102e-16	1.6260548e-16	-6.1937034e-17	0	-4.821734e-17
2.530009999998755e-09	-1.8584629e-07	3.7384518e-07	0.0007763849	0.09363825	-1.0888045e-16	-1.6132956e-16	1.6260405e-16	-6.193761e-17	0	-4.821733e-17
2.540009999998634e-09	-1.9357803e-07	3.7750547e-07	0.0007756046	0.09363662	-1.08880997e-16	-1.6132816e-16	1.6260266e-16	-6.193819e-17	0	-4.8217317e-17
2.550009999998513e-09	-1.9252896e-07	3.7877606e-07	0.0007748744	0.09363487	-1.0888156e-16	-1.613268e-16	1.6260131e-16	-6.1938795e-17	0	-4.821731e-17
2.560009999998392e-09	-1.9616516e-07	3.8002702e-07	0.00077413	0.09363299	-1.0888215e-16	-1.6132548e-16	1.6260003e-16	-6.1939403e-17	0	-4.8217288e-17
2.570009999998271e-09	-1.9232151e-07	3.8382214e-07	0.0007733936	0.09363096	-1.08882744e-16	-1.6132424e-16	1.6259879e-16	-6.1940025e-17	0	-4.8217278e-17
2.58000999999815e-09	-1.8196413e-07	3.748976e-07	0.0007726553	0.09362878	-1.08883306e-16	-1.6132297e-16	1.6259758e-16	-6.194066e-17	0	-4.8217255e-17
2.590009999998029e-09	-1.8174482e-07	3.7799185e-07	0.00077190343	0.093626425	-1.0888394e-16	-1.6132178e-16	1.6259639e-16	-6.1941316e-17	0	-4.8217238e-17
2.600009999997908e-09	-1.8924838e-07	3.7833635e-07	0.00077111553	0.09362395	-1.08884577e-16	-1.6132063e-16	1.6259524e-16	-6.1941984e-17	0	-4.8217218e-17
2.610009999997787e-09	-2.0017475e-07	3.7950176e-07	0.00077032356	0.093621396	-1.08885205e-16	-1.613195e-16	1.6259415e-16	-6.1942666e-17	0	-4.8217195e-17
2.620009999997666e-09	-1.9896122e-07	3.846875e-07	0.00076946965	0.0936187	-1.0888587e-16	-1.6131843e-16	1.6259311e-16	-6.194337e-17	0	-4.8217175e-17
2.630009999997545e-09	-2.0772276e-07	3.99316e-07	0.0007686335	0.09361593	-1.0888651e-16	-1.6131735e-16	1.6259208e-16	-6.19441e-17	0	-4.821715e-17
2.640009999997424e-09	-2.1758822e-07	3.9829843e-07	0.0007677725	0.09361305	-1.08887164e-16	-1.6131633e-16	1.6259108e-16	-6.1944836e-17	0	-4.8217122e-17
2.650009999997303e-09	-2.1564566e-07	3.9812357e-07	0.000766878	0.09361012	-1.088879e-16	-1.6131536e-16	1.6259016e-16	-6.194561e-17	0	-4.8217096e-17
2.660009999997182e-09	-2.1407352e-07	4.0366567e-07	0.00076603156	0.093607105	-1.0888863e-16	-1.6131442e-16	1.6258924e-16	-6.194639e-17	0	-4.8217066e-17
2.670009999997061e-09	-2.2058875e-07	4.0559192e-07	0.0007651784	0.093603976	-1.0888936e-16	-1.6131352e-16	1.625884e-16	-6.19472e-17	0	-4.821703e-17
2.68000999999694e-09	-2.2915175e-07	3.9922412e-07	0.0007643514	0.093600705	-1.0889014e-16	-1.6131267e-16	1.6258758e-16	-6.194803e-17	0	-4.8216996e-17
2.690009999996819e-09	-2.3080834e-07	4.0588384e-07	0.0007635229	0.093597345	-1.08890916e-16	-1.6131185e-16	1.6258678e-16	-6.1948886e-17	0	-4.821697e-17
2.700009999996698e-09	-2.3765696e-07	4.1598082e-07	0.00076267513	0.09359396	-1.08891723e-16	-1.6131106e-16	1.6258606e-16	-6.194977e-17	0	-4.8216927e-17
2.710009999996577e-09	-2.422074e-07	4.099979e-07	0.0007618165	0.093590476	-1.0889252e-16	-1.613103e-16	1.6258537e-16	-6.195068e-17	0	-4.821689e-17
2.720009999996456e-09	-2.4538278e-07	4.1210197e-07	0.0007609538	0.09358696	-1.0889337e-16	-1.613096e-16	1.625847e-16	-6.195161e-17	0	-4.8216864e-17
2.730009999996335e-09	-2.3914464e-07	4.1668574e-07	0.00076010666	0.09358335	-1.0889425e-16	-1.6130897e-16	1.6258412e-16	-6.195256e-17	0	-4.8216824e-17
2.740009999996214e-09	-2.4476637e-07	4.1964182e-07	0.000759318	0.093579635	-1.08895145e-16	-1.6130833e-16	1.6258353e-16	-6.195355e-17	0	-4.8216785e-17
2.750009999996093e-09	-2.617368e-07	4.2271424e-07	0.00075853197	0.093575895	-1.08896064e-16	-1.6130775e-16	1.62583e-16	-6.1954544e-17	0	-4.821675e-17
2.760009999995972e-09	-2.7527696e-07	4.4002545e-07	0.0007577332	0.09357208	-1.08896964e-16	-1.6130723e-16	1.6258255e-16	-6.195557e-17	0	-4.821672e-17
2.770009999995851e-09	-2.8330507e-07	4.4631545e-07	0.0007568543	0.09356821	-1.0889794e-16	-1.6130678e-16	1.6258215e-16	-6.1956615e-17	0	-4.821668e-17
2.78000999999573e-09	-2.8542544e-07	4.5660985e-07	0.000755926	0.093564205	-1.0889892e-16	-1.6130636e-16	1.6258175e-16	-6.195769e-17	0	-4.821665e-17
2.790009999995609e-09	-2.9320756e-07	4.5653616e-07	0.00075497455	0.093560055	-1.0889988e-16	-1.6130596e-16	1.6258145e-16	-6.195875e-17	0	-4.8216623e-17
2.800009999995488e-09	-2.9328757e-07	4.6343774e-07	0.00075411587	0.09355576	-1.08900915e-16	-1.613056e-16	1.6258118e-16	-6.195986e-17	0	-4.8216593e-17
2.810009999995367e-09	-2.9957164e-07	4.6734954e-07	0.00075326394	0.09355138	-1.089019e-16	-1.6130531e-16	1.6258096e-16	-6.1960976e-17	0	-4.8216563e-17
2.820009999995246e-09	-2.9698748e-07	4.83971e-07	0.0007523794	0.09354693	-1.08902914e-16	-1.613051e-16	1.6258081e-16	-6.19621e-17	0	-4.821654e-17
2.830009999995125e-09	-3.058246e-07	4.9218283e-07	0.00075150694	0.09354236	-1.08903966e-16	-1.613049e-16	1.625807e-16	-6.1963226e-17	0	-4.8216523e-17
2.840009999995004e-09	-3.1663393e-07	5.04485e-07	0.00075061445	0.09353757	-1.08905024e-16	-1.6130477e-16	1.6258059e-16	-6.196438e-17	0	-4.8216507e-17
2.850009999994883e-09	-3.326738e-07	5.096015e-07	0.00074970553	0.093532614	-1.0890609e-16	-1.6130468e-16	1.6258059e-16	-6.196552e-17	0	-4.821649e-17
2.860009999994762e-09	-3.4498117e-07	5.023054e-07	0.00074878876	0.0935274	-1.0890715e-16	-1.6130463e-16	1.6258063e-16	-6.1966674e-17	0	-4.8216477e-17
2.870009999994641e-09	-3.5062516e-07	5.017894e-07	0.0007478853	0.09352205	-1.0890821e-16	-1.6130461e-16	1.625807e-16	-6.196782e-17	0	-4.8216474e-17
2.8800099999945198e-09	-3.557683e-07	5.0888434e-07	0.0007468926	0.09351658	-1.0890927e-16	-1.6130464e-16	1.6258079e-16	-6.1968964e-17	0	-4.8216464e-17
2.8900099999943988e-09	-3.5619948e-07	5.1828374e-07	0.0007458773	0.09351104	-1.08910325e-16	-1.6130475e-16	1.6258096e-16	-6.1970115e-17	0	-4.8216464e-17
2.9000099999942778e-09	-3.5554453e-07	5.29854e-07	0.00074490067	0.09350532	-1.0891142e-16	-1.6130484e-16	1.6258113e-16	-6.1971247e-17	0	-4.821647e-17
2.9100099999941568e-09	-3.6396528e-07	5.454015e-07	0.0007439269	0.09349952	-1.0891243e-16	-1.6130493e-16	1.6258133e-16	-6.197238e-17	0	-4.8216464e-17
2.9200099999940357e-09	-3.7138437e-07	5.524572e-07	0.00074292574	0.09349357	-1.08913495e-16	-1.6130509e-16	1.6258158e-16	-6.19735e-17	0	-4.821647e-17
2.9300099999939147e-09	-3.8365914e-07	5.50631e-07	0.00074189564	0.0934874	-1.08914534e-16	-1.6130528e-16	1.6258185e-16	-6.1974615e-17	0	-4.8216474e-17
2.9400099999937937e-09	-4.0506293e-07	5.5343554e-07	0.000740824	0.09348105	-1.0891558e-16	-1.6130549e-16	1.6258214e-16	-6.1975727e-17	0	-4.8216477e-17
2.9500099999936727e-09	-4.2117543e-07	5.6660014e-07	0.0007397282	0.093474545	-1.0891658e-16	-1.6130573e-16	1.6258244e-16	-6.1976825e-17	0	-4.821649e-17
2.9600099999935517e-09	-4.272891e-07	5.932567e-07	0.0007386417	0.09346786	-1.089176e-16	-1.6130599e-16	1.6258279e-16	-6.1977924e-17	0	-4.8216494e-17
2.9700099999934307e-09	-4.3267968e-07	6.002305e-07	0.00073753117	0.09346094	-1.089186e-16	-1.6130627e-16	1.6258317e-16	-6.197901e-17	0	-4.8216497e-17
2.9800099999933097e-09	-4.3479562e-07	5.9437207e-07	0.00073641003	0.09345386	-1.0891962e-16	-1.6130657e-16	1.6258354e-16	-6.198009e-17	0	-4.8216507e-17
2.9900099999931887e-09	-4.4336454e-07	6.045361e-07	0.00073528226	0.093446694	-1.089206e-16	-1.6130686e-16	1.6258394e-16	-6.198116e-17	0	-4.8216513e-17
3.0000099999930677e-09	-4.3833404e-07	6.1555e-07	0.00073407945	0.09343945	-1.08921575e-16	-1.613072e-16	1.6258436e-16	-6.1982225e-17	0	-4.8216513e-17
