# t (s)	mx ()	my ()	mz ()	spinAngle (rad)	E_total (J)	E_anis (J)	E_demag (J)	E_exch (J)	E_therm (J)	E_custom (J)
0	0	0	0	0.0060737464	-3.9176604e-17	-1.2571201e-16	1.004322e-16	4.960001e-18	0	-1.88568e-17
1.0000000000000124e-11	1.5930985e-09	-6.068947e-10	0.0019546698	0.01668265	-4.866452e-17	-1.1926269e-16	9.579997e-17	-6.5785327e-18	0	-1.8623272e-17
2.0009999999999403e-11	7.498943e-09	-2.7917155e-09	0.005566534	0.02118584	-5.0214853e-17	-1.1325872e-16	9.116675e-17	-9.600221e-18	0	-1.8522658e-17
3.000999999999824e-11	1.6408915e-08	-6.9185995e-09	0.0101966085	0.027066557	-5.1689567e-17	-1.08474044e-16	8.713875e-17	-1.1960458e-17	0	-1.8393825e-17
4.000000000000001e-11	2.1377865e-08	-9.892384e-09	0.013464763	0.033076502	-5.3859235e-17	-1.0648884e-16	8.515468e-17	-1.4283798e-17	0	-1.8241273e-17
5.0000000000001785e-11	2.14139e-08	-1.0188245e-08	0.013051725	0.037439786	-5.639117e-17	-1.0556806e-16	8.434971e-17	-1.6937026e-17	0	-1.8235804e-17
6.00000000000024e-11	2.0604075e-08	-9.7710044e-09	0.010019834	0.040346883	-5.8622594e-17	-1.03890146e-16	8.311174e-17	-1.9517757e-17	0	-1.8326428e-17
7.000999999999771e-11	1.9663387e-08	-7.1613573e-09	0.006176499	0.042491272	-6.035369e-17	-1.0170523e-16	8.1480685e-17	-2.1696947e-17	0	-1.8432201e-17
8.000999999999302e-11	2.0755799e-08	-6.311705e-09	0.0027225825	0.044239294	-6.1637886e-17	-9.9455446e-17	7.977906e-17	-2.343759e-17	0	-1.8523924e-17
9.000999999998834e-11	2.2735792e-08	-5.7958442e-09	0.00019456631	0.04589443	-6.2594094e-17	-9.7305855e-17	7.813913e-17	-2.483282e-17	0	-1.8594562e-17
1.0000999999998365e-10	2.6475782e-08	-6.0537744e-09	-0.0013483759	0.047668256	-6.333094e-17	-9.525727e-17	7.6561727e-17	-2.599128e-17	0	-1.8644112e-17
1.1000999999997896e-10	3.083025e-08	-7.4306667e-09	-0.0021606653	0.049725346	-6.394115e-17	-9.3185244e-17	7.4939354e-17	-2.702296e-17	0	-1.8672292e-17
1.2000999999997891e-10	4.048746e-08	-1.0044107e-08	-0.0026476502	0.052378412	-6.451798e-17	-9.1096474e-17	7.324645e-17	-2.799326e-17	0	-1.8674693e-17
1.3000999999998715e-10	5.4180525e-08	-1.75696e-08	-0.0030831941	0.055834696	-6.518745e-17	-8.9161156e-17	7.1565066e-17	-2.8949998e-17	0	-1.8641362e-17
1.400099999999954e-10	6.1656706e-08	-2.2333724e-08	-0.003197556	0.059855912	-6.61086e-17	-8.789713e-17	7.030503e-17	-2.9941384e-17	0	-1.8575103e-17
1.5000000000000362e-10	5.0785705e-08	-1.6158571e-08	-0.0021010374	0.063577004	-6.7318195e-17	-8.7640375e-17	6.988586e-17	-3.10357e-17	0	-1.8527974e-17
1.6000000000001186e-10	3.1327144e-08	-7.396529e-09	0.00033385324	0.06635136	-6.8603025e-17	-8.789582e-17	7.003587e-17	-3.2200897e-17	0	-1.8542178e-17
1.700000000000201e-10	1.5718573e-08	-1.2137893e-10	0.002903276	0.06826556	-6.97315e-17	-8.810026e-17	7.023612e-17	-3.3281053e-17	0	-1.8586307e-17
1.8000000000002833e-10	5.7882583e-09	1.7599946e-09	0.004390877	0.06957018	-7.064961e-17	-8.7938875e-17	7.015791e-17	-3.424319e-17	0	-1.8625452e-17
1.9000000000003657e-10	1.4034439e-09	3.884126e-09	0.004508827	0.0704327	-7.140645e-17	-8.735824e-17	6.9734615e-17	-3.5129725e-17	0	-1.8653097e-17
2.000000000000448e-10	-1.8965458e-09	4.794468e-09	0.003751364	0.07097499	-7.205256e-17	-8.652319e-17	6.909651e-17	-3.5951698e-17	0	-1.8674178e-17
2.1000000000005304e-10	-3.14068e-09	6.372394e-09	0.002777958	0.07132014	-7.2612065e-17	-8.56245e-17	6.840035e-17	-3.6695393e-17	0	-1.8692517e-17
2.2000000000006128e-10	-3.7324024e-09	5.6441207e-09	0.0020125706	0.07158653	-7.309461e-17	-8.480457e-17	6.776454e-17	-3.7345e-17	0	-1.8709586e-17
2.3000000000006952e-10	-3.8310226e-09	6.311705e-09	0.0015793517	0.07185348	-7.3506234e-17	-8.416328e-17	6.727168e-17	-3.7889458e-17	0	-1.8725179e-17
2.4000000000005925e-10	-2.7575777e-09	5.249639e-09	0.0014180536	0.0721498	-7.385274e-17	-8.371313e-17	6.693273e-17	-3.833393e-17	0	-1.8738412e-17
2.5000000000004163e-10	-7.699976e-10	1.9913733e-09	0.0013932763	0.07247208	-7.414078e-17	-8.338755e-17	6.6694865e-17	-3.869932e-17	0	-1.8748778e-17
2.60000000000024e-10	1.6993051e-09	-8.799973e-10	0.0013673706	0.072816856	-7.437739e-17	-8.313061e-17	6.651319e-17	-3.9003674e-17	0	-1.875629e-17
2.700000000000064e-10	3.838609e-09	-2.9130944e-09	0.0012612413	0.07317503	-7.4568857e-17	-8.2927503e-17	6.637508e-17	-3.9255355e-17	0	-1.8761077e-17
2.800099999999888e-10	5.6441207e-09	-5.0979154e-09	0.0010754643	0.07355383	-7.472081e-17	-8.2773085e-17	6.6275716e-17	-3.9460204e-17	0	-1.8763239e-17
2.9000999999997117e-10	7.965493e-09	-8.132389e-09	0.0008651942	0.07397477	-7.483845e-17	-8.265283e-17	6.6202884e-17	-3.962564e-17	0	-1.876286e-17
3.0000999999995355e-10	9.399281e-09	-1.1652378e-08	0.0006972448	0.07447954	-7.492795e-17	-8.254493e-17	6.613871e-17	-3.9761735e-17	0	-1.8760003e-17
3.1000999999993594e-10	1.262341e-08	-1.31089255e-08	0.0006193841	0.07508711	-7.499592e-17	-8.2427986e-17	6.6065685e-17	-3.9878986e-17	0	-1.8754633e-17
3.2000999999991833e-10	1.5399953e-08	-1.480823e-08	0.0006452684	0.075798854	-7.504908e-17	-8.2285955e-17	6.5970625e-17	-3.9987218e-17	0	-1.874654e-17
3.300099999999007e-10	1.8631667e-08	-1.590064e-08	0.0007553433	0.07661471	-7.509383e-17	-8.2109786e-17	6.584595e-17	-4.009475e-17	0	-1.873524e-17
3.400099999998831e-10	2.2197174e-08	-1.6841328e-08	0.00091029715	0.07756988	-7.513582e-17	-8.189523e-17	6.568789e-17	-4.02086e-17	0	-1.871988e-17
3.500099999998655e-10	2.5110268e-08	-1.7721325e-08	0.0010697417	0.07869264	-7.518008e-17	-8.163969e-17	6.5493845e-17	-4.033509e-17	0	-1.8699146e-17
3.600099999998479e-10	2.8341981e-08	-1.59234e-08	0.0012051974	0.07999168	-7.523133e-17	-8.134047e-17	6.526078e-17	-4.0480525e-17	0	-1.8671113e-17
3.7000999999983027e-10	3.3181966e-08	-1.1720654e-08	0.0013016731	0.08147817	-7.529477e-17	-8.099475e-17	6.4984685e-17	-4.0651712e-17	0	-1.8632993e-17
3.8000999999981266e-10	3.8568157e-08	-5.0979154e-09	0.0013476985	0.083174035	-7.537672e-17	-8.0601994e-17	6.466218e-17	-4.0856168e-17	0	-1.8580735e-17
3.9000999999979505e-10	4.2846764e-08	4.6124e-09	0.0013213049	0.08509867	-7.5485174e-17	-8.016891e-17	6.4294803e-17	-4.1102237e-17	0	-1.8508828e-17
4.0000999999977743e-10	4.577503e-08	1.5050988e-08	0.001191911	0.08729033	-7.56289e-17	-7.9712345e-17	6.389413e-17	-4.1399162e-17	0	-1.8411518e-17
4.100099999997598e-10	4.5790205e-08	2.0877177e-08	0.00095872657	0.08976029	-7.581538e-17	-7.925196e-17	6.34792e-17	-4.175621e-17	0	-1.8286414e-17
4.200099999997422e-10	4.2710212e-08	2.1484071e-08	0.00069112296	0.092401944	-7.604942e-17	-7.879603e-17	6.3064025e-17	-4.2179322e-17	0	-1.8138087e-17
4.300099999997246e-10	3.6064716e-08	1.7478568e-08	0.0005030089	0.095146246	-7.6333636e-17	-7.8336955e-17	6.26484e-17	-4.2667204e-17	0	-1.7977877e-17
4.40009999999707e-10	2.3469756e-08	8.739284e-09	0.0004749752	0.098051175	-7.666933e-17	-7.785924e-17	6.222097e-17	-4.320989e-17	0	-1.782117e-17
4.5000999999968937e-10	6.0537744e-09	-1.4686852e-08	0.00061344623	0.10112156	-7.705713e-17	-7.734245e-17	6.1764623e-17	-4.379328e-17	0	-1.7686012e-17
4.6000999999967176e-10	-1.1280655e-08	-4.2725386e-08	0.00084816496	0.104306266	-7.749745e-17	-7.6761825e-17	6.126127e-17	-4.4405507e-17	0	-1.7591394e-17
4.700099999996541e-10	-1.993649e-08	-6.578738e-08	0.0010403272	0.107616	-7.7989765e-17	-7.6105996e-17	6.070459e-17	-4.5037923e-17	0	-1.7550428e-17
4.800099999996365e-10	-1.18192744e-08	-6.712255e-08	0.0010501841	0.110923454	-7.8529066e-17	-7.5385555e-17	6.010373e-17	-4.5685073e-17	0	-1.7562161e-17
4.900099999996189e-10	1.4461163e-08	-6.044671e-08	0.00080161367	0.11411383	-7.910527e-17	-7.4614246e-17	5.946798e-17	-4.634833e-17	0	-1.7610674e-17
5.000099999996013e-10	5.4214663e-08	-5.146467e-08	0.00023879121	0.117081486	-7.97065e-17	-7.380287e-17	5.880312e-17	-4.7035362e-17	0	-1.767138e-17
5.100099999995837e-10	1.0040314e-07	-4.466745e-08	-0.0006436531	0.11974116	-8.0321454e-17	-7.297227e-17	5.8123546e-17	-4.7752286e-17	0	-1.7720455e-17
5.200099999995661e-10	1.520954e-07	-4.345366e-08	-0.0016109956	0.12200907	-8.093928e-17	-7.21584e-17	5.7457064e-17	-4.8493616e-17	0	-1.7744326e-17
5.300099999995485e-10	2.0208076e-07	-4.1754355e-08	-0.0021541917	0.12380692	-8.154768e-17	-7.141169e-17	5.68436e-17	-4.9235977e-17	0	-1.7743616e-17
5.400099999995309e-10	2.4133166e-07	-3.337921e-08	-0.0017312812	0.12513453	-8.212993e-17	-7.079094e-17	5.633093e-17	-4.993758e-17	0	-1.773234e-17
5.500099999995133e-10	2.5363647e-07	-3.0708872e-08	-0.00035139397	0.12605117	-8.26673e-17	-7.033533e-17	5.595302e-17	-5.0553127e-17	0	-1.7731852e-17
5.600099999994956e-10	2.3007378e-07	-4.4181935e-08	0.0009876809	0.12670119	-8.314296e-17	-7.003933e-17	5.570762e-17	-5.105238e-17	0	-1.775887e-17
5.70009999999478e-10	1.8534564e-07	-8.0352855e-08	0.0011239437	0.12721251	-8.3545976e-17	-6.984117e-17	5.55445e-17	-5.142919e-17	0	-1.7820129e-17
5.800099999994604e-10	1.5682159e-07	-1.2113618e-07	-3.0907934e-06	0.1276289	-8.3881785e-17	-6.9660526e-17	5.539736e-17	-5.1703844e-17	0	-1.7914778e-17
5.900099999994428e-10	1.5105608e-07	-1.3691545e-07	-0.0013627184	0.1279662	-8.416836e-17	-6.947106e-17	5.524523e-17	-5.1909293e-17	0	-1.8033245e-17
6.000099999994252e-10	1.4252922e-07	-1.2283549e-07	-0.0020048867	0.12835495	-8.442146e-17	-6.9302105e-17	5.5112242e-17	-5.207681e-17	0	-1.8154778e-17
6.100099999994076e-10	1.212879e-07	-8.8728e-08	-0.0018095464	0.12890457	-8.4648264e-17	-6.917825e-17	5.50166e-17	-5.222633e-17	0	-1.8260282e-17
6.2000999999939e-10	9.4432814e-08	-5.3163976e-08	-0.0012834473	0.12954742	-8.4853206e-17	-6.908647e-17	5.4946498e-17	-5.2360162e-17	0	-1.8353067e-17
6.300099999993724e-10	6.0659126e-08	-3.3500587e-08	-0.0009877196	0.1302212	-8.5043153e-17	-6.9000535e-17	5.4880843e-17	-5.2472172e-17	0	-1.8451286e-17
6.400099999993547e-10	1.1394448e-08	-2.743164e-08	-0.0010626614	0.13092303	-8.522049e-17	-6.890895e-17	5.4809626e-17	-5.2565e-17	0	-1.8556163e-17
6.500099999993371e-10	-4.1708837e-08	-2.4518545e-08	-0.0012271387	0.13162409	-8.537879e-17	-6.88188e-17	5.473748e-17	-5.2650992e-17	0	-1.8646472e-17
6.600099999993195e-10	-6.8973584e-08	-1.7357188e-08	-0.0011573982	0.13229536	-8.5514355e-17	-6.873638e-17	5.4669816e-17	-5.2742472e-17	0	-1.8705316e-17
6.700099999993019e-10	-5.352811e-08	-1.2137894e-08	-0.00075883686	0.132913	-8.563258e-17	-6.866112e-17	5.4606987e-17	-5.2845155e-17	0	-1.8733293e-17
6.800099999992843e-10	-2.1514417e-08	-1.5536504e-08	-0.00021145765	0.1334938	-8.574115e-17	-6.8592265e-17	5.4548955e-17	-5.295774e-17	0	-1.87401e-17
6.900099999992667e-10	-1.1531e-09	-2.051304e-08	0.00018512036	0.13404645	-8.584387e-17	-6.8531755e-17	5.449769e-17	-5.307288e-17	0	-1.8736925e-17
7.000099999992491e-10	1.5020644e-09	-2.9373703e-08	0.0002554847	0.13450904	-8.594034e-17	-6.848086e-17	5.4454633e-17	-5.3179528e-17	0	-1.8734589e-17
7.100099999992315e-10	-1.057514e-08	-3.4957136e-08	4.0417246e-05	0.13485934	-8.602851e-17	-6.8440924e-17	5.4421192e-17	-5.3267993e-17	0	-1.874079e-17
7.200099999992138e-10	-1.838891e-08	-3.641368e-08	-0.00028749573	0.13512892	-8.610584e-17	-6.841243e-17	5.439788e-17	-5.3334154e-17	0	-1.8757136e-17
7.300099999991962e-10	-1.8919941e-08	-3.0344733e-08	-0.00055460224	0.13542591	-8.6170223e-17	-6.8393655e-17	5.438323e-17	-5.3380427e-17	0	-1.8779377e-17
7.400099999991786e-10	-1.1864791e-08	-2.2576483e-08	-0.0006659737	0.13573623	-8.622136e-17	-6.8381645e-17	5.4374767e-17	-5.341365e-17	0	-1.8800833e-17
7.50009999999161e-10	-1.2441341e-09	-1.18951355e-08	-0.000628925	0.13602884	-8.6260995e-17	-6.837356e-17	5.4369893e-17	-5.3440516e-17	0	-1.8816815e-17
7.600099999991434e-10	8.526871e-09	-6.190326e-09	-0.0005188799	0.13631228	-8.6291614e-17	-6.83674e-17	5.4366704e-17	-5.3464154e-17	0	-1.882676e-17
7.700099999991258e-10	1.345789e-08	-5.583431e-09	-0.0004136303	0.13655873	-8.631551e-17	-6.836214e-17	5.436404e-17	-5.348476e-17	0	-1.8832646e-17
7.800099999991082e-10	1.5430297e-08	-1.3351683e-08	-0.00035339137	0.13676025	-8.6334396e-17	-6.8357306e-17	5.436137e-17	-5.350199e-17	0	-1.883647e-17
7.900099999990906e-10	1.4504783e-08	-2.4761304e-08	-0.00034167152	0.13691497	-8.6349596e-17	-6.8352846e-17	5.4358594e-17	-5.35161e-17	0	-1.8839237e-17
8.00009999999073e-10	1.5673056e-08	-3.3864723e-08	-0.00036363673	0.1370315	-8.6361964e-17	-6.834888e-17	5.4355864e-17	-5.3527678e-17	0	-1.8841272e-17
8.100099999990553e-10	1.10606555e-08	-4.3939174e-08	-0.0004020556	0.13711178	-8.6372075e-17	-6.8345547e-17	5.4353366e-17	-5.3537138e-17	0	-1.8842764e-17
8.200099999990377e-10	8.739284e-09	-5.1343292e-08	-0.00044500772	0.13716309	-8.638029e-17	-6.834284e-17	5.4351183e-17	-5.3544695e-17	0	-1.8843944e-17
8.300099999990201e-10	3.9903325e-09	-5.4377765e-08	-0.00048592358	0.13719046	-8.638694e-17	-6.834071e-17	5.4349353e-17	-5.355058e-17	0	-1.8845004e-17
8.400099999990025e-10	2.9130944e-09	-5.70481e-08	-0.00052116084	0.1371977	-8.6392285e-17	-6.833909e-17	5.4347924e-17	-5.3555134e-17	0	-1.8845983e-17
8.500099999989849e-10	5.9172234e-10	-5.8990164e-08	-0.0005485163	0.13719527	-8.639664e-17	-6.8337923e-17	5.434689e-17	-5.3558787e-17	0	-1.8846814e-17
8.600099999989673e-10	-5.9172234e-10	-5.5834313e-08	-0.00056715816	0.13718995	-8.640022e-17	-6.833713e-17	5.4346226e-17	-5.356188e-17	0	-1.8847436e-17
8.700099999989497e-10	-1.608271e-09	-5.4256386e-08	-0.00057773653	0.13718556	-8.640323e-17	-6.833656e-17	5.434581e-17	-5.3564636e-17	0	-1.8847843e-17
8.800099999989321e-10	-4.430331e-09	-4.806606e-08	-0.0005825883	0.13718458	-8.640581e-17	-6.833611e-17	5.4345548e-17	-5.3567148e-17	0	-1.8848096e-17
8.900099999989144e-10	-7.707563e-09	-4.697365e-08	-0.00058490084	0.13718803	-8.640807e-17	-6.833567e-17	5.4345336e-17	-5.356945e-17	0	-1.8848281e-17
9.000099999988968e-10	-6.068947e-09	-4.563848e-08	-0.00058746774	0.13719413	-8.6410086e-17	-6.8335237e-17	5.4345138e-17	-5.3571552e-17	0	-1.8848437e-17
9.100099999988792e-10	-5.9475678e-09	-4.6123997e-08	-0.0005917893	0.13720085	-8.641191e-17	-6.833484e-17	5.434498e-17	-5.357346e-17	0	-1.8848589e-17
9.200099999988616e-10	-7.267564e-09	-4.588124e-08	-0.0005979476	0.13720648	-8.64136e-17	-6.833453e-17	5.4344863e-17	-5.35752e-17	0	-1.8848738e-17
9.30009999998844e-10	-7.616529e-09	-4.6488132e-08	-0.0006051556	0.13721016	-8.6415155e-17	-6.833434e-17	5.434483e-17	-5.3576786e-17	0	-1.8848862e-17
9.400099999989161e-10	-8.299285e-09	-4.6123997e-08	-0.0006123106	0.13721102	-8.641662e-17	-6.8334304e-17	5.4344896e-17	-5.3578252e-17	0	-1.8848958e-17
9.50009999999002e-10	-1.2380652e-08	-4.333228e-08	-0.00061831984	0.13720916	-8.641797e-17	-6.833441e-17	5.434507e-17	-5.357961e-17	0	-1.8849026e-17
9.600099999990877e-10	-1.15158265e-08	-4.660951e-08	-0.0006224657	0.1372047	-8.641925e-17	-6.8334654e-17	5.4345343e-17	-5.3580872e-17	0	-1.8849069e-17
9.700099999991735e-10	-1.2775133e-08	-4.7337785e-08	-0.00062460924	0.13719778	-8.6420475e-17	-6.8335025e-17	5.43457e-17	-5.358207e-17	0	-1.8849092e-17
9.800099999992593e-10	-1.01503135e-08	-4.6488132e-08	-0.00062483596	0.13718903	-8.642165e-17	-6.83355e-17	5.434614e-17	-5.3583192e-17	0	-1.8849104e-17
9.90009999999345e-10	-9.649626e-09	-4.345366e-08	-0.0006233231	0.137179	-8.642278e-17	-6.8336064e-17	5.4346653e-17	-5.3584254e-17	0	-1.8849114e-17
1.0000099999994308e-09	-7.965493e-09	-4.2725386e-08	-0.0006204653	0.13716787	-8.642387e-17	-6.833669e-17	5.4347222e-17	-5.3585276e-17	0	-1.8849125e-17
1.0100099999995166e-09	-7.8592866e-09	-4.2604007e-08	-0.00061659433	0.1371559	-8.642493e-17	-6.833738e-17	5.4347844e-17	-5.3586256e-17	0	-1.8849133e-17
1.0200099999996024e-09	-9.073076e-09	-4.345366e-08	-0.00061224704	0.13714355	-8.642597e-17	-6.833813e-17	5.4348512e-17	-5.3587212e-17	0	-1.8849145e-17
1.0300099999996882e-09	-7.0854953e-09	-4.2239872e-08	-0.00060776476	0.1371306	-8.6426994e-17	-6.8338896e-17	5.43492e-17	-5.3588148e-17	0	-1.8849153e-17
1.040009999999774e-09	-4.9765365e-09	-4.0661945e-08	-0.0006035961	0.13711736	-8.6428026e-17	-6.833969e-17	5.4349905e-17	-5.3589085e-17	0	-1.884916e-17
1.0500099999998598e-09	-5.583431e-09	-4.1511598e-08	-0.0005998974	0.13710418	-8.6429045e-17	-6.834048e-17	5.4350623e-17	-5.359003e-17	0	-1.8849161e-17
1.0600099999999456e-09	-5.2344666e-09	-4.2604007e-08	-0.00059690716	0.13709126	-8.6430084e-17	-6.8341245e-17	5.4351302e-17	-5.3590987e-17	0	-1.8849161e-17
1.0700000000000313e-09	-7.601356e-09	-4.0540566e-08	-0.00059474417	0.13707918	-8.643113e-17	-6.8341967e-17	5.4351957e-17	-5.3591973e-17	0	-1.8849155e-17
1.080000000000117e-09	-6.2965326e-09	-4.0904702e-08	-0.0005933862	0.13706772	-8.6432235e-17	-6.834262e-17	5.4352543e-17	-5.3593015e-17	0	-1.8849143e-17
1.0900000000002028e-09	-6.372394e-09	-4.1875733e-08	-0.0005928516	0.13705738	-8.6433346e-17	-6.834317e-17	5.435306e-17	-5.359411e-17	0	-1.8849125e-17
1.1000000000002886e-09	-9.042731e-09	-4.0904702e-08	-0.00059290696	0.13704786	-8.643454e-17	-6.8343614e-17	5.4353482e-17	-5.3595305e-17	0	-1.8849097e-17
1.1100000000003744e-09	-7.8592866e-09	-3.896264e-08	-0.00059325557	0.13703929	-8.6435795e-17	-6.8343925e-17	5.435378e-17	-5.3596595e-17	0	-1.8849059e-17
1.1200000000004602e-09	-8.405491e-09	-4.005505e-08	-0.0005938683	0.13703135	-8.643716e-17	-6.834407e-17	5.4353962e-17	-5.3598035e-17	0	-1.884901e-17
1.130000000000546e-09	-9.801349e-09	-4.2846764e-08	-0.00059470243	0.13702458	-8.643862e-17	-6.8344044e-17	5.4353995e-17	-5.359963e-17	0	-1.8848945e-17
1.1400000000006318e-09	-1.140962e-08	-4.357504e-08	-0.000595571	0.13701868	-8.644024e-17	-6.834383e-17	5.435387e-17	-5.360141e-17	0	-1.8848867e-17
1.1500000000007175e-09	-1.06813465e-08	-4.114746e-08	-0.00059624395	0.13701288	-8.6442015e-17	-6.834343e-17	5.4353598e-17	-5.360341e-17	0	-1.8848773e-17
1.1600000000008033e-09	-1.282065e-08	-4.1754355e-08	-0.00059670175	0.13700709	-8.6444014e-17	-6.834285e-17	5.435316e-17	-5.360566e-17	0	-1.8848662e-17
1.1700000000008891e-09	-1.1879964e-08	-4.2968143e-08	-0.00059701107	0.13700137	-8.644619e-17	-6.8342086e-17	5.4352595e-17	-5.3608166e-17	0	-1.8848536e-17
1.1800000000009749e-09	-9.285489e-09	-4.199711e-08	-0.0005972349	0.13699512	-8.6448626e-17	-6.8341206e-17	5.435192e-17	-5.361094e-17	0	-1.8848404e-17
1.1900000000010607e-09	-1.3473062e-08	-4.3696417e-08	-0.0005971246	0.13698861	-8.64513e-17	-6.834029e-17	5.435121e-17	-5.3613946e-17	0	-1.8848268e-17
1.2000000000011465e-09	-1.4064785e-08	-4.3939174e-08	-0.00059664133	0.13698131	-8.645416e-17	-6.833942e-17	5.4350527e-17	-5.3617126e-17	0	-1.8848146e-17
1.2100000000012322e-09	-1.5096505e-08	-4.4910205e-08	-0.00059582735	0.13697243	-8.645722e-17	-6.833874e-17	5.4349988e-17	-5.3620425e-17	0	-1.8848046e-17
1.220000000001318e-09	-1.550616e-08	-4.454607e-08	-0.00059474853	0.13696095	-8.6460365e-17	-6.833835e-17	5.4349674e-17	-5.3623697e-17	0	-1.8847995e-17
1.2300000000014038e-09	-1.6401328e-08	-4.6245376e-08	-0.00059340656	0.13694589	-8.6463515e-17	-6.8338353e-17	5.4349674e-17	-5.3626834e-17	0	-1.8848007e-17
1.2400000000014896e-09	-1.7205464e-08	-4.5092275e-08	-0.00059202337	0.13692725	-8.6466606e-17	-6.833882e-17	5.4350034e-17	-5.3629742e-17	0	-1.8848076e-17
1.2500000000015754e-09	-1.5612367e-08	-4.4242622e-08	-0.0005907151	0.13690542	-8.6469524e-17	-6.8339737e-17	5.435076e-17	-5.3632343e-17	0	-1.8848202e-17
1.2600000000016612e-09	-1.4277197e-08	-4.442469e-08	-0.00058961933	0.13688083	-8.647221e-17	-6.834106e-17	5.4351815e-17	-5.363461e-17	0	-1.8848354e-17
1.270000000001747e-09	-1.5430297e-08	-4.8308817e-08	-0.00058867695	0.1368533	-8.647468e-17	-6.834273e-17	5.435316e-17	-5.36366e-17	0	-1.884851e-17
1.2800000000018327e-09	-1.7994427e-08	-4.582055e-08	-0.00058797875	0.13682409	-8.647691e-17	-6.834464e-17	5.4354706e-17	-5.3638335e-17	0	-1.8848639e-17
1.2900000000019185e-09	-1.884408e-08	-4.8551577e-08	-0.0005874959	0.13679369	-8.647896e-17	-6.8346725e-17	5.4356404e-17	-5.363991e-17	0	-1.8848726e-17
1.3000000000020043e-09	-1.691719e-08	-5.273915e-08	-0.0005872085	0.1367636	-8.648085e-17	-6.83489e-17	5.4358187e-17	-5.364137e-17	0	-1.8848778e-17
1.3100000000020901e-09	-1.8874426e-08	-5.2617768e-08	-0.0005872369	0.13673474	-8.648265e-17	-6.8351105e-17	5.4360007e-17	-5.364276e-17	0	-1.8848793e-17
1.3200000000021759e-09	-2.0968212e-08	-5.1828806e-08	-0.00058763404	0.13670775	-8.6484387e-17	-6.83533e-17	5.4361827e-17	-5.3644112e-17	0	-1.8848793e-17
1.3300000000022617e-09	-2.256131e-08	-5.364949e-08	-0.0005884344	0.13668308	-8.648609e-17	-6.835544e-17	5.4363594e-17	-5.364547e-17	0	-1.8848784e-17
1.3400000000023475e-09	-2.2455103e-08	-5.3346042e-08	-0.0005895977	0.13666087	-8.648778e-17	-6.835748e-17	5.4365298e-17	-5.3646835e-17	0	-1.8848776e-17
1.3500000000024332e-09	-2.2227518e-08	-5.4135008e-08	-0.00059115794	0.13664152	-8.648948e-17	-6.835941e-17	5.4366922e-17	-5.3648225e-17	0	-1.8848773e-17
1.360000000002519e-09	-1.910201e-08	-5.6137758e-08	-0.00059288996	0.13662496	-8.6491196e-17	-6.8361223e-17	5.4368448e-17	-5.364965e-17	0	-1.8848768e-17
1.3700000000026048e-09	-2.0330972e-08	-5.750327e-08	-0.00059483026	0.13661137	-8.6492917e-17	-6.836293e-17	5.4369884e-17	-5.3651103e-17	0	-1.8848768e-17
1.3800000000026906e-09	-2.2743379e-08	-6.108395e-08	-0.00059685716	0.13660003	-8.649468e-17	-6.8364525e-17	5.4371227e-17	-5.3652615e-17	0	-1.8848761e-17
1.3900000000027764e-09	-2.2379242e-08	-6.220671e-08	-0.00059883244	0.13659039	-8.649645e-17	-6.836606e-17	5.4372517e-17	-5.3654154e-17	0	-1.8848753e-17
1.4000000000028622e-09	-2.0877177e-08	-6.360256e-08	-0.00060071563	0.13658169	-8.6498244e-17	-6.8367517e-17	5.4373758e-17	-5.3655732e-17	0	-1.8848743e-17
1.410000000002948e-09	-2.2546137e-08	-6.7517036e-08	-0.0006024664	0.13657361	-8.650006e-17	-6.836895e-17	5.4374962e-17	-5.3657337e-17	0	-1.884873e-17
1.4200000000030337e-09	-2.5975092e-08	-6.785083e-08	-0.00060407276	0.13656552	-8.650189e-17	-6.837038e-17	5.437617e-17	-5.3658968e-17	0	-1.884871e-17
1.4300000000031195e-09	-2.6430264e-08	-6.780531e-08	-0.00060554454	0.13655719	-8.650374e-17	-6.8371825e-17	5.437739e-17	-5.3660616e-17	0	-1.8848692e-17
1.4400000000032053e-09	-2.2515794e-08	-6.9489445e-08	-0.0006070262	0.13654836	-8.650563e-17	-6.83733e-17	5.437863e-17	-5.3662293e-17	0	-1.884867e-17
1.450000000003291e-09	-2.4821993e-08	-7.143151e-08	-0.0006084562	0.1365389	-8.650754e-17	-6.837483e-17	5.4379922e-17	-5.3663984e-17	0	-1.8848644e-17
1.4600000000033769e-09	-2.9768184e-08	-7.1856334e-08	-0.0006098586	0.1365287	-8.650948e-17	-6.837642e-17	5.4381256e-17	-5.3665705e-17	0	-1.8848617e-17
1.4700000000034627e-09	-2.8220603e-08	-7.731838e-08	-0.0006112605	0.1365174	-8.651145e-17	-6.837806e-17	5.4382642e-17	-5.3667452e-17	0	-1.8848586e-17
1.4800000000035485e-09	-3.0344733e-08	-7.7460626e-08	-0.00061278086	0.13650519	-8.6513484e-17	-6.837977e-17	5.4384078e-17	-5.3669232e-17	0	-1.8848553e-17
1.4900000000036342e-09	-3.0238528e-08	-7.96701e-08	-0.00061445194	0.13649191	-8.6515535e-17	-6.838153e-17	5.4385557e-17	-5.3671048e-17	0	-1.8848515e-17
1.50000000000372e-09	-3.4501962e-08	-7.9101135e-08	-0.0006162624	0.13647799	-8.651764e-17	-6.838335e-17	5.4387086e-17	-5.3672898e-17	0	-1.8848473e-17
1.5100000000038058e-09	-3.164956e-08	-8.2325265e-08	-0.0006181516	0.13646351	-8.6519797e-17	-6.838521e-17	5.4388654e-17	-5.36748e-17	0	-1.8848429e-17
1.5200000000038916e-09	-3.2833004e-08	-8.2719744e-08	-0.0006202354	0.13644849	-8.6522e-17	-6.8387104e-17	5.439025e-17	-5.3676762e-17	0	-1.8848379e-17
1.5300000000039774e-09	-3.472955e-08	-8.5723876e-08	-0.0006224557	0.13643253	-8.652429e-17	-6.838904e-17	5.439187e-17	-5.3678787e-17	0	-1.8848326e-17
1.5400000000040632e-09	-3.319714e-08	-8.8485244e-08	-0.0006248484	0.13641578	-8.652664e-17	-6.839099e-17	5.4393508e-17	-5.368089e-17	0	-1.8848265e-17
1.550000000004149e-09	-3.337921e-08	-9.182317e-08	-0.0006273694	0.13639843	-8.652906e-17	-6.8392974e-17	5.4395175e-17	-5.3683062e-17	0	-1.8848199e-17
1.5600000000042347e-09	-3.8613674e-08	-9.1701786e-08	-0.0006299619	0.13638046	-8.653156e-17	-6.8394966e-17	5.4396846e-17	-5.368532e-17	0	-1.8848128e-17
1.5700000000043205e-09	-3.7718504e-08	-9.5859015e-08	-0.00063266273	0.13636157	-8.6534156e-17	-6.839697e-17	5.4398537e-17	-5.368767e-17	0	-1.884805e-17
1.5800000000044063e-09	-3.812816e-08	-9.3340404e-08	-0.00063546293	0.1363418	-8.653684e-17	-6.839898e-17	5.4400234e-17	-5.3690126e-17	0	-1.8847964e-17
1.590000000004492e-09	-4.082884e-08	-9.2247994e-08	-0.0006382563	0.13632144	-8.6539636e-17	-6.840103e-17	5.440194e-17	-5.3692677e-17	0	-1.8847871e-17
1.6000000000045779e-09	-4.051022e-08	-9.382592e-08	-0.00064123597	0.13630037	-8.654255e-17	-6.8403065e-17	5.4403652e-17	-5.3695364e-17	0	-1.8847773e-17
1.6100000000046637e-09	-3.886402e-08	-9.643556e-08	-0.0006442935	0.13627903	-8.654557e-17	-6.8405104e-17	5.4405373e-17	-5.3698183e-17	0	-1.8847663e-17
1.6200000000047495e-09	-4.2770903e-08	-9.8013494e-08	-0.00064734375	0.13625656	-8.6548715e-17	-6.840715e-17	5.440709e-17	-5.3701115e-17	0	-1.8847547e-17
1.6300000000048352e-09	-4.418952e-08	-9.843832e-08	-0.00065040635	0.13623314	-8.655201e-17	-6.8409187e-17	5.4408807e-17	-5.3704205e-17	0	-1.8847426e-17
1.640000000004921e-09	-4.4515726e-08	-9.661763e-08	-0.00065359427	0.13620867	-8.655544e-17	-6.84112e-17	5.4410515e-17	-5.370745e-17	0	-1.8847294e-17
1.6500000000050068e-09	-4.492538e-08	-9.576798e-08	-0.00065672974	0.13618353	-8.6559025e-17	-6.841321e-17	5.4412205e-17	-5.371086e-17	0	-1.8847158e-17
1.6600000000050926e-09	-4.79902e-08	-9.346178e-08	-0.0006598203	0.13615702	-8.656278e-17	-6.841519e-17	5.4413876e-17	-5.371445e-17	0	-1.8847014e-17
1.6700000000051784e-09	-4.6503306e-08	-9.2976265e-08	-0.0006628863	0.13612847	-8.656669e-17	-6.8417134e-17	5.441552e-17	-5.3718207e-17	0	-1.884687e-17
1.6800000000052642e-09	-4.3666073e-08	-9.249075e-08	-0.00066587876	0.13609798	-8.657077e-17	-6.8419047e-17	5.4417142e-17	-5.3722148e-17	0	-1.8846716e-17
1.69000000000535e-09	-4.357504e-08	-9.054869e-08	-0.00066877273	0.13606581	-8.6575026e-17	-6.842089e-17	5.4418714e-17	-5.3726287e-17	0	-1.8846562e-17
1.7000000000054357e-09	-5.0819843e-08	-9.054869e-08	-0.00067162607	0.13603218	-8.657946e-17	-6.842268e-17	5.4420242e-17	-5.3730615e-17	0	-1.8846407e-17
1.7100000000055215e-09	-5.4499143e-08	-8.4479744e-08	-0.0006743493	0.13599698	-8.658407e-17	-6.8424413e-17	5.4421725e-17	-5.3735138e-17	0	-1.8846253e-17
1.7200000000056073e-09	-5.6577758e-08	-8.0352855e-08	-0.0006769138	0.13595991	-8.6588896e-17	-6.842607e-17	5.4423144e-17	-5.3739863e-17	0	-1.8846104e-17
1.730000000005693e-09	-5.762465e-08	-8.0352855e-08	-0.0006792977	0.1359199	-8.659386e-17	-6.842763e-17	5.4424494e-17	-5.3744767e-17	0	-1.8845959e-17
1.7400000000057789e-09	-5.7973615e-08	-7.9624584e-08	-0.0006813869	0.1358778	-8.659902e-17	-6.842912e-17	5.442578e-17	-5.374985e-17	0	-1.8845825e-17
1.7500000000058647e-09	-6.1030846e-08	-7.561908e-08	-0.0006832168	0.13583395	-8.6604315e-17	-6.843051e-17	5.4427002e-17	-5.375511e-17	0	-1.8845697e-17
1.7600000000059504e-09	-6.313222e-08	-7.4769424e-08	-0.00068477046	0.1357887	-8.6609774e-17	-6.8431805e-17	5.4428147e-17	-5.3760523e-17	0	-1.884559e-17
1.7700000000060362e-09	-6.309429e-08	-6.906462e-08	-0.00068606384	0.13574211	-8.6615366e-17	-6.8433016e-17	5.4429216e-17	-5.3766078e-17	0	-1.884549e-17
1.780000000006122e-09	-6.8783926e-08	-6.736531e-08	-0.0006869946	0.13569388	-8.662108e-17	-6.843413e-17	5.443021e-17	-5.3771756e-17	0	-1.8845413e-17
1.7900000000062078e-09	-7.3859084e-08	-6.5544626e-08	-0.00068752427	0.13564381	-8.6626907e-17	-6.843514e-17	5.4431138e-17	-5.3777546e-17	0	-1.8845355e-17
1.8000000000062936e-09	-7.540667e-08	-6.8093584e-08	-0.0006876539	0.13559218	-8.663281e-17	-6.8436067e-17	5.443198e-17	-5.3783416e-17	0	-1.8845308e-17
1.8100000000063794e-09	-7.7367694e-08	-7.100668e-08	-0.00068737863	0.13553901	-8.6638785e-17	-6.84369e-17	5.4432756e-17	-5.3789355e-17	0	-1.8845284e-17
1.8200000000064652e-09	-7.9252864e-08	-7.37984e-08	-0.00068672997	0.13548477	-8.6644813e-17	-6.843764e-17	5.4433464e-17	-5.3795347e-17	0	-1.884528e-17
1.830000000006551e-09	-8.0701824e-08	-8.059561e-08	-0.0006856784	0.1354298	-8.6650855e-17	-6.843831e-17	5.4434103e-17	-5.3801366e-17	0	-1.8845287e-17
1.8400000000066367e-09	-8.330388e-08	-9.054869e-08	-0.00068422814	0.1353734	-8.665691e-17	-6.8438886e-17	5.443467e-17	-5.3807387e-17	0	-1.8845308e-17
1.8500000000067225e-09	-8.0265615e-08	-9.382592e-08	-0.00068242295	0.13531579	-8.6662965e-17	-6.8439395e-17	5.4435178e-17	-5.381341e-17	0	-1.8845342e-17
1.8600000000068083e-09	-7.677976e-08	-1.00259e-07	-0.00068029785	0.13525684	-8.666899e-17	-6.843982e-17	5.4435625e-17	-5.3819405e-17	0	-1.8845385e-17
1.870000000006742e-09	-7.440908e-08	-1.0851277e-07	-0.0006779354	0.13519739	-8.667499e-17	-6.844017e-17	5.4435992e-17	-5.3825377e-17	0	-1.8845436e-17
1.880000000006621e-09	-6.9125306e-08	-1.1555275e-07	-0.0006753791	0.13513905	-8.6680925e-17	-6.844045e-17	5.4436316e-17	-5.3831286e-17	0	-1.8845494e-17
1.8900000000065e-09	-6.6439796e-08	-1.262341e-07	-0.0006727005	0.13508143	-8.668681e-17	-6.844065e-17	5.4436554e-17	-5.3837153e-17	0	-1.8845557e-17
1.900000000006379e-09	-5.854258e-08	-1.3181753e-07	-0.00066997	0.13502456	-8.6692605e-17	-6.844078e-17	5.4436736e-17	-5.3842943e-17	0	-1.8845623e-17
1.910000000006258e-09	-5.524638e-08	-1.3667268e-07	-0.0006672715	0.13496968	-8.6698315e-17	-6.8440825e-17	5.4436842e-17	-5.3848657e-17	0	-1.884569e-17
1.920000000006137e-09	-4.6529856e-08	-1.4152783e-07	-0.00066467107	0.13491568	-8.6703953e-17	-6.844078e-17	5.4436882e-17	-5.385429e-17	0	-1.8845762e-17
1.930000000006016e-09	-4.226263e-08	-1.446837e-07	-0.00066224154	0.13486329	-8.6709486e-17	-6.844066e-17	5.443685e-17	-5.385984e-17	0	-1.8845833e-17
1.940000000005895e-09	-3.199852e-08	-1.475968e-07	-0.0006600218	0.13481453	-8.671492e-17	-6.844045e-17	5.4436733e-17	-5.3865293e-17	0	-1.8845912e-17
1.950000000005774e-09	-2.7905777e-08	-1.4589749e-07	-0.0006581244	0.13476892	-8.672023e-17	-6.8440136e-17	5.4436538e-17	-5.3870637e-17	0	-1.8845992e-17
1.960000000005653e-09	-2.3350273e-08	-1.4079957e-07	-0.00065650564	0.13472696	-8.672544e-17	-6.8439746e-17	5.443627e-17	-5.3875888e-17	0	-1.8846073e-17
1.9700000000055318e-09	-1.738374e-08	-1.3837199e-07	-0.00065524626	0.13468988	-8.673051e-17	-6.843926e-17	5.4435912e-17	-5.3881016e-17	0	-1.8846159e-17
1.9800000000054108e-09	-1.0393071e-08	-1.3910027e-07	-0.0006543315	0.13465904	-8.673546e-17	-6.8438674e-17	5.4435492e-17	-5.388603e-17	0	-1.8846248e-17
1.9900000000052898e-09	-6.4292904e-09	-1.3011822e-07	-0.0006537955	0.13463593	-8.6740277e-17	-6.8438e-17	5.443499e-17	-5.3890926e-17	0	-1.8846342e-17
2.0000000000051688e-09	1.0886173e-09	-1.2817615e-07	-0.0006535702	0.13461973	-8.6744975e-17	-6.843724e-17	5.4434397e-17	-5.389569e-17	0	-1.8846442e-17
2.0100000000050478e-09	2.9510254e-09	-1.1943688e-07	-0.00065366057	0.13461022	-8.6749515e-17	-6.8436384e-17	5.4433742e-17	-5.390033e-17	0	-1.8846544e-17
2.0200000000049267e-09	9.490316e-09	-1.1506723e-07	-0.00065410044	0.13460693	-8.6753915e-17	-6.843545e-17	5.443302e-17	-5.390483e-17	0	-1.8846649e-17
2.0300000000048057e-09	1.680719e-08	-1.03414855e-07	-0.00065477623	0.13461205	-8.6758144e-17	-6.843442e-17	5.4432226e-17	-5.3909194e-17	0	-1.884676e-17
2.0400000000046847e-09	2.8675775e-08	-9.200524e-08	-0.0006557075	0.13462646	-8.676224e-17	-6.843332e-17	5.4431366e-17	-5.3913412e-17	0	-1.884687e-17
2.0500000000045637e-09	3.4281964e-08	-8.4479744e-08	-0.00065682316	0.13465041	-8.676618e-17	-6.843215e-17	5.4430446e-17	-5.3917495e-17	0	-1.884698e-17
2.0600000000044427e-09	3.9353328e-08	-7.4769424e-08	-0.0006580904	0.13467924	-8.6769976e-17	-6.84309e-17	5.4429464e-17	-5.3921442e-17	0	-1.884709e-17
2.0700000000043217e-09	4.5133998e-08	-6.530187e-08	-0.00065951684	0.13470982	-8.6773615e-17	-6.8429595e-17	5.4428435e-17	-5.3925244e-17	0	-1.8847201e-17
2.0800000000042007e-09	5.5925344e-08	-5.049364e-08	-0.00066100835	0.13474175	-8.67771e-17	-6.842823e-17	5.4427353e-17	-5.392892e-17	0	-1.884731e-17
2.0900000000040797e-09	6.150878e-08	-3.884126e-08	-0.0006625367	0.1347746	-8.678046e-17	-6.84268e-17	5.4426215e-17	-5.3932457e-17	0	-1.8847414e-17
2.1000000000039587e-09	6.5442215e-08	-2.524682e-08	-0.000664104	0.13480832	-8.678369e-17	-6.842534e-17	5.4425056e-17	-5.3935882e-17	0	-1.8847515e-17
2.1100000000038377e-09	7.340391e-08	-1.18951355e-08	-0.0006656771	0.13484254	-8.6786784e-17	-6.842384e-17	5.442386e-17	-5.393919e-17	0	-1.8847613e-17
2.1200000000037166e-09	7.662045e-08	-6.5544628e-09	-0.0006672802	0.13487713	-8.678974e-17	-6.842229e-17	5.4422634e-17	-5.3942387e-17	0	-1.88477e-17
2.1300000000035956e-09	8.2048366e-08	4.8551576e-09	-0.00066887273	0.13491167	-8.6792614e-17	-6.842072e-17	5.4421384e-17	-5.394549e-17	0	-1.8847783e-17
2.1400000000034746e-09	8.245802e-08	1.2866168e-08	-0.00067039434	0.13494685	-8.679539e-17	-6.841914e-17	5.442012e-17	-5.394851e-17	0	-1.884786e-17
2.1500000000033536e-09	8.200664e-08	2.4275788e-08	-0.0006718596	0.13498281	-8.679806e-17	-6.841753e-17	5.4418846e-17	-5.3951443e-17	0	-1.8847929e-17
2.1600000000032326e-09	8.267423e-08	2.985922e-08	-0.0006732764	0.13501859	-8.680065e-17	-6.8415917e-17	5.441757e-17	-5.395431e-17	0	-1.884799e-17
2.1700000000031116e-09	8.111147e-08	3.9326775e-08	-0.00067461055	0.1350545	-8.680319e-17	-6.84143e-17	5.4416282e-17	-5.3957124e-17	0	-1.8848043e-17
2.1800000000029906e-09	8.392974e-08	4.466745e-08	-0.0006759408	0.13509136	-8.680566e-17	-6.841269e-17	5.4414998e-17	-5.3959877e-17	0	-1.8848088e-17
2.1900000000028696e-09	7.923769e-08	4.563848e-08	-0.00067727116	0.13512884	-8.6808086e-17	-6.841108e-17	5.4413714e-17	-5.396259e-17	0	-1.8848129e-17
2.2000000000027486e-09	7.4405285e-08	4.903709e-08	-0.00067857816	0.13516611	-8.681046e-17	-6.8409465e-17	5.441244e-17	-5.3965276e-17	0	-1.8848162e-17
2.2100000000026276e-09	7.1848746e-08	4.952261e-08	-0.0006799114	0.1352035	-8.681284e-17	-6.840787e-17	5.4411166e-17	-5.3967947e-17	0	-1.8848189e-17
2.2200000000025065e-09	6.8070825e-08	5.3892247e-08	-0.00068126793	0.13524087	-8.681517e-17	-6.8406275e-17	5.4409896e-17	-5.397059e-17	0	-1.8848207e-17
2.2300000000023855e-09	6.437635e-08	5.1950185e-08	-0.0006826798	0.13527758	-8.6817515e-17	-6.8404674e-17	5.440863e-17	-5.397325e-17	0	-1.8848222e-17
2.2400000000022645e-09	6.416394e-08	5.049364e-08	-0.0006842607	0.13531461	-8.681984e-17	-6.840308e-17	5.4407365e-17	-5.397589e-17	0	-1.884823e-17
2.2500000000021435e-09	6.054154e-08	4.6123997e-08	-0.0006859794	0.13535215	-8.682218e-17	-6.840148e-17	5.4406097e-17	-5.397856e-17	0	-1.8848233e-17
2.2600000000020225e-09	5.672569e-08	4.563848e-08	-0.0006878564	0.13538969	-8.682452e-17	-6.8399876e-17	5.4404834e-17	-5.398125e-17	0	-1.8848232e-17
2.2700000000019015e-09	5.2329494e-08	4.660951e-08	-0.0006898888	0.1354268	-8.682687e-17	-6.839826e-17	5.4403556e-17	-5.398394e-17	0	-1.8848225e-17
2.2800000000017805e-09	5.2003287e-08	4.563848e-08	-0.0006920493	0.13546462	-8.682927e-17	-6.839664e-17	5.4402276e-17	-5.398668e-17	0	-1.8848219e-17
2.2900000000016595e-09	4.5570204e-08	3.68992e-08	-0.00069438654	0.13550285	-8.683167e-17	-6.839501e-17	5.4400992e-17	-5.398944e-17	0	-1.8848209e-17
2.3000000000015385e-09	4.3237453e-08	3.544265e-08	-0.00069692096	0.13554093	-8.683411e-17	-6.8393364e-17	5.439969e-17	-5.3992242e-17	0	-1.8848197e-17
2.3100000000014175e-09	4.1064013e-08	3.447162e-08	-0.00069961074	0.13557966	-8.683659e-17	-6.8391703e-17	5.4398378e-17	-5.3995078e-17	0	-1.8848184e-17
2.3200000000012965e-09	3.902333e-08	2.9130945e-08	-0.0007025277	0.13561858	-8.683909e-17	-6.8390036e-17	5.4397068e-17	-5.399795e-17	0	-1.8848172e-17
2.3300000000011754e-09	3.8662986e-08	2.9130945e-08	-0.0007055884	0.13565864	-8.6841616e-17	-6.838836e-17	5.439575e-17	-5.400085e-17	0	-1.8848162e-17
2.3400000000010544e-09	3.7251954e-08	2.6703367e-08	-0.0007088122	0.13570085	-8.6844164e-17	-6.838668e-17	5.439444e-17	-5.4003773e-17	0	-1.8848154e-17
2.3500000000009334e-09	3.4270585e-08	2.6703367e-08	-0.00071218365	0.1357472	-8.684675e-17	-6.838502e-17	5.439313e-17	-5.4006718e-17	0	-1.8848149e-17
2.3600000000008124e-09	3.2442316e-08	2.3304755e-08	-0.0007157201	0.13579807	-8.6849345e-17	-6.838336e-17	5.4391837e-17	-5.400968e-17	0	-1.8848146e-17
2.3700000000006914e-09	2.9521633e-08	1.6507535e-08	-0.0007193479	0.1358516	-8.685195e-17	-6.838172e-17	5.4390553e-17	-5.4012634e-17	0	-1.8848152e-17
2.3800000000005704e-09	2.5561645e-08	1.3594441e-08	-0.0007231155	0.13590725	-8.685456e-17	-6.838013e-17	5.4389322e-17	-5.4015586e-17	0	-1.8848162e-17
2.3900000000004494e-09	2.7655432e-08	1.4565472e-08	-0.0007270715	0.13596396	-8.6857154e-17	-6.837858e-17	5.4388115e-17	-5.4018507e-17	0	-1.884818e-17
2.4000000000003284e-09	2.4192339e-08	1.8935115e-08	-0.00073103135	0.13602112	-8.685973e-17	-6.837709e-17	5.4386953e-17	-5.402139e-17	0	-1.8848205e-17
2.4100000000002074e-09	2.3873719e-08	1.4079957e-08	-0.00073504756	0.13607661	-8.68623e-17	-6.8375676e-17	5.438585e-17	-5.4024238e-17	0	-1.8848235e-17
2.4200000000000864e-09	2.2015104e-08	1.1652378e-08	-0.00073900743	0.1361304	-8.686481e-17	-6.837435e-17	5.438482e-17	-5.4027007e-17	0	-1.8848275e-17
2.4300099999999652e-09	2.0956833e-08	4.8551576e-09	-0.0007429265	0.13618205	-8.686728e-17	-6.837311e-17	5.4383856e-17	-5.4029704e-17	0	-1.884832e-17
2.4400099999998442e-09	1.8396495e-08	6.7972206e-09	-0.00074674655	0.13623099	-8.686969e-17	-6.837198e-17	5.4382976e-17	-5.4032318e-17	0	-1.8848372e-17
2.450009999999723e-09	1.502823e-08	1.942063e-09	-0.0007504947	0.13627706	-8.6872023e-17	-6.837094e-17	5.4382175e-17	-5.403484e-17	0	-1.8848425e-17
2.460009999999602e-09	1.4121681e-08	8.739284e-09	-0.0007540914	0.13632044	-8.687429e-17	-6.837001e-17	5.4381457e-17	-5.403725e-17	0	-1.8848485e-17
2.470009999999481e-09	1.0146521e-08	4.369642e-09	-0.00075742597	0.13636075	-8.687647e-17	-6.8369204e-17	5.4380832e-17	-5.4039547e-17	0	-1.884855e-17
2.48000999999936e-09	1.23541e-08	2.9130944e-09	-0.0007605429	0.13639775	-8.687857e-17	-6.836851e-17	5.4380286e-17	-5.4041734e-17	0	-1.8848612e-17
2.490009999999239e-09	8.856869e-09	3.884126e-09	-0.00076339196	0.1364312	-8.6880566e-17	-6.836791e-17	5.4379823e-17	-5.404381e-17	0	-1.8848675e-17
2.500009999999118e-09	1.0677553e-08	-1.942063e-09	-0.00076595356	0.13646133	-8.6882505e-17	-6.836741e-17	5.437943e-17	-5.4045774e-17	0	-1.884874e-17
2.510009999998997e-09	6.9944615e-09	-5.826189e-09	-0.00076818495	0.13648827	-8.688433e-17	-6.8367014e-17	5.4379105e-17	-5.4047617e-17	0	-1.8848801e-17
2.520009999998876e-09	8.166527e-09	9.710315e-10	-0.00077005517	0.13651216	-8.6886066e-17	-6.83667e-17	5.4378853e-17	-5.4049358e-17	0	-1.8848859e-17
2.530009999998755e-09	6.4634285e-09	-5.826189e-09	-0.00077161466	0.13653322	-8.688773e-17	-6.8366464e-17	5.4378648e-17	-5.4051e-17	0	-1.8848913e-17
2.540009999998634e-09	5.4392935e-09	-1.3594441e-08	-0.00077288086	0.13655123	-8.688931e-17	-6.836629e-17	5.4378496e-17	-5.4052547e-17	0	-1.8848966e-17
2.550009999998513e-09	3.671713e-09	-8.2537674e-09	-0.0007737995	0.1365666	-8.68908e-17	-6.836617e-17	5.4378387e-17	-5.4053993e-17	0	-1.8849018e-17
2.560009999998392e-09	2.1279245e-09	-2.9130944e-09	-0.00077444036	0.1365795	-8.689223e-17	-6.83661e-17	5.43783e-17	-5.4055366e-17	0	-1.8849062e-17
2.570009999998271e-09	2.4465443e-09	-7.282736e-09	-0.00077474525	0.1365899	-8.689358e-17	-6.8366074e-17	5.437824e-17	-5.405665e-17	0	-1.8849104e-17
2.58000999999815e-09	3.5199892e-09	-1.262341e-08	-0.00077475305	0.13659805	-8.6894873e-17	-6.836608e-17	5.4378205e-17	-5.4057858e-17	0	-1.8849145e-17
2.590009999998029e-09	2.9586117e-10	-1.3594441e-08	-0.00077453355	0.13660423	-8.68961e-17	-6.83661e-17	5.4378182e-17	-5.4059e-17	0	-1.8849181e-17
2.600009999997908e-09	2.4275787e-10	-1.06813465e-08	-0.0007740752	0.13660885	-8.689727e-17	-6.836613e-17	5.437817e-17	-5.4060088e-17	0	-1.8849218e-17
2.610009999997787e-09	1.9648216e-09	-9.710315e-09	-0.000773446	0.13661222	-8.689839e-17	-6.836617e-17	5.437815e-17	-5.4061114e-17	0	-1.8849249e-17
2.620009999997666e-09	8.7241114e-10	-1.5536504e-08	-0.0007726537	0.13661438	-8.6899446e-17	-6.8366226e-17	5.437814e-17	-5.406208e-17	0	-1.8849282e-17
2.630009999997545e-09	4.1041255e-09	-1.6507535e-08	-0.0007716885	0.13661541	-8.690046e-17	-6.8366286e-17	5.4378132e-17	-5.4062996e-17	0	-1.8849309e-17
2.640009999997424e-09	4.953778e-09	-1.3594441e-08	-0.00077059894	0.13661559	-8.690142e-17	-6.836633e-17	5.437812e-17	-5.4063866e-17	0	-1.8849337e-17
2.650009999997303e-09	6.8086e-09	-1.06813465e-08	-0.0007694415	0.13661514	-8.6902344e-17	-6.836638e-17	5.4378096e-17	-5.4064697e-17	0	-1.8849362e-17
2.660009999997182e-09	4.259642e-09	-1.5536504e-08	-0.00076818885	0.13661411	-8.690324e-17	-6.8366425e-17	5.4378066e-17	-5.4065488e-17	0	-1.8849386e-17
2.670009999997061e-09	4.4492965e-09	-1.942063e-08	-0.0007668877	0.13661273	-8.690408e-17	-6.836646e-17	5.4378033e-17	-5.4066245e-17	0	-1.884941e-17
2.68000999999694e-09	8.63687e-09	-2.2333724e-08	-0.00076553406	0.13661101	-8.69049e-17	-6.83665e-17	5.4377997e-17	-5.4066967e-17	0	-1.884943e-17
2.690009999996819e-09	9.979624e-09	-2.0391662e-08	-0.000764128	0.13660891	-8.690567e-17	-6.8366524e-17	5.437796e-17	-5.4067658e-17	0	-1.884945e-17
2.700009999996698e-09	1.0503071e-08	-2.0391662e-08	-0.00076279964	0.13660656	-8.6906434e-17	-6.836655e-17	5.4377907e-17	-5.4068323e-17	0	-1.884947e-17
2.710009999996577e-09	9.21342e-09	-2.3304755e-08	-0.0007614635	0.13660407	-8.690715e-17	-6.8366564e-17	5.4377858e-17	-5.4068952e-17	0	-1.8849487e-17
2.720009999996456e-09	6.6796346e-09	-2.5732335e-08	-0.00076010404	0.13660143	-8.6907844e-17	-6.8366584e-17	5.4377805e-17	-5.4069564e-17	0	-1.8849506e-17
2.730009999996335e-09	7.366184e-09	-2.3790271e-08	-0.0007587834	0.13659877	-8.690851e-17	-6.836659e-17	5.4377745e-17	-5.407015e-17	0	-1.8849517e-17
2.740009999996214e-09	8.10963e-09	-2.1848209e-08	-0.0007574706	0.13659592	-8.690916e-17	-6.83666e-17	5.4377676e-17	-5.407071e-17	0	-1.8849534e-17
2.750009999996093e-09	1.2365479e-08	-2.2333724e-08	-0.0007562219	0.13659297	-8.690979e-17	-6.8366603e-17	5.4377616e-17	-5.4071255e-17	0	-1.8849547e-17
2.760009999995972e-09	1.3799268e-08	-1.9906146e-08	-0.00075499644	0.13658978	-8.69104e-17	-6.8366603e-17	5.4377547e-17	-5.407178e-17	0	-1.884956e-17
2.770009999995851e-09	1.2187204e-08	-2.0391662e-08	-0.00075381756	0.13658646	-8.6910974e-17	-6.8366603e-17	5.4377487e-17	-5.4072287e-17	0	-1.884957e-17
2.78000999999573e-09	1.3996509e-08	-1.942063e-08	-0.00075261353	0.13658303	-8.691155e-17	-6.83666e-17	5.4377414e-17	-5.407278e-17	0	-1.8849583e-17
2.790009999995609e-09	1.3461682e-08	-2.3790271e-08	-0.0007514308	0.13657963	-8.6912105e-17	-6.83666e-17	5.4377345e-17	-5.4073257e-17	0	-1.8849593e-17
2.800009999995488e-09	1.1530999e-08	-2.6703367e-08	-0.0007502772	0.13657622	-8.691265e-17	-6.83666e-17	5.4377272e-17	-5.407372e-17	0	-1.8849603e-17
2.810009999995367e-09	1.5437884e-08	-2.1362693e-08	-0.00074918964	0.13657281	-8.691318e-17	-6.8366584e-17	5.4377202e-17	-5.4074176e-17	0	-1.8849611e-17
2.820009999995246e-09	1.3070994e-08	-1.4565472e-08	-0.0007481021	0.13656947	-8.691367e-17	-6.8366584e-17	5.437714e-17	-5.4074607e-17	0	-1.884962e-17
2.830009999995125e-09	9.661004e-09	-1.4565472e-08	-0.0007470262	0.13656624	-8.691417e-17	-6.8366584e-17	5.437707e-17	-5.407503e-17	0	-1.8849628e-17
2.840009999995004e-09	9.1223855e-09	-1.3594441e-08	-0.0007459716	0.1365631	-8.691466e-17	-6.836657e-17	5.4376997e-17	-5.4075444e-17	0	-1.8849635e-17
2.850009999994883e-09	5.9323955e-09	-1.3594441e-08	-0.00074495596	0.13656005	-8.691513e-17	-6.8366564e-17	5.4376928e-17	-5.407585e-17	0	-1.8849641e-17
2.860009999994762e-09	1.0188245e-08	-4.8551576e-09	-0.00074388005	0.13655719	-8.69156e-17	-6.836656e-17	5.437686e-17	-5.407625e-17	0	-1.8849648e-17
2.870009999994641e-09	1.2885133e-08	-1.06813465e-08	-0.0007429246	0.13655452	-8.691605e-17	-6.836655e-17	5.4376795e-17	-5.4076645e-17	0	-1.8849653e-17
2.8800099999945198e-09	1.4106509e-08	-7.768252e-09	-0.0007419846	0.13655183	-8.691649e-17	-6.8366544e-17	5.4376726e-17	-5.4077022e-17	0	-1.884966e-17
2.8900099999943988e-09	5.9627405e-09	-9.710315e-09	-0.0007409903	0.13654944	-8.6916936e-17	-6.8366544e-17	5.4376666e-17	-5.40774e-17	0	-1.8849663e-17
2.9000099999942778e-09	9.202041e-09	-5.826189e-09	-0.0007400328	0.13654733	-8.6917366e-17	-6.836653e-17	5.4376607e-17	-5.4077773e-17	0	-1.8849668e-17
2.9100099999941568e-09	1.2805478e-08	-5.826189e-09	-0.0007390598	0.13654533	-8.691779e-17	-6.8366544e-17	5.437654e-17	-5.4078124e-17	0	-1.8849673e-17
2.9200099999940357e-09	8.21963e-09	-9.710315e-10	-0.00073808496	0.13654353	-8.6918206e-17	-6.836653e-17	5.437648e-17	-5.4078484e-17	0	-1.8849676e-17
2.9300099999939147e-09	7.3927358e-09	4.8551574e-10	-0.0007371333	0.13654187	-8.691862e-17	-6.836653e-17	5.437643e-17	-5.407884e-17	0	-1.8849678e-17
2.9400099999937937e-09	8.7354906e-09	4.8551574e-10	-0.000736172	0.13654034	-8.691904e-17	-6.8366544e-17	5.4376375e-17	-5.407919e-17	0	-1.8849684e-17
2.9500099999936727e-09	1.0248934e-08	6.7972206e-09	-0.0007352767	0.13653895	-8.6919444e-17	-6.836655e-17	5.4376316e-17	-5.4079523e-17	0	-1.8849686e-17
2.9600099999935517e-09	1.1561344e-08	3.884126e-09	-0.0007343717	0.13653766	-8.691983e-17	-6.8366544e-17	5.4376273e-17	-5.4079867e-17	0	-1.8849688e-17
2.9700099999934307e-09	6.7820483e-09	4.8551576e-09	-0.0007334648	0.13653652	-8.692023e-17	-6.8366564e-17	5.4376223e-17	-5.4080205e-17	0	-1.884969e-17
2.9800099999933097e-09	7.616529e-09	8.2537674e-09	-0.0007326006	0.13653548	-8.692062e-17	-6.836657e-17	5.4376177e-17	-5.4080532e-17	0	-1.8849691e-17
2.9900099999931887e-09	1.533547e-08	1.3594441e-08	-0.00073172274	0.13653448	-8.6921006e-17	-6.8366584e-17	5.4376137e-17	-5.4080863e-17	0	-1.8849691e-17
3.0000099999930677e-09	1.5327885e-08	1.06813465e-08	-0.0007308391	0.13653356	-8.69214e-17	-6.8366603e-17	5.437609e-17	-5.408119e-17	0	-1.8849694e-17
