# t (s)	mx ()	my ()	mz ()	spinAngle (rad)	E_total (J)	E_anis (J)	E_demag (J)	E_exch (J)	E_therm (J)	E_custom (J)
0	0	0	0	0.016871518	9.681425e-18	-4.5216002e-17	5.6143825e-17	5.5360005e-18	0	-6.7824004e-18
1.0000000000000124e-11	6.749287e-10	-1.6873218e-10	0.004491449	0.03552928	1.0417157e-18	-4.06436e-17	5.097436e-17	-2.770844e-18	0	-6.5181998e-18
2.0009999999999403e-11	2.699715e-09	-2.425525e-10	0.014610991	0.045226187	-9.141041e-19	-3.550219e-17	4.470553e-17	-3.9452495e-18	0	-6.1721943e-18
3.000999999999824e-11	2.3622506e-09	4.2183046e-10	0.026665868	0.055535957	-2.754668e-18	-3.044267e-17	3.8239253e-17	-4.8172885e-18	0	-5.7339577e-18
4.000000000000001e-11	3.5433758e-09	-1.6873218e-10	0.03601965	0.064941265	-4.8825233e-18	-2.6836353e-17	3.3441546e-17	-6.0561565e-18	0	-5.4315603e-18
5.0000000000001785e-11	5.39943e-09	0	0.040774696	0.07263985	-7.1467876e-18	-2.410458e-17	2.9914246e-17	-7.5186664e-18	0	-5.4377886e-18
6.00000000000024e-11	4.0495727e-09	5.061966e-10	0.042200867	0.07597816	-9.335022e-18	-2.1895343e-17	2.7154363e-17	-9.155775e-18	0	-5.4382654e-18
7.000999999999771e-11	1.3498574e-09	4.8088675e-09	0.04042905	0.07853382	-1.1408826e-17	-1.8526523e-17	2.3037438e-17	-1.0528675e-17	0	-5.3910657e-18
8.000999999999302e-11	-1.3498574e-09	8.689708e-09	0.02791772	0.08533055	-1.3193127e-17	-1.5070213e-17	1.8913761e-17	-1.1290643e-17	0	-5.7460337e-18
9.000999999998834e-11	-5.39943e-09	1.2992379e-08	0.0051953755	0.09068751	-1.4546765e-17	-1.4660651e-17	1.858344e-17	-1.2342031e-17	0	-6.1275224e-18
1.0000999999998365e-10	-8.099145e-09	1.9066738e-08	-0.0121479975	0.092477515	-1.5703528e-17	-1.5942232e-17	2.017946e-17	-1.3707077e-17	0	-6.2336778e-18
1.1000999999997896e-10	-1.5017164e-08	2.62484e-08	-0.020694818	0.094023064	-1.6798746e-17	-1.6533334e-17	2.0757535e-17	-1.4767272e-17	0	-6.2556762e-18
1.2000999999997891e-10	-2.505673e-08	3.560249e-08	-0.017691376	0.09871625	-1.7743774e-17	-1.73563e-17	2.1579437e-17	-1.5603652e-17	0	-6.363259e-18
1.3000999999998715e-10	-3.5518124e-08	4.252051e-08	-0.010036377	0.10309612	-1.8414665e-17	-1.8560626e-17	2.2925999e-17	-1.6260086e-17	0	-6.519951e-18
1.400099999999954e-10	-4.319544e-08	4.3849276e-08	-0.0044053923	0.10526722	-1.882023e-17	-1.9124161e-17	2.3584693e-17	-1.6651895e-17	0	-6.628866e-18
1.5000000000000362e-10	-4.6907548e-08	3.8892768e-08	-0.0018715392	0.1054324	-1.9067918e-17	-1.930005e-17	2.380097e-17	-1.688019e-17	0	-6.688649e-18
1.6000000000001186e-10	-4.5726424e-08	3.374644e-08	-0.002113317	0.104583345	-1.9235622e-17	-1.9267877e-17	2.3762416e-17	-1.7014443e-17	0	-6.715714e-18
1.700000000000201e-10	-4.361727e-08	2.9443767e-08	-0.0039906423	0.10333752	-1.936741e-17	-1.9148576e-17	2.3617595e-17	-1.7118432e-17	0	-6.7179982e-18
1.8000000000002833e-10	-4.0411358e-08	2.6659686e-08	-0.005610416	0.102101415	-1.9485915e-17	-1.9042523e-17	2.3490318e-17	-1.721888e-17	0	-6.7148314e-18
1.9000000000003657e-10	-3.815984e-08	2.5731659e-08	-0.0058312425	0.10099721	-1.9593867e-17	-1.896733e-17	2.3400834e-17	-1.7311312e-17	0	-6.71606e-18
2.000000000000448e-10	-3.695235e-08	2.5816025e-08	-0.0049161585	0.10001576	-1.968664e-17	-1.8919328e-17	2.3344263e-17	-1.7391544e-17	0	-6.720036e-18
2.1000000000005304e-10	-3.68258e-08	2.6406587e-08	-0.0036952144	0.09913471	-1.9760908e-17	-1.8892906e-17	2.3313674e-17	-1.7455408e-17	0	-6.7262642e-18
2.2000000000006128e-10	-3.585559e-08	2.6659686e-08	-0.002792554	0.098379925	-1.981702e-17	-1.8905989e-17	2.3331824e-17	-1.7508062e-17	0	-6.7347937e-18
2.3000000000006952e-10	-3.4379184e-08	2.560511e-08	-0.0024243789	0.0978117	-1.985802e-17	-1.8970525e-17	2.3413043e-17	-1.7557092e-17	0	-6.7434464e-18
2.4000000000005925e-10	-3.0970266e-08	2.481945e-08	-0.0024871137	0.097468756	-1.9887376e-17	-1.9038472e-17	2.3497033e-17	-1.7596297e-17	0	-6.7496404e-18
2.5000000000004163e-10	-2.8220459e-08	2.2863212e-08	-0.0027855034	0.097323485	-1.9908168e-17	-1.9076186e-17	2.3542793e-17	-1.7622092e-17	0	-6.7526823e-18
2.60000000000024e-10	-2.6153488e-08	2.2251557e-08	-0.0031746181	0.09730446	-1.9923256e-17	-1.910712e-17	2.358016e-17	-1.7643223e-17	0	-6.7530707e-18
2.700000000000064e-10	-2.493018e-08	2.2947578e-08	-0.0035517106	0.09735825	-1.993503e-17	-1.9154131e-17	2.3637684e-17	-1.7667383e-17	0	-6.751199e-18
2.800099999999888e-10	-2.5647292e-08	2.632222e-08	-0.003820899	0.09747682	-1.9945235e-17	-1.9214153e-17	2.371152e-17	-1.7695427e-17	0	-6.7471737e-18
2.9000999999997117e-10	-2.2947578e-08	2.8009543e-08	-0.00392186	0.09768202	-1.9954872e-17	-1.927801e-17	2.3790125e-17	-1.7726026e-17	0	-6.7409603e-18
3.0000999999995355e-10	-2.395997e-08	2.8515739e-08	-0.0038807732	0.09800257	-1.9964512e-17	-1.9340968e-17	2.3867453e-17	-1.7758707e-17	0	-6.732289e-18
3.1000999999993594e-10	-2.741898e-08	3.0118695e-08	-0.0037977404	0.09845023	-1.9974556e-17	-1.94002e-17	2.3940018e-17	-1.7793724e-17	0	-6.7206497e-18
3.2000999999991833e-10	-3.2480944e-08	3.4168266e-08	-0.0037774078	0.099018894	-1.9985448e-17	-1.9455013e-17	2.4007157e-17	-1.7832222e-17	0	-6.70537e-18
3.300099999999007e-10	-3.7458545e-08	4.1423753e-08	-0.0038620185	0.09969806	-1.999769e-17	-1.9507715e-17	2.4071914e-17	-1.7876212e-17	0	-6.6856786e-18
3.400099999998831e-10	-3.712108e-08	4.4714028e-08	-0.004014786	0.10047497	-2.0011888e-17	-1.9562324e-17	2.4139274e-17	-1.7928026e-17	0	-6.660811e-18
3.500099999998655e-10	-3.9145867e-08	5.011346e-08	-0.004149748	0.10134861	-2.0028691e-17	-1.962301e-17	2.421434e-17	-1.7989813e-17	0	-6.6302087e-18
3.600099999998479e-10	-4.0664457e-08	5.5091057e-08	-0.004176925	0.1023156	-2.0048755e-17	-1.96934e-17	2.4301574e-17	-1.8063181e-17	0	-6.5937474e-18
3.7000999999983027e-10	-4.125502e-08	5.9478097e-08	-0.004034602	0.10337276	-2.0072643e-17	-1.9775971e-17	2.4404104e-17	-1.8148842e-17	0	-6.5519305e-18
3.8000999999981266e-10	-3.7880376e-08	6.1249786e-08	-0.003703324	0.104509234	-2.0100767e-17	-1.9871297e-17	2.4522754e-17	-1.824624e-17	0	-6.5059836e-18
3.9000999999979505e-10	-3.0287428e-08	6.141852e-08	-0.0032085571	0.10570768	-2.013339e-17	-1.9977595e-17	2.4655382e-17	-1.8353394e-17	0	-6.4577837e-18
4.0000999999977743e-10	-2.6237855e-08	5.8043874e-08	-0.0026166895	0.10693908	-2.017063e-17	-2.0091013e-17	2.4797105e-17	-1.8467115e-17	0	-6.409609e-18
4.100099999997598e-10	-1.9319835e-08	4.6738815e-08	-0.0020214743	0.10819314	-2.0212512e-17	-2.0206734e-17	2.4941687e-17	-1.8583638e-17	0	-6.363827e-18
4.200099999997422e-10	-5.5259792e-09	3.0371794e-08	-0.0015209495	0.109461084	-2.0258967e-17	-2.0320228e-17	2.5083208e-17	-1.8699245e-17	0	-6.3227014e-18
4.300099999997246e-10	1.02504805e-08	1.0123931e-08	-0.0011910425	0.110734	-2.0309774e-17	-2.0427774e-17	2.521693e-17	-1.881048e-17	0	-6.2884495e-18
4.40009999999707e-10	2.7229156e-08	-1.1473789e-08	-0.0010661032	0.112046026	-2.0364525e-17	-2.05259e-17	2.5338724e-17	-1.8913869e-17	0	-6.2634794e-18
4.5000999999968937e-10	4.2096044e-08	-3.2902776e-08	-0.0011318481	0.113384545	-2.0422654e-17	-2.0610424e-17	2.5443832e-17	-1.9005566e-17	0	-6.250493e-18
4.6000999999967176e-10	5.3614652e-08	-5.137895e-08	-0.0013344837	0.11474205	-2.0483677e-17	-2.067621e-17	2.5526377e-17	-1.9081667e-17	0	-6.252177e-18
4.700099999996541e-10	6.105996e-08	-6.074359e-08	-0.0016057577	0.11606564	-2.0547396e-17	-2.0718208e-17	2.5580526e-17	-1.9139158e-17	0	-6.2705597e-18
4.800099999996365e-10	5.8043874e-08	-6.6058654e-08	-0.0018937881	0.117321484	-2.0614024e-17	-2.0733504e-17	2.5602949e-17	-1.9177096e-17	0	-6.306374e-18
4.900099999996189e-10	5.1716416e-08	-6.108105e-08	-0.0021775938	0.11854486	-2.0683921e-17	-2.0723263e-17	2.5595109e-17	-1.919711e-17	0	-6.358657e-18
5.000099999996013e-10	4.0242625e-08	-4.7197556e-08	-0.0024510678	0.11977946	-2.0757016e-17	-2.0693271e-17	2.5563932e-17	-1.9203231e-17	0	-6.4244455e-18
5.100099999995837e-10	2.3116309e-08	-2.1513353e-08	-0.0026917409	0.120973356	-2.0832304e-17	-2.0652599e-17	2.5520257e-17	-1.9201496e-17	0	-6.4984657e-18
5.200099999995661e-10	1.4553151e-09	1.923547e-08	-0.002850193	0.12208079	-2.0907713e-17	-2.0611281e-17	2.5476116e-17	-1.9199393e-17	0	-6.573155e-18
5.300099999995485e-10	-2.120489e-08	7.213301e-08	-0.0028799432	0.12306259	-2.0980457e-17	-2.0577911e-17	2.5441923e-17	-1.9204738e-17	0	-6.639731e-18
5.400099999995309e-10	-4.2752518e-08	1.2384942e-07	-0.0027799315	0.123914875	-2.1047786e-17	-2.0557524e-17	2.5423772e-17	-1.9223416e-17	0	-6.6906165e-18
5.500099999995133e-10	-5.7537676e-08	1.6881656e-07	-0.0026020934	0.12460231	-2.1107798e-17	-2.0550336e-17	2.5421704e-17	-1.9256957e-17	0	-6.722212e-18
5.600099999994956e-10	-6.631175e-08	2.002851e-07	-0.0024145774	0.1251257	-2.1159743e-17	-2.055205e-17	2.5430078e-17	-1.9301798e-17	0	-6.735971e-18
5.70009999999478e-10	-6.601647e-08	2.1639903e-07	-0.0022593061	0.12549634	-2.1203815e-17	-2.0555496e-17	2.5439683e-17	-1.935098e-17	0	-6.7370213e-18
5.800099999994604e-10	-6.251528e-08	2.1741143e-07	-0.0021423819	0.12573549	-2.1240848e-17	-2.0553337e-17	2.5441228e-17	-1.9397094e-17	0	-6.731647e-18
5.900099999994428e-10	-5.441613e-08	2.0462996e-07	-0.0020518845	0.12587884	-2.1272005e-17	-2.0541222e-17	2.542925e-17	-1.9434804e-17	0	-6.725225e-18
6.000099999994252e-10	-4.8299587e-08	1.8349625e-07	-0.0019756223	0.1259821	-2.129858e-17	-2.0519135e-17	2.5403706e-17	-1.9461947e-17	0	-6.7212e-18
6.100099999994076e-10	-4.083319e-08	1.572584e-07	-0.0019057598	0.12609397	-2.1321776e-17	-2.0490405e-17	2.5368796e-17	-1.9479185e-17	0	-6.7209806e-18
6.2000999999939e-10	-3.6994532e-08	1.3245477e-07	-0.0018370621	0.1262534	-2.1342573e-17	-2.0459992e-17	2.5330765e-17	-1.9488943e-17	0	-6.7244072e-18
6.300099999993724e-10	-3.3071508e-08	1.07904235e-07	-0.0017681102	0.12649806	-2.136163e-17	-2.0432941e-17	2.5296057e-17	-1.9494349e-17	0	-6.7303977e-18
6.400099999993547e-10	-2.9949963e-08	8.611669e-08	-0.0017043162	0.1268414	-2.1379299e-17	-2.0413233e-17	2.526979e-17	-1.9498303e-17	0	-6.7375536e-18
6.500099999993371e-10	-2.6490953e-08	6.688122e-08	-0.0016570608	0.12729017	-2.1395738e-17	-2.0402999e-17	2.5254812e-17	-1.9502932e-17	0	-6.744619e-18
6.600099999993195e-10	-2.3917787e-08	5.604018e-08	-0.001637687	0.12783264	-2.1410951e-17	-2.0402302e-17	2.5251419e-17	-1.9509321e-17	0	-6.7507475e-18
6.700099999993019e-10	-2.3495957e-08	4.443984e-08	-0.0016501644	0.12844643	-2.1424914e-17	-2.0409504e-17	2.5257798e-17	-1.9517641e-17	0	-6.7555667e-18
6.800099999992843e-10	-2.201955e-08	3.863967e-08	-0.0016879183	0.12910363	-2.1437575e-17	-2.042197e-17	2.5270907e-17	-1.9527418e-17	0	-6.759094e-18
6.900099999992667e-10	-1.8898005e-08	3.3577706e-08	-0.0017378896	0.1297736	-2.1448942e-17	-2.043686e-17	2.5287393e-17	-1.9537885e-17	0	-6.7615886e-18
7.000099999992491e-10	-1.7548148e-08	3.0582708e-08	-0.0017865842	0.13042568	-2.1459037e-17	-2.0451642e-17	2.5304249e-17	-1.9548255e-17	0	-6.7633893e-18
7.100099999992315e-10	-1.4426602e-08	2.893757e-08	-0.0018251535	0.13103572	-2.146792e-17	-2.0464394e-17	2.5319166e-17	-1.9557888e-17	0	-6.7648034e-18
7.200099999992138e-10	-1.2296358e-08	2.9317217e-08	-0.0018507754	0.13158305	-2.1475708e-17	-2.0473852e-17	2.5330585e-17	-1.9566395e-17	0	-6.7660462e-18
7.300099999991962e-10	-9.617735e-09	2.6828417e-08	-0.0018647772	0.13205656	-2.1482532e-17	-2.0479387e-17	2.5337705e-17	-1.9573616e-17	0	-6.7672345e-18
7.400099999991786e-10	-7.1289348e-09	2.395997e-08	-0.0018699248	0.13244954	-2.1488523e-17	-2.0480894e-17	2.5340342e-17	-1.9579577e-17	0	-6.768398e-18
7.50009999999161e-10	-7.0972974e-09	2.5816025e-08	-0.0018685071	0.13276389	-2.1493808e-17	-2.047873e-17	2.5338845e-17	-1.9584411e-17	0	-6.7695134e-18
7.600099999991434e-10	-6.3485484e-09	2.5562926e-08	-0.0018618868	0.13300422	-2.1498467e-17	-2.0473582e-17	2.5333973e-17	-1.9588325e-17	0	-6.770533e-18
7.700099999991258e-10	-8.800438e-09	2.5225463e-08	-0.0018508284	0.13317941	-2.150255e-17	-2.0466344e-17	2.5326727e-17	-1.9591516e-17	0	-6.771417e-18
7.800099999991082e-10	-1.1115233e-08	2.5225463e-08	-0.0018361526	0.13330197	-2.1506115e-17	-2.0458e-17	2.5318195e-17	-1.9594168e-17	0	-6.7721417e-18
7.900099999990906e-10	-1.7202774e-08	2.7165882e-08	-0.0018192176	0.13338412	-2.1509187e-17	-2.0449478e-17	2.5309424e-17	-1.959643e-17	0	-6.7727034e-18
8.00009999999073e-10	-1.9356746e-08	3.560249e-08	-0.0018020318	0.1334382	-2.151182e-17	-2.0441542e-17	2.530125e-17	-1.9598408e-17	0	-6.773119e-18
8.100099999990553e-10	-2.3643597e-08	3.695235e-08	-0.0017863915	0.133474	-2.1514048e-17	-2.0434734e-17	2.5294286e-17	-1.9600184e-17	0	-6.7734185e-18
8.200099999990377e-10	-2.0400776e-08	3.821784e-08	-0.0017734175	0.13350002	-2.1515937e-17	-2.0429392e-17	2.5288903e-17	-1.9601813e-17	0	-6.773634e-18
8.300099999990201e-10	-2.560511e-08	3.7458545e-08	-0.0017635797	0.13352333	-2.151755e-17	-2.042566e-17	2.5285264e-17	-1.9603355e-17	0	-6.7737978e-18
8.400099999990025e-10	-2.3754328e-08	3.737418e-08	-0.0017566121	0.13354935	-2.1518933e-17	-2.042352e-17	2.5283361e-17	-1.960484e-17	0	-6.7739342e-18
8.500099999989849e-10	-1.9994763e-08	3.3662072e-08	-0.0017518309	0.13358146	-2.1520144e-17	-2.0422835e-17	2.5283052e-17	-1.9606303e-17	0	-6.774059e-18
8.600099999989673e-10	-1.669394e-08	3.5518124e-08	-0.0017484349	0.13362119	-2.1521216e-17	-2.0423385e-17	2.5284114e-17	-1.9607762e-17	0	-6.7741795e-18
8.700099999989497e-10	-1.8370717e-08	3.324024e-08	-0.0017455558	0.1336686	-2.1522179e-17	-2.0424917e-17	2.5286264e-17	-1.9609231e-17	0	-6.7742978e-18
8.800099999989321e-10	-2.1365713e-08	2.7672078e-08	-0.0017426232	0.13372341	-2.1523066e-17	-2.0427133e-17	2.528919e-17	-1.961071e-17	0	-6.7744128e-18
8.900099999989144e-10	-2.25152e-08	2.7925177e-08	-0.0017393935	0.13378446	-2.1523888e-17	-2.0429748e-17	2.529257e-17	-1.961219e-17	0	-6.7745203e-18
9.000099999988968e-10	-2.1144253e-08	2.893757e-08	-0.0017359272	0.13384944	-2.1524664e-17	-2.04325e-17	2.5296108e-17	-1.9613658e-17	0	-6.774614e-18
9.100099999988792e-10	-1.856054e-08	1.9319835e-08	-0.001732317	0.13391599	-2.1525402e-17	-2.0435153e-17	2.5299552e-17	-1.9615108e-17	0	-6.774694e-18
9.200099999988616e-10	-1.8017433e-08	1.4932798e-08	-0.0017287625	0.1339817	-2.1526115e-17	-2.0437552e-17	2.5302709e-17	-1.9616519e-17	0	-6.7747544e-18
9.30009999998844e-10	-1.7801245e-08	1.7548148e-08	-0.0017255208	0.13404493	-2.152681e-17	-2.0439572e-17	2.5305439e-17	-1.961788e-17	0	-6.7747957e-18
9.400099999989161e-10	-1.885055e-08	1.9066738e-08	-0.0017228483	0.1341047	-2.1527506e-17	-2.044117e-17	2.5307675e-17	-1.961919e-17	0	-6.7748193e-18
9.50009999999002e-10	-2.3780693e-08	1.577646e-08	-0.00172111	0.1341602	-2.1528198e-17	-2.0442333e-17	2.5309409e-17	-1.9620446e-17	0	-6.7748276e-18
9.600099999990877e-10	-2.5784388e-08	1.6788853e-08	-0.0017203304	0.13421014	-2.1528907e-17	-2.0443099e-17	2.531067e-17	-1.9621654e-17	0	-6.77482e-18
9.700099999991735e-10	-2.8932297e-08	1.4510968e-08	-0.0017205739	0.13425536	-2.1529625e-17	-2.044352e-17	2.5311518e-17	-1.962282e-17	0	-6.7748024e-18
9.800099999992593e-10	-2.9823415e-08	1.4342236e-08	-0.0017218752	0.1342959	-2.153037e-17	-2.0443686e-17	2.5312048e-17	-1.9623957e-17	0	-6.7747734e-18
9.90009999999345e-10	-3.1489645e-08	1.9066738e-08	-0.0017240236	0.1343319	-2.153115e-17	-2.0443676e-17	2.531234e-17	-1.9625078e-17	0	-6.774735e-18
1.0000099999994308e-09	-3.5428485e-08	1.8391809e-08	-0.0017267264	0.13436447	-2.1531973e-17	-2.0443574e-17	2.5312494e-17	-1.9626203e-17	0	-6.7746895e-18
1.0100099999995166e-09	-3.3662072e-08	1.5692093e-08	-0.0017298365	0.1343953	-2.1532835e-17	-2.0443458e-17	2.5312602e-17	-1.9627343e-17	0	-6.7746357e-18
1.0200099999996024e-09	-3.724236e-08	1.6535754e-08	-0.001733187	0.13442527	-2.1533753e-17	-2.0443392e-17	2.5312733e-17	-1.962852e-17	0	-6.774574e-18
1.0300099999996882e-09	-3.9251326e-08	1.5438996e-08	-0.001736806	0.13445519	-2.1534734e-17	-2.0443433e-17	2.5312956e-17	-1.962975e-17	0	-6.7745054e-18
1.040009999999774e-09	-3.8117655e-08	1.4342236e-08	-0.00174048	0.13448578	-2.1535781e-17	-2.0443612e-17	2.5313308e-17	-1.963105e-17	0	-6.7744285e-18
1.0500099999998598e-09	-3.7363634e-08	1.5185897e-08	-0.0017441534	0.13451739	-2.153691e-17	-2.0443952e-17	2.5313821e-17	-1.9632434e-17	0	-6.774344e-18
1.0600099999999456e-09	-3.65147e-08	1.0461395e-08	-0.0017477081	0.13454987	-2.1538124e-17	-2.0444459e-17	2.5314498e-17	-1.9633911e-17	0	-6.774252e-18
1.0700000000000313e-09	-3.8165112e-08	5.8212604e-09	-0.0017509926	0.13458414	-2.1539427e-17	-2.0445127e-17	2.5315348e-17	-1.9635493e-17	0	-6.7741518e-18
1.080000000000117e-09	-4.1149562e-08	3.5433758e-09	-0.0017540687	0.13462111	-2.1540832e-17	-2.0445944e-17	2.5316352e-17	-1.9637195e-17	0	-6.774044e-18
1.0900000000002028e-09	-4.1887766e-08	2.8684473e-09	-0.0017569015	0.13466074	-2.1542349e-17	-2.0446892e-17	2.5317497e-17	-1.9639028e-17	0	-6.773926e-18
1.1000000000002886e-09	-4.3601453e-08	4.218305e-09	-0.0017593913	0.1347035	-2.1543975e-17	-2.044795e-17	2.531877e-17	-1.9640988e-17	0	-6.773802e-18
1.1100000000003744e-09	-3.8882224e-08	4.387037e-09	-0.0017616415	0.13474868	-2.1545724e-17	-2.0449096e-17	2.5320134e-17	-1.9643093e-17	0	-6.77367e-18
1.1200000000004602e-09	-4.167685e-08	2.784081e-09	-0.0017635751	0.13479587	-2.1547603e-17	-2.045032e-17	2.5321593e-17	-1.9645344e-17	0	-6.773532e-18
1.130000000000546e-09	-4.0168807e-08	-3.2902776e-09	-0.001765127	0.13484602	-2.1549605e-17	-2.0451602e-17	2.5323129e-17	-1.9647742e-17	0	-6.7733866e-18
1.1400000000006318e-09	-4.4228923e-08	-5.568162e-09	-0.0017664009	0.13489726	-2.1551747e-17	-2.0452936e-17	2.5324722e-17	-1.9650294e-17	0	-6.7732378e-18
1.1500000000007175e-09	-4.5315137e-08	-6.1587246e-09	-0.0017673561	0.13494983	-2.1554012e-17	-2.0454314e-17	2.5326383e-17	-1.9652999e-17	0	-6.7730847e-18
1.1600000000008033e-09	-4.8916515e-08	-8.267877e-09	-0.0017681933	0.13500567	-2.1556421e-17	-2.0455733e-17	2.53281e-17	-1.9655858e-17	0	-6.7729305e-18
1.1700000000008891e-09	-4.8969245e-08	-5.9056267e-09	-0.0017689243	0.13506223	-2.1558949e-17	-2.0457199e-17	2.5329882e-17	-1.9658857e-17	0	-6.7727766e-18
1.1800000000009749e-09	-4.875833e-08	-1.0461395e-08	-0.0017695986	0.1351203	-2.1561614e-17	-2.0458704e-17	2.5331718e-17	-1.9662e-17	0	-6.7726252e-18
1.1900000000010607e-09	-4.9085248e-08	-1.3667307e-08	-0.001770228	0.13518073	-2.1564397e-17	-2.0460253e-17	2.5333614e-17	-1.9665281e-17	0	-6.7724767e-18
1.2000000000011465e-09	-4.8262677e-08	-1.535463e-08	-0.0017707805	0.135244	-2.1567292e-17	-2.0461838e-17	2.5335564e-17	-1.9668684e-17	0	-6.7723336e-18
1.2100000000012322e-09	-4.590043e-08	-2.1091523e-08	-0.0017713086	0.13530858	-2.1570296e-17	-2.0463467e-17	2.5337571e-17	-1.9672205e-17	0	-6.7721955e-18
1.220000000001318e-09	-4.6828454e-08	-1.8729272e-08	-0.0017717417	0.13537535	-2.15734e-17	-2.0465125e-17	2.533963e-17	-1.9675841e-17	0	-6.7720615e-18
1.2300000000014038e-09	-4.8109765e-08	-2.4466168e-08	-0.0017721982	0.1354434	-2.1576601e-17	-2.046681e-17	2.5341727e-17	-1.9679583e-17	0	-6.771934e-18
1.2400000000014896e-09	-4.590043e-08	-2.6490953e-08	-0.0017726828	0.13551317	-2.1579896e-17	-2.0468533e-17	2.5343873e-17	-1.9683423e-17	0	-6.7718113e-18
1.2500000000015754e-09	-4.7234465e-08	-2.7756444e-08	-0.0017730059	0.13558546	-2.1583276e-17	-2.0470273e-17	2.5346056e-17	-1.9687365e-17	0	-6.7716934e-18
1.2600000000016612e-09	-4.6849546e-08	-3.070926e-08	-0.0017731097	0.13566187	-2.1586749e-17	-2.047205e-17	2.5348286e-17	-1.9691407e-17	0	-6.7715784e-18
1.270000000001747e-09	-4.6680814e-08	-3.374644e-08	-0.0017728884	0.13574137	-2.1590309e-17	-2.0473852e-17	2.5350561e-17	-1.9695551e-17	0	-6.771469e-18
1.2800000000018327e-09	-4.5004036e-08	-3.7964742e-08	-0.001772162	0.13582188	-2.1593952e-17	-2.0475686e-17	2.5352897e-17	-1.9699798e-17	0	-6.7713638e-18
1.2900000000019185e-09	-4.2140865e-08	-4.0495724e-08	-0.0017707956	0.13590442	-2.159768e-17	-2.0477558e-17	2.535529e-17	-1.9704149e-17	0	-6.7712653e-18
1.3000000000020043e-09	-4.1413205e-08	-3.7289812e-08	-0.001768723	0.13598785	-2.16015e-17	-2.0479472e-17	2.5357751e-17	-1.9708602e-17	0	-6.7711756e-18
1.3100000000020901e-09	-4.614298e-08	-4.209868e-08	-0.0017657212	0.1360748	-2.1605395e-17	-2.0481437e-17	2.5360299e-17	-1.971316e-17	0	-6.7710966e-18
1.3200000000021759e-09	-3.9525514e-08	-4.538896e-08	-0.0017615829	0.13616376	-2.1609359e-17	-2.0483454e-17	2.5362933e-17	-1.9717804e-17	0	-6.7710317e-18
1.3300000000022617e-09	-3.881895e-08	-5.011346e-08	-0.0017562287	0.13625708	-2.1613386e-17	-2.048553e-17	2.5365659e-17	-1.9722534e-17	0	-6.770983e-18
1.3400000000023475e-09	-3.6941803e-08	-4.817304e-08	-0.0017497397	0.1363525	-2.1617467e-17	-2.0487672e-17	2.536849e-17	-1.9727331e-17	0	-6.7709543e-18
1.3500000000024332e-09	-3.418936e-08	-4.42922e-08	-0.0017420728	0.13645063	-2.1621575e-17	-2.048987e-17	2.537142e-17	-1.9732177e-17	0	-6.7709485e-18
1.360000000002519e-09	-2.637495e-08	-4.7118462e-08	-0.0017332309	0.13654931	-2.1625697e-17	-2.0492127e-17	2.537445e-17	-1.973705e-17	0	-6.770968e-18
1.3700000000026048e-09	-2.6744052e-08	-5.2728808e-08	-0.0017232188	0.13664979	-2.1629802e-17	-2.0494432e-17	2.5377567e-17	-1.9741921e-17	0	-6.7710155e-18
1.3800000000026906e-09	-2.68706e-08	-5.7622042e-08	-0.0017121717	0.13675006	-2.163388e-17	-2.0496778e-17	2.5380758e-17	-1.9746772e-17	0	-6.771093e-18
1.3900000000027764e-09	-2.610076e-08	-5.8887533e-08	-0.0017002437	0.13684982	-2.1637883e-17	-2.0499145e-17	2.5384016e-17	-1.9751554e-17	0	-6.771199e-18
1.4000000000028622e-09	-2.1239163e-08	-5.9562463e-08	-0.0016876563	0.13694736	-2.1641803e-17	-2.0501526e-17	2.5387313e-17	-1.9756253e-17	0	-6.7713356e-18
1.410000000002948e-09	-1.9952582e-08	-5.745331e-08	-0.0016745735	0.13704287	-2.164559e-17	-2.0503888e-17	2.5390628e-17	-1.9760829e-17	0	-6.7715015e-18
1.4200000000030337e-09	-1.8771456e-08	-6.1249786e-08	-0.0016611932	0.13713573	-2.1649236e-17	-2.0506223e-17	2.5393934e-17	-1.9765254e-17	0	-6.7716926e-18
1.4300000000031195e-09	-1.4489877e-08	-5.7031478e-08	-0.0016476875	0.13722584	-2.1652705e-17	-2.0508487e-17	2.5397193e-17	-1.9769502e-17	0	-6.7719064e-18
1.4400000000032053e-09	-7.33985e-09	-6.1671614e-08	-0.001634446	0.13731186	-2.1655984e-17	-2.051067e-17	2.5400376e-17	-1.977355e-17	0	-6.7721368e-18
1.450000000003291e-09	7.3820333e-10	-6.6564844e-08	-0.0016215538	0.1373947	-2.1659053e-17	-2.0512739e-17	2.5403456e-17	-1.9777389e-17	0	-6.77238e-18
1.4600000000033769e-09	3.353552e-09	-6.9180196e-08	-0.0016091665	0.13747244	-2.1661895e-17	-2.0514666e-17	2.5406394e-17	-1.978099e-17	0	-6.7726294e-18
1.4700000000034627e-09	4.7245012e-09	-6.59321e-08	-0.0015974669	0.13754517	-2.166451e-17	-2.0516433e-17	2.5409167e-17	-1.9784365e-17	0	-6.772879e-18
1.4800000000035485e-09	9.13263e-09	-6.053267e-08	-0.001586601	0.13761248	-2.1666908e-17	-2.0518023e-17	2.5411744e-17	-1.9787504e-17	0	-6.7731253e-18
1.4900000000036342e-09	1.328766e-08	-6.17138e-08	-0.0015765871	0.13767423	-2.1669067e-17	-2.0519415e-17	2.5414112e-17	-1.9790404e-17	0	-6.773362e-18
1.50000000000372e-09	1.0166114e-08	-6.2937104e-08	-0.0015674016	0.13772988	-2.1671015e-17	-2.0520596e-17	2.5416243e-17	-1.9793079e-17	0	-6.7735843e-18
1.5100000000038058e-09	1.2865829e-08	-6.1460696e-08	-0.0015591014	0.13777904	-2.1672756e-17	-2.052157e-17	2.5418137e-17	-1.9795532e-17	0	-6.7737915e-18
1.5200000000038916e-09	2.201955e-08	-6.0490486e-08	-0.0015516136	0.13782205	-2.16743e-17	-2.0522328e-17	2.5419785e-17	-1.9797774e-17	0	-6.773982e-18
1.5300000000039774e-09	2.6280038e-08	-6.2051264e-08	-0.0015449559	0.13785951	-2.1675667e-17	-2.0522884e-17	2.542119e-17	-1.979982e-17	0	-6.774154e-18
1.5400000000040632e-09	3.4442458e-08	-6.1249786e-08	-0.0015389774	0.13789122	-2.1676864e-17	-2.0523231e-17	2.5422357e-17	-1.980168e-17	0	-6.7743085e-18
1.550000000004149e-09	4.2815792e-08	-6.310584e-08	-0.0015336635	0.13791741	-2.1677914e-17	-2.0523403e-17	2.54233e-17	-1.9803366e-17	0	-6.7744463e-18
1.5600000000042347e-09	4.943853e-08	-6.1545066e-08	-0.0015288778	0.13793887	-2.1678834e-17	-2.0523402e-17	2.5424028e-17	-1.9804891e-17	0	-6.7745695e-18
1.5700000000043205e-09	5.3530286e-08	-6.39495e-08	-0.0015245839	0.13795589	-2.1679641e-17	-2.0523256e-17	2.5424564e-17	-1.9806269e-17	0	-6.774678e-18
1.5800000000044063e-09	6.1249786e-08	-5.730567e-08	-0.0015206855	0.13796909	-2.1680336e-17	-2.0522981e-17	2.5424931e-17	-1.9807513e-17	0	-6.7747755e-18
1.590000000004492e-09	6.679685e-08	-6.122869e-08	-0.0015171482	0.13797906	-2.1680953e-17	-2.0522602e-17	2.5425146e-17	-1.9808635e-17	0	-6.7748607e-18
1.6000000000045779e-09	7.2597025e-08	-6.806235e-08	-0.0015139051	0.13798612	-2.1681482e-17	-2.0522141e-17	2.5425234e-17	-1.9809639e-17	0	-6.7749368e-18
1.6100000000046637e-09	8.177184e-08	-6.989731e-08	-0.0015108667	0.13799076	-2.1681954e-17	-2.0521618e-17	2.5425216e-17	-1.9810544e-17	0	-6.7750046e-18
1.6200000000047495e-09	8.369116e-08	-6.896928e-08	-0.0015080422	0.13799353	-2.1682364e-17	-2.0521054e-17	2.5425112e-17	-1.9811356e-17	0	-6.7750646e-18
1.6300000000048352e-09	8.721345e-08	-6.9559846e-08	-0.0015053771	0.1379947	-2.1682728e-17	-2.0520465e-17	2.5424936e-17	-1.9812084e-17	0	-6.775117e-18
1.640000000004921e-09	8.9617885e-08	-7.0951884e-08	-0.001502919	0.13799453	-2.1683052e-17	-2.0519871e-17	2.542472e-17	-1.981274e-17	0	-6.775165e-18
1.6500000000050068e-09	9.170594e-08	-7.3862516e-08	-0.0015005849	0.13799335	-2.1683345e-17	-2.0519282e-17	2.5424475e-17	-1.9813328e-17	0	-6.7752064e-18
1.6600000000050926e-09	9.6071886e-08	-7.4178885e-08	-0.0014984333	0.13799122	-2.1683607e-17	-2.0518711e-17	2.5424205e-17	-1.9813861e-17	0	-6.7752416e-18
1.6700000000051784e-09	9.624062e-08	-7.3567236e-08	-0.0014964628	0.13798852	-2.168385e-17	-2.0518167e-17	2.5423934e-17	-1.9814342e-17	0	-6.7752734e-18
1.6800000000052642e-09	8.955461e-08	-7.012932e-08	-0.0014946741	0.13798515	-2.1684075e-17	-2.0517661e-17	2.5423667e-17	-1.9814779e-17	0	-6.775302e-18
1.69000000000535e-09	8.758255e-08	-7.1331534e-08	-0.001493006	0.13798128	-2.1684282e-17	-2.0517191e-17	2.5423413e-17	-1.9815178e-17	0	-6.7753256e-18
1.7000000000054357e-09	8.5473395e-08	-7.312431e-08	-0.0014914832	0.13797678	-2.1684477e-17	-2.0516766e-17	2.5423178e-17	-1.981554e-17	0	-6.7753466e-18
1.7100000000055215e-09	8.201439e-08	-7.384142e-08	-0.0014901331	0.13797185	-2.1684664e-17	-2.0516385e-17	2.5422961e-17	-1.981588e-17	0	-6.7753644e-18
1.7200000000056073e-09	8.3859895e-08	-7.1626815e-08	-0.0014889338	0.13796665	-2.1684844e-17	-2.0516053e-17	2.5422776e-17	-1.9816189e-17	0	-6.77538e-18
1.730000000005693e-09	8.001069e-08	-6.8589635e-08	-0.0014878578	0.13796124	-2.1685018e-17	-2.0515758e-17	2.5422612e-17	-1.9816478e-17	0	-6.7753934e-18
1.7400000000057789e-09	8.056962e-08	-6.422369e-08	-0.0014870358	0.13795546	-2.168519e-17	-2.0515515e-17	2.542248e-17	-1.981675e-17	0	-6.7754054e-18
1.7500000000058647e-09	7.5686934e-08	-6.2219996e-08	-0.0014862395	0.13794933	-2.1685355e-17	-2.0515303e-17	2.5422369e-17	-1.9817007e-17	0	-6.7754157e-18
1.7600000000059504e-09	6.8958734e-08	-6.036394e-08	-0.0014856356	0.13794294	-2.1685519e-17	-2.0515128e-17	2.5422286e-17	-1.9817252e-17	0	-6.7754252e-18
1.7700000000060362e-09	6.735578e-08	-6.051158e-08	-0.0014851153	0.13793626	-2.1685681e-17	-2.0514992e-17	2.542223e-17	-1.9817486e-17	0	-6.7754327e-18
1.780000000006122e-09	6.100723e-08	-5.705257e-08	-0.0014848171	0.13792926	-2.1685842e-17	-2.051488e-17	2.5422188e-17	-1.9817712e-17	0	-6.7754393e-18
1.7900000000062078e-09	5.551289e-08	-5.7010386e-08	-0.0014847283	0.13792181	-2.1685999e-17	-2.0514787e-17	2.542216e-17	-1.9817927e-17	0	-6.775446e-18
1.8000000000062936e-09	5.4205216e-08	-5.4627044e-08	-0.0014846598	0.13791402	-2.1686158e-17	-2.0514721e-17	2.5422152e-17	-1.9818136e-17	0	-6.7754517e-18
1.8100000000063794e-09	4.9427985e-08	-5.2834267e-08	-0.001484631	0.13790606	-2.1686315e-17	-2.0514681e-17	2.5422162e-17	-1.9818341e-17	0	-6.7754562e-18
1.8200000000064652e-09	4.5294048e-08	-4.6485717e-08	-0.0014847639	0.13789769	-2.1686469e-17	-2.0514642e-17	2.542217e-17	-1.9818538e-17	0	-6.7754604e-18
1.830000000006551e-09	4.235178e-08	-4.2604878e-08	-0.0014850191	0.13788883	-2.1686624e-17	-2.051462e-17	2.5422193e-17	-1.9818733e-17	0	-6.7754645e-18
1.8400000000066367e-09	3.8354933e-08	-3.9525514e-08	-0.0014853212	0.13787957	-2.1686785e-17	-2.0514609e-17	2.542222e-17	-1.9818923e-17	0	-6.775468e-18
1.8500000000067225e-09	4.0569546e-08	-3.7912013e-08	-0.0014856078	0.13786994	-2.1686939e-17	-2.0514604e-17	2.5422248e-17	-1.9819112e-17	0	-6.775471e-18
1.8600000000068083e-09	3.866076e-08	-3.697344e-08	-0.0014860578	0.1378598	-2.1687094e-17	-2.0514605e-17	2.5422281e-17	-1.9819297e-17	0	-6.7754736e-18
1.870000000006742e-09	3.7215994e-08	-3.378862e-08	-0.0014866085	0.13784929	-2.1687255e-17	-2.0514614e-17	2.5422317e-17	-1.981948e-17	0	-6.775476e-18
1.880000000006621e-09	3.428427e-08	-3.269186e-08	-0.0014870999	0.13783835	-2.1687407e-17	-2.0514623e-17	2.5422354e-17	-1.981966e-17	0	-6.775478e-18
1.8900000000065e-09	3.4927563e-08	-3.0772533e-08	-0.0014875754	0.13782747	-2.168756e-17	-2.051464e-17	2.5422397e-17	-1.9819838e-17	0	-6.7754807e-18
1.900000000006379e-09	3.4368636e-08	-2.7355705e-08	-0.001488172	0.13781652	-2.168772e-17	-2.0514655e-17	2.5422432e-17	-1.9820015e-17	0	-6.775482e-18
1.910000000006258e-09	3.018197e-08	-2.0859517e-08	-0.0014887397	0.13780515	-2.1687875e-17	-2.0514673e-17	2.5422473e-17	-1.9820192e-17	0	-6.7754835e-18
1.920000000006137e-09	2.6976059e-08	-1.9130011e-08	-0.0014892444	0.13779351	-2.1688029e-17	-2.0514695e-17	2.5422516e-17	-1.9820364e-17	0	-6.7754844e-18
1.930000000006016e-09	2.6744052e-08	-1.8296896e-08	-0.0014897208	0.13778165	-2.1688178e-17	-2.0514718e-17	2.542256e-17	-1.9820536e-17	0	-6.7754856e-18
1.940000000005895e-09	2.5900391e-08	-1.6936493e-08	-0.0014901209	0.13776952	-2.1688333e-17	-2.0514751e-17	2.5422612e-17	-1.982071e-17	0	-6.775487e-18
1.950000000005774e-09	2.4909088e-08	-1.4247324e-08	-0.0014906079	0.13775715	-2.168849e-17	-2.0514779e-17	2.542266e-17	-1.9820882e-17	0	-6.7754885e-18
1.960000000005653e-09	2.4529442e-08	-1.7316141e-08	-0.0014911336	0.13774477	-2.1688641e-17	-2.0514807e-17	2.5422705e-17	-1.9821049e-17	0	-6.7754885e-18
1.9700000000055318e-09	2.4698174e-08	-1.6156108e-08	-0.0014916639	0.13773227	-2.16888e-17	-2.0514842e-17	2.5422754e-17	-1.9821224e-17	0	-6.775489e-18
1.9800000000054108e-09	2.1154797e-08	-1.3720036e-08	-0.0014920888	0.13771969	-2.168895e-17	-2.051488e-17	2.5422807e-17	-1.982139e-17	0	-6.7754906e-18
1.9900000000052898e-09	2.124971e-08	-1.0714494e-08	-0.0014924281	0.13770707	-2.1689104e-17	-2.0514923e-17	2.5422867e-17	-1.9821562e-17	0	-6.77549e-18
2.0000000000051688e-09	2.1481716e-08	-8.141328e-09	-0.0014927615	0.13769418	-2.168926e-17	-2.0514961e-17	2.5422926e-17	-1.9821732e-17	0	-6.7754914e-18
2.0100000000050478e-09	2.139735e-08	-9.354091e-09	-0.0014931075	0.13768157	-2.168941e-17	-2.0515009e-17	2.5422987e-17	-1.98219e-17	0	-6.7754926e-18
2.0200000000049267e-09	2.201955e-08	-6.9180195e-09	-0.0014934544	0.13766883	-2.1689564e-17	-2.0515052e-17	2.5423055e-17	-1.9822071e-17	0	-6.775493e-18
2.0300000000048057e-09	2.1935184e-08	-5.0725113e-09	-0.0014938029	0.137656	-2.168972e-17	-2.0515103e-17	2.5423118e-17	-1.9822242e-17	0	-6.7754935e-18
2.0400000000046847e-09	1.6904856e-08	-3.1953657e-09	-0.0014941287	0.13764285	-2.168987e-17	-2.051515e-17	2.5423186e-17	-1.9822414e-17	0	-6.7754943e-18
2.0500000000045637e-09	1.5481177e-08	-1.502771e-09	-0.0014944572	0.13762946	-2.1690024e-17	-2.0515203e-17	2.5423256e-17	-1.9822584e-17	0	-6.7754947e-18
2.0600000000044427e-09	1.2528365e-08	6.063813e-10	-0.0014947148	0.13761607	-2.169018e-17	-2.0515257e-17	2.5423327e-17	-1.9822753e-17	0	-6.7754964e-18
2.0700000000043217e-09	1.2222538e-08	1.370949e-10	-0.0014948804	0.1376024	-2.1690332e-17	-2.0515307e-17	2.5423396e-17	-1.9822925e-17	0	-6.7754968e-18
2.0800000000042007e-09	1.5734276e-08	1.1916711e-09	-0.0014951361	0.1375886	-2.1690482e-17	-2.0515356e-17	2.5423467e-17	-1.9823094e-17	0	-6.7754968e-18
2.0900000000040797e-09	1.5185897e-08	1.90351e-09	-0.0014953838	0.13757508	-2.1690634e-17	-2.0515414e-17	2.5423542e-17	-1.9823264e-17	0	-6.7754984e-18
2.1000000000039587e-09	1.43316905e-08	9.807558e-10	-0.0014956418	0.13756156	-2.1690788e-17	-2.0515469e-17	2.5423618e-17	-1.9823438e-17	0	-6.775499e-18
2.1100000000038377e-09	1.2802555e-08	3.0688165e-09	-0.0014959535	0.13754795	-2.1690936e-17	-2.0515525e-17	2.5423694e-17	-1.9823605e-17	0	-6.7754993e-18
2.1200000000037166e-09	1.6245746e-08	2.0986066e-09	-0.00149621	0.13753438	-2.1691086e-17	-2.0515576e-17	2.5423765e-17	-1.9823777e-17	0	-6.7755e-18
2.1300000000035956e-09	1.3224385e-08	2.9633591e-09	-0.001496526	0.13752057	-2.169124e-17	-2.0515631e-17	2.5423841e-17	-1.9823949e-17	0	-6.775501e-18
2.1400000000034746e-09	1.3957315e-08	3.5750132e-09	-0.0014967467	0.1375066	-2.1691389e-17	-2.0515684e-17	2.5423917e-17	-1.9824118e-17	0	-6.7755017e-18
2.1500000000033536e-09	8.810984e-09	8.879531e-09	-0.0014969303	0.13749269	-2.1691538e-17	-2.0515737e-17	2.5423993e-17	-1.9824292e-17	0	-6.775502e-18
2.1600000000032326e-09	7.819683e-09	8.046416e-09	-0.0014971766	0.13747904	-2.1691688e-17	-2.0515793e-17	2.5424071e-17	-1.9824462e-17	0	-6.775503e-18
2.1700000000031116e-09	7.37676e-09	9.2697245e-09	-0.0014974208	0.1374655	-2.169184e-17	-2.0515846e-17	2.5424142e-17	-1.9824634e-17	0	-6.7755034e-18
2.1800000000029906e-09	1.1215418e-08	9.533369e-09	-0.0014977978	0.13745211	-2.1691986e-17	-2.0515899e-17	2.542422e-17	-1.9824801e-17	0	-6.7755042e-18
2.1900000000028696e-09	1.1921983e-08	1.09781375e-08	-0.001498168	0.13743901	-2.1692138e-17	-2.0515955e-17	2.5424296e-17	-1.9824973e-17	0	-6.775505e-18
2.2000000000027486e-09	1.4711338e-08	1.1705795e-08	-0.0014983993	0.13742624	-2.1692285e-17	-2.0516003e-17	2.5424369e-17	-1.9825145e-17	0	-6.775506e-18
2.2100000000026276e-09	1.3604033e-08	1.0851589e-08	-0.0014986948	0.13741352	-2.169244e-17	-2.0516061e-17	2.5424445e-17	-1.9825316e-17	0	-6.7755063e-18
2.2200000000025065e-09	1.1410514e-08	9.364636e-09	-0.0014989543	0.13740072	-2.1692587e-17	-2.051611e-17	2.5424518e-17	-1.9825486e-17	0	-6.7755075e-18
2.2300000000023855e-09	8.636979e-09	9.797013e-09	-0.0014992398	0.13738804	-2.1692737e-17	-2.0516162e-17	2.5424592e-17	-1.9825658e-17	0	-6.775508e-18
2.2400000000022645e-09	9.913016e-09	1.1515971e-08	-0.0014994734	0.13737537	-2.1692881e-17	-2.0516213e-17	2.5424667e-17	-1.9825825e-17	0	-6.7755084e-18
2.2500000000021435e-09	1.1247055e-08	1.4858978e-08	-0.0014999139	0.13736269	-2.1693028e-17	-2.0516266e-17	2.5424743e-17	-1.9825996e-17	0	-6.775509e-18
2.2600000000020225e-09	1.0751404e-08	1.5333537e-08	-0.0015003389	0.13734974	-2.169317e-17	-2.0516313e-17	2.5424814e-17	-1.9826166e-17	0	-6.77551e-18
2.2700000000019015e-09	1.2422907e-08	1.4215686e-08	-0.0015006708	0.13733667	-2.1693326e-17	-2.0516369e-17	2.542489e-17	-1.9826336e-17	0	-6.775511e-18
2.2800000000017805e-09	1.2153991e-08	1.3572396e-08	-0.0015009603	0.13732393	-2.169347e-17	-2.051642e-17	2.5424966e-17	-1.9826504e-17	0	-6.775512e-18
2.2900000000016595e-09	1.2090716e-08	1.5038257e-08	-0.0015011912	0.13731134	-2.1693612e-17	-2.0516471e-17	2.5425044e-17	-1.9826672e-17	0	-6.7755125e-18
2.3000000000015385e-09	1.0345392e-08	1.4394964e-08	-0.0015013868	0.13729903	-2.1693758e-17	-2.0516524e-17	2.5425122e-17	-1.9826846e-17	0	-6.775513e-18
2.3100000000014175e-09	1.2802555e-08	1.6171926e-08	-0.0015015947	0.137287	-2.169391e-17	-2.0516577e-17	2.5425193e-17	-1.9827011e-17	0	-6.7755146e-18
2.3200000000012965e-09	1.1115233e-08	1.7389961e-08	-0.001501909	0.13727501	-2.1694049e-17	-2.0516632e-17	2.5425272e-17	-1.982718e-17	0	-6.7755146e-18
2.3300000000011754e-09	8.125509e-09	1.993149e-08	-0.0015021528	0.13726294	-2.1694195e-17	-2.0516683e-17	2.542535e-17	-1.9827346e-17	0	-6.775516e-18
2.3400000000010544e-09	6.9760215e-09	1.9351473e-08	-0.0015024252	0.13725083	-2.1694342e-17	-2.0516738e-17	2.5425424e-17	-1.9827516e-17	0	-6.7755166e-18
2.3500000000009334e-09	7.134208e-09	2.0564235e-08	-0.0015028457	0.13723888	-2.1694486e-17	-2.0516786e-17	2.5425502e-17	-1.982768e-17	0	-6.775518e-18
2.3600000000008124e-09	9.227541e-09	2.0210953e-08	-0.0015032555	0.13722736	-2.1694625e-17	-2.0516837e-17	2.5425578e-17	-1.9827847e-17	0	-6.775518e-18
2.3700000000006914e-09	8.784619e-09	1.8961279e-08	-0.0015035493	0.13721612	-2.169477e-17	-2.0516888e-17	2.5425648e-17	-1.9828012e-17	0	-6.7755187e-18
2.3800000000005704e-09	7.92514e-09	1.7996342e-08	-0.0015036458	0.1372051	-2.1694911e-17	-2.0516938e-17	2.5425724e-17	-1.9828178e-17	0	-6.7755204e-18
2.3900000000004494e-09	7.988414e-09	1.5892462e-08	-0.0015038277	0.13719437	-2.1695053e-17	-2.051699e-17	2.5425803e-17	-1.9828346e-17	0	-6.7755208e-18
2.4000000000003284e-09	8.958625e-09	1.8660725e-08	-0.0015041378	0.13718379	-2.1695197e-17	-2.051704e-17	2.5425874e-17	-1.982851e-17	0	-6.7755216e-18
2.4100000000002074e-09	8.035871e-09	1.8824185e-08	-0.0015045127	0.13717322	-2.1695336e-17	-2.0517092e-17	2.5425952e-17	-1.9828677e-17	0	-6.7755224e-18
2.4200000000000864e-09	1.0893772e-08	1.9404201e-08	-0.0015048105	0.13716279	-2.1695483e-17	-2.0517143e-17	2.5426027e-17	-1.9828841e-17	0	-6.7755245e-18
2.4300099999999652e-09	9.981563e-09	2.051678e-08	-0.0015051364	0.137153	-2.1695617e-17	-2.0517196e-17	2.5426104e-17	-1.9829005e-17	0	-6.7755245e-18
2.4400099999998442e-09	1.2902739e-08	2.2177737e-08	-0.0015053941	0.13714378	-2.169576e-17	-2.0517246e-17	2.5426179e-17	-1.9829169e-17	0	-6.7755253e-18
2.450009999999723e-09	8.597432e-09	2.3379954e-08	-0.0015055349	0.13713475	-2.1695902e-17	-2.0517294e-17	2.5426252e-17	-1.9829334e-17	0	-6.7755257e-18
2.460009999999602e-09	8.676525e-09	2.0817334e-08	-0.0015057061	0.13712601	-2.1696041e-17	-2.0517343e-17	2.5426323e-17	-1.9829496e-17	0	-6.7755274e-18
2.470009999999481e-09	6.95493e-09	2.2372832e-08	-0.0015058825	0.13711746	-2.169618e-17	-2.0517395e-17	2.5426399e-17	-1.9829658e-17	0	-6.7755286e-18
2.48000999999936e-09	6.200908e-09	2.3965244e-08	-0.0015062335	0.13710895	-2.1696317e-17	-2.0517441e-17	2.5426473e-17	-1.9829819e-17	0	-6.775529e-18
2.490009999999239e-09	5.7632588e-09	2.3274495e-08	-0.0015064488	0.1371003	-2.1696461e-17	-2.0517499e-17	2.5426551e-17	-1.9829983e-17	0	-6.77553e-18
2.500009999999118e-09	4.6506807e-09	2.2873756e-08	-0.0015067277	0.13709162	-2.1696597e-17	-2.0517548e-17	2.5426627e-17	-1.9830145e-17	0	-6.7755307e-18
2.510009999998997e-09	2.2778845e-09	2.4313254e-08	-0.0015069616	0.13708304	-2.1696732e-17	-2.0517593e-17	2.5426698e-17	-1.9830305e-17	0	-6.775532e-18
2.520009999998876e-09	4.9881455e-09	2.6480407e-08	-0.0015071827	0.13707478	-2.1696871e-17	-2.0517644e-17	2.5426773e-17	-1.9830464e-17	0	-6.7755324e-18
2.530009999998755e-09	1.215399e-09	2.8378645e-08	-0.0015074157	0.13706663	-2.1697004e-17	-2.051769e-17	2.5426844e-17	-1.9830623e-17	0	-6.7755336e-18
2.540009999998634e-09	1.7611422e-09	2.796736e-08	-0.0015075688	0.13705839	-2.1697143e-17	-2.051774e-17	2.5426917e-17	-1.9830787e-17	0	-6.775534e-18
2.550009999998513e-09	4.9881455e-09	2.789354e-08	-0.0015077847	0.13705009	-2.1697277e-17	-2.0517792e-17	2.5426993e-17	-1.9830944e-17	0	-6.7755352e-18
2.560009999998392e-09	3.353552e-09	2.5019819e-08	-0.0015081225	0.13704182	-2.1697412e-17	-2.051784e-17	2.5427066e-17	-1.9831104e-17	0	-6.775536e-18
2.570009999998271e-09	3.791201e-09	2.43238e-08	-0.0015084499	0.13703392	-2.1697546e-17	-2.0517886e-17	2.5427138e-17	-1.9831261e-17	0	-6.7755373e-18
2.58000999999815e-09	1.3234931e-09	2.567893e-08	-0.0015087476	0.1370264	-2.1697684e-17	-2.0517934e-17	2.5427206e-17	-1.9831419e-17	0	-6.7755377e-18
2.590009999998029e-09	3.77011e-09	2.52571e-08	-0.0015089945	0.13701901	-2.1697816e-17	-2.051798e-17	2.5427277e-17	-1.9831576e-17	0	-6.7755394e-18
2.600009999997908e-09	3.443191e-09	2.5193824e-08	-0.0015091758	0.13701159	-2.1697948e-17	-2.051803e-17	2.5427353e-17	-1.9831735e-17	0	-6.77554e-18
2.610009999997787e-09	5.3467013e-09	2.6490953e-08	-0.0015092527	0.13700426	-2.1698082e-17	-2.0518076e-17	2.5427424e-17	-1.983189e-17	0	-6.7755414e-18
2.620009999997666e-09	9.480639e-09	2.5700022e-08	-0.0015094198	0.13699704	-2.1698215e-17	-2.0518127e-17	2.54275e-17	-1.9832046e-17	0	-6.775542e-18
2.630009999997545e-09	7.4242164e-09	2.3965244e-08	-0.001509644	0.1369899	-2.1698349e-17	-2.0518175e-17	2.5427573e-17	-1.9832201e-17	0	-6.7755427e-18
2.640009999997424e-09	5.4679776e-09	2.5341466e-08	-0.001509921	0.1369827	-2.169848e-17	-2.0518222e-17	2.5427643e-17	-1.9832357e-17	0	-6.775544e-18
2.650009999997303e-09	5.3493374e-09	2.5568198e-08	-0.0015101414	0.13697532	-2.1698612e-17	-2.051827e-17	2.5427717e-17	-1.983251e-17	0	-6.7755443e-18
2.660009999997182e-09	4.7218647e-09	2.3875604e-08	-0.0015104279	0.13696796	-2.1698742e-17	-2.0518314e-17	2.5427783e-17	-1.9832668e-17	0	-6.775545e-18
2.670009999997061e-09	5.3625198e-09	2.5668383e-08	-0.0015106478	0.13696073	-2.1698873e-17	-2.0518362e-17	2.5427855e-17	-1.9832818e-17	0	-6.775546e-18
2.68000999999694e-09	4.6612265e-09	2.5267646e-08	-0.0015108425	0.13695349	-2.1699004e-17	-2.051841e-17	2.5427927e-17	-1.9832974e-17	0	-6.775547e-18
2.690009999996819e-09	4.0337538e-09	2.6585866e-08	-0.0015109648	0.1369462	-2.1699133e-17	-2.0518453e-17	2.542799e-17	-1.9833123e-17	0	-6.775548e-18
2.700009999996698e-09	8.89535e-09	2.6090214e-08	-0.0015111351	0.13693893	-2.1699265e-17	-2.05185e-17	2.5428061e-17	-1.9833278e-17	0	-6.7755485e-18
2.710009999996577e-09	8.441882e-09	2.7229156e-08	-0.0015113031	0.13693185	-2.1699396e-17	-2.0518546e-17	2.5428133e-17	-1.983343e-17	0	-6.77555e-18
2.720009999996456e-09	4.790412e-09	2.4666537e-08	-0.0015116	0.13692488	-2.1699522e-17	-2.0518589e-17	2.5428202e-17	-1.983358e-17	0	-6.775551e-18
2.730009999996335e-09	5.8159877e-09	2.423416e-08	-0.0015118535	0.13691787	-2.1699646e-17	-2.0518635e-17	2.5428272e-17	-1.9833731e-17	0	-6.775552e-18
2.740009999996214e-09	5.315064e-09	2.540474e-08	-0.0015120615	0.13691083	-2.1699773e-17	-2.0518678e-17	2.5428341e-17	-1.9833882e-17	0	-6.775553e-18
2.750009999996093e-09	4.7561386e-09	2.2873756e-08	-0.0015122386	0.13690366	-2.16999e-17	-2.0518723e-17	2.5428406e-17	-1.9834031e-17	0	-6.7755534e-18
2.760009999995972e-09	3.3113692e-09	2.4866907e-08	-0.0015124029	0.13689637	-2.1700031e-17	-2.0518771e-17	2.5428477e-17	-1.9834181e-17	0	-6.775554e-18
2.770009999995851e-09	2.3965243e-09	2.2989761e-08	-0.0015124994	0.13688907	-2.1700155e-17	-2.0518816e-17	2.5428543e-17	-1.9834329e-17	0	-6.775555e-18
2.78000999999573e-09	2.9580862e-09	2.5267646e-08	-0.0015125552	0.13688177	-2.1700284e-17	-2.0518859e-17	2.5428609e-17	-1.983448e-17	0	-6.7755555e-18
2.790009999995609e-09	3.994207e-09	2.6617503e-08	-0.0015126545	0.13687454	-2.1700408e-17	-2.0518902e-17	2.5428677e-17	-1.9834626e-17	0	-6.775556e-18
2.800009999995488e-09	3.5829226e-09	2.8231003e-08	-0.001512839	0.1368675	-2.1700536e-17	-2.0518946e-17	2.5428745e-17	-1.9834775e-17	0	-6.7755576e-18
2.810009999995367e-09	6.4065504e-09	2.5035638e-08	-0.0015129728	0.13686055	-2.170066e-17	-2.051899e-17	2.5428808e-17	-1.9834921e-17	0	-6.775558e-18
2.820009999995246e-09	3.3904624e-09	2.7977906e-08	-0.0015132659	0.13685375	-2.170078e-17	-2.051903e-17	2.5428874e-17	-1.9835066e-17	0	-6.7755592e-18
2.830009999995125e-09	3.0266336e-09	2.8410282e-08	-0.0015134332	0.13684689	-2.1700905e-17	-2.0519074e-17	2.5428938e-17	-1.9835214e-17	0	-6.77556e-18
2.840009999995004e-09	3.9652064e-09	2.630113e-08	-0.001513442	0.13683994	-2.170103e-17	-2.0519117e-17	2.5429006e-17	-1.9835358e-17	0	-6.775561e-18
2.850009999994883e-09	5.357247e-09	2.560511e-08	-0.0015135956	0.13683294	-2.1701156e-17	-2.051916e-17	2.542907e-17	-1.9835505e-17	0	-6.7755617e-18
2.860009999994762e-09	3.1637284e-09	2.2325377e-08	-0.0015138398	0.1368258	-2.1701277e-17	-2.05192e-17	2.5429133e-17	-1.983565e-17	0	-6.775562e-18
2.870009999994641e-09	7.4822175e-09	2.5162187e-08	-0.0015139654	0.1368187	-2.17014e-17	-2.0519244e-17	2.54292e-17	-1.9835793e-17	0	-6.7755634e-18
2.8800099999945198e-09	5.8265335e-09	2.3601414e-08	-0.0015140165	0.1368116	-2.1701518e-17	-2.0519285e-17	2.5429262e-17	-1.9835935e-17	0	-6.7755638e-18
2.8900099999943988e-09	4.7983217e-09	2.5710566e-08	-0.0015141392	0.13680461	-2.1701648e-17	-2.0519325e-17	2.5429324e-17	-1.983608e-17	0	-6.7755646e-18
2.9000099999942778e-09	6.854745e-09	2.4571625e-08	-0.0015143128	0.13679756	-2.1701767e-17	-2.0519363e-17	2.5429385e-17	-1.9836221e-17	0	-6.775566e-18
2.9100099999941568e-09	5.868716e-09	2.7925177e-08	-0.0015145205	0.13679068	-2.170189e-17	-2.0519408e-17	2.5429446e-17	-1.9836363e-17	0	-6.7755667e-18
2.9200099999940357e-09	6.95493e-09	2.6954966e-08	-0.0015146899	0.13678397	-2.170201e-17	-2.0519446e-17	2.5429507e-17	-1.9836506e-17	0	-6.775568e-18
2.9300099999939147e-09	6.1982712e-09	2.5826571e-08	-0.0015148913	0.13677724	-2.1702132e-17	-2.0519489e-17	2.5429574e-17	-1.9836648e-17	0	-6.775568e-18
2.9400099999937937e-09	6.543645e-09	2.4402892e-08	-0.001515103	0.1367704	-2.1702248e-17	-2.0519529e-17	2.5429633e-17	-1.9836785e-17	0	-6.7755683e-18
2.9500099999936727e-09	4.993418e-09	2.4972364e-08	-0.001515376	0.13676338	-2.170237e-17	-2.0519563e-17	2.5429693e-17	-1.983693e-17	0	-6.7755696e-18
2.9600099999935517e-09	9.180085e-09	2.493018e-08	-0.0015153826	0.13675617	-2.1702488e-17	-2.0519606e-17	2.5429755e-17	-1.9837067e-17	0	-6.7755704e-18
2.9700099999934307e-09	9.264451e-09	2.4634899e-08	-0.0015153114	0.13674876	-2.1702605e-17	-2.0519643e-17	2.5429815e-17	-1.9837207e-17	0	-6.7755716e-18
2.9800099999933097e-09	6.625375e-09	2.4002153e-08	-0.0015153681	0.1367413	-2.170273e-17	-2.0519683e-17	2.5429868e-17	-1.9837345e-17	0	-6.7755716e-18
2.9900099999931887e-09	5.209606e-09	2.201955e-08	-0.0015154569	0.1367338	-2.1702849e-17	-2.051972e-17	2.542993e-17	-1.9837484e-17	0	-6.775572e-18
3.0000099999930677e-09	7.772226e-09	2.3474865e-08	-0.0015155763	0.13672619	-2.1702961e-17	-2.051976e-17	2.5429994e-17	-1.983762e-17	0	-6.7755737e-18
