# t (s)	mx ()	my ()	mz ()	spinAngle (rad)	E_total (J)	E_anis (J)	E_demag (J)	E_exch (J)	E_therm (J)	E_custom (J)
0	0	0	0	0.03796091	5.5519502e-18	-2.0096e-17	2.232635e-17	6.3360004e-18	0	-3.0144e-18
1.0000000000000124e-11	1.1389423e-09	2.7524438e-09	0.0008140229	0.04475585	4.3073344e-19	-1.7769904e-17	1.9947781e-17	1.1339824e-18	0	-2.881129e-18
2.0009999999999403e-11	3.7964742e-09	3.0371794e-09	0.003054038	0.044548694	-3.353345e-19	-1.6550546e-17	1.858204e-17	4.679656e-19	0	-2.8347951e-18
3.000999999999824e-11	7.5929485e-09	-2.2778845e-09	0.0077831	0.043110706	-7.168116e-19	-1.5571844e-17	1.7504045e-17	1.7126701e-19	0	-2.8202795e-18
4.000000000000001e-11	9.111538e-09	-3.0371794e-09	0.013550643	0.040587164	-9.926897e-19	-1.4427185e-17	1.6210917e-17	-4.248741e-20	0	-2.7339326e-18
5.0000000000001785e-11	2.1260256e-08	-6.8336536e-09	0.020180723	0.040085413	-1.2207992e-18	-1.2859312e-17	1.4476452e-17	-1.8997188e-19	0	-2.647966e-18
6.00000000000024e-11	2.7334615e-08	-1.5185897e-08	0.02803366	0.045479875	-1.4177865e-18	-1.1044744e-17	1.2497677e-17	-3.1143417e-19	0	-2.5592834e-18
7.000999999999771e-11	3.6446153e-08	-1.8223076e-08	0.036858156	0.052738503	-1.6050531e-18	-9.482624e-18	1.0797734e-17	-4.135859e-19	0	-2.5065781e-18
8.000999999999302e-11	4.40391e-08	-2.2778845e-08	0.045057908	0.059324253	-1.7810768e-18	-8.3880134e-18	9.5902005e-18	-4.587625e-19	0	-2.5245015e-18
9.000999999998834e-11	4.555769e-08	-2.5816025e-08	0.049957726	0.064734116	-1.9399894e-18	-7.669935e-18	8.7815355e-18	-4.4808875e-19	0	-2.6035007e-18
1.0000999999998365e-10	4.859487e-08	-2.7334615e-08	0.049123816	0.06913334	-2.0747646e-18	-7.310694e-18	8.366031e-18	-4.0823023e-19	0	-2.7218713e-18
1.1000999999997896e-10	4.707628e-08	-3.0371794e-08	0.041943956	0.072772615	-2.179538e-18	-7.273743e-18	8.30833e-18	-3.7259402e-19	0	-2.8415317e-18
1.2000999999997891e-10	4.859487e-08	-2.7334615e-08	0.030072395	0.07525573	-2.25669e-18	-7.353272e-18	8.380428e-18	-3.5730465e-19	0	-2.9265418e-18
1.3000999999998715e-10	4.707628e-08	-2.8853204e-08	0.016281975	0.07620459	-2.3145248e-18	-7.313935e-18	8.322192e-18	-3.595364e-19	0	-2.9632449e-18
1.400099999999954e-10	4.859487e-08	-2.7334615e-08	0.0030285264	0.07560801	-2.3620978e-18	-7.082856e-18	8.054397e-18	-3.7527876e-19	0	-2.9583606e-18
1.5000000000000362e-10	4.9923635e-08	-2.8853204e-08	-0.008132689	0.0737542	-2.4057936e-18	-6.752767e-18	7.680596e-18	-4.043244e-19	0	-2.9292984e-18
1.6000000000001186e-10	5.2011696e-08	-3.3408973e-08	-0.016476672	0.07111961	-2.4484552e-18	-6.4522073e-18	7.3436516e-18	-4.4539323e-19	0	-2.8945072e-18
1.700000000000201e-10	5.770641e-08	-3.6446153e-08	-0.021771098	0.06812099	-2.4899119e-18	-6.2632023e-18	7.134587e-18	-4.9419016e-19	0	-2.8671058e-18
1.8000000000002833e-10	6.378077e-08	-3.4927563e-08	-0.024117775	0.06521916	-2.528736e-18	-6.2061794e-18	7.075441e-18	-5.4574637e-19	0	-2.8522513e-18
1.9000000000003657e-10	6.9855126e-08	-4.1001922e-08	-0.02376654	0.06264592	-2.5636405e-18	-6.2501023e-18	7.130734e-18	-5.953124e-19	0	-2.8489595e-18
2.000000000000448e-10	7.668878e-08	-4.40391e-08	-0.021015052	0.06051155	-2.5940765e-18	-6.331644e-18	7.228838e-18	-6.3786673e-19	0	-2.8534052e-18
2.1000000000005304e-10	8.504102e-08	-4.1001922e-08	-0.016222075	0.05888974	-2.6202555e-18	-6.384816e-18	7.2946916e-18	-6.688891e-19	0	-2.861242e-18
2.2000000000006128e-10	9.1495025e-08	-3.9483332e-08	-0.00986256	0.057787094	-2.6429273e-18	-6.369092e-18	7.281288e-18	-6.861814e-19	0	-2.8689417e-18
2.3000000000006952e-10	9.1874675e-08	-4.555769e-08	-0.0025232048	0.057164434	-2.6631355e-18	-6.280554e-18	7.182736e-18	-6.9072404e-19	0	-2.8745939e-18
2.4000000000005925e-10	9.718974e-08	-5.011346e-08	0.0051765935	0.05696322	-2.6819117e-18	-6.143562e-18	7.025463e-18	-6.857836e-19	0	-2.8780296e-18
2.5000000000004163e-10	9.699991e-08	-5.011346e-08	0.012683136	0.057114422	-2.700009e-18	-5.9927486e-18	6.848214e-18	-6.752045e-19	0	-2.8802698e-18
2.60000000000024e-10	9.946763e-08	-5.163205e-08	0.01957804	0.057511814	-2.7177747e-18	-5.856554e-18	6.6835197e-18	-6.620403e-19	0	-2.8826998e-18
2.700000000000064e-10	9.753379e-08	-5.770641e-08	0.0256	0.05803504	-2.7351833e-18	-5.7485963e-18	6.547817e-18	-6.480307e-19	0	-2.8863735e-18
2.800099999999888e-10	9.619316e-08	-5.9225e-08	0.030633444	0.058556233	-2.7520202e-18	-5.667526e-18	6.440967e-18	-6.3376655e-19	0	-2.8916948e-18
2.9000999999997117e-10	9.358309e-08	-6.074359e-08	0.03465271	0.058974534	-2.7679833e-18	-5.6028748e-18	6.3525734e-18	-6.192522e-19	0	-2.8984297e-18
3.0000999999995355e-10	9.263397e-08	-6.150288e-08	0.037715647	0.059227854	-2.7829075e-18	-5.54168e-18	6.269103e-18	-6.043201e-19	0	-2.9060106e-18
3.1000999999993594e-10	8.80782e-08	-6.6058654e-08	0.039912764	0.059289075	-2.7967276e-18	-5.473983e-18	6.180051e-18	-5.889861e-19	0	-2.9138097e-18
3.2000999999991833e-10	8.314279e-08	-6.529935e-08	0.041352164	0.05915664	-2.8094695e-18	-5.394685e-18	6.0800554e-18	-5.735071e-19	0	-2.9213323e-18
3.300099999999007e-10	7.782772e-08	-6.909583e-08	0.042147994	0.058846563	-2.8212103e-18	-5.303037e-18	5.9684014e-18	-5.582999e-19	0	-2.928275e-18
3.400099999998831e-10	7.308213e-08	-7.137371e-08	0.042413663	0.058384456	-2.832046e-18	-5.201114e-18	5.8473923e-18	-5.43811e-19	0	-2.9345132e-18
3.500099999998655e-10	6.814671e-08	-7.061442e-08	0.042256642	0.057800807	-2.8420687e-18	-5.092383e-18	5.7207745e-18	-5.3040636e-19	0	-2.9400532e-18
3.600099999998479e-10	6.416041e-08	-6.9855126e-08	0.041773673	0.057124697	-2.8513468e-18	-4.9807063e-18	5.5926595e-18	-5.183112e-19	0	-2.9449892e-18
3.7000999999983027e-10	6.416041e-08	-6.681795e-08	0.04104768	0.05638476	-2.8599406e-18	-4.8697248e-18	5.4668396e-18	-5.0759463e-19	0	-2.9494607e-18
3.8000999999981266e-10	5.6567465e-08	-6.64383e-08	0.040146753	0.055608254	-2.8678796e-18	-4.7624705e-18	5.3464004e-18	-4.9819005e-19	0	-2.9536194e-18
3.9000999999979505e-10	5.3530286e-08	-6.64383e-08	0.0391255	0.05481782	-2.875176e-18	-4.6611963e-18	5.2335597e-18	-4.899396e-19	0	-2.9575998e-18
4.0000999999977743e-10	5.163205e-08	-6.64383e-08	0.038028035	0.05403581	-2.8818298e-18	-4.5674006e-18	5.1297167e-18	-4.8264753e-19	0	-2.9614987e-18
4.100099999997598e-10	4.9733814e-08	-6.2262174e-08	0.036890347	0.053279262	-2.8878358e-18	-4.481964e-18	5.0356162e-18	-4.761258e-19	0	-2.9653623e-18
4.200099999997422e-10	4.4798394e-08	-6.2262174e-08	0.0357418	0.05256387	-2.8931916e-18	-4.4053526e-18	4.9515735e-18	-4.702218e-19	0	-2.9691905e-18
4.300099999997246e-10	3.986298e-08	-6.2641824e-08	0.03460752	0.051901784	-2.897905e-18	-4.3377757e-18	4.8776467e-18	-4.648299e-19	0	-2.9729463e-18
4.40009999999707e-10	4.1001922e-08	-6.6058654e-08	0.03350829	0.051302318	-2.9020025e-18	-4.2792832e-18	4.8137424e-18	-4.5988916e-19	0	-2.9765726e-18
4.5000999999968937e-10	3.3408973e-08	-6.9665305e-08	0.032459367	0.05077096	-2.9055199e-18	-4.229807e-18	4.7596676e-18	-4.553715e-19	0	-2.980009e-18
4.6000999999967176e-10	3.834439e-08	-6.529935e-08	0.03147053	0.05031063	-2.908506e-18	-4.1891557e-18	4.7151264e-18	-4.512722e-19	0	-2.9832045e-18
4.700099999996541e-10	3.3408973e-08	-6.700777e-08	0.030546255	0.04992215	-2.9110163e-18	-4.1569825e-18	4.6796895e-18	-4.4759787e-19	0	-2.9861257e-18
4.800099999996365e-10	2.9992147e-08	-6.131306e-08	0.029685872	0.049599737	-2.9131107e-18	-4.13278e-18	4.6527863e-18	-4.443578e-19	0	-2.988759e-18
4.900099999996189e-10	2.5816025e-08	-5.7326762e-08	0.028884267	0.049338948	-2.914844e-18	-4.115884e-18	4.633704e-18	-4.4155827e-19	0	-2.9911058e-18
5.000099999996013e-10	2.201955e-08	-5.419467e-08	0.028132834	0.049133707	-2.9162716e-18	-4.1055017e-18	4.62161e-18	-4.392002e-19	0	-2.9931793e-18
5.100099999995837e-10	2.3158492e-08	-4.8215224e-08	0.02742068	0.048977394	-2.9174404e-18	-4.100748e-18	4.615589e-18	-4.372791e-19	0	-2.9950024e-18
5.200099999995661e-10	1.8223076e-08	-4.5984795e-08	0.026735706	0.048861735	-2.9183912e-18	-4.1006954e-18	4.614687e-18	-4.357866e-19	0	-2.9965968e-18
5.300099999995485e-10	6.454006e-09	-4.114429e-08	0.026066424	0.04877945	-2.9191615e-18	-4.1044284e-18	4.6179637e-18	-4.347113e-19	0	-2.9979854e-18
5.400099999995309e-10	6.454006e-09	-3.7205446e-08	0.025402596	0.048723675	-2.9197809e-18	-4.111102e-18	4.6245505e-18	-4.340403e-19	0	-2.9991886e-18
5.500099999995133e-10	1.5185897e-09	-3.3171695e-08	0.024735495	0.048688482	-2.9202762e-18	-4.1199674e-18	4.633673e-18	-4.3376e-19	0	-3.0002225e-18
5.600099999994956e-10	2.2778845e-09	-3.566313e-08	0.02405893	0.04866837	-2.9206695e-18	-4.1303874e-18	4.6446762e-18	-4.3385675e-19	0	-3.0011018e-18
5.70009999999478e-10	6.8336536e-09	-3.2738658e-08	0.023369495	0.048659	-2.9209828e-18	-4.141855e-18	4.6570277e-18	-4.343154e-19	0	-3.0018397e-18
5.800099999994604e-10	1.0630128e-08	-2.5780432e-08	0.02266614	0.048656844	-2.92123e-18	-4.1539885e-18	4.670326e-18	-4.3511934e-19	0	-3.0024475e-18
5.900099999994428e-10	5.6947114e-09	-2.4457599e-08	0.021949891	0.04865956	-2.9214278e-18	-4.1665315e-18	4.684291e-18	-4.362494e-19	0	-3.0029382e-18
6.000099999994252e-10	3.0371794e-09	-2.777358e-08	0.021223467	0.04866547	-2.9215862e-18	-4.1793334e-18	4.698754e-18	-4.376843e-19	0	-3.0033232e-18
6.100099999994076e-10	7.5929485e-10	-2.6171945e-08	0.020490544	0.048673425	-2.9217188e-18	-4.1923304e-18	4.7136283e-18	-4.3939953e-19	0	-3.0036173e-18
6.2000999999939e-10	7.213301e-09	-1.5992647e-08	0.019755466	0.048683	-2.9218325e-18	-4.2055248e-18	4.7288956e-18	-4.413691e-19	0	-3.0038344e-18
6.300099999993724e-10	9.870833e-09	-1.8080708e-08	0.01902293	0.048694327	-2.9219345e-18	-4.218958e-18	4.7445756e-18	-4.435647e-19	0	-3.0039875e-18
6.400099999993547e-10	1.176907e-08	-2.184159e-08	0.018297767	0.048707847	-2.922029e-18	-4.2326997e-18	4.7607177e-18	-4.4595644e-19	0	-3.0040904e-18
6.500099999993371e-10	1.2908012e-08	-2.6195671e-08	0.017584536	0.04872413	-2.9221185e-18	-4.2468247e-18	4.7773763e-18	-4.485146e-19	0	-3.0041556e-18
6.600099999993195e-10	7.213301e-09	-3.0816693e-08	0.016887637	0.04874394	-2.922208e-18	-4.2614108e-18	4.794606e-18	-4.5120903e-19	0	-3.0041932e-18
6.700099999993019e-10	4.9354165e-09	-3.343863e-08	0.01621127	0.048768044	-2.9222974e-18	-4.276522e-18	4.81245e-18	-4.5401064e-19	0	-3.0042137e-18
6.800099999992843e-10	5.315064e-09	-3.1925975e-08	0.015559309	0.048797324	-2.9223886e-18	-4.292202e-18	4.8309288e-18	-4.568914e-19	0	-3.0042238e-18
6.900099999992667e-10	5.315064e-09	-3.0858217e-08	0.0149356965	0.04883229	-2.9224804e-18	-4.3084633e-18	4.8500366e-18	-4.598249e-19	0	-3.0042292e-18
7.000099999992491e-10	8.352243e-09	-3.4666556e-08	0.014344139	0.04887331	-2.9225743e-18	-4.3252774e-18	4.8697227e-18	-4.6278594e-19	0	-3.0042338e-18
7.100099999992315e-10	1.2148718e-08	-3.578177e-08	0.013787566	0.048920706	-2.9226688e-18	-4.3425994e-18	4.8899216e-18	-4.657512e-19	0	-3.004241e-18
7.200099999992138e-10	1.1389423e-08	-3.9044366e-08	0.013268372	0.048974697	-2.922767e-18	-4.360352e-18	4.9105366e-18	-4.6869946e-19	0	-3.004252e-18
7.300099999991962e-10	1.176907e-08	-3.7157992e-08	0.012788607	0.049035054	-2.9228654e-18	-4.3784382e-18	4.9314544e-18	-4.7161165e-19	0	-3.0042695e-18
7.400099999991786e-10	1.9362018e-08	-3.8557943e-08	0.012349336	0.049101356	-2.9229637e-18	-4.3967346e-18	4.952534e-18	-4.744707e-19	0	-3.0042927e-18
7.50009999999161e-10	1.7463782e-08	-3.7063078e-08	0.01195128	0.049172927	-2.9230627e-18	-4.415098e-18	4.9736186e-18	-4.7726124e-19	0	-3.0043229e-18
7.600099999991434e-10	1.8982371e-08	-2.7358341e-08	0.011594317	0.04924875	-2.923162e-18	-4.4333833e-18	4.9945513e-18	-4.799704e-19	0	-3.0043589e-18
7.700099999991258e-10	1.9362018e-08	-2.1355167e-08	0.011277402	0.049328208	-2.9232598e-18	-4.451435e-18	5.015164e-18	-4.8258684e-19	0	-3.0044019e-18
7.800099999991082e-10	1.6704487e-08	-2.0311138e-08	0.010999134	0.04941019	-2.9233576e-18	-4.4690943e-18	5.0352887e-18	-4.8510126e-19	0	-3.0044505e-18
7.900099999990906e-10	1.7843428e-08	-1.9836577e-08	0.010757526	0.049493767	-2.9234536e-18	-4.4862174e-18	5.054774e-18	-4.8750587e-19	0	-3.0045049e-18
8.00009999999073e-10	1.7843428e-08	-1.1721614e-08	0.01054986	0.04957809	-2.9235472e-18	-4.502668e-18	5.0734796e-18	-4.8979566e-19	0	-3.0045638e-18
8.100099999990553e-10	1.8223076e-08	-7.260757e-09	0.010373344	0.049662065	-2.923638e-18	-4.5183264e-18	5.0912793e-18	-4.919664e-19	0	-3.0046252e-18
8.200099999990377e-10	1.6324838e-08	-6.8336536e-09	0.010224695	0.049744926	-2.9237274e-18	-4.5330945e-18	5.1080715e-18	-4.94015e-19	0	-3.0046893e-18
8.300099999990201e-10	9.491186e-09	-7.782772e-09	0.010100317	0.04982596	-2.9238124e-18	-4.546892e-18	5.1237743e-18	-4.9594007e-19	0	-3.0047549e-18
8.400099999990025e-10	4.555769e-09	-8.162419e-09	0.009997355	0.049904726	-2.9238947e-18	-4.559662e-18	5.138329e-18	-4.977411e-19	0	-3.0048202e-18
8.500099999989849e-10	1.1389423e-09	-1.43316905e-08	0.009912213	0.04998081	-2.9239735e-18	-4.571375e-18	5.1517053e-18	-4.9941846e-19	0	-3.004885e-18
8.600099999989673e-10	4.555769e-09	-1.9362018e-08	0.009842202	0.05005368	-2.9240481e-18	-4.582017e-18	5.16389e-18	-5.009741e-19	0	-3.0049472e-18
8.700099999989497e-10	4.9354165e-09	-2.4771994e-08	0.009784329	0.050123107	-2.9241197e-18	-4.5915923e-18	5.1748895e-18	-5.024094e-19	0	-3.0050074e-18
8.800099999989321e-10	7.213301e-09	-2.5246553e-08	0.009736369	0.05018894	-2.9241875e-18	-4.6001172e-18	5.1847193e-18	-5.037259e-19	0	-3.0050636e-18
8.900099999989144e-10	8.731891e-09	-2.970741e-08	0.0096957665	0.050251197	-2.9242526e-18	-4.6076247e-18	5.1934146e-18	-5.049262e-19	0	-3.005116e-18
9.000099999988968e-10	5.315064e-09	-3.4737738e-08	0.009660694	0.050309867	-2.9243142e-18	-4.6141582e-18	5.2010218e-18	-5.0601326e-19	0	-3.0051635e-18
9.100099999988792e-10	4.1761217e-09	-3.2649677e-08	0.009629559	0.050365046	-2.9243728e-18	-4.6197744e-18	5.207599e-18	-5.0699073e-19	0	-3.0052067e-18
9.200099999988616e-10	4.1761217e-09	-3.227003e-08	0.009601171	0.050416946	-2.9244282e-18	-4.6245377e-18	5.213216e-18	-5.0786227e-19	0	-3.0052452e-18
9.30009999998844e-10	0	-2.8758292e-08	0.009574583	0.050465822	-2.924481e-18	-4.6285065e-18	5.217936e-18	-5.0863155e-19	0	-3.0052787e-18
9.400099999989161e-10	1.5185897e-09	-2.4202523e-08	0.009549483	0.05051183	-2.9245303e-18	-4.6317486e-18	5.2218274e-18	-5.0930306e-19	0	-3.0053072e-18
9.50009999999002e-10	-1.1389423e-09	-2.8378645e-08	0.0095257135	0.05055515	-2.9245775e-18	-4.6343245e-18	5.2249595e-18	-5.0988137e-19	0	-3.0053314e-18
9.600099999990877e-10	1.8982371e-09	-2.6385496e-08	0.009503559	0.05059596	-2.9246232e-18	-4.6362973e-18	5.2273964e-18	-5.1037116e-19	0	-3.0053509e-18
9.700099999991735e-10	3.7964742e-10	-2.515164e-08	0.009483287	0.050634433	-2.924665e-18	-4.637718e-18	5.2291964e-18	-5.1077664e-19	0	-3.0053666e-18
9.800099999992593e-10	4.555769e-09	-3.0561615e-08	0.00946553	0.050670795	-2.9247055e-18	-4.6386428e-18	5.2304173e-18	-5.1110213e-19	0	-3.005378e-18
9.90009999999345e-10	4.9354165e-09	-3.1131087e-08	0.009450652	0.050705098	-2.9247421e-18	-4.639112e-18	5.2311076e-18	-5.1135204e-19	0	-3.0053858e-18
1.0000099999994308e-09	2.657532e-09	-2.9517587e-08	0.009439565	0.05073747	-2.9247785e-18	-4.6391705e-18	5.231314e-18	-5.115316e-19	0	-3.0053906e-18
1.0100099999995166e-09	7.972596e-09	-2.923285e-08	0.009432951	0.050768	-2.9248126e-18	-4.6388553e-18	5.2310794e-18	-5.116448e-19	0	-3.0053916e-18
1.0200099999996024e-09	4.9354165e-09	-2.657532e-08	0.009431439	0.050796732	-2.924844e-18	-4.6381994e-18	5.2304425e-18	-5.1169687e-19	0	-3.0053904e-18
1.0300099999996882e-09	7.5929485e-10	-2.0880607e-08	0.009435845	0.05082371	-2.9248738e-18	-4.6372295e-18	5.2294334e-18	-5.1169176e-19	0	-3.0053862e-18
1.040009999999774e-09	-1.5185897e-09	-1.9362018e-08	0.009446638	0.050848898	-2.9249013e-18	-4.6359635e-18	5.228075e-18	-5.116333e-19	0	-3.0053798e-18
1.0500099999998598e-09	-1.5185897e-09	-1.537572e-08	0.009464194	0.050872352	-2.9249284e-18	-4.634432e-18	5.2264017e-18	-5.1152684e-19	0	-3.0053713e-18
1.0600099999999456e-09	3.7964742e-10	-1.2338541e-08	0.009488645	0.05089404	-2.9249524e-18	-4.6326457e-18	5.22443e-18	-5.113757e-19	0	-3.0053612e-18
1.0700000000000313e-09	-2.2778845e-09	-1.3097836e-08	0.009520336	0.050913952	-2.9249758e-18	-4.630625e-18	5.222183e-18	-5.1118397e-19	0	-3.0053498e-18
1.080000000000117e-09	1.5185897e-09	-1.176907e-08	0.009559448	0.050932188	-2.924998e-18	-4.628383e-18	5.2196763e-18	-5.1095474e-19	0	-3.0053366e-18
1.0900000000002028e-09	4.9354165e-09	-1.2908012e-08	0.009605694	0.050948728	-2.925018e-18	-4.625946e-18	5.216944e-18	-5.1069325e-19	0	-3.0053227e-18
1.1000000000002886e-09	3.4168268e-09	-1.2338541e-08	0.009658804	0.050963566	-2.9250368e-18	-4.6233246e-18	5.213998e-18	-5.104024e-19	0	-3.0053074e-18
1.1100000000003744e-09	6.074359e-09	-1.7273958e-08	0.009718344	0.05097681	-2.9250535e-18	-4.620536e-18	5.2108594e-18	-5.1008553e-19	0	-3.0052917e-18
1.1200000000004602e-09	8.731891e-09	-2.0121313e-08	0.009783747	0.050988533	-2.9250705e-18	-4.617601e-18	5.2075515e-18	-5.0974576e-19	0	-3.0052752e-18
1.130000000000546e-09	8.352243e-09	-2.0121313e-08	0.009854651	0.05099878	-2.9250858e-18	-4.6145383e-18	5.2040972e-18	-5.093869e-19	0	-3.0052578e-18
1.1400000000006318e-09	1.176907e-08	-2.0311138e-08	0.009930169	0.051007606	-2.9251e-18	-4.6113603e-18	5.2005114e-18	-5.090112e-19	0	-3.00524e-18
1.1500000000007175e-09	1.3667307e-08	-1.7084133e-08	0.010009628	0.05101516	-2.9251127e-18	-4.6080933e-18	5.1968234e-18	-5.086214e-19	0	-3.0052216e-18
1.1600000000008033e-09	1.7463782e-08	-1.8792548e-08	0.010092391	0.051021565	-2.9251247e-18	-4.6047623e-18	5.1930614e-18	-5.0822127e-19	0	-3.0052026e-18
1.1700000000008891e-09	1.5185897e-08	-2.0121313e-08	0.010177873	0.051026873	-2.9251358e-18	-4.601393e-18	5.1892543e-18	-5.078138e-19	0	-3.0051838e-18
1.1800000000009749e-09	1.8223076e-08	-2.505673e-08	0.010265291	0.051031146	-2.9251462e-18	-4.5979893e-18	5.1854075e-18	-5.0740024e-19	0	-3.0051641e-18
1.1900000000010607e-09	2.4677082e-08	-2.7144791e-08	0.010353852	0.051034495	-2.9251555e-18	-4.5945764e-18	5.1815487e-18	-5.069835e-19	0	-3.005144e-18
1.2000000000011465e-09	2.5436377e-08	-2.8283733e-08	0.010443047	0.05103709	-2.9251636e-18	-4.5911696e-18	5.177694e-18	-5.0656546e-19	0	-3.0051238e-18
1.2100000000012322e-09	2.1639902e-08	-3.1890384e-08	0.010532301	0.05103902	-2.9251718e-18	-4.5877976e-18	5.1738787e-18	-5.061489e-19	0	-3.0051035e-18
1.220000000001318e-09	1.7084133e-08	-3.1320912e-08	0.010621331	0.051040336	-2.9251787e-18	-4.5844707e-18	5.1701104e-18	-5.0573554e-19	0	-3.0050829e-18
1.2300000000014038e-09	1.8982371e-08	-3.4737738e-08	0.010709246	0.05104112	-2.925184e-18	-4.581209e-18	5.166415e-18	-5.0532784e-19	0	-3.005062e-18
1.2400000000014896e-09	1.8223076e-08	-3.1890384e-08	0.010795842	0.051041465	-2.92519e-18	-4.578025e-18	5.162803e-18	-5.049272e-19	0	-3.005041e-18
1.2500000000015754e-09	1.7463782e-08	-2.923285e-08	0.010881002	0.051041435	-2.9251952e-18	-4.5749176e-18	5.1592777e-18	-5.045347e-19	0	-3.0050202e-18
1.2600000000016612e-09	2.0500961e-08	-2.8283733e-08	0.010964281	0.051041093	-2.925201e-18	-4.5719133e-18	5.1558647e-18	-5.0415216e-19	0	-3.0049997e-18
1.270000000001747e-09	1.5945192e-08	-2.7334615e-08	0.011045834	0.051040508	-2.9252047e-18	-4.5690165e-18	5.1525717e-18	-5.037809e-19	0	-3.0049792e-18
1.2800000000018327e-09	1.6704487e-08	-2.505673e-08	0.011125246	0.051039696	-2.9252076e-18	-4.5662334e-18	5.1494073e-18	-5.034225e-19	0	-3.0049588e-18
1.2900000000019185e-09	1.7463782e-08	-2.7144791e-08	0.011202562	0.051038794	-2.9252111e-18	-4.563577e-18	5.1463823e-18	-5.0307765e-19	0	-3.004939e-18
1.3000000000020043e-09	1.7463782e-08	-2.8853204e-08	0.011277579	0.051037733	-2.9252136e-18	-4.561053e-18	5.143506e-18	-5.027478e-19	0	-3.0049189e-18
1.3100000000020901e-09	2.0500961e-08	-2.7524438e-08	0.01134988	0.05103655	-2.9252159e-18	-4.5586614e-18	5.140779e-18	-5.024339e-19	0	-3.004899e-18
1.3200000000021759e-09	2.1260256e-08	-3.018197e-08	0.011419742	0.051035333	-2.9252182e-18	-4.556408e-18	5.1382053e-18	-5.021351e-19	0	-3.0048798e-18
1.3300000000022617e-09	2.0500961e-08	-3.0941266e-08	0.011487452	0.05103407	-2.92522e-18	-4.554297e-18	5.135791e-18	-5.0185363e-19	0	-3.0048612e-18
1.3400000000023475e-09	1.6704487e-08	-3.435809e-08	0.011552705	0.05103274	-2.9252215e-18	-4.552317e-18	5.1335267e-18	-5.015886e-19	0	-3.0048426e-18
1.3500000000024332e-09	1.5565544e-08	-3.6446153e-08	0.011614971	0.051031426	-2.9252227e-18	-4.5504715e-18	5.131414e-18	-5.0133995e-19	0	-3.0048252e-18
1.360000000002519e-09	1.5565544e-08	-4.555769e-08	0.011674624	0.05103015	-2.9252237e-18	-4.548761e-18	5.129453e-18	-5.0110813e-19	0	-3.0048076e-18
1.3700000000026048e-09	1.5565544e-08	-4.4608573e-08	0.011731779	0.051028855	-2.9252248e-18	-4.5471744e-18	5.1276335e-18	-5.0089255e-19	0	-3.0047913e-18
1.3800000000026906e-09	1.4046955e-08	-4.555769e-08	0.011786504	0.05102752	-2.9252258e-18	-4.54572e-18	5.1259642e-18	-5.006944e-19	0	-3.0047753e-18
1.3900000000027764e-09	1.3667307e-08	-4.1001922e-08	0.011838939	0.05102618	-2.925226e-18	-4.54439e-18	5.124437e-18	-5.0051256e-19	0	-3.0047603e-18
1.4000000000028622e-09	1.4046955e-08	-3.891386e-08	0.01188914	0.05102494	-2.9252264e-18	-4.5431832e-18	5.1230497e-18	-5.0034687e-19	0	-3.0047458e-18
1.410000000002948e-09	1.4426602e-08	-3.530721e-08	0.011937576	0.05102379	-2.9252277e-18	-4.5420984e-18	5.1218e-18	-5.001972e-19	0	-3.0047321e-18
1.4200000000030337e-09	9.870833e-09	-3.321915e-08	0.01198369	0.051022604	-2.925228e-18	-4.5411326e-18	5.1206872e-18	-5.000632e-19	0	-3.004719e-18
1.4300000000031195e-09	9.111538e-09	-3.3598795e-08	0.012027553	0.05102144	-2.9252272e-18	-4.5402728e-18	5.1196954e-18	-4.999436e-19	0	-3.004707e-18
1.4400000000032053e-09	4.1761217e-09	-3.227003e-08	0.012068902	0.051020395	-2.9252283e-18	-4.539507e-18	5.118811e-18	-4.9983733e-19	0	-3.0046953e-18
1.450000000003291e-09	1.1389423e-09	-3.1890384e-08	0.012107638	0.051019415	-2.9252275e-18	-4.538834e-18	5.118033e-18	-4.997429e-19	0	-3.0046846e-18
1.4600000000033769e-09	-7.5929485e-10	-3.2649677e-08	0.012143477	0.05101852	-2.9252283e-18	-4.5382607e-18	5.117369e-18	-4.9966155e-19	0	-3.0046748e-18
1.4700000000034627e-09	6.074359e-09	-3.321915e-08	0.012177248	0.05101774	-2.925228e-18	-4.537786e-18	5.1168148e-18	-4.9959217e-19	0	-3.0046653e-18
1.4800000000035485e-09	3.7964742e-09	-3.4927563e-08	0.012209266	0.05101689	-2.9252283e-18	-4.537401e-18	5.116364e-18	-4.9953463e-19	0	-3.0046566e-18
1.4900000000036342e-09	2.2778845e-09	-2.809391e-08	0.0122381775	0.051016193	-2.9252285e-18	-4.537114e-18	5.1160228e-18	-4.994888e-19	0	-3.0046482e-18
1.50000000000372e-09	3.4168268e-09	-2.9802322e-08	0.01226356	0.051015552	-2.9252283e-18	-4.5368863e-18	5.1157494e-18	-4.99451e-19	0	-3.0046403e-18
1.5100000000038058e-09	4.1761217e-09	-3.1890384e-08	0.012284738	0.051015012	-2.9252291e-18	-4.536706e-18	5.11553e-18	-4.994196e-19	0	-3.0046337e-18
1.5200000000038916e-09	1.8982371e-09	-3.2839502e-08	0.012301929	0.051014517	-2.9252283e-18	-4.5365794e-18	5.1153734e-18	-4.993949e-19	0	-3.0046275e-18
1.5300000000039774e-09	4.555769e-09	-3.1510737e-08	0.0123176575	0.05101406	-2.9252283e-18	-4.536516e-18	5.1152874e-18	-4.9937834e-19	0	-3.0046213e-18
1.5400000000040632e-09	1.5185897e-09	-3.1131087e-08	0.012333643	0.051013544	-2.925228e-18	-4.536514e-18	5.115272e-18	-4.9937023e-19	0	-3.0046155e-18
1.550000000004149e-09	-3.7964742e-09	-2.7144791e-08	0.012349457	0.051012967	-2.9252283e-18	-4.5365505e-18	5.1153e-18	-4.993681e-19	0	-3.0046097e-18
1.5600000000042347e-09	-3.4168268e-09	-3.0371794e-08	0.012364619	0.051012367	-2.925228e-18	-4.536604e-18	5.115351e-18	-4.993705e-19	0	-3.004605e-18
1.5700000000043205e-09	-1.02504805e-08	-2.4487258e-08	0.01237874	0.05101172	-2.9252291e-18	-4.536663e-18	5.1154115e-18	-4.993765e-19	0	-3.004601e-18
1.5800000000044063e-09	-1.1389423e-08	-2.657532e-08	0.012392165	0.051011067	-2.9252285e-18	-4.5367598e-18	5.115516e-18	-4.993875e-19	0	-3.0045975e-18
1.590000000004492e-09	-9.111538e-09	-2.6954966e-08	0.0124048	0.051010404	-2.9252291e-18	-4.5368913e-18	5.1156613e-18	-4.9940445e-19	0	-3.0045952e-18
1.6000000000045779e-09	-8.352243e-09	-3.227003e-08	0.012416194	0.051009856	-2.9252293e-18	-4.537071e-18	5.115862e-18	-4.9942674e-19	0	-3.0045934e-18
1.6100000000046637e-09	-9.870833e-09	-3.321915e-08	0.012426298	0.05100947	-2.9252283e-18	-4.537282e-18	5.1160976e-18	-4.994522e-19	0	-3.0045921e-18
1.6200000000047495e-09	-1.2908012e-08	-3.4547917e-08	0.0124348635	0.051009268	-2.9252291e-18	-4.5375125e-18	5.1163545e-18	-4.994793e-19	0	-3.0045913e-18
1.6300000000048352e-09	-1.2908012e-08	-2.9043028e-08	0.012441921	0.051009078	-2.9252293e-18	-4.537754e-18	5.116623e-18	-4.9950785e-19	0	-3.0045899e-18
1.640000000004921e-09	-8.731891e-09	-2.8853204e-08	0.012447466	0.051008854	-2.9252301e-18	-4.5380055e-18	5.1169025e-18	-4.9953727e-19	0	-3.004589e-18
1.6500000000050068e-09	-2.657532e-09	-2.6954966e-08	0.012451718	0.051008627	-2.925229e-18	-4.5382636e-18	5.1171895e-18	-4.995675e-19	0	-3.0045876e-18
1.6600000000050926e-09	-2.657532e-09	-2.4297435e-08	0.012454662	0.05100845	-2.9252291e-18	-4.5385307e-18	5.1174873e-18	-4.995984e-19	0	-3.0045872e-18
1.6700000000051784e-09	5.315064e-09	-2.4297435e-08	0.012456126	0.051008236	-2.9252293e-18	-4.5388016e-18	5.1177896e-18	-4.9963017e-19	0	-3.0045863e-18
1.6800000000052642e-09	-1.8982371e-09	-2.3158492e-08	0.012456474	0.051008046	-2.9252285e-18	-4.539075e-18	5.118094e-18	-4.9966207e-19	0	-3.0045857e-18
1.69000000000535e-09	-5.6947114e-09	-2.0500961e-08	0.012455704	0.05100781	-2.9252297e-18	-4.5393484e-18	5.118399e-18	-4.9969407e-19	0	-3.0045857e-18
1.7000000000054357e-09	-6.074359e-09	-2.4677082e-08	0.01245379	0.051007565	-2.9252291e-18	-4.5396206e-18	5.1187024e-18	-4.9972586e-19	0	-3.0045855e-18
1.7100000000055215e-09	-2.2778845e-09	-2.6385496e-08	0.012451084	0.05100732	-2.9252295e-18	-4.5398906e-18	5.1190043e-18	-4.997574e-19	0	-3.0045855e-18
1.7200000000056073e-09	-1.8982371e-09	-2.505673e-08	0.012447725	0.05100706	-2.9252293e-18	-4.5401516e-18	5.119297e-18	-4.9978826e-19	0	-3.0045857e-18
1.730000000005693e-09	2.2778845e-09	-2.2209374e-08	0.01244382	0.05100676	-2.9252293e-18	-4.5404064e-18	5.1195817e-18	-4.9981856e-19	0	-3.0045863e-18
1.7400000000057789e-09	2.2778845e-09	-2.0311138e-08	0.0124395285	0.051006436	-2.9252306e-18	-4.5406537e-18	5.1198596e-18	-4.9984844e-19	0	-3.004587e-18
1.7500000000058647e-09	0	-1.6704487e-08	0.012434989	0.051006105	-2.92523e-18	-4.5408923e-18	5.1201276e-18	-4.998775e-19	0	-3.0045878e-18
1.7600000000059504e-09	-7.5929485e-10	-2.0311138e-08	0.012430367	0.051005736	-2.9252297e-18	-4.541119e-18	5.120384e-18	-4.9990557e-19	0	-3.004589e-18
1.7700000000060362e-09	1.1389423e-09	-2.4866907e-08	0.012425716	0.051005356	-2.9252295e-18	-4.5413365e-18	5.1206297e-18	-4.999328e-19	0	-3.0045899e-18
1.780000000006122e-09	1.8982371e-09	-2.4107612e-08	0.012421068	0.051004954	-2.92523e-18	-4.5415466e-18	5.1208663e-18	-4.9995923e-19	0	-3.004591e-18
1.7900000000062078e-09	-2.657532e-09	-1.9741666e-08	0.01241653	0.051004533	-2.92523e-18	-4.541748e-18	5.121095e-18	-4.9998446e-19	0	-3.0045923e-18
1.8000000000062936e-09	7.5929485e-10	-2.3348317e-08	0.012412394	0.05100411	-2.9252304e-18	-4.541941e-18	5.121312e-18	-5.0000814e-19	0	-3.0045936e-18
1.8100000000063794e-09	1.1389423e-09	-2.657532e-08	0.01240871	0.051003706	-2.9252295e-18	-4.542121e-18	5.1215165e-18	-5.000299e-19	0	-3.0045952e-18
1.8200000000064652e-09	-4.1761217e-09	-2.1070433e-08	0.01240529	0.051003292	-2.9252306e-18	-4.542291e-18	5.121708e-18	-5.000503e-19	0	-3.0045967e-18
1.830000000006551e-09	-7.5929485e-10	-2.2968669e-08	0.012401891	0.051002864	-2.9252297e-18	-4.542447e-18	5.1218846e-18	-5.0006904e-19	0	-3.0045983e-18
1.8400000000066367e-09	3.7964742e-10	-2.809391e-08	0.012398299	0.05100247	-2.9252295e-18	-4.542586e-18	5.1220413e-18	-5.0008553e-19	0	-3.0045996e-18
1.8500000000067225e-09	-1.8982371e-09	-2.4107612e-08	0.012394581	0.05100206	-2.92523e-18	-4.542713e-18	5.122185e-18	-5.001007e-19	0	-3.004601e-18
1.8600000000068083e-09	-2.657532e-09	-2.8663381e-08	0.012390866	0.051001642	-2.92523e-18	-4.542827e-18	5.1223143e-18	-5.0011433e-19	0	-3.0046029e-18
1.870000000006742e-09	-3.7964742e-09	-2.657532e-08	0.012387093	0.05100122	-2.92523e-18	-4.54293e-18	5.122431e-18	-5.0012684e-19	0	-3.0046041e-18
1.880000000006621e-09	-5.315064e-09	-2.2968669e-08	0.012383139	0.05100081	-2.9252306e-18	-4.5430174e-18	5.12253e-18	-5.0013744e-19	0	-3.004606e-18
1.8900000000065e-09	-2.657532e-09	-2.0880607e-08	0.012379132	0.051000383	-2.9252291e-18	-4.543095e-18	5.1226195e-18	-5.001468e-19	0	-3.004607e-18
1.900000000006379e-09	-3.0371794e-09	-2.201955e-08	0.012375174	0.051	-2.9252297e-18	-4.5431646e-18	5.1226977e-18	-5.00155e-19	0	-3.0046085e-18
1.910000000006258e-09	-5.315064e-09	-1.8223076e-08	0.012371235	0.050999634	-2.9252297e-18	-4.543228e-18	5.12277e-18	-5.001623e-19	0	-3.0046097e-18
1.920000000006137e-09	-1.8982371e-09	-1.6704487e-08	0.012367434	0.050999336	-2.9252301e-18	-4.5432883e-18	5.1228387e-18	-5.00169e-19	0	-3.0046105e-18
1.930000000006016e-09	-7.5929485e-09	-2.3158492e-08	0.012363917	0.050999023	-2.9252297e-18	-4.5433404e-18	5.1228975e-18	-5.0017466e-19	0	-3.0046118e-18
1.940000000005895e-09	-3.7964742e-09	-2.3917787e-08	0.012360717	0.05099873	-2.9252306e-18	-4.54338e-18	5.1229413e-18	-5.0017906e-19	0	-3.0046128e-18
1.950000000005774e-09	-4.555769e-09	-2.4487258e-08	0.012357714	0.050998412	-2.9252301e-18	-4.5434128e-18	5.1229798e-18	-5.0018273e-19	0	-3.0046138e-18
1.960000000005653e-09	-1.1389423e-08	-2.5626202e-08	0.012354421	0.05099811	-2.9252306e-18	-4.5434413e-18	5.1230124e-18	-5.0018583e-19	0	-3.0046155e-18
1.9700000000055318e-09	-8.731891e-09	-2.5246553e-08	0.012351329	0.05099783	-2.9252304e-18	-4.5434727e-18	5.1230476e-18	-5.00189e-19	0	-3.004616e-18
1.9800000000054108e-09	-7.972596e-09	-2.4107612e-08	0.012348589	0.05099756	-2.9252301e-18	-4.5435025e-18	5.123082e-18	-5.001921e-19	0	-3.0046176e-18
1.9900000000052898e-09	-4.555769e-09	-2.2968669e-08	0.01234614	0.0509973	-2.9252297e-18	-4.543522e-18	5.123104e-18	-5.001936e-19	0	-3.004618e-18
2.0000000000051688e-09	-6.8336536e-09	-2.5626202e-08	0.0123439655	0.05099702	-2.9252304e-18	-4.543533e-18	5.123117e-18	-5.0019457e-19	0	-3.0046192e-18
2.0100000000050478e-09	-1.2148718e-08	-2.5436377e-08	0.012342085	0.050996747	-2.9252301e-18	-4.543538e-18	5.1231233e-18	-5.0019503e-19	0	-3.00462e-18
2.0200000000049267e-09	-5.315064e-09	-1.8033253e-08	0.0123405745	0.050996467	-2.9252301e-18	-4.5435377e-18	5.1231233e-18	-5.00195e-19	0	-3.0046209e-18
2.0300000000048057e-09	-1.328766e-08	-2.201955e-08	0.012339361	0.05099622	-2.9252306e-18	-4.543537e-18	5.1231233e-18	-5.0019493e-19	0	-3.0046215e-18
2.0400000000046847e-09	-1.4426602e-08	-1.176907e-08	0.012338527	0.05099599	-2.9252291e-18	-4.5435377e-18	5.1231253e-18	-5.0019493e-19	0	-3.004622e-18
2.0500000000045637e-09	-4.1761217e-09	-1.7084133e-08	0.0123377135	0.050995767	-2.9252301e-18	-4.5435373e-18	5.123124e-18	-5.0019467e-19	0	-3.0046225e-18
2.0600000000044427e-09	-1.7843428e-08	-1.3477483e-08	0.012336849	0.050995585	-2.9252304e-18	-4.543536e-18	5.1231233e-18	-5.0019426e-19	0	-3.0046231e-18
2.0700000000043217e-09	-1.3667307e-08	-2.0121313e-08	0.012336009	0.05099538	-2.925231e-18	-4.5435385e-18	5.123126e-18	-5.0019426e-19	0	-3.0046234e-18
2.0800000000042007e-09	-1.4426602e-08	-1.2718188e-08	0.012335242	0.050995205	-2.9252301e-18	-4.5435377e-18	5.123125e-18	-5.0019384e-19	0	-3.0046236e-18
2.0900000000040797e-09	-7.972596e-09	-1.8033253e-08	0.012334377	0.050995037	-2.92523e-18	-4.5435315e-18	5.123118e-18	-5.001928e-19	0	-3.0046242e-18
2.1000000000039587e-09	7.5929485e-10	-1.2528365e-08	0.0123336	0.0509949	-2.9252306e-18	-4.5435228e-18	5.123109e-18	-5.001916e-19	0	-3.0046248e-18
2.1100000000038377e-09	-9.491186e-09	-2.1070433e-08	0.012332999	0.05099477	-2.9252304e-18	-4.543514e-18	5.1230997e-18	-5.001905e-19	0	-3.0046248e-18
2.1200000000037166e-09	1.5185897e-09	-6.8336536e-09	0.012332412	0.05099467	-2.9252304e-18	-4.5435046e-18	5.123089e-18	-5.0018903e-19	0	-3.0046254e-18
2.1300000000035956e-09	1.1389423e-09	-5.1252402e-09	0.0123319905	0.05099458	-2.9252301e-18	-4.5434947e-18	5.123078e-18	-5.001877e-19	0	-3.0046254e-18
2.1400000000034746e-09	-8.352243e-09	1.5185897e-09	0.012331722	0.050994515	-2.9252301e-18	-4.5434864e-18	5.1230683e-18	-5.0018645e-19	0	-3.0046256e-18
2.1500000000033536e-09	-7.5929485e-10	-2.2589022e-08	0.012331502	0.05099449	-2.9252301e-18	-4.543479e-18	5.1230596e-18	-5.0018536e-19	0	-3.0046256e-18
2.1600000000032326e-09	2.5436377e-08	-1.6135015e-08	0.012331315	0.050994437	-2.9252301e-18	-4.5434736e-18	5.123054e-18	-5.001846e-19	0	-3.0046258e-18
2.1700000000031116e-09	2.2778845e-09	-1.4426602e-08	0.012331188	0.050994426	-2.9252301e-18	-4.5434707e-18	5.12305e-18	-5.00184e-19	0	-3.0046258e-18
2.1800000000029906e-09	1.5945192e-08	5.6947114e-10	0.012331126	0.050994415	-2.92523e-18	-4.5434686e-18	5.1230484e-18	-5.0018386e-19	0	-3.0046258e-18
2.1900000000028696e-09	1.5185897e-09	8.921714e-09	0.012331086	0.050994407	-2.9252301e-18	-4.543468e-18	5.1230476e-18	-5.0018366e-19	0	-3.0046258e-18
2.2000000000027486e-09	7.5929485e-09	8.731891e-09	0.0123310555	0.050994415	-2.9252297e-18	-4.543467e-18	5.1230468e-18	-5.001836e-19	0	-3.0046258e-18
2.2100000000026276e-09	4.9354165e-09	-3.0371794e-09	0.012331037	0.050994407	-2.9252301e-18	-4.543467e-18	5.1230463e-18	-5.0018355e-19	0	-3.0046258e-18
2.2200000000025065e-09	9.111538e-09	-3.6066505e-09	0.012331034	0.050994407	-2.9252295e-18	-4.5434665e-18	5.1230463e-18	-5.001835e-19	0	-3.0046258e-18
2.2300000000023855e-09	8.731891e-09	-1.0819951e-08	0.012331036	0.050994407	-2.9252295e-18	-4.5434665e-18	5.1230463e-18	-5.001835e-19	0	-3.0046258e-18
2.2400000000022645e-09	4.555769e-09	-1.480625e-08	0.012331031	0.050994407	-2.9252295e-18	-4.5434665e-18	5.1230463e-18	-5.0018345e-19	0	-3.0046258e-18
2.2500000000021435e-09	1.1389423e-09	-1.6324838e-08	0.012331031	0.050994407	-2.9252306e-18	-4.5434665e-18	5.1230455e-18	-5.001834e-19	0	-3.0046258e-18
2.2600000000020225e-09	1.5185897e-09	-1.4046955e-08	0.012331028	0.050994407	-2.92523e-18	-4.543466e-18	5.1230447e-18	-5.001834e-19	0	-3.0046258e-18
2.2700000000019015e-09	5.315064e-09	-1.4616425e-08	0.012331028	0.050994407	-2.9252306e-18	-4.543466e-18	5.1230447e-18	-5.0018345e-19	0	-3.0046258e-18
2.2800000000017805e-09	4.555769e-09	-1.4996074e-08	0.012331025	0.050994407	-2.9252306e-18	-4.543466e-18	5.1230447e-18	-5.0018345e-19	0	-3.0046258e-18
2.2900000000016595e-09	3.0371794e-09	-1.4996074e-08	0.012331025	0.050994407	-2.9252306e-18	-4.543466e-18	5.1230455e-18	-5.001834e-19	0	-3.0046258e-18
2.3000000000015385e-09	4.555769e-09	-1.4996074e-08	0.012331025	0.050994407	-2.9252306e-18	-4.543466e-18	5.1230447e-18	-5.0018345e-19	0	-3.0046258e-18
2.3100000000014175e-09	3.0371794e-09	-1.4996074e-08	0.012331025	0.050994407	-2.9252306e-18	-4.543466e-18	5.1230447e-18	-5.001834e-19	0	-3.0046258e-18
2.3200000000012965e-09	4.555769e-09	-1.4996074e-08	0.012331025	0.050994407	-2.9252306e-18	-4.543466e-18	5.1230447e-18	-5.001834e-19	0	-3.0046258e-18
2.3300000000011754e-09	4.555769e-09	-1.4996074e-08	0.012331025	0.050994407	-2.9252306e-18	-4.543466e-18	5.1230455e-18	-5.001834e-19	0	-3.0046258e-18
2.3400000000010544e-09	4.555769e-09	-1.4996074e-08	0.012331025	0.050994407	-2.9252306e-18	-4.543466e-18	5.1230447e-18	-5.0018345e-19	0	-3.0046258e-18
2.3500000000009334e-09	3.0371794e-09	-1.4996074e-08	0.012331025	0.050994407	-2.9252304e-18	-4.543466e-18	5.1230447e-18	-5.001834e-19	0	-3.0046258e-18
2.3600000000008124e-09	3.0371794e-09	-1.4996074e-08	0.012331025	0.050994407	-2.9252306e-18	-4.543466e-18	5.1230447e-18	-5.001834e-19	0	-3.0046258e-18
2.3700000000006914e-09	4.555769e-09	-1.4996074e-08	0.012331025	0.050994407	-2.9252306e-18	-4.543466e-18	5.1230447e-18	-5.001834e-19	0	-3.0046258e-18
2.3800000000005704e-09	3.0371794e-09	-1.4996074e-08	0.012331025	0.050994407	-2.9252306e-18	-4.543466e-18	5.1230447e-18	-5.0018345e-19	0	-3.0046258e-18
2.3900000000004494e-09	3.0371794e-09	-1.4996074e-08	0.012331025	0.050994407	-2.9252304e-18	-4.543466e-18	5.1230447e-18	-5.001834e-19	0	-3.0046258e-18
2.4000000000003284e-09	4.555769e-09	-1.4996074e-08	0.012331025	0.050994407	-2.92523e-18	-4.543466e-18	5.1230447e-18	-5.0018345e-19	0	-3.0046258e-18
2.4100000000002074e-09	4.555769e-09	-1.4996074e-08	0.012331025	0.050994407	-2.9252306e-18	-4.543466e-18	5.1230447e-18	-5.001834e-19	0	-3.0046258e-18
2.4200000000000864e-09	4.555769e-09	-1.4996074e-08	0.012331025	0.050994407	-2.9252306e-18	-4.543466e-18	5.1230447e-18	-5.001834e-19	0	-3.0046258e-18
2.4300099999999652e-09	4.1761217e-09	-1.480625e-08	0.012331026	0.0509944	-2.9252306e-18	-4.5434665e-18	5.1230447e-18	-5.0018345e-19	0	-3.0046258e-18
2.4400099999998442e-09	4.1761217e-09	-1.480625e-08	0.012331026	0.0509944	-2.925231e-18	-4.5434665e-18	5.1230447e-18	-5.0018345e-19	0	-3.0046258e-18
2.450009999999723e-09	4.1761217e-09	-1.480625e-08	0.012331026	0.0509944	-2.925231e-18	-4.5434665e-18	5.1230447e-18	-5.0018345e-19	0	-3.0046258e-18
2.460009999999602e-09	4.1761217e-09	-1.480625e-08	0.012331026	0.0509944	-2.925231e-18	-4.5434665e-18	5.1230447e-18	-5.0018345e-19	0	-3.0046258e-18
2.470009999999481e-09	4.1761217e-09	-1.480625e-08	0.012331026	0.0509944	-2.9252306e-18	-4.5434665e-18	5.1230447e-18	-5.0018345e-19	0	-3.0046258e-18
2.48000999999936e-09	4.1761217e-09	-1.480625e-08	0.012331026	0.0509944	-2.925231e-18	-4.5434665e-18	5.1230447e-18	-5.0018345e-19	0	-3.0046258e-18
2.490009999999239e-09	4.1761217e-09	-1.480625e-08	0.012331026	0.0509944	-2.925231e-18	-4.5434665e-18	5.1230447e-18	-5.0018345e-19	0	-3.0046258e-18
2.500009999999118e-09	4.1761217e-09	-1.480625e-08	0.012331026	0.0509944	-2.925231e-18	-4.5434665e-18	5.1230447e-18	-5.0018345e-19	0	-3.0046258e-18
2.510009999998997e-09	4.1761217e-09	-1.480625e-08	0.012331026	0.0509944	-2.9252306e-18	-4.5434665e-18	5.1230447e-18	-5.0018345e-19	0	-3.0046258e-18
2.520009999998876e-09	4.1761217e-09	-1.480625e-08	0.012331026	0.0509944	-2.925231e-18	-4.5434665e-18	5.1230455e-18	-5.0018345e-19	0	-3.0046258e-18
2.530009999998755e-09	4.1761217e-09	-1.480625e-08	0.012331026	0.0509944	-2.925231e-18	-4.5434665e-18	5.1230447e-18	-5.0018345e-19	0	-3.0046258e-18
2.540009999998634e-09	4.1761217e-09	-1.480625e-08	0.012331026	0.0509944	-2.925231e-18	-4.5434665e-18	5.1230447e-18	-5.0018345e-19	0	-3.0046258e-18
2.550009999998513e-09	4.1761217e-09	-1.480625e-08	0.012331026	0.0509944	-2.9252306e-18	-4.5434665e-18	5.1230447e-18	-5.0018345e-19	0	-3.0046258e-18
2.560009999998392e-09	4.1761217e-09	-1.480625e-08	0.012331026	0.0509944	-2.925231e-18	-4.5434665e-18	5.1230447e-18	-5.0018345e-19	0	-3.0046258e-18
2.570009999998271e-09	4.1761217e-09	-1.480625e-08	0.012331026	0.0509944	-2.9252306e-18	-4.5434665e-18	5.1230447e-18	-5.0018345e-19	0	-3.0046258e-18
2.58000999999815e-09	4.1761217e-09	-1.480625e-08	0.012331026	0.0509944	-2.925231e-18	-4.5434665e-18	5.1230455e-18	-5.0018345e-19	0	-3.0046258e-18
2.590009999998029e-09	4.1761217e-09	-1.480625e-08	0.012331026	0.0509944	-2.925231e-18	-4.5434665e-18	5.1230447e-18	-5.0018345e-19	0	-3.0046258e-18
2.600009999997908e-09	4.1761217e-09	-1.480625e-08	0.012331026	0.0509944	-2.925231e-18	-4.5434665e-18	5.1230455e-18	-5.0018345e-19	0	-3.0046258e-18
2.610009999997787e-09	4.1761217e-09	-1.480625e-08	0.012331026	0.0509944	-2.925231e-18	-4.5434665e-18	5.1230447e-18	-5.0018345e-19	0	-3.0046258e-18
2.620009999997666e-09	4.1761217e-09	-1.480625e-08	0.012331026	0.0509944	-2.925231e-18	-4.5434665e-18	5.1230447e-18	-5.0018345e-19	0	-3.0046258e-18
2.630009999997545e-09	4.1761217e-09	-1.480625e-08	0.012331026	0.0509944	-2.925231e-18	-4.5434665e-18	5.1230447e-18	-5.0018345e-19	0	-3.0046258e-18
2.640009999997424e-09	4.1761217e-09	-1.480625e-08	0.012331026	0.0509944	-2.9252306e-18	-4.5434665e-18	5.1230447e-18	-5.0018345e-19	0	-3.0046258e-18
2.650009999997303e-09	4.1761217e-09	-1.480625e-08	0.012331026	0.0509944	-2.925231e-18	-4.5434665e-18	5.1230447e-18	-5.0018345e-19	0	-3.0046258e-18
2.660009999997182e-09	4.1761217e-09	-1.480625e-08	0.012331026	0.0509944	-2.9252306e-18	-4.5434665e-18	5.1230447e-18	-5.0018345e-19	0	-3.0046258e-18
2.670009999997061e-09	4.1761217e-09	-1.480625e-08	0.012331026	0.0509944	-2.925231e-18	-4.5434665e-18	5.1230447e-18	-5.0018345e-19	0	-3.0046258e-18
2.68000999999694e-09	4.1761217e-09	-1.480625e-08	0.012331026	0.0509944	-2.925231e-18	-4.5434665e-18	5.1230447e-18	-5.0018345e-19	0	-3.0046258e-18
2.690009999996819e-09	4.1761217e-09	-1.480625e-08	0.012331026	0.0509944	-2.925231e-18	-4.5434665e-18	5.1230455e-18	-5.0018345e-19	0	-3.0046258e-18
2.700009999996698e-09	4.1761217e-09	-1.480625e-08	0.012331026	0.0509944	-2.925231e-18	-4.5434665e-18	5.1230447e-18	-5.0018345e-19	0	-3.0046258e-18
2.710009999996577e-09	4.1761217e-09	-1.4996074e-08	0.012331026	0.0509944	-2.925231e-18	-4.5434665e-18	5.1230455e-18	-5.0018345e-19	0	-3.0046258e-18
2.720009999996456e-09	4.1761217e-09	-1.480625e-08	0.012331026	0.0509944	-2.925231e-18	-4.5434665e-18	5.1230447e-18	-5.0018345e-19	0	-3.0046258e-18
2.730009999996335e-09	4.1761217e-09	-1.480625e-08	0.012331026	0.0509944	-2.925231e-18	-4.5434665e-18	5.1230447e-18	-5.0018345e-19	0	-3.0046258e-18
2.740009999996214e-09	4.1761217e-09	-1.480625e-08	0.012331026	0.0509944	-2.9252306e-18	-4.5434665e-18	5.1230447e-18	-5.0018345e-19	0	-3.0046258e-18
2.750009999996093e-09	4.1761217e-09	-1.4996074e-08	0.012331026	0.0509944	-2.925231e-18	-4.5434665e-18	5.1230447e-18	-5.0018345e-19	0	-3.0046258e-18
2.760009999995972e-09	4.1761217e-09	-1.480625e-08	0.012331026	0.0509944	-2.925231e-18	-4.5434665e-18	5.1230447e-18	-5.0018345e-19	0	-3.0046258e-18
2.770009999995851e-09	4.1761217e-09	-1.4996074e-08	0.012331026	0.0509944	-2.925231e-18	-4.5434665e-18	5.1230447e-18	-5.0018345e-19	0	-3.0046258e-18
2.78000999999573e-09	4.1761217e-09	-1.4996074e-08	0.012331026	0.0509944	-2.925231e-18	-4.5434665e-18	5.1230447e-18	-5.0018345e-19	0	-3.0046258e-18
2.790009999995609e-09	3.7964742e-09	-1.480625e-08	0.012331026	0.0509944	-2.925231e-18	-4.5434665e-18	5.1230447e-18	-5.0018345e-19	0	-3.0046258e-18
2.800009999995488e-09	4.1761217e-09	-1.480625e-08	0.012331026	0.0509944	-2.925231e-18	-4.5434665e-18	5.1230447e-18	-5.0018345e-19	0	-3.0046258e-18
2.810009999995367e-09	4.1761217e-09	-1.480625e-08	0.012331026	0.0509944	-2.925231e-18	-4.5434665e-18	5.1230455e-18	-5.0018345e-19	0	-3.0046258e-18
2.820009999995246e-09	4.1761217e-09	-1.480625e-08	0.012331026	0.0509944	-2.9252306e-18	-4.5434665e-18	5.1230447e-18	-5.0018345e-19	0	-3.0046258e-18
2.830009999995125e-09	4.1761217e-09	-1.480625e-08	0.012331026	0.0509944	-2.925231e-18	-4.5434665e-18	5.1230455e-18	-5.0018345e-19	0	-3.0046258e-18
2.840009999995004e-09	4.1761217e-09	-1.480625e-08	0.012331026	0.0509944	-2.9252306e-18	-4.5434665e-18	5.1230447e-18	-5.0018345e-19	0	-3.0046258e-18
2.850009999994883e-09	4.1761217e-09	-1.480625e-08	0.012331026	0.0509944	-2.925231e-18	-4.5434665e-18	5.1230447e-18	-5.0018345e-19	0	-3.0046258e-18
2.860009999994762e-09	4.1761217e-09	-1.480625e-08	0.012331026	0.0509944	-2.925231e-18	-4.5434665e-18	5.1230447e-18	-5.0018345e-19	0	-3.0046258e-18
2.870009999994641e-09	4.1761217e-09	-1.480625e-08	0.012331026	0.0509944	-2.925231e-18	-4.5434665e-18	5.1230447e-18	-5.0018345e-19	0	-3.0046258e-18
2.8800099999945198e-09	4.1761217e-09	-1.480625e-08	0.012331026	0.0509944	-2.925231e-18	-4.5434665e-18	5.1230447e-18	-5.0018345e-19	0	-3.0046258e-18
2.8900099999943988e-09	4.1761217e-09	-1.4996074e-08	0.012331026	0.0509944	-2.925231e-18	-4.5434665e-18	5.1230447e-18	-5.0018345e-19	0	-3.0046258e-18
2.9000099999942778e-09	4.1761217e-09	-1.480625e-08	0.012331026	0.0509944	-2.925231e-18	-4.5434665e-18	5.1230447e-18	-5.0018345e-19	0	-3.0046258e-18
2.9100099999941568e-09	4.1761217e-09	-1.480625e-08	0.012331026	0.0509944	-2.925231e-18	-4.5434665e-18	5.1230455e-18	-5.0018345e-19	0	-3.0046258e-18
2.9200099999940357e-09	4.1761217e-09	-1.480625e-08	0.012331026	0.0509944	-2.925231e-18	-4.5434665e-18	5.1230447e-18	-5.0018345e-19	0	-3.0046258e-18
2.9300099999939147e-09	4.1761217e-09	-1.480625e-08	0.012331026	0.0509944	-2.925231e-18	-4.5434665e-18	5.1230447e-18	-5.0018345e-19	0	-3.0046258e-18
2.9400099999937937e-09	4.1761217e-09	-1.4996074e-08	0.012331026	0.0509944	-2.925231e-18	-4.5434665e-18	5.1230447e-18	-5.0018345e-19	0	-3.0046258e-18
2.9500099999936727e-09	4.1761217e-09	-1.480625e-08	0.012331026	0.0509944	-2.925231e-18	-4.5434665e-18	5.1230455e-18	-5.0018345e-19	0	-3.0046258e-18
2.9600099999935517e-09	4.1761217e-09	-1.480625e-08	0.012331026	0.0509944	-2.925231e-18	-4.5434665e-18	5.1230447e-18	-5.0018345e-19	0	-3.0046258e-18
2.9700099999934307e-09	4.1761217e-09	-1.480625e-08	0.012331026	0.0509944	-2.925231e-18	-4.5434665e-18	5.1230455e-18	-5.0018345e-19	0	-3.0046258e-18
2.9800099999933097e-09	4.1761217e-09	-1.4996074e-08	0.012331026	0.0509944	-2.9252306e-18	-4.5434665e-18	5.1230447e-18	-5.0018345e-19	0	-3.0046258e-18
2.9900099999931887e-09	4.1761217e-09	-1.480625e-08	0.012331026	0.0509944	-2.925231e-18	-4.5434665e-18	5.1230455e-18	-5.0018345e-19	0	-3.0046258e-18
3.0000099999930677e-09	4.1761217e-09	-1.480625e-08	0.012331026	0.0509944	-2.925231e-18	-4.5434665e-18	5.1230447e-18	-5.0018345e-19	0	-3.0046258e-18
