# t (s)	mx ()	my ()	mz ()	spinAngle (rad)	E_total (J)	E_anis (J)	E_demag (J)	E_exch (J)	E_therm (J)	E_custom (J)
0	0	0	0	0.0042178794	2.367166e-17	-1.8097601e-16	2.2616206e-16	5.632001e-18	0	-2.7146398e-17
1.0000000000000124e-11	8.431388e-11	-2.9509858e-10	0.0014178188	0.011422283	1.6282157e-17	-1.7654757e-16	2.2117515e-16	-1.4876798e-18	0	-2.6857757e-17
2.0009999999999403e-11	6.323541e-11	-1.0117666e-09	0.0045384835	0.014873401	1.4635568e-17	-1.7125892e-16	2.1484354e-16	-2.4610453e-18	0	-2.6488007e-17
3.000999999999824e-11	-4.2156942e-10	-1.5176499e-09	0.008850566	0.018292312	1.3373233e-17	-1.6448054e-16	2.0659201e-16	-2.8184432e-18	0	-2.5919807e-17
4.000000000000001e-11	-1.5387284e-09	-2.6558873e-09	0.013727557	0.02202298	1.2076768e-17	-1.5670832e-16	1.9695912e-16	-2.9521234e-18	0	-2.5221895e-17
5.0000000000001785e-11	-2.2712052e-09	-3.8784385e-09	0.018477015	0.026197443	1.0587927e-17	-1.4890627e-16	1.8708418e-16	-3.0400943e-18	0	-2.4549879e-17
6.00000000000024e-11	-4.7637343e-09	-5.3117746e-09	0.022387575	0.030613624	8.865517e-18	-1.4208505e-16	1.7826767e-16	-3.2676383e-18	0	-2.4049466e-17
7.000999999999771e-11	-7.124523e-09	-6.75565e-09	0.025063325	0.034976065	6.9268336e-18	-1.3658953e-16	1.710719e-16	-3.7496155e-18	0	-2.3805916e-17
8.000999999999302e-11	-9.696096e-09	-7.946583e-09	0.026502728	0.03900654	4.8168675e-18	-1.3205584e-16	1.6514498e-16	-4.4665776e-18	0	-2.3805705e-17
9.000999999998834e-11	-1.281571e-08	-1.0834333e-08	0.026974995	0.04241876	2.5657985e-18	-1.2783653e-16	1.5969845e-16	-5.3334463e-18	0	-2.3962678e-17
1.0000999999998365e-10	-1.7200032e-08	-1.4670616e-08	0.026877183	0.04513396	1.8716263e-19	-1.233368e-16	1.5396787e-16	-6.263556e-18	0	-2.4180357e-17
1.1000999999997896e-10	-2.1668667e-08	-2.0319645e-08	0.026669627	0.04703499	-2.3121003e-18	-1.1812583e-16	1.47391e-16	-7.187174e-18	0	-2.4390099e-17
1.2000999999997891e-10	-2.7106912e-08	-2.6516716e-08	0.026836688	0.04778483	-4.9148652e-18	-1.120543e-16	1.3975668e-16	-8.1149305e-18	0	-2.4502312e-17
1.3000999999998715e-10	-3.345153e-08	-3.334614e-08	0.027547635	0.047081277	-7.6041986e-18	-1.0510104e-16	1.310211e-16	-9.117816e-18	0	-2.4406437e-17
1.400099999999954e-10	-3.9880465e-08	-4.0470663e-08	0.028492305	0.045634557	-1.0355136e-17	-9.7012424e-17	1.2087384e-16	-1.00253645e-17	0	-2.4191191e-17
1.5000000000000362e-10	-4.4686356e-08	-4.6204008e-08	0.029731428	0.04492556	-1.3037747e-17	-8.7768594e-17	1.092829e-16	-1.0440617e-17	0	-2.4111438e-17
1.6000000000001186e-10	-4.8902052e-08	-4.919715e-08	0.03205853	0.044091955	-1.54717e-17	-7.8501604e-17	9.764022e-17	-1.0588127e-17	0	-2.4022189e-17
1.700000000000201e-10	-5.0208918e-08	-4.8311854e-08	0.034874875	0.041817937	-1.771733e-17	-7.006727e-17	8.705629e-17	-1.1050846e-17	0	-2.3655514e-17
1.8000000000002833e-10	-4.8438324e-08	-4.3590276e-08	0.0369658	0.040204246	-1.9896332e-17	-6.110836e-17	7.5787485e-17	-1.1108004e-17	0	-2.3467455e-17
1.9000000000003657e-10	-4.409616e-08	-3.667654e-08	0.038672872	0.03992252	-2.1964208e-17	-5.1541445e-17	6.370146e-17	-1.0557872e-17	0	-2.3566351e-17
2.000000000000448e-10	-3.7688306e-08	-2.7823582e-08	0.039688908	0.039254222	-2.4064163e-17	-4.262201e-17	5.2437328e-17	-1.0286775e-17	0	-2.3592702e-17
2.1000000000005304e-10	-2.8582406e-08	-1.7452974e-08	0.037540745	0.038975827	-2.6292164e-17	-3.4703486e-17	4.2466106e-17	-1.00662644e-17	0	-2.3988522e-17
2.2000000000006128e-10	-1.682062e-08	-5.2274607e-09	0.02875188	0.039450094	-2.8315196e-17	-2.9929072e-17	3.6558184e-17	-9.793974e-18	0	-2.5150337e-17
2.3000000000006952e-10	-2.5294165e-09	5.9441287e-09	0.015569477	0.039502364	-2.9862206e-17	-2.8767935e-17	3.52571e-17	-1.0092917e-17	0	-2.6258458e-17
2.4000000000005925e-10	1.3827477e-08	1.833827e-08	0.003859819	0.03845839	-3.1045524e-17	-2.8751382e-17	3.5342556e-17	-1.0877341e-17	0	-2.675936e-17
2.5000000000004163e-10	2.9720644e-08	3.073241e-08	-0.0039586094	0.036613315	-3.196781e-17	-2.8540037e-17	3.512891e-17	-1.17126e-17	0	-2.6844082e-17
2.60000000000024e-10	4.5655966e-08	4.274714e-08	-0.008305259	0.034522418	-3.2658087e-17	-2.8152546e-17	3.468483e-17	-1.2401889e-17	0	-2.6788482e-17
2.700000000000064e-10	6.1380504e-08	5.3244218e-08	-0.010380667	0.032576505	-3.3147953e-17	-2.7876374e-17	3.4387136e-17	-1.2910157e-17	0	-2.6748561e-17
2.800099999999888e-10	7.322661e-08	6.06533e-08	-0.011252311	0.0310431	-3.3483464e-17	-2.7829155e-17	3.4372048e-17	-1.3250275e-17	0	-2.6776078e-17
2.9000999999997117e-10	7.950799e-08	6.340404e-08	-0.011428354	0.02993277	-3.371165e-17	-2.7943802e-17	3.4541547e-17	-1.3452514e-17	0	-2.6856882e-17
3.0000999999995355e-10	7.891779e-08	5.98813e-08	-0.010945592	0.02913518	-3.3872024e-17	-2.80656e-17	3.4703344e-17	-1.3559438e-17	0	-2.6950329e-17
3.1000999999993594e-10	7.280504e-08	5.2617132e-08	-0.009852579	0.028663645	-3.3989497e-17	-2.8061262e-17	3.4700382e-17	-1.3605419e-17	0	-2.7023198e-17
3.2000999999991833e-10	6.188639e-08	4.0834266e-08	-0.008522876	0.028538842	-3.4078035e-17	-2.792787e-17	3.4527035e-17	-1.3614657e-17	0	-2.7062542e-17
3.300099999999007e-10	4.8733423e-08	2.6736723e-08	-0.0073605427	0.028694034	-3.4147137e-17	-2.7739983e-17	3.427334e-17	-1.3607105e-17	0	-2.707338e-17
3.400099999998831e-10	3.431575e-08	1.2520611e-08	-0.006464478	0.029023549	-3.420269e-17	-2.7570692e-17	3.4035266e-17	-1.3598595e-17	0	-2.7068673e-17
3.500099999998655e-10	1.9645135e-08	-2.8982897e-10	-0.005712878	0.029424597	-3.4247143e-17	-2.7480381e-17	3.3894305e-17	-1.3602509e-17	0	-2.7058555e-17
3.600099999998479e-10	7.124523e-09	-1.2394141e-08	-0.00498067	0.029807357	-3.428269e-17	-2.7504305e-17	3.3898083e-17	-1.3626841e-17	0	-2.704963e-17
3.7000999999983027e-10	-4.7637343e-09	-2.1700286e-08	-0.0042229216	0.030158991	-3.431143e-17	-2.764525e-17	3.4051608e-17	-1.3671573e-17	0	-2.7046214e-17
3.8000999999981266e-10	-1.3616692e-08	-2.8751034e-08	-0.003447478	0.030470764	-3.4334914e-17	-2.7890373e-17	3.433996e-17	-1.3735769e-17	0	-2.704873e-17
3.9000999999979505e-10	-1.8970624e-08	-3.4062808e-08	-0.0026720806	0.030728921	-3.4354932e-17	-2.8213112e-17	3.473073e-17	-1.381775e-17	0	-2.7054796e-17
4.0000999999977743e-10	-2.0952e-08	-3.6718696e-08	-0.0019034614	0.030957727	-3.4373024e-17	-2.8570554e-17	3.5170168e-17	-1.3911371e-17	0	-2.7061265e-17
4.100099999997598e-10	-2.1204942e-08	-3.817311e-08	-0.0011393802	0.031184731	-3.4389998e-17	-2.891658e-17	3.5599733e-17	-1.4007958e-17	0	-2.7065194e-17
4.200099999997422e-10	-1.9392193e-08	-3.6170654e-08	-0.00038326898	0.03143332	-3.4406247e-17	-2.9216916e-17	3.5975475e-17	-1.4100096e-17	0	-2.7064711e-17
4.300099999997246e-10	-1.627258e-08	-3.284026e-08	0.00034634388	0.03172172	-3.4422023e-17	-2.9454618e-17	3.6275447e-17	-1.4183342e-17	0	-2.7059511e-17
4.40009999999707e-10	-1.15088445e-08	-2.8582406e-08	0.0010200556	0.03206518	-3.4437752e-17	-2.962812e-17	3.6497187e-17	-1.425628e-17	0	-2.7050543e-17
4.5000999999968937e-10	-5.606873e-09	-2.4198084e-08	0.0016076062	0.032478467	-3.4454008e-17	-2.9746765e-17	3.6651992e-17	-1.4320215e-17	0	-2.7039019e-17
4.6000999999967176e-10	-4.6372636e-10	-1.930788e-08	0.0020863123	0.032966465	-3.447152e-17	-2.9826406e-17	3.6759215e-17	-1.4378761e-17	0	-2.7025567e-17
4.700099999996541e-10	2.908829e-09	-1.3110808e-08	0.002443962	0.03353322	-3.449102e-17	-2.9886737e-17	3.684304e-17	-1.4437414e-17	0	-2.7009907e-17
4.800099999996365e-10	8.26276e-09	-8.810801e-09	0.002676667	0.034187853	-3.451322e-17	-2.9950705e-17	3.6931682e-17	-1.4503183e-17	0	-2.6991014e-17
4.900099999996189e-10	1.0623549e-08	-5.64903e-09	0.0027852363	0.034938555	-3.4538797e-17	-3.0044778e-17	3.7057827e-17	-1.4584322e-17	0	-2.6967524e-17
5.000099999996013e-10	1.1551002e-08	-4.0049093e-09	0.0027725936	0.035796776	-3.4568463e-17	-3.0198465e-17	3.725801e-17	-1.4689886e-17	0	-2.6938118e-17
5.100099999995837e-10	1.2141199e-08	-4.7215774e-09	0.0026440283	0.036774144	-3.460296e-17	-3.0442056e-17	3.7569865e-17	-1.4829082e-17	0	-2.6901682e-17
5.200099999995661e-10	1.1930414e-08	-9.6117825e-09	0.0024094135	0.03788417	-3.4643234e-17	-3.0803366e-17	3.8028014e-17	-1.5010526e-17	0	-2.685736e-17
5.300099999995485e-10	9.021585e-09	-1.15088445e-08	0.002084725	0.03913269	-3.469035e-17	-3.130481e-17	3.8660572e-17	-1.5241556e-17	0	-2.6804556e-17
5.400099999995309e-10	7.925505e-09	-1.2141199e-08	0.001692151	0.040525563	-3.4745487e-17	-3.1961713e-17	3.9486955e-17	-1.5527778e-17	0	-2.6742953e-17
5.500099999995133e-10	6.407855e-09	-1.2351983e-08	0.0012582549	0.04206567	-3.480987e-17	-3.2781674e-17	4.0517182e-17	-1.5872746e-17	0	-2.667264e-17
5.600099999994956e-10	3.8362815e-09	-1.475493e-08	0.0008113623	0.043747548	-3.488469e-17	-3.3764692e-17	4.1751958e-17	-1.6277753e-17	0	-2.6594207e-17
5.70009999999478e-10	1.2225513e-09	-1.4206889e-08	0.00037859977	0.04556715	-3.4971026e-17	-3.490375e-17	4.318334e-17	-1.6741772e-17	0	-2.650884e-17
5.800099999994604e-10	-2.6558873e-09	-1.5176498e-08	-1.6850488e-05	0.04751258	-3.50698e-17	-3.618582e-17	4.4795837e-17	-1.7261517e-17	0	-2.6418298e-17
5.900099999994428e-10	-7.0402093e-09	-1.5134342e-08	-0.00035860465	0.04956851	-3.5181735e-17	-3.759344e-17	4.6568283e-17	-1.7831805e-17	0	-2.6324775e-17
6.000099999994252e-10	-1.3068652e-08	-1.5513754e-08	-0.0006398395	0.05172068	-3.5307275e-17	-3.9106998e-17	4.8476582e-17	-1.8446197e-17	0	-2.6230665e-17
6.100099999994076e-10	-1.8801996e-08	-1.5471597e-08	-0.0008644139	0.053954583	-3.544665e-17	-4.0707573e-17	5.0497074e-17	-1.9097903e-17	0	-2.613825e-17
6.2000999999939e-10	-2.6769657e-08	-1.8253955e-08	-0.0010453624	0.056256544	-3.5599812e-17	-4.2379563e-17	5.2609888e-17	-1.9780706e-17	0	-2.6049431e-17
6.300099999993724e-10	-3.3135354e-08	-1.8380426e-08	-0.0012001455	0.0586157	-3.5766482e-17	-4.411243e-17	5.4801123e-17	-2.0489659e-17	0	-2.5965519e-17
6.400099999993547e-10	-3.745644e-08	-1.9476508e-08	-0.0013443541	0.061024085	-3.5946212e-17	-4.5900725e-17	5.7063074e-17	-2.1221327e-17	0	-2.5887228e-17
6.500099999993371e-10	-3.9458897e-08	-2.0909843e-08	-0.001486578	0.063466184	-3.6138386e-17	-4.774227e-17	5.939214e-17	-2.1973441e-17	0	-2.5814808e-17
6.600099999993195e-10	-3.971184e-08	-2.3860828e-08	-0.0016269477	0.06592723	-3.6342256e-17	-4.9634748e-17	6.1784846e-17	-2.2744004e-17	0	-2.5748357e-17
6.700099999993019e-10	-3.5032418e-08	-2.4872595e-08	-0.0017603827	0.06837649	-3.6557002e-17	-5.157177e-17	6.4233116e-17	-2.3530124e-17	0	-2.5688221e-17
6.800099999992843e-10	-2.4619654e-08	-2.7486326e-08	-0.0018825765	0.07077758	-3.678157e-17	-5.353955e-17	6.6720157e-17	-2.4326808e-17	0	-2.5635361e-17
6.900099999992667e-10	-1.3131887e-08	-3.1364763e-08	-0.0019953842	0.07310143	-3.701475e-17	-5.551544e-17	6.921838e-17	-2.5126117e-17	0	-2.5591567e-17
7.000099999992491e-10	4.742656e-09	-3.8109874e-08	-0.0021085055	0.07531783	-3.725497e-17	-5.746858e-17	7.1689904e-17	-2.5916876e-17	0	-2.5559428e-17
7.100099999992315e-10	2.4092692e-08	-4.805891e-08	-0.002236931	0.07739828	-3.7500276e-17	-5.9362405e-17	7.408912e-17	-2.6685057e-17	0	-2.5541933e-17
7.200099999992138e-10	4.5466262e-08	-6.416286e-08	-0.0023953274	0.079316586	-3.77482e-17	-6.1158214e-17	7.636695e-17	-2.7415012e-17	0	-2.5541916e-17
7.300099999991962e-10	6.64815e-08	-8.456682e-08	-0.0025920535	0.08105028	-3.799589e-17	-6.2819325e-17	7.8476034e-17	-2.8091305e-17	0	-2.556129e-17
7.400099999991786e-10	8.431388e-08	-1.1382374e-07	-0.0028249791	0.082586356	-3.8240202e-17	-6.431529e-17	8.037653e-17	-2.8700944e-17	0	-2.5600495e-17
7.50009999999161e-10	9.181782e-08	-1.4847674e-07	-0.0030802204	0.083924055	-3.8478033e-17	-6.562589e-17	8.204144e-17	-2.923542e-17	0	-2.5658165e-17
7.600099999991434e-10	9.1269776e-08	-1.8616505e-07	-0.0033331022	0.08506978	-3.8706534e-17	-6.6743854e-17	8.3460565e-17	-2.9692032e-17	0	-2.5731207e-17
7.700099999991258e-10	7.874917e-08	-2.2250434e-07	-0.0035500336	0.086031504	-3.892345e-17	-6.767551e-17	8.464127e-17	-3.0073928e-17	0	-2.5815268e-17
7.800099999991082e-10	5.7038342e-08	-2.5842203e-07	-0.0036922537	0.086826384	-3.912726e-17	-6.843835e-17	8.560545e-17	-3.038896e-17	0	-2.5905398e-17
7.900099999990906e-10	2.9847115e-08	-2.8856425e-07	-0.003722494	0.08748632	-3.931728e-17	-6.9056214e-17	8.638352e-17	-3.0647677e-17	0	-2.5996905e-17
8.00009999999073e-10	1.7284346e-09	-3.0913685e-07	-0.0036147074	0.08802558	-3.9493543e-17	-6.955419e-17	8.700785e-17	-3.0861172e-17	0	-2.6086029e-17
8.100099999990553e-10	-2.2427493e-08	-3.151653e-07	-0.0033646366	0.08846225	-3.9656647e-17	-6.995513e-17	8.7508377e-17	-3.10395e-17	0	-2.617039e-17
8.200099999990377e-10	-4.0470663e-08	-3.068182e-07	-0.0029979995	0.08881441	-3.9807564e-17	-7.027847e-17	8.7910836e-17	-3.119088e-17	0	-2.6249048e-17
8.300099999990201e-10	-5.4466767e-08	-2.8160835e-07	-0.0025711716	0.08910138	-3.9947506e-17	-7.054071e-17	8.823707e-17	-3.13216e-17	0	-2.6322262e-17
8.400099999990025e-10	-6.3656984e-08	-2.472083e-07	-0.002161186	0.08934507	-4.0077536e-17	-7.0755355e-17	8.8504984e-17	-3.1436043e-17	0	-2.6391125e-17
8.500099999989849e-10	-6.7451104e-08	-2.0943568e-07	-0.0018454186	0.08955722	-4.0198705e-17	-7.093192e-17	8.8726986e-17	-3.153666e-17	0	-2.6457107e-17
8.600099999989673e-10	-6.9643264e-08	-1.7562581e-07	-0.001677234	0.089727096	-4.0311714e-17	-7.1075216e-17	8.8909224e-17	-3.162428e-17	0	-2.6521444e-17
8.700099999989497e-10	-6.677659e-08	-1.5050028e-07	-0.0016689481	0.08985792	-4.0417047e-17	-7.118656e-17	8.905308e-17	-3.169894e-17	0	-2.658462e-17
8.800099999989321e-10	-6.348835e-08	-1.3688359e-07	-0.0017915597	0.08996825	-4.0514936e-17	-7.126691e-17	8.915916e-17	-3.176101e-17	0	-2.6646166e-17
8.900099999989144e-10	-5.733344e-08	-1.408885e-07	-0.001991217	0.09006871	-4.060539e-17	-7.131946e-17	8.923089e-17	-3.1811927e-17	0	-2.6704884e-17
9.000099999988968e-10	-5.294912e-08	-1.5960617e-07	-0.0022122017	0.09016382	-4.0688356e-17	-7.135068e-17	8.9275876e-17	-3.185429e-17	0	-2.6759261e-17
9.100099999988792e-10	-5.4466767e-08	-1.8700818e-07	-0.0024149814	0.09024716	-4.0763752e-17	-7.136929e-17	8.9304775e-17	-3.1891356e-17	0	-2.6807883e-17
9.200099999988616e-10	-5.885109e-08	-2.159911e-07	-0.0025831081	0.090314284	-4.083168e-17	-7.1384416e-17	8.932889e-17	-3.192632e-17	0	-2.6849821e-17
9.30009999998844e-10	-6.9727584e-08	-2.3650044e-07	-0.002719691	0.09036396	-4.089243e-17	-7.14037e-17	8.935772e-17	-3.1961643e-17	0	-2.6884806e-17
9.400099999989161e-10	-8.288055e-08	-2.4491075e-07	-0.0028382312	0.09039258	-4.0946555e-17	-7.143183e-17	8.9397134e-17	-3.1998638e-17	0	-2.6913218e-17
9.50009999999002e-10	-9.2408015e-08	-2.3915632e-07	-0.00295256	0.09040008	-4.0994734e-17	-7.1470245e-17	8.944889e-17	-3.2037512e-17	0	-2.693587e-17
9.600099999990877e-10	-9.89845e-08	-2.1736119e-07	-0.0030697791	0.090388566	-4.1037754e-17	-7.15179e-17	8.9511636e-17	-3.207772e-17	0	-2.6953773e-17
9.700099999991735e-10	-1.0412764e-07	-1.8371995e-07	-0.0031877547	0.090359725	-4.1076416e-17	-7.157261e-17	8.958258e-17	-3.2118464e-17	0	-2.6967938e-17
9.800099999992593e-10	-1.05476666e-07	-1.3937084e-07	-0.0032968386	0.09031706	-4.1111442e-17	-7.163233e-17	8.96592e-17	-3.2159075e-17	0	-2.697924e-17
9.90009999999345e-10	-1.01809015e-07	-8.62531e-08	-0.003384205	0.09026406	-4.11435e-17	-7.169592e-17	8.974006e-17	-3.219926e-17	0	-2.6988384e-17
1.0000099999994308e-09	-9.084821e-08	-3.0922116e-08	-0.0034385158	0.09020744	-4.1173104e-17	-7.17631e-17	8.982489e-17	-3.2239017e-17	0	-2.6995881e-17
1.0100099999995166e-09	-7.617759e-08	2.3038767e-08	-0.0034532237	0.09014891	-4.1200682e-17	-7.1834164e-17	8.9914116e-17	-3.2278533e-17	0	-2.7002095e-17
1.0200099999996024e-09	-5.6448144e-08	7.337415e-08	-0.0034278585	0.09008831	-4.1226582e-17	-7.190935e-17	9.000801e-17	-3.2317976e-17	0	-2.7007265e-17
1.0300099999996882e-09	-3.1449076e-08	1.1763894e-07	-0.0033673695	0.09002731	-4.1251007e-17	-7.198831e-17	9.0106266e-17	-3.2357393e-17	0	-2.7011568e-17
1.040009999999774e-09	-3.5411831e-09	1.5229195e-07	-0.0032801442	0.08996687	-4.127422e-17	-7.2070037e-17	9.0207606e-17	-3.2396648e-17	0	-2.7015143e-17
1.0500099999998598e-09	2.6010833e-08	1.7760719e-07	-0.003175557	0.089906745	-4.129633e-17	-7.2152894e-17	9.031015e-17	-3.2435433e-17	0	-2.7018156e-17
1.0600099999999456e-09	5.6996186e-08	1.8949545e-07	-0.003061889	0.08984734	-4.131746e-17	-7.2235016e-17	9.0411675e-17	-3.2473337e-17	0	-2.7020773e-17
1.0700000000000313e-09	8.7138396e-08	1.9303663e-07	-0.0029451645	0.08978956	-4.1337676e-17	-7.231461e-17	9.0510003e-17	-3.2509892e-17	0	-2.7023182e-17
1.080000000000117e-09	1.15552176e-07	1.8452093e-07	-0.0028284215	0.08973619	-4.135705e-17	-7.2390394e-17	9.06037e-17	-3.2544822e-17	0	-2.702555e-17
1.0900000000002028e-09	1.3751594e-07	1.6609835e-07	-0.0027128835	0.089690566	-4.1375587e-17	-7.246142e-17	9.0691665e-17	-3.257782e-17	0	-2.7028012e-17
1.1000000000002886e-09	1.5496892e-07	1.3488113e-07	-0.002598486	0.08965413	-4.1393302e-17	-7.252733e-17	9.0773464e-17	-3.2608783e-17	0	-2.7030654e-17
1.1100000000003744e-09	1.6597187e-07	9.763548e-08	-0.0024849472	0.08962921	-4.1410167e-17	-7.258818e-17	9.084924e-17	-3.263772e-17	0	-2.7033503e-17
1.1200000000004602e-09	1.6711012e-07	5.524667e-08	-0.0023725117	0.08961863	-4.1426178e-17	-7.264442e-17	9.0919524e-17	-3.2664757e-17	0	-2.7036534e-17
1.130000000000546e-09	1.585101e-07	8.874036e-09	-0.0022623446	0.08961766	-4.1441388e-17	-7.26967e-17	9.098513e-17	-3.2690115e-17	0	-2.7039704e-17
1.1400000000006318e-09	1.4561007e-07	-4.234665e-08	-0.00215652	0.08962696	-4.1455807e-17	-7.274566e-17	9.1046784e-17	-3.2714004e-17	0	-2.7042925e-17
1.1500000000007175e-09	1.2954828e-07	-8.985752e-08	-0.0020578424	0.08964393	-4.1469466e-17	-7.27918e-17	9.1105084e-17	-3.273662e-17	0	-2.704613e-17
1.1600000000008033e-09	1.02483526e-07	-1.346071e-07	-0.0019693894	0.08966547	-4.148243e-17	-7.283551e-17	9.1160425e-17	-3.275811e-17	0	-2.7049246e-17
1.1700000000008891e-09	7.280504e-08	-1.7724886e-07	-0.0018940761	0.08968967	-4.1494718e-17	-7.2877e-17	9.121308e-17	-3.277857e-17	0	-2.7052222e-17
1.1800000000009749e-09	4.106086e-08	-2.104896e-07	-0.0018342023	0.089714825	-4.150643e-17	-7.291637e-17	9.1263036e-17	-3.279807e-17	0	-2.7055035e-17
1.1900000000010607e-09	7.841191e-09	-2.3420289e-07	-0.0017910711	0.089741215	-4.151758e-17	-7.2953604e-17	9.1310284e-17	-3.2816594e-17	0	-2.7057662e-17
1.2000000000011465e-09	-2.4282398e-08	-2.5544998e-07	-0.0017647884	0.08976847	-4.152823e-17	-7.2988624e-17	9.135465e-17	-3.283416e-17	0	-2.7060104e-17
1.2100000000012322e-09	-5.278049e-08	-2.672961e-07	-0.0017543273	0.089795046	-4.1538413e-17	-7.30213e-17	9.1395973e-17	-3.2850724e-17	0	-2.7062362e-17
1.220000000001318e-09	-7.25521e-08	-2.7265003e-07	-0.001757623	0.08981988	-4.154815e-17	-7.3051496e-17	9.1434063e-17	-3.2866265e-17	0	-2.7064446e-17
1.2300000000014038e-09	-9.000507e-08	-2.6877157e-07	-0.0017719531	0.08984229	-4.155745e-17	-7.307908e-17	9.146876e-17	-3.288078e-17	0	-2.7066352e-17
1.2400000000014896e-09	-1.00923714e-07	-2.6015047e-07	-0.0017943117	0.08986082	-4.156639e-17	-7.3103966e-17	9.149992e-17	-3.2894263e-17	0	-2.7068083e-17
1.2500000000015754e-09	-1.0197764e-07	-2.4777742e-07	-0.0018217774	0.089874536	-4.1574964e-17	-7.3126134e-17	9.1527555e-17	-3.290675e-17	0	-2.7069633e-17
1.2600000000016612e-09	-1.03073724e-07	-2.2646708e-07	-0.0018518738	0.08988284	-4.1583187e-17	-7.314562e-17	9.155173e-17	-3.2918284e-17	0	-2.7071003e-17
1.270000000001747e-09	-1.0111342e-07	-2.0304891e-07	-0.0018827434	0.08988562	-4.159109e-17	-7.316254e-17	9.157256e-17	-3.292893e-17	0	-2.707219e-17
1.2800000000018327e-09	-9.0742816e-08	-1.7948318e-07	-0.0019131259	0.08988269	-4.159869e-17	-7.3177056e-17	9.1590314e-17	-3.293876e-17	0	-2.7073196e-17
1.2900000000019185e-09	-7.784279e-08	-1.572243e-07	-0.0019423106	0.08987413	-4.1606027e-17	-7.3189344e-17	9.160519e-17	-3.2947848e-17	0	-2.7074035e-17
1.3000000000020043e-09	-6.428934e-08	-1.3436471e-07	-0.001970004	0.08985964	-4.161311e-17	-7.319965e-17	9.1617525e-17	-3.2956282e-17	0	-2.7074712e-17
1.3100000000020901e-09	-5.0272153e-08	-1.1489874e-07	-0.0019961318	0.08983932	-4.1619973e-17	-7.3208204e-17	9.1627604e-17	-3.2964127e-17	0	-2.7075248e-17
1.3200000000021759e-09	-3.3430453e-08	-9.725606e-08	-0.0020208084	0.08981393	-4.16266e-17	-7.321521e-17	9.163573e-17	-3.2971456e-17	0	-2.7075665e-17
1.3300000000022617e-09	-2.3460338e-08	-8.5504816e-08	-0.00204422	0.089783505	-4.163302e-17	-7.3220916e-17	9.164219e-17	-3.2978315e-17	0	-2.7075979e-17
1.3400000000023475e-09	-1.2309827e-08	-7.431215e-08	-0.0020665696	0.08974882	-4.1639233e-17	-7.32255e-17	9.1647264e-17	-3.298477e-17	0	-2.707622e-17
1.3500000000024332e-09	-1.7705916e-09	-6.63761e-08	-0.0020880199	0.08971032	-4.1645278e-17	-7.322916e-17	9.1651155e-17	-3.299085e-17	0	-2.7076414e-17
1.360000000002519e-09	9.8014885e-09	-6.186531e-08	-0.0021087253	0.089668386	-4.1651128e-17	-7.323205e-17	9.1654093e-17	-3.299659e-17	0	-2.7076581e-17
1.3700000000026048e-09	1.4375517e-08	-5.9462366e-08	-0.0021287543	0.08962357	-4.1656802e-17	-7.323431e-17	9.1656264e-17	-3.3002005e-17	0	-2.7076745e-17
1.3800000000026906e-09	1.749513e-08	-5.8787855e-08	-0.0021481507	0.08957634	-4.1662295e-17	-7.323604e-17	9.16578e-17	-3.3007127e-17	0	-2.7076927e-17
1.3900000000027764e-09	2.162651e-08	-5.8598147e-08	-0.0021669508	0.08952749	-4.166762e-17	-7.323735e-17	9.165883e-17	-3.301196e-17	0	-2.707714e-17
1.4000000000028622e-09	2.440887e-08	-6.167561e-08	-0.0021852439	0.089477524	-4.1672777e-17	-7.323832e-17	9.165948e-17	-3.301653e-17	0	-2.7077395e-17
1.410000000002948e-09	2.5800048e-08	-6.521679e-08	-0.0022031157	0.08942653	-4.1677743e-17	-7.323902e-17	9.165981e-17	-3.3020835e-17	0	-2.70777e-17
1.4200000000030337e-09	2.8687799e-08	-6.620748e-08	-0.0022205375	0.08937518	-4.1682548e-17	-7.323948e-17	9.1659884e-17	-3.3024898e-17	0	-2.7078053e-17
1.4300000000031195e-09	3.267163e-08	-6.960111e-08	-0.002237559	0.089323804	-4.1687167e-17	-7.3239756e-17	9.165978e-17	-3.3028726e-17	0	-2.7078464e-17
1.4400000000032053e-09	3.6360362e-08	-6.823101e-08	-0.002254196	0.08927235	-4.16916e-17	-7.323987e-17	9.1659506e-17	-3.3032336e-17	0	-2.707891e-17
1.450000000003291e-09	3.817311e-08	-6.7978064e-08	-0.0022703805	0.08922091	-4.1695872e-17	-7.323982e-17	9.1659076e-17	-3.303573e-17	0	-2.7079395e-17
1.4600000000033769e-09	3.747752e-08	-6.610208e-08	-0.0022860453	0.08916964	-4.169997e-17	-7.3239624e-17	9.165849e-17	-3.303893e-17	0	-2.70799e-17
1.4700000000034627e-09	3.692948e-08	-6.5132475e-08	-0.0023011018	0.08911841	-4.1703902e-17	-7.323927e-17	9.165773e-17	-3.304194e-17	0	-2.7080418e-17
1.4800000000035485e-09	3.5453986e-08	-6.4984924e-08	-0.0023153436	0.08906744	-4.1707654e-17	-7.323876e-17	9.1656807e-17	-3.3044774e-17	0	-2.7080935e-17
1.4900000000036342e-09	3.3177514e-08	-6.673444e-08	-0.0023286184	0.08901647	-4.1711267e-17	-7.3238055e-17	9.165567e-17	-3.3047434e-17	0	-2.7081445e-17
1.50000000000372e-09	3.3261827e-08	-6.532218e-08	-0.002340761	0.08896594	-4.171472e-17	-7.323715e-17	9.16543e-17	-3.3049935e-17	0	-2.7081933e-17
1.5100000000038058e-09	3.5074574e-08	-6.675552e-08	-0.00235155	0.088915825	-4.1718037e-17	-7.323601e-17	9.165265e-17	-3.3052284e-17	0	-2.7082396e-17
1.5200000000038916e-09	3.688732e-08	-6.127512e-08	-0.0023608918	0.08886614	-4.1721223e-17	-7.32346e-17	9.1650685e-17	-3.3054475e-17	0	-2.7082821e-17
1.5300000000039774e-09	3.9775074e-08	-5.689079e-08	-0.002368665	0.0888167	-4.1724277e-17	-7.323293e-17	9.1648376e-17	-3.305652e-17	0	-2.7083208e-17
1.5400000000040632e-09	4.198831e-08	-5.235892e-08	-0.0023748053	0.0887675	-4.1727232e-17	-7.323093e-17	9.1645676e-17	-3.3058415e-17	0	-2.7083563e-17
1.550000000004149e-09	4.6730968e-08	-4.8975824e-08	-0.0023792107	0.08871868	-4.173004e-17	-7.322857e-17	9.164255e-17	-3.306017e-17	0	-2.708387e-17
1.5600000000042347e-09	4.8037833e-08	-4.656234e-08	-0.00238196	0.08867005	-4.173281e-17	-7.3225886e-17	9.1639e-17	-3.3061774e-17	0	-2.7084143e-17
1.5700000000043205e-09	4.991382e-08	-4.4433417e-08	-0.002383094	0.088621445	-4.1735467e-17	-7.3222835e-17	9.163499e-17	-3.306325e-17	0	-2.7084378e-17
1.5800000000044063e-09	5.872462e-08	-4.1398117e-08	-0.0023827099	0.088572755	-4.1738065e-17	-7.321941e-17	9.16305e-17	-3.306457e-17	0	-2.7084575e-17
1.590000000004492e-09	6.298247e-08	-3.832066e-08	-0.0023809876	0.08852391	-4.1740563e-17	-7.321558e-17	9.162553e-17	-3.3065767e-17	0	-2.7084742e-17
1.6000000000045779e-09	6.570159e-08	-4.1018705e-08	-0.002377985	0.08847492	-4.1743008e-17	-7.321142e-17	9.16201e-17	-3.3066826e-17	0	-2.708488e-17
1.6100000000046637e-09	7.048641e-08	-4.078684e-08	-0.0023738109	0.08842591	-4.1745403e-17	-7.3206894e-17	9.161423e-17	-3.306776e-17	0	-2.7084995e-17
1.6200000000047495e-09	7.3648174e-08	-3.874223e-08	-0.0023686402	0.08837681	-4.1747766e-17	-7.320205e-17	9.1607957e-17	-3.3068583e-17	0	-2.7085091e-17
1.6300000000048352e-09	7.836975e-08	-3.6297127e-08	-0.002362599	0.08832757	-4.1750052e-17	-7.31969e-17	9.160132e-17	-3.3069298e-17	0	-2.7085172e-17
1.640000000004921e-09	8.1531525e-08	-3.3599083e-08	-0.0023558375	0.088278495	-4.1752302e-17	-7.319151e-17	9.159436e-17	-3.306992e-17	0	-2.7085237e-17
1.6500000000050068e-09	8.911977e-08	-2.7359855e-08	-0.002348457	0.08822968	-4.1754512e-17	-7.3185883e-17	9.1587125e-17	-3.3070463e-17	0	-2.708529e-17
1.6600000000050926e-09	9.7340376e-08	-2.3207395e-08	-0.0023405445	0.08818113	-4.1756703e-17	-7.31801e-17	9.1579674e-17	-3.3070936e-17	0	-2.7085336e-17
1.6700000000051784e-09	9.908989e-08	-1.9792683e-08	-0.0023322385	0.08813295	-4.175888e-17	-7.3174223e-17	9.157209e-17	-3.307136e-17	0	-2.7085377e-17
1.6800000000052642e-09	1.0450706e-07	-1.749513e-08	-0.0023236235	0.08808528	-4.176099e-17	-7.316825e-17	9.156441e-17	-3.307174e-17	0	-2.708541e-17
1.69000000000535e-09	1.0530804e-07	-1.3553456e-08	-0.0023148172	0.08803793	-4.176307e-17	-7.316225e-17	9.1556724e-17	-3.30721e-17	0	-2.708544e-17
1.7000000000054357e-09	1.0625657e-07	-1.5893166e-08	-0.002305897	0.08799091	-4.1765156e-17	-7.315629e-17	9.1549055e-17	-3.3072454e-17	0	-2.7085472e-17
1.7100000000055215e-09	1.0724726e-07	-1.1382374e-08	-0.0022969344	0.087944224	-4.1767205e-17	-7.315041e-17	9.1541504e-17	-3.3072805e-17	0	-2.7085496e-17
1.7200000000056073e-09	1.1449825e-07	-1.2984338e-08	-0.0022879979	0.08789805	-4.1769226e-17	-7.314463e-17	9.15341e-17	-3.3073172e-17	0	-2.7085521e-17
1.730000000005693e-09	1.1838723e-07	-1.5366204e-08	-0.002279177	0.08785244	-4.1771248e-17	-7.313901e-17	9.152688e-17	-3.3073573e-17	0	-2.7085543e-17
1.7400000000057789e-09	1.2096935e-07	-1.4965714e-08	-0.002270515	0.08780763	-4.1773243e-17	-7.3133566e-17	9.1519905e-17	-3.3074006e-17	0	-2.7085566e-17
1.7500000000058647e-09	1.2062155e-07	-1.2083233e-08	-0.0022621176	0.087763876	-4.1775212e-17	-7.312832e-17	9.1513175e-17	-3.3074483e-17	0	-2.7085586e-17
1.7600000000059504e-09	1.2397302e-07	-1.14298e-08	-0.0022540041	0.087720916	-4.1777177e-17	-7.312331e-17	9.1506756e-17	-3.307501e-17	0	-2.7085607e-17
1.7700000000060362e-09	1.2834681e-07	-1.2415219e-08	-0.0022462741	0.08767844	-4.1779132e-17	-7.311855e-17	9.150064e-17	-3.3075598e-17	0	-2.7085627e-17
1.780000000006122e-09	1.3526055e-07	-1.2720857e-08	-0.0022388422	0.0876365	-4.1781065e-17	-7.311406e-17	9.1494884e-17	-3.307625e-17	0	-2.7085644e-17
1.7900000000062078e-09	1.3825368e-07	-1.1424531e-08	-0.0022318678	0.087595165	-4.1782994e-17	-7.3109816e-17	9.148944e-17	-3.3076958e-17	0	-2.7085659e-17
1.8000000000062936e-09	1.432282e-07	-8.0941325e-09	-0.0022253017	0.087554656	-4.178492e-17	-7.3105845e-17	9.148434e-17	-3.3077735e-17	0	-2.7085672e-17
1.8100000000063794e-09	1.4829757e-07	-4.4475574e-09	-0.0022191808	0.08751492	-4.1786835e-17	-7.3102146e-17	9.147959e-17	-3.3078592e-17	0	-2.7085685e-17
1.8200000000064652e-09	1.5231302e-07	-7.1456014e-09	-0.0022134962	0.08747576	-4.178874e-17	-7.309874e-17	9.1475204e-17	-3.3079515e-17	0	-2.7085693e-17
1.830000000006551e-09	1.5397822e-07	-8.231143e-09	-0.0022082748	0.08743699	-4.1790634e-17	-7.309559e-17	9.1471154e-17	-3.3080504e-17	0	-2.7085703e-17
1.8400000000066367e-09	1.5003656e-07	-9.664479e-09	-0.0022034138	0.08739887	-4.1792543e-17	-7.309268e-17	9.146742e-17	-3.308157e-17	0	-2.708571e-17
1.8500000000067225e-09	1.4445075e-07	-8.078324e-09	-0.002198961	0.08736155	-4.179444e-17	-7.3090056e-17	9.146404e-17	-3.308271e-17	0	-2.7085712e-17
1.8600000000068083e-09	1.4436644e-07	-8.486719e-09	-0.002194992	0.08732482	-4.179635e-17	-7.308768e-17	9.146096e-17	-3.3083922e-17	0	-2.7085707e-17
1.870000000006742e-09	1.45589e-07	-9.495851e-09	-0.0021914125	0.08728882	-4.1798244e-17	-7.3085517e-17	9.145818e-17	-3.30852e-17	0	-2.7085703e-17
1.880000000006621e-09	1.4400811e-07	-1.1661664e-08	-0.0021882073	0.087253675	-4.180018e-17	-7.308362e-17	9.145568e-17	-3.3086553e-17	0	-2.7085693e-17
1.8900000000065e-09	1.4327037e-07	-7.137697e-09	-0.0021853384	0.08721937	-4.1802092e-17	-7.308194e-17	9.145352e-17	-3.308799e-17	0	-2.708568e-17
1.900000000006379e-09	1.3842231e-07	-7.706816e-09	-0.0021827049	0.08718585	-4.180402e-17	-7.308051e-17	9.1451646e-17	-3.308949e-17	0	-2.7085662e-17
1.910000000006258e-09	1.3587182e-07	-4.1471893e-09	-0.0021803284	0.087152876	-4.1805956e-17	-7.307928e-17	9.145004e-17	-3.3091073e-17	0	-2.708564e-17
1.920000000006137e-09	1.3445957e-07	-2.9799687e-09	-0.002178259	0.08712035	-4.180792e-17	-7.307828e-17	9.1448695e-17	-3.3092727e-17	0	-2.7085612e-17
1.930000000006016e-09	1.3423823e-07	4.4001308e-10	-0.0021764587	0.08708812	-4.1809897e-17	-7.307749e-17	9.144762e-17	-3.309446e-17	0	-2.7085578e-17
1.940000000005895e-09	1.3838016e-07	-1.05392355e-10	-0.0021748513	0.08705635	-4.181189e-17	-7.3076914e-17	9.1446855e-17	-3.3096287e-17	0	-2.7085541e-17
1.950000000005774e-09	1.336375e-07	8.568398e-09	-0.0021734477	0.087025404	-4.181388e-17	-7.3076557e-17	9.1446365e-17	-3.3098193e-17	0	-2.7085496e-17
1.960000000005653e-09	1.329103e-07	4.271025e-09	-0.0021721718	0.08699524	-4.1815922e-17	-7.3076424e-17	9.1446134e-17	-3.3100188e-17	0	-2.7085444e-17
1.9700000000055318e-09	1.2657621e-07	6.5264216e-09	-0.0021709763	0.08696601	-4.1817984e-17	-7.3076523e-17	9.1446206e-17	-3.3102282e-17	0	-2.7085384e-17
1.9800000000054108e-09	1.2861028e-07	8.481449e-09	-0.0021699083	0.08693778	-4.1820075e-17	-7.3076874e-17	9.144659e-17	-3.3104473e-17	0	-2.7085318e-17
1.9900000000052898e-09	1.2788308e-07	9.314049e-09	-0.0021690067	0.08691014	-4.18222e-17	-7.3077457e-17	9.144728e-17	-3.3106772e-17	0	-2.7085247e-17
2.0000000000051688e-09	1.2479508e-07	7.949218e-09	-0.0021682521	0.08688359	-4.1824356e-17	-7.3078284e-17	9.144828e-17	-3.3109184e-17	0	-2.7085167e-17
2.0100000000050478e-09	1.270294e-07	2.7586449e-09	-0.0021675914	0.08685791	-4.1826553e-17	-7.307941e-17	9.144965e-17	-3.311172e-17	0	-2.7085076e-17
2.0200000000049267e-09	1.2740881e-07	9.379919e-09	-0.002167106	0.08683312	-4.1828783e-17	-7.3080805e-17	9.145138e-17	-3.311438e-17	0	-2.708498e-17
2.0300000000048057e-09	1.3284179e-07	8.642173e-09	-0.0021667788	0.08680937	-4.183105e-17	-7.308251e-17	9.1453505e-17	-3.3117172e-17	0	-2.7084871e-17
2.0400000000046847e-09	1.3099215e-07	1.4011913e-08	-0.002166585	0.08678689	-4.183339e-17	-7.308454e-17	9.145602e-17	-3.3120117e-17	0	-2.7084757e-17
2.0500000000045637e-09	1.2942708e-07	1.997185e-08	-0.0021665294	0.08676571	-4.1835768e-17	-7.30869e-17	9.145898e-17	-3.312321e-17	0	-2.7084635e-17
2.0600000000044427e-09	1.2934277e-07	2.8081793e-08	-0.0021666142	0.08674575	-4.1838206e-17	-7.308962e-17	9.1462386e-17	-3.312647e-17	0	-2.70845e-17
2.0700000000043217e-09	1.2466334e-07	3.5201044e-08	-0.0021668437	0.08672725	-4.184071e-17	-7.309274e-17	9.1466304e-17	-3.312991e-17	0	-2.7084358e-17
2.0800000000042007e-09	1.233354e-07	3.5338054e-08	-0.0021672233	0.08670975	-4.1843252e-17	-7.309628e-17	9.1470764e-17	-3.313353e-17	0	-2.7084204e-17
2.0900000000040797e-09	1.229112e-07	3.7287816e-08	-0.0021677664	0.086693525	-4.1845886e-17	-7.3100234e-17	9.147574e-17	-3.3137348e-17	0	-2.708404e-17
2.1000000000039587e-09	1.3016219e-07	3.6866243e-08	-0.0021685718	0.08667898	-4.184858e-17	-7.310464e-17	9.14813e-17	-3.3141375e-17	0	-2.7083867e-17
2.1100000000038377e-09	1.285049e-07	3.3114276e-08	-0.0021695388	0.08666563	-4.1851355e-17	-7.310954e-17	9.1487486e-17	-3.3145623e-17	0	-2.7083682e-17
2.1200000000037166e-09	1.2514025e-07	3.6824087e-08	-0.0021707336	0.08665342	-4.1854207e-17	-7.311494e-17	9.14943e-17	-3.3150094e-17	0	-2.7083491e-17
2.1300000000035956e-09	1.2319839e-07	4.602484e-08	-0.0021721777	0.08664259	-4.1857155e-17	-7.312086e-17	9.1501786e-17	-3.31548e-17	0	-2.7083288e-17
2.1400000000034746e-09	1.236463e-07	4.7300087e-08	-0.0021739122	0.08663347	-4.186017e-17	-7.3127345e-17	9.151001e-17	-3.3159758e-17	0	-2.7083078e-17
2.1500000000033536e-09	1.3202764e-07	5.3707943e-08	-0.0021759334	0.086626425	-4.186329e-17	-7.313441e-17	9.151896e-17	-3.316498e-17	0	-2.7082856e-17
2.1600000000032326e-09	1.3701533e-07	4.5497877e-08	-0.002178184	0.08662146	-4.1866503e-17	-7.314207e-17	9.152864e-17	-3.3170455e-17	0	-2.708263e-17
2.1700000000031116e-09	1.3531324e-07	4.439126e-08	-0.0021806986	0.08661834	-4.1869805e-17	-7.315033e-17	9.153911e-17	-3.3176203e-17	0	-2.7082398e-17
2.1800000000029906e-09	1.2829675e-07	4.4475573e-08	-0.0021835538	0.08661686	-4.1873203e-17	-7.3159215e-17	9.1550385e-17	-3.318222e-17	0	-2.7082158e-17
2.1900000000028696e-09	1.3102904e-07	4.257851e-08	-0.002186714	0.0866168	-4.187671e-17	-7.3168724e-17	9.156245e-17	-3.318852e-17	0	-2.7081916e-17
2.2000000000027486e-09	1.3449117e-07	5.3202058e-08	-0.0021902288	0.0866183	-4.1880307e-17	-7.3178875e-17	9.157534e-17	-3.3195095e-17	0	-2.7081675e-17
2.2100000000026276e-09	1.3718396e-07	5.3581473e-08	-0.002194034	0.08662084	-4.1884e-17	-7.318965e-17	9.158902e-17	-3.3201938e-17	0	-2.7081432e-17
2.2200000000025065e-09	1.3352684e-07	5.1536862e-08	-0.0021981392	0.08662455	-4.188781e-17	-7.320105e-17	9.160348e-17	-3.3209052e-17	0	-2.7081192e-17
2.2300000000023855e-09	1.3440686e-07	4.9365777e-08	-0.0022025732	0.0866294	-4.1891685e-17	-7.321306e-17	9.1618756e-17	-3.3216427e-17	0	-2.7080955e-17
2.2400000000022645e-09	1.4098072e-07	4.5276554e-08	-0.0022073532	0.086635366	-4.1895686e-17	-7.3225674e-17	9.163478e-17	-3.322405e-17	0	-2.708073e-17
2.2500000000021435e-09	1.3842758e-07	4.106086e-08	-0.0022124879	0.08664249	-4.1899752e-17	-7.3238836e-17	9.16515e-17	-3.3231908e-17	0	-2.7080512e-17
2.2600000000020225e-09	1.4105713e-07	4.230449e-08	-0.0022179233	0.08665034	-4.1903924e-17	-7.325252e-17	9.1668883e-17	-3.3239978e-17	0	-2.7080308e-17
2.2700000000019015e-09	1.4366032e-07	4.687852e-08	-0.0022235995	0.086658746	-4.190817e-17	-7.3266676e-17	9.168687e-17	-3.3248243e-17	0	-2.7080123e-17
2.2800000000017805e-09	1.5756157e-07	4.325302e-08	-0.0022295555	0.086667374	-4.191248e-17	-7.328126e-17	9.170541e-17	-3.325668e-17	0	-2.7079953e-17
2.2900000000016595e-09	1.6596134e-07	4.989274e-08	-0.0022357304	0.08667582	-4.1916848e-17	-7.32962e-17	9.1724404e-17	-3.326525e-17	0	-2.7079805e-17
2.3000000000015385e-09	1.6711012e-07	5.014568e-08	-0.0022420788	0.08668451	-4.1921262e-17	-7.331143e-17	9.1743786e-17	-3.327394e-17	0	-2.7079681e-17
2.3100000000014175e-09	1.6913364e-07	4.6962832e-08	-0.0022486316	0.08669304	-4.1925732e-17	-7.332688e-17	9.1763433e-17	-3.32827e-17	0	-2.707959e-17
2.3200000000012965e-09	1.7088315e-07	5.0398622e-08	-0.0022553434	0.08670098	-4.1930235e-17	-7.3342485e-17	9.1783286e-17	-3.3291508e-17	0	-2.7079524e-17
2.3300000000011754e-09	1.7799714e-07	5.0925586e-08	-0.0022622102	0.086708434	-4.1934745e-17	-7.335814e-17	9.1803204e-17	-3.3300323e-17	0	-2.7079488e-17
2.3400000000010544e-09	1.8319298e-07	4.3463807e-08	-0.0022691062	0.08671552	-4.1939275e-17	-7.337376e-17	9.1823076e-17	-3.3309107e-17	0	-2.7079488e-17
2.3500000000009334e-09	1.9158222e-07	4.90496e-08	-0.0022760073	0.08672182	-4.194379e-17	-7.338928e-17	9.184283e-17	-3.3317823e-17	0	-2.7079521e-17
2.3600000000008124e-09	1.9917047e-07	4.6541263e-08	-0.0022829273	0.08672725	-4.1948288e-17	-7.340462e-17	9.186236e-17	-3.332645e-17	0	-2.7079585e-17
2.3700000000006914e-09	2.0467195e-07	4.2936843e-08	-0.002289843	0.086731635	-4.1952774e-17	-7.3419684e-17	9.1881535e-17	-3.333493e-17	0	-2.7079685e-17
2.3800000000005704e-09	2.1689746e-07	4.656234e-08	-0.0022967402	0.08673493	-4.1957195e-17	-7.3434415e-17	9.1900295e-17	-3.334325e-17	0	-2.7079817e-17
2.3900000000004494e-09	2.191634e-07	4.3695668e-08	-0.002303544	0.08673718	-4.1961566e-17	-7.3448735e-17	9.1918527e-17	-3.3351376e-17	0	-2.707998e-17
2.4000000000003284e-09	2.2804797e-07	3.794125e-08	-0.002310243	0.08673844	-4.1965873e-17	-7.346257e-17	9.193614e-17	-3.3359278e-17	0	-2.7080171e-17
2.4100000000002074e-09	2.334546e-07	4.384322e-08	-0.0023168712	0.08673857	-4.1970102e-17	-7.3475886e-17	9.195311e-17	-3.3366934e-17	0	-2.7080396e-17
2.4200000000000864e-09	2.415382e-07	3.7688306e-08	-0.0023233986	0.08673789	-4.1974225e-17	-7.348864e-17	9.1969375e-17	-3.3374326e-17	0	-2.7080641e-17
2.4300099999999652e-09	2.466181e-07	4.021772e-08	-0.0023298163	0.08673629	-4.1978294e-17	-7.35008e-17	9.198488e-17	-3.338145e-17	0	-2.7080912e-17
2.4400099999998442e-09	2.5073894e-07	3.874223e-08	-0.0023360513	0.08673356	-4.1982222e-17	-7.35123e-17	9.199955e-17	-3.338827e-17	0	-2.70812e-17
2.450009999999723e-09	2.5566078e-07	4.4728516e-08	-0.0023421089	0.08672975	-4.198606e-17	-7.3523175e-17	9.2013414e-17	-3.339479e-17	0	-2.7081503e-17
2.460009999999602e-09	2.6211077e-07	4.9534407e-08	-0.0023479513	0.086725265	-4.1989782e-17	-7.353339e-17	9.202644e-17	-3.3401007e-17	0	-2.7081822e-17
2.470009999999481e-09	2.675174e-07	5.029323e-08	-0.0023536477	0.086720094	-4.1993386e-17	-7.3542954e-17	9.2038627e-17	-3.3406917e-17	0	-2.7082151e-17
2.48000999999936e-09	2.7366178e-07	5.6068732e-08	-0.002359154	0.08671423	-4.1996863e-17	-7.3551874e-17	9.2050015e-17	-3.3412515e-17	0	-2.7082486e-17
2.490009999999239e-09	2.7810933e-07	5.387657e-08	-0.0023644557	0.086707614	-4.2000225e-17	-7.356016e-17	9.2060596e-17	-3.3417822e-17	0	-2.708283e-17
2.500009999999118e-09	2.8072307e-07	5.5900102e-08	-0.0023695363	0.08670081	-4.2003444e-17	-7.356785e-17	9.2070403e-17	-3.3422828e-17	0	-2.7083172e-17
2.510009999998997e-09	2.882481e-07	5.598442e-08	-0.0023744614	0.08669378	-4.2006538e-17	-7.3574956e-17	9.207948e-17	-3.342755e-17	0	-2.7083515e-17
2.520009999998876e-09	2.9764908e-07	5.95256e-08	-0.0023791885	0.086686544	-4.2009516e-17	-7.3581494e-17	9.208783e-17	-3.343199e-17	0	-2.7083859e-17
2.530009999998755e-09	2.9933537e-07	5.969423e-08	-0.0023836582	0.08667944	-4.2012364e-17	-7.358752e-17	9.2095523e-17	-3.343616e-17	0	-2.7084194e-17
2.540009999998634e-09	3.0323488e-07	5.4466767e-08	-0.002387948	0.08667241	-4.201506e-17	-7.359307e-17	9.2102624e-17	-3.3440087e-17	0	-2.708453e-17
2.550009999998513e-09	3.028344e-07	6.114864e-08	-0.0023920035	0.08666542	-4.201768e-17	-7.359817e-17	9.210911e-17	-3.3443763e-17	0	-2.7084858e-17
2.560009999998392e-09	3.082094e-07	6.4584434e-08	-0.0023958012	0.08665856	-4.2020156e-17	-7.3602835e-17	9.211506e-17	-3.34472e-17	0	-2.7085177e-17
2.570009999998271e-09	3.201609e-07	7.877024e-08	-0.0023994264	0.08665199	-4.2022492e-17	-7.360712e-17	9.212055e-17	-3.345043e-17	0	-2.7085491e-17
2.58000999999815e-09	3.197393e-07	7.982417e-08	-0.0024028597	0.08664573	-4.2024742e-17	-7.3611074e-17	9.212558e-17	-3.3453444e-17	0	-2.7085798e-17
2.590009999998029e-09	3.184746e-07	8.4735454e-08	-0.0024060558	0.08663994	-4.2026876e-17	-7.361471e-17	9.21302e-17	-3.3456276e-17	0	-2.7086092e-17
2.600009999997908e-09	3.1360548e-07	9.038448e-08	-0.0024090018	0.08663461	-4.202887e-17	-7.3618055e-17	9.213449e-17	-3.345893e-17	0	-2.7086378e-17
2.610009999997787e-09	3.1862217e-07	1.08743826e-07	-0.0024117965	0.08662985	-4.2030794e-17	-7.3621166e-17	9.2138444e-17	-3.3461415e-17	0	-2.7086658e-17
2.620009999997666e-09	3.1434323e-07	1.211169e-07	-0.0024144126	0.08662568	-4.20326e-17	-7.362407e-17	9.214214e-17	-3.346375e-17	0	-2.7086924e-17
2.630009999997545e-09	3.103594e-07	1.1835561e-07	-0.0024168305	0.08662217	-4.2034318e-17	-7.362679e-17	9.2145584e-17	-3.346594e-17	0	-2.708718e-17
2.640009999997424e-09	3.0783e-07	1.2427866e-07	-0.0024190384	0.08661941	-4.2035946e-17	-7.362935e-17	9.2148833e-17	-3.3468002e-17	0	-2.7087425e-17
2.650009999997303e-09	3.1088635e-07	1.3273113e-07	-0.002421085	0.08661737	-4.2037484e-17	-7.363178e-17	9.2151924e-17	-3.3469958e-17	0	-2.708766e-17
2.660009999997182e-09	3.2199472e-07	1.4455615e-07	-0.0024229493	0.08661593	-4.2038937e-17	-7.363411e-17	9.215487e-17	-3.3471807e-17	0	-2.7087887e-17
2.670009999997061e-09	3.17505e-07	1.5208117e-07	-0.0024246082	0.08661518	-4.2040293e-17	-7.3636366e-17	9.215774e-17	-3.3473567e-17	0	-2.7088099e-17
2.68000999999694e-09	3.1552364e-07	1.6474932e-07	-0.002426083	0.086615056	-4.2041594e-17	-7.363857e-17	9.2160526e-17	-3.3475248e-17	0	-2.7088302e-17
2.690009999996819e-09	3.2264813e-07	1.8127484e-07	-0.002427429	0.08661562	-4.2042828e-17	-7.3640733e-17	9.2163246e-17	-3.347686e-17	0	-2.7088494e-17
2.700009999996698e-09	3.2132021e-07	1.9373222e-07	-0.0024286446	0.08661688	-4.204399e-17	-7.3642884e-17	9.216598e-17	-3.3478408e-17	0	-2.7088676e-17
2.710009999996577e-09	3.1617705e-07	1.9817978e-07	-0.0024297459	0.08661898	-4.2045088e-17	-7.364503e-17	9.21687e-17	-3.347991e-17	0	-2.7088845e-17
2.720009999996456e-09	3.1301528e-07	2.05494e-07	-0.0024306686	0.086621836	-4.2046133e-17	-7.364721e-17	9.217145e-17	-3.348138e-17	0	-2.7089e-17
2.730009999996335e-09	3.1200352e-07	2.2330532e-07	-0.002431471	0.08662541	-4.2047136e-17	-7.364942e-17	9.2174244e-17	-3.348281e-17	0	-2.7089148e-17
2.740009999996214e-09	3.0639666e-07	2.2749992e-07	-0.0024321426	0.08662982	-4.2048085e-17	-7.365169e-17	9.217712e-17	-3.348422e-17	0	-2.7089287e-17
2.750009999996093e-09	3.117295e-07	2.5155046e-07	-0.0024327182	0.08663501	-4.2049e-17	-7.365403e-17	9.218006e-17	-3.348562e-17	0	-2.7089412e-17
2.760009999995972e-09	3.0561674e-07	2.6495638e-07	-0.0024332064	0.08664102	-4.2049855e-17	-7.3656423e-17	9.218311e-17	-3.3487014e-17	0	-2.7089526e-17
2.770009999995851e-09	3.1659863e-07	2.760015e-07	-0.0024336535	0.08664796	-4.2050686e-17	-7.3658925e-17	9.218628e-17	-3.348841e-17	0	-2.708963e-17
2.78000999999573e-09	3.237864e-07	2.889015e-07	-0.0024340646	0.086655825	-4.2051503e-17	-7.366153e-17	9.2189564e-17	-3.3489813e-17	0	-2.7089725e-17
2.790009999995609e-09	3.064599e-07	3.0901037e-07	-0.0024343482	0.08666448	-4.205227e-17	-7.3664225e-17	9.2193e-17	-3.3491233e-17	0	-2.708981e-17
2.800009999995488e-09	3.090947e-07	3.1213e-07	-0.0024345568	0.086674	-4.2053052e-17	-7.366706e-17	9.219657e-17	-3.3492675e-17	0	-2.7089885e-17
2.810009999995367e-09	3.0601723e-07	3.231751e-07	-0.0024347107	0.08668434	-4.2053783e-17	-7.367002e-17	9.220034e-17	-3.3494144e-17	0	-2.708995e-17
2.820009999995246e-09	3.0175937e-07	3.2195257e-07	-0.002434854	0.08669547	-4.2054508e-17	-7.367313e-17	9.220428e-17	-3.3495643e-17	0	-2.709001e-17
2.830009999995125e-09	2.96553e-07	3.3959523e-07	-0.0024350255	0.08670745	-4.2055222e-17	-7.367638e-17	9.22084e-17	-3.3497182e-17	0	-2.7090056e-17
2.840009999995004e-09	2.8923878e-07	3.431575e-07	-0.0024351182	0.086720295	-4.2055927e-17	-7.367979e-17	9.2212725e-17	-3.349877e-17	0	-2.7090099e-17
2.850009999994883e-09	2.827466e-07	3.5702712e-07	-0.0024352388	0.08673394	-4.205663e-17	-7.3683356e-17	9.221725e-17	-3.35004e-17	0	-2.709013e-17
2.860009999994762e-09	2.832525e-07	3.8082473e-07	-0.0024353864	0.08674836	-4.2057346e-17	-7.368711e-17	9.2221996e-17	-3.3502085e-17	0	-2.7090153e-17
2.870009999994641e-09	2.9689025e-07	4.027885e-07	-0.0024355687	0.0867635	-4.205806e-17	-7.369104e-17	9.222698e-17	-3.350383e-17	0	-2.7090173e-17
2.8800099999945198e-09	2.8654074e-07	4.212743e-07	-0.0024357555	0.086779416	-4.2058772e-17	-7.369515e-17	9.2232193e-17	-3.3505636e-17	0	-2.7090182e-17
2.8900099999943988e-09	3.0371967e-07	4.307807e-07	-0.0024359922	0.08679601	-4.2059474e-17	-7.369947e-17	9.223768e-17	-3.3507515e-17	0	-2.7090187e-17
2.9000099999942778e-09	3.2667413e-07	4.4682142e-07	-0.002436304	0.08681331	-4.2060222e-17	-7.370399e-17	9.224341e-17	-3.350946e-17	0	-2.709018e-17
2.9100099999941568e-09	3.3291337e-07	4.589837e-07	-0.0024366963	0.0868314	-4.2060946e-17	-7.3708734e-17	9.224944e-17	-3.3511482e-17	0	-2.709017e-17
2.9200099999940357e-09	3.4235651e-07	4.811372e-07	-0.002437114	0.08685028	-4.2061714e-17	-7.371371e-17	9.225574e-17	-3.351359e-17	0	-2.7090153e-17
2.9300099999939147e-09	3.4758398e-07	5.12249e-07	-0.0024375778	0.0868699	-4.206249e-17	-7.3718925e-17	9.226234e-17	-3.351578e-17	0	-2.709013e-17
2.9400099999937937e-09	3.613693e-07	5.2894313e-07	-0.0024381035	0.086890176	-4.206329e-17	-7.3724365e-17	9.226923e-17	-3.3518057e-17	0	-2.70901e-17
2.9500099999936727e-09	3.657536e-07	5.260343e-07	-0.0024387287	0.0869112	-4.2064093e-17	-7.373005e-17	9.2276444e-17	-3.3520432e-17	0	-2.7090064e-17
2.9600099999935517e-09	3.7169775e-07	5.2491714e-07	-0.00243943	0.08693312	-4.206492e-17	-7.373602e-17	9.228402e-17	-3.35229e-17	0	-2.7090024e-17
2.9700099999934307e-09	3.7230902e-07	5.365946e-07	-0.0024402007	0.08695594	-4.206579e-17	-7.374227e-17	9.229192e-17	-3.3525478e-17	0	-2.7089975e-17
2.9800099999933097e-09	3.7013794e-07	5.264137e-07	-0.0024411061	0.08697965	-4.206668e-17	-7.374879e-17	9.230019e-17	-3.352815e-17	0	-2.7089927e-17
2.9900099999931887e-09	3.7515463e-07	5.3676325e-07	-0.0024421425	0.0870043	-4.206759e-17	-7.375558e-17	9.23088e-17	-3.353094e-17	0	-2.7089867e-17
3.0000099999930677e-09	3.6720803e-07	5.3745885e-07	-0.0024433096	0.08702974	-4.206855e-17	-7.3762686e-17	9.231778e-17	-3.3533836e-17	0	-2.7089806e-17
