# t (s)	mx ()	my ()	mz ()	spinAngle (rad)	E_total (J)	E_anis (J)	E_demag (J)	E_exch (J)	E_therm (J)	E_custom (J)
0	0	0	0	0.0060737464	1.7316508e-17	-1.25712e-16	1.5692531e-16	4.960001e-18	0	-1.88568e-17
1.0000000000000124e-11	1.3958578e-09	-1.5172367e-11	0.002650605	0.018317336	7.675812e-18	-1.195857e-16	1.5001887e-16	-4.287744e-18	0	-1.8469601e-17
2.0009999999999403e-11	5.0372257e-09	-1.3351683e-09	0.008469453	0.024627628	4.964179e-18	-1.1162403e-16	1.4034133e-16	-5.8472376e-18	0	-1.7905884e-17
3.000999999999824e-11	9.588936e-09	-3.1558525e-09	0.0154537	0.031697188	2.1375017e-18	-1.03539005e-16	1.3000218e-16	-7.123276e-18	0	-1.7202389e-17
4.000000000000001e-11	1.3215132e-08	-4.4834345e-09	0.020873869	0.038908012	-1.2287191e-18	-9.7784183e-17	1.2234159e-16	-9.051476e-18	0	-1.6734648e-17
5.0000000000001785e-11	1.659857e-08	-6.7061863e-09	0.023668092	0.045059476	-4.8520152e-18	-9.358194e-17	1.1687834e-16	-1.153275e-17	0	-1.6615666e-17
6.00000000000024e-11	2.1817865e-08	-8.58756e-09	0.024209205	0.050033845	-8.479059e-18	-8.925981e-17	1.1152478e-16	-1.4057875e-17	0	-1.6686164e-17
7.000999999999771e-11	2.9828875e-08	-1.2092377e-08	0.023452165	0.053960826	-1.20242034e-17	-8.38732e-17	1.0498084e-16	-1.63419e-17	0	-1.6789943e-17
8.000999999999302e-11	4.0904702e-08	-1.6841328e-08	0.02245632	0.05676791	-1.5495037e-17	-7.7037336e-17	9.6656405e-17	-1.8309992e-17	0	-1.6804106e-17
9.000999999998834e-11	5.2466046e-08	-2.0126144e-08	0.022225773	0.059495866	-1.8965248e-17	-6.8761255e-17	8.6442035e-17	-1.9861664e-17	0	-1.6784363e-17
1.0000999999998365e-10	5.9445334e-08	-2.0179248e-08	0.023945604	0.061328154	-2.2474262e-17	-6.0317474e-17	7.5739416e-17	-2.1309135e-17	0	-1.658707e-17
1.1000999999997896e-10	5.5197074e-08	-1.602202e-08	0.026297027	0.062525816	-2.6135354e-17	-5.24264e-17	6.5512863e-17	-2.2880046e-17	0	-1.634177e-17
1.2000999999997891e-10	4.2786077e-08	-1.140962e-08	0.028424932	0.06488159	-2.9677278e-17	-4.5342838e-17	5.629943e-17	-2.4193834e-17	0	-1.6440036e-17
1.3000999999998715e-10	3.0724042e-08	-7.586183e-09	0.029703572	0.065360144	-3.2959647e-17	-3.9897843e-17	4.927435e-17	-2.5996374e-17	0	-1.6339777e-17
1.400099999999954e-10	2.208338e-08	-3.762747e-09	0.026583456	0.067019254	-3.5962382e-17	-3.513163e-17	4.3215664e-17	-2.7424225e-17	0	-1.6622191e-17
1.5000000000000362e-10	1.3670303e-08	4.55171e-10	0.0136318235	0.06944505	-3.8276334e-17	-3.410101e-17	4.201901e-17	-2.882472e-17	0	-1.7369612e-17
1.6000000000001186e-10	7.343426e-09	5.856534e-09	-0.0021910307	0.07007267	-3.995659e-17	-3.641268e-17	4.5006953e-17	-3.061471e-17	0	-1.7936154e-17
1.700000000000201e-10	2.7158538e-09	1.1295827e-08	-0.012937009	0.06906188	-4.1224624e-17	-3.8745868e-17	4.7955905e-17	-3.222454e-17	0	-1.8210128e-17
1.8000000000002833e-10	-1.1379275e-09	1.6477191e-08	-0.016158644	0.06733275	-4.215503e-17	-4.0647195e-17	5.0394483e-17	-3.3534448e-17	0	-1.8367871e-17
1.9000000000003657e-10	-6.1448086e-10	2.0179248e-08	-0.013785574	0.06606673	-4.2827184e-17	-4.3326913e-17	5.3824758e-17	-3.4833902e-17	0	-1.8491123e-17
2.000000000000448e-10	4.669296e-09	1.9724077e-08	-0.011023446	0.06565849	-4.3324716e-17	-4.5578658e-17	5.664469e-17	-3.5825222e-17	0	-1.856553e-17
2.1000000000005304e-10	1.1910308e-08	1.8358564e-08	-0.009506736	0.06612347	-4.3686346e-17	-4.5939375e-17	5.709846e-17	-3.6232867e-17	0	-1.861256e-17
2.2000000000006128e-10	1.7023396e-08	1.365513e-08	-0.0073910058	0.066689104	-4.3937177e-17	-4.5518783e-17	5.663428e-17	-3.6393353e-17	0	-1.8659324e-17
2.3000000000006952e-10	2.2121311e-08	9.831694e-09	-0.0034578075	0.06707389	-4.411681e-17	-4.5456695e-17	5.6626125e-17	-3.6588783e-17	0	-1.8697458e-17
2.4000000000005925e-10	2.8114396e-08	6.615152e-09	0.0009737518	0.06769553	-4.4260482e-17	-4.5625668e-17	5.6909517e-17	-3.682583e-17	0	-1.87185e-17
2.5000000000004163e-10	3.5108858e-08	1.1531e-09	0.0036564216	0.06873153	-4.4392117e-17	-4.5672903e-17	5.707197e-17	-3.7069246e-17	0	-1.8721936e-17
2.60000000000024e-10	4.1875733e-08	-5.0372257e-09	0.0036698375	0.070036724	-4.4526474e-17	-4.5575054e-17	5.708008e-17	-3.73153e-17	0	-1.8716199e-17
2.700000000000064e-10	5.037226e-08	-1.17434125e-08	0.0018002774	0.07146345	-4.4674946e-17	-4.5387493e-17	5.6973686e-17	-3.755882e-17	0	-1.8702317e-17
2.800099999999888e-10	5.980947e-08	-1.9238561e-08	-0.00042771074	0.07300174	-4.4853925e-17	-4.5083272e-17	5.669629e-17	-3.7790507e-17	0	-1.8676433e-17
2.9000999999997117e-10	6.958047e-08	-2.7188882e-08	-0.001826073	0.074724786	-4.5082736e-17	-4.4644688e-17	5.6214235e-17	-3.801336e-17	0	-1.8638929e-17
3.0000999999995355e-10	7.9624584e-08	-3.7141955e-08	-0.002035346	0.076662876	-4.5379125e-17	-4.4133166e-17	5.5593426e-17	-3.8246257e-17	0	-1.859313e-17
3.1000999999993594e-10	8.569353e-08	-4.9264678e-08	-0.0014116698	0.07879593	-4.5754728e-17	-4.3661402e-17	5.4957605e-17	-3.8507633e-17	0	-1.8543297e-17
3.2000999999991833e-10	8.4328015e-08	-5.9293612e-08	-0.00064578815	0.08103828	-4.6210498e-17	-4.3367743e-17	5.4465006e-17	-3.8811377e-17	0	-1.8496385e-17
3.300099999999007e-10	7.2053574e-08	-6.117499e-08	-0.00029127934	0.08322152	-4.6727413e-17	-4.3390378e-17	5.430386e-17	-3.9176716e-17	0	-1.8464182e-17
3.400099999998831e-10	5.1358462e-08	-5.146467e-08	-0.00044058004	0.08514528	-4.726071e-17	-4.374819e-17	5.4557233e-17	-3.9612925e-17	0	-1.8456831e-17
3.500099999998655e-10	2.9055084e-08	-3.8598504e-08	-0.00085014	0.08670298	-4.77573e-17	-4.4290188e-17	5.5088694e-17	-4.0084918e-17	0	-1.8470885e-17
3.600099999998479e-10	9.58135e-09	-2.7067504e-08	-0.0012979584	0.08792782	-4.8182182e-17	-4.483842e-17	5.5682894e-17	-4.0533762e-17	0	-1.849289e-17
3.7000999999983027e-10	-6.9185995e-09	-1.7478568e-08	-0.0017310365	0.088899754	-4.8526795e-17	-4.5309215e-17	5.621935e-17	-4.0925982e-17	0	-1.8510946e-17
3.8000999999981266e-10	-1.9655802e-08	-1.140962e-08	-0.0022055719	0.089691035	-4.8801807e-17	-4.5704068e-17	5.6683604e-17	-4.1262416e-17	0	-1.851892e-17
3.9000999999979505e-10	-2.8690947e-08	-2.9130944e-09	-0.0027822922	0.09037373	-4.9024857e-17	-4.6040095e-17	5.708691e-17	-4.1555602e-17	0	-1.8516069e-17
4.0000999999977743e-10	-3.472955e-08	1.4565472e-09	-0.0034588035	0.09101432	-4.9210775e-17	-4.632216e-17	5.743056e-17	-4.1814668e-17	0	-1.8504507e-17
4.100099999997598e-10	-3.929643e-08	7.404115e-09	-0.0041615595	0.091664925	-4.936838e-17	-4.6562546e-17	5.772733e-17	-4.2047185e-17	0	-1.8485973e-17
4.200099999997422e-10	-4.363573e-08	1.2259273e-08	-0.0047828476	0.0923593	-4.950262e-17	-4.678954e-17	5.801044e-17	-4.2263007e-17	0	-1.8460504e-17
4.300099999997246e-10	-4.8157094e-08	1.5657884e-08	-0.005227057	0.09310615	-4.9617622e-17	-4.7031385e-17	5.831364e-17	-4.2472525e-17	0	-1.8427347e-17
4.40009999999707e-10	-5.3437077e-08	1.6507535e-08	-0.0054341136	0.09390668	-4.9718177e-17	-4.7301678e-17	5.8653114e-17	-4.268327e-17	0	-1.8386346e-17
4.5000999999968937e-10	-5.949085e-08	1.371582e-08	-0.005374028	0.094759904	-4.980918e-17	-4.759868e-17	5.902655e-17	-4.2898334e-17	0	-1.833871e-17
4.6000999999967176e-10	-6.22674e-08	7.282736e-09	-0.0050277184	0.095661424	-4.9894903e-17	-4.791183e-17	5.9420784e-17	-4.3116958e-17	0	-1.8286897e-17
4.700099999996541e-10	-5.7381893e-08	-7.768252e-09	-0.0043742526	0.09661794	-4.9978454e-17	-4.8228316e-17	5.9819915e-17	-4.333619e-17	0	-1.8233865e-17
4.800099999996365e-10	-4.2543316e-08	-3.6656438e-08	-0.0033965488	0.09764354	-5.006201e-17	-4.853778e-17	6.021097e-17	-4.355304e-17	0	-1.8182156e-17
4.900099999996189e-10	-1.4110301e-08	-8.423698e-08	-0.002106242	0.098767504	-5.0147193e-17	-4.883536e-17	6.0587837e-17	-4.3766493e-17	0	-1.8133177e-17
5.000099999996013e-10	3.0086806e-08	-1.6009882e-07	-0.0005742117	0.10000876	-5.02358e-17	-4.9123983e-17	6.0954145e-17	-4.3979142e-17	0	-1.808682e-17
5.100099999995837e-10	9.173213e-08	-2.7589434e-07	0.0010550568	0.10135407	-5.033016e-17	-4.941601e-17	6.132537e-17	-4.4198106e-17	0	-1.8041413e-17
5.200099999995661e-10	1.634064e-07	-4.3817798e-07	0.0025789277	0.10277782	-5.0433083e-17	-4.973343e-17	6.172881e-17	-4.4434356e-17	0	-1.79941e-17
5.300099999995485e-10	2.3908618e-07	-6.4962006e-07	0.0037832903	0.1042596	-5.0546906e-17	-5.0104047e-17	6.219798e-17	-4.469915e-17	0	-1.7941685e-17
5.400099999995309e-10	3.0229424e-07	-9.088855e-07	0.004523724	0.10574651	-5.0672204e-17	-5.0551565e-17	6.27599e-17	-4.4998635e-17	0	-1.7881901e-17
5.500099999995133e-10	3.4708307e-07	-1.2094198e-06	0.004832007	0.10720082	-5.0808034e-17	-5.108384e-17	6.34219e-17	-4.533117e-17	0	-1.781493e-17
5.600099999994956e-10	3.6522923e-07	-1.5492808e-06	0.0049479213	0.10857555	-5.0954908e-17	-5.168948e-17	6.41683e-17	-4.5688888e-17	0	-1.774484e-17
5.70009999999478e-10	3.8258642e-07	-1.9248273e-06	0.0051057828	0.10986644	-5.1118617e-17	-5.2342563e-17	6.496555e-17	-4.6064074e-17	0	-1.7677526e-17
5.800099999994604e-10	4.7010062e-07	-2.2875074e-06	0.005161456	0.11116977	-5.130823e-17	-5.2987486e-17	6.575225e-17	-4.6463427e-17	0	-1.7609572e-17
5.900099999994428e-10	6.235236e-07	-2.4897247e-06	0.0046036835	0.11248574	-5.1527122e-17	-5.3538233e-17	6.643814e-17	-4.690489e-17	0	-1.752214e-17
6.000099999994252e-10	7.1540745e-07	-2.429521e-06	0.0030932198	0.113708414	-5.1767044e-17	-5.396428e-17	6.697621e-17	-4.7370132e-17	0	-1.7408846e-17
6.100099999994076e-10	7.353136e-07	-2.1904043e-06	0.00086925575	0.11494064	-5.200826e-17	-5.4301787e-17	6.739934e-17	-4.7819377e-17	0	-1.728643e-17
6.2000999999939e-10	7.188668e-07	-1.9964407e-06	-0.0012748906	0.116388366	-5.2238467e-17	-5.4616542e-17	6.779319e-17	-4.823904e-17	0	-1.7176075e-17
6.300099999993724e-10	7.6177423e-07	-1.9857594e-06	-0.002355972	0.11802072	-5.246252e-17	-5.498124e-17	6.8239125e-17	-4.861597e-17	0	-1.710444e-17
6.400099999993547e-10	1.0423416e-06	-2.1775381e-06	-0.0021938311	0.11958314	-5.2684645e-17	-5.5344117e-17	6.86752e-17	-4.892892e-17	0	-1.7086812e-17
6.500099999993371e-10	1.5948889e-06	-2.5324503e-06	-0.0015482748	0.12102219	-5.2901228e-17	-5.5647424e-17	6.9043416e-17	-4.9186604e-17	0	-1.7110608e-17
6.600099999993195e-10	2.3133916e-06	-2.9072683e-06	-0.0010960052	0.12233565	-5.3114743e-17	-5.591506e-17	6.937304e-17	-4.941659e-17	0	-1.7156136e-17
6.700099999993019e-10	2.784979e-06	-3.1665338e-06	-0.00096553937	0.12359858	-5.3331527e-17	-5.615448e-17	6.967296e-17	-4.9632518e-17	0	-1.7217493e-17
6.800099999992843e-10	2.5824886e-06	-3.1228374e-06	-0.00081535574	0.12489649	-5.3555713e-17	-5.6363074e-17	6.993524e-17	-4.9825826e-17	0	-1.7302053e-17
6.900099999992667e-10	1.8618922e-06	-2.7708384e-06	-0.00017771915	0.12618858	-5.3790407e-17	-5.652992e-17	7.0145756e-17	-4.9987474e-17	0	-1.7418764e-17
7.000099999992491e-10	7.199592e-07	-2.231916e-06	0.0008686207	0.12748209	-5.4037645e-17	-5.666078e-17	7.031461e-17	-5.0120445e-17	0	-1.7571025e-17
7.100099999992315e-10	-8.417933e-07	-1.6303619e-06	0.0018182643	0.12882172	-5.429782e-17	-5.676306e-17	7.045068e-17	-5.0234414e-17	0	-1.7751038e-17
7.200099999992138e-10	-2.48402e-06	-1.2283549e-06	0.0023159198	0.13023917	-5.456826e-17	-5.685404e-17	7.0571476e-17	-5.0348168e-17	0	-1.7937529e-17
7.300099999991962e-10	-3.813605e-06	-1.2861312e-06	0.0023606513	0.13169838	-5.4843434e-17	-5.6968055e-17	7.0716385e-17	-5.049176e-17	0	-1.8099997e-17
7.400099999991786e-10	-4.5739225e-06	-1.6284198e-06	0.002120867	0.13319	-5.5115226e-17	-5.7125715e-17	7.091177e-17	-5.0687213e-17	0	-1.8214064e-17
7.50009999999161e-10	-4.5065876e-06	-1.726494e-06	0.0016914534	0.13455886	-5.5375004e-17	-5.731433e-17	7.114511e-17	-5.0928147e-17	0	-1.8277634e-17
7.600099999991434e-10	-3.420671e-06	-1.279334e-06	0.0011911507	0.13567372	-5.5618274e-17	-5.749538e-17	7.136992e-17	-5.1183097e-17	0	-1.8309716e-17
7.700099999991258e-10	-1.6112447e-06	-4.185146e-07	0.00082867243	0.13646367	-5.584514e-17	-5.76299e-17	7.1536935e-17	-5.1417517e-17	0	-1.8334655e-17
7.800099999991082e-10	1.5695814e-07	3.5539753e-07	0.0006681765	0.13693008	-5.605628e-17	-5.770414e-17	7.16289e-17	-5.1614373e-17	0	-1.836667e-17
7.900099999990906e-10	1.284963e-06	5.9330023e-07	0.0005984273	0.13713464	-5.6251385e-17	-5.7729756e-17	7.166096e-17	-5.1776987e-17	0	-1.8405609e-17
8.00009999999073e-10	1.6992748e-06	2.2576482e-07	0.0005506292	0.1371662	-5.6429844e-17	-5.7730126e-17	7.166288e-17	-5.192022e-17	0	-1.8442376e-17
8.100099999990553e-10	1.6503136e-06	-3.641368e-07	0.00056099985	0.13710697	-5.6591436e-17	-5.772823e-17	7.1663434e-17	-5.205905e-17	0	-1.8467595e-17
8.200099999990377e-10	1.4174026e-06	-7.302157e-07	0.0006485558	0.13703395	-5.673594e-17	-5.7737385e-17	7.167886e-17	-5.2199898e-17	0	-1.8477513e-17
8.300099999990201e-10	1.1189014e-06	-6.4573595e-07	0.0007584708	0.13698858	-5.686323e-17	-5.7759825e-17	7.171113e-17	-5.2340105e-17	0	-1.8474427e-17
8.400099999990025e-10	7.620549e-07	-2.126559e-07	0.00083190016	0.13697852	-5.697358e-17	-5.7790093e-17	7.17527e-17	-5.2472596e-17	0	-1.8463588e-17
8.500099999989849e-10	3.758385e-07	3.3112175e-07	0.00086489	0.13699748	-5.706821e-17	-5.7820236e-17	7.179325e-17	-5.2591035e-17	0	-1.8450181e-17
8.600099999989673e-10	3.0431977e-08	7.6225973e-07	0.00088925124	0.13703519	-5.714911e-17	-5.784435e-17	7.1825357e-17	-5.2692374e-17	0	-1.843774e-17
8.700099999989497e-10	-2.1266727e-07	9.807418e-07	0.0009287741	0.13708411	-5.721859e-17	-5.786006e-17	7.184627e-17	-5.2776886e-17	0	-1.8427908e-17
8.800099999989321e-10	-3.2001935e-07	9.821983e-07	0.0009815652	0.13713583	-5.727879e-17	-5.7867855e-17	7.185677e-17	-5.2846882e-17	0	-1.8420814e-17
8.900099999989144e-10	-3.2286798e-07	8.2440573e-07	0.0010306082	0.13719372	-5.733151e-17	-5.786975e-17	7.185944e-17	-5.2905506e-17	0	-1.8415704e-17
9.000099999988968e-10	-2.530656e-07	5.86503e-07	0.0010605489	0.13725597	-5.737818e-17	-5.786808e-17	7.1857206e-17	-5.2955686e-17	0	-1.8411616e-17
9.100099999988792e-10	-1.5650487e-07	3.486003e-07	0.0010661323	0.13732217	-5.741992e-17	-5.786463e-17	7.1852276e-17	-5.2999705e-17	0	-1.8407859e-17
9.200099999988616e-10	-6.670721e-08	1.6264778e-07	0.0010511552	0.13738933	-5.7457686e-17	-5.7860384e-17	7.184588e-17	-5.3038993e-17	0	-1.8404193e-17
9.30009999998844e-10	1.2153066e-08	3.9812292e-08	0.0010242887	0.13745762	-5.7492196e-17	-5.7855685e-17	7.1838545e-17	-5.3074304e-17	0	-1.8400753e-17
9.400099999989161e-10	8.013665e-08	-2.1605452e-08	0.0009948296	0.13752891	-5.752398e-17	-5.785065e-17	7.183054e-17	-5.3106038e-17	0	-1.8397827e-17
9.50009999999002e-10	1.3196924e-07	-4.005505e-08	0.0009696439	0.13760345	-5.7553374e-17	-5.78453e-17	7.1822e-17	-5.3134413e-17	0	-1.839566e-17
9.600099999990877e-10	1.7346568e-07	-3.9326775e-08	0.00095161085	0.13767989	-5.7580684e-17	-5.7839685e-17	7.1813094e-17	-5.3159718e-17	0	-1.8394383e-17
9.700099999991735e-10	2.05688e-07	-2.961646e-08	0.00094014785	0.13775545	-5.76061e-17	-5.78338e-17	7.180393e-17	-5.3182247e-17	0	-1.8393987e-17
9.800099999992593e-10	2.3303997e-07	-1.8935115e-08	0.00093308167	0.13783027	-5.762983e-17	-5.7827694e-17	7.17946e-17	-5.3202394e-17	0	-1.839435e-17
9.90009999999345e-10	2.477382e-07	-2.4275788e-09	0.0009283838	0.13790469	-5.765208e-17	-5.7821354e-17	7.17851e-17	-5.3220546e-17	0	-1.8395284e-17
1.0000099999994308e-09	2.4524235e-07	2.0877177e-08	0.0009248473	0.13797969	-5.767301e-17	-5.78148e-17	7.177548e-17	-5.3237096e-17	0	-1.839659e-17
1.0100099999995166e-09	2.2966412e-07	3.39861e-08	0.0009217876	0.13805379	-5.769276e-17	-5.780803e-17	7.176574e-17	-5.3252366e-17	0	-1.8398093e-17
1.0200099999996024e-09	1.9721043e-07	5.729086e-08	0.0009187249	0.1381254	-5.7711485e-17	-5.780113e-17	7.175593e-17	-5.326662e-17	0	-1.839966e-17
1.0300099999996882e-09	1.5284263e-07	8.5208015e-08	0.00091529137	0.13819306	-5.772926e-17	-5.7794156e-17	7.174612e-17	-5.3280027e-17	0	-1.8401199e-17
1.040009999999774e-09	1.0594675e-07	1.1992239e-07	0.00091128395	0.13825679	-5.7746187e-17	-5.778721e-17	7.173641e-17	-5.3292732e-17	0	-1.8402661e-17
1.0500099999998598e-09	5.533552e-08	1.475968e-07	0.00090678904	0.13831747	-5.776226e-17	-5.7780405e-17	7.1726955e-17	-5.3304796e-17	0	-1.8404018e-17
1.0600099999999456e-09	-7.0172196e-10	1.7284361e-07	0.00090207276	0.13837606	-5.777755e-17	-5.777387e-17	7.1717836e-17	-5.3316257e-17	0	-1.8405257e-17
1.0700000000000313e-09	-5.955723e-08	1.9906146e-07	0.0008972855	0.13843076	-5.779205e-17	-5.7767726e-17	7.170924e-17	-5.3327196e-17	0	-1.8406365e-17
1.080000000000117e-09	-1.213505e-07	2.2491517e-07	0.0008924857	0.13848083	-5.7805816e-17	-5.776202e-17	7.1701207e-17	-5.3337665e-17	0	-1.8407336e-17
1.0900000000002028e-09	-1.7514601e-07	2.4045167e-07	0.0008878199	0.13852671	-5.781885e-17	-5.7756814e-17	7.1693835e-17	-5.334771e-17	0	-1.8408165e-17
1.1000000000002886e-09	-2.1327607e-07	2.5562403e-07	0.00088342506	0.13856934	-5.78312e-17	-5.775212e-17	7.168714e-17	-5.3357355e-17	0	-1.8408853e-17
1.1100000000003744e-09	-2.5451646e-07	2.656985e-07	0.00087931467	0.13860798	-5.7842854e-17	-5.774792e-17	7.168113e-17	-5.336665e-17	0	-1.8409412e-17
1.1200000000004602e-09	-2.7741535e-07	2.7625848e-07	0.00087540917	0.1386433	-5.785385e-17	-5.774415e-17	7.1675776e-17	-5.337562e-17	0	-1.8409852e-17
1.130000000000546e-09	-2.9744479e-07	2.8742534e-07	0.00087157654	0.1386766	-5.786421e-17	-5.7740754e-17	7.167099e-17	-5.3384245e-17	0	-1.8410197e-17
1.1400000000006318e-09	-3.060532e-07	2.932515e-07	0.0008676118	0.13870838	-5.7873956e-17	-5.773768e-17	7.1666736e-17	-5.3392543e-17	0	-1.8410468e-17
1.1500000000007175e-09	-3.1383092e-07	2.9228048e-07	0.0008634461	0.13873726	-5.788309e-17	-5.773484e-17	7.1662945e-17	-5.340051e-17	0	-1.841068e-17
1.1600000000008033e-09	-3.1575402e-07	2.8961014e-07	0.000858991	0.13876332	-5.789164e-17	-5.77322e-17	7.165954e-17	-5.3408137e-17	0	-1.841085e-17
1.1700000000008891e-09	-3.107756e-07	2.8329845e-07	0.00085421203	0.13878718	-5.789961e-17	-5.772971e-17	7.165652e-17	-5.341544e-17	0	-1.8410984e-17
1.1800000000009749e-09	-3.0832905e-07	2.7644055e-07	0.00084905827	0.13880858	-5.790704e-17	-5.772735e-17	7.165382e-17	-5.3422437e-17	0	-1.8411075e-17
1.1900000000010607e-09	-3.0977802e-07	2.686116e-07	0.00084344135	0.1388276	-5.791395e-17	-5.772511e-17	7.1651404e-17	-5.342912e-17	0	-1.8411126e-17
1.2000000000011465e-09	-3.0714182e-07	2.594475e-07	0.00083740253	0.13884453	-5.7920364e-17	-5.772298e-17	7.164927e-17	-5.343553e-17	0	-1.841113e-17
1.2100000000012322e-09	-3.0573457e-07	2.54653e-07	0.0008310078	0.13885939	-5.792633e-17	-5.772096e-17	7.164739e-17	-5.344168e-17	0	-1.8411072e-17
1.220000000001318e-09	-2.9651736e-07	2.4737028e-07	0.00082430086	0.13887295	-5.7931885e-17	-5.7719075e-17	7.164576e-17	-5.3447614e-17	0	-1.8410953e-17
1.2300000000014038e-09	-2.998553e-07	2.4199926e-07	0.00081742305	0.13888513	-5.793705e-17	-5.77173e-17	7.164435e-17	-5.3453328e-17	0	-1.8410764e-17
1.2400000000014896e-09	-2.936384e-07	2.3881307e-07	0.0008104394	0.13889627	-5.794188e-17	-5.7715654e-17	7.164314e-17	-5.3458853e-17	0	-1.8410508e-17
1.2500000000015754e-09	-2.9134358e-07	2.3823651e-07	0.00080339675	0.13890678	-5.794641e-17	-5.771411e-17	7.1642106e-17	-5.346421e-17	0	-1.8410185e-17
1.2600000000016612e-09	-2.7839397e-07	2.379634e-07	0.0007962995	0.13891627	-5.7950666e-17	-5.77127e-17	7.1641246e-17	-5.3469405e-17	0	-1.8409801e-17
1.270000000001747e-09	-2.663623e-07	2.3948064e-07	0.0007891942	0.13892518	-5.7954696e-17	-5.771138e-17	7.16405e-17	-5.3474447e-17	0	-1.8409368e-17
1.2800000000018327e-09	-2.570161e-07	2.4923648e-07	0.0007821161	0.13893376	-5.795851e-17	-5.771015e-17	7.163988e-17	-5.3479354e-17	0	-1.840889e-17
1.2900000000019185e-09	-2.506589e-07	2.5788472e-07	0.0007751101	0.13894218	-5.796217e-17	-5.7709e-17	7.163934e-17	-5.3484122e-17	0	-1.8408382e-17
1.3000000000020043e-09	-2.4828063e-07	2.648697e-07	0.00076824735	0.13895045	-5.796563e-17	-5.770792e-17	7.163889e-17	-5.3488754e-17	0	-1.8407852e-17
1.3100000000020901e-09	-2.4308787e-07	2.6619918e-07	0.00076149555	0.13895828	-5.796898e-17	-5.77069e-17	7.16385e-17	-5.3493274e-17	0	-1.8407313e-17
1.3200000000021759e-09	-2.3732996e-07	2.699847e-07	0.00075489376	0.13896598	-5.797221e-17	-5.770593e-17	7.1638156e-17	-5.3497655e-17	0	-1.8406777e-17
1.3300000000022617e-09	-2.3894202e-07	2.86075e-07	0.0007484723	0.13897344	-5.797535e-17	-5.7705006e-17	7.163785e-17	-5.3501943e-17	0	-1.8406246e-17
1.3400000000023475e-09	-2.3871064e-07	2.855591e-07	0.00074223767	0.13898122	-5.79784e-17	-5.770416e-17	7.163761e-17	-5.3506122e-17	0	-1.8405736e-17
1.3500000000024332e-09	-2.3766376e-07	2.9349428e-07	0.00073614676	0.13898915	-5.798136e-17	-5.770336e-17	7.1637434e-17	-5.3510188e-17	0	-1.8405245e-17
1.360000000002519e-09	-2.4595926e-07	2.9904737e-07	0.0007302321	0.13899736	-5.7984256e-17	-5.7702624e-17	7.163732e-17	-5.3514175e-17	0	-1.840478e-17
1.3700000000026048e-09	-2.4721098e-07	3.0150528e-07	0.0007245633	0.1390057	-5.798711e-17	-5.770195e-17	7.1637256e-17	-5.3518066e-17	0	-1.8404343e-17
1.3800000000026906e-09	-2.513682e-07	3.074832e-07	0.0007190824	0.13901371	-5.798988e-17	-5.7701334e-17	7.1637256e-17	-5.3521868e-17	0	-1.8403936e-17
1.3900000000027764e-09	-2.532913e-07	3.1157973e-07	0.0007137376	0.13902082	-5.799262e-17	-5.7700784e-17	7.163731e-17	-5.352559e-17	0	-1.8403558e-17
1.4000000000028622e-09	-2.5675817e-07	3.0921285e-07	0.0007085332	0.13902782	-5.79953e-17	-5.770028e-17	7.163742e-17	-5.352923e-17	0	-1.8403207e-17
1.410000000002948e-09	-2.552656e-07	3.1306664e-07	0.0007035025	0.1390341	-5.799792e-17	-5.7699825e-17	7.1637567e-17	-5.353277e-17	0	-1.8402886e-17
1.4200000000030337e-09	-2.5458854e-07	3.135825e-07	0.0006986991	0.13903962	-5.8000495e-17	-5.769941e-17	7.163773e-17	-5.3536228e-17	0	-1.8402588e-17
1.4300000000031195e-09	-2.5699524e-07	3.1980315e-07	0.0006939928	0.13904461	-5.8003016e-17	-5.7699e-17	7.163789e-17	-5.3539586e-17	0	-1.8402322e-17
1.4400000000032053e-09	-2.5524474e-07	3.2183627e-07	0.00068937306	0.13904874	-5.800547e-17	-5.76986e-17	7.163804e-17	-5.3542835e-17	0	-1.8402079e-17
1.450000000003291e-09	-2.555918e-07	3.1704178e-07	0.000684906	0.13905157	-5.800789e-17	-5.769819e-17	7.1638156e-17	-5.3545975e-17	0	-1.8401862e-17
1.4600000000033769e-09	-2.531244e-07	3.146142e-07	0.0006805666	0.13905287	-5.8010216e-17	-5.769774e-17	7.163819e-17	-5.3548986e-17	0	-1.8401673e-17
1.4700000000034627e-09	-2.5511198e-07	3.1261146e-07	0.0006763108	0.13905273	-5.8012486e-17	-5.7697244e-17	7.1638136e-17	-5.355187e-17	0	-1.8401508e-17
1.4800000000035485e-09	-2.5448233e-07	3.1497834e-07	0.000672117	0.13905095	-5.8014716e-17	-5.7696695e-17	7.163798e-17	-5.355463e-17	0	-1.8401364e-17
1.4900000000036342e-09	-2.5881025e-07	3.163135e-07	0.0006680007	0.13904801	-5.8016867e-17	-5.7696086e-17	7.163773e-17	-5.3557255e-17	0	-1.8401245e-17
1.50000000000372e-09	-2.5303527e-07	3.1861973e-07	0.00066401536	0.13904332	-5.8018964e-17	-5.769538e-17	7.1637335e-17	-5.3559773e-17	0	-1.8401146e-17
1.5100000000038058e-09	-2.5014302e-07	3.1679903e-07	0.0006600291	0.13903674	-5.802099e-17	-5.769461e-17	7.1636826e-17	-5.3562148e-17	0	-1.8401061e-17
1.5200000000038916e-09	-2.498889e-07	3.135218e-07	0.0006560542	0.1390284	-5.802298e-17	-5.769376e-17	7.16362e-17	-5.3564425e-17	0	-1.8400993e-17
1.5300000000039774e-09	-2.49502e-07	3.0708873e-07	0.0006521579	0.1390185	-5.802492e-17	-5.7692857e-17	7.163546e-17	-5.3566592e-17	0	-1.8400934e-17
1.5400000000040632e-09	-2.538337e-07	3.030832e-07	0.00064829446	0.13900724	-5.8026806e-17	-5.76919e-17	7.163464e-17	-5.3568666e-17	0	-1.8400883e-17
1.550000000004149e-09	-2.4815165e-07	2.962253e-07	0.000644462	0.13899526	-5.8028665e-17	-5.7690885e-17	7.163374e-17	-5.3570675e-17	0	-1.8400836e-17
1.5600000000042347e-09	-2.4337047e-07	2.905205e-07	0.00064067973	0.13898237	-5.8030485e-17	-5.7689846e-17	7.163276e-17	-5.357261e-17	0	-1.840079e-17
1.5700000000043205e-09	-2.4430167e-07	2.825095e-07	0.00063691195	0.13896854	-5.803228e-17	-5.7688774e-17	7.1631743e-17	-5.35745e-17	0	-1.8400739e-17
1.5800000000044063e-09	-2.3272325e-07	2.7249573e-07	0.00063325866	0.13895449	-5.803405e-17	-5.768769e-17	7.163068e-17	-5.3576356e-17	0	-1.840068e-17
1.590000000004492e-09	-2.3142033e-07	2.6654814e-07	0.000629652	0.13894019	-5.8035806e-17	-5.7686616e-17	7.162961e-17	-5.3578186e-17	0	-1.8400613e-17
1.6000000000045779e-09	-2.2987653e-07	2.599937e-07	0.00062613445	0.13892521	-5.8037546e-17	-5.768554e-17	7.162853e-17	-5.3580005e-17	0	-1.840053e-17
1.6100000000046637e-09	-2.3178445e-07	2.5356061e-07	0.00062265527	0.13891001	-5.803928e-17	-5.768448e-17	7.162745e-17	-5.3581812e-17	0	-1.8400436e-17
1.6200000000047495e-09	-2.3322204e-07	2.5113303e-07	0.0006193338	0.13889469	-5.804099e-17	-5.7683433e-17	7.162638e-17	-5.358362e-17	0	-1.8400323e-17
1.6300000000048352e-09	-2.3155688e-07	2.4372892e-07	0.0006161274	0.13887876	-5.8042714e-17	-5.7682414e-17	7.162534e-17	-5.3585445e-17	0	-1.8400194e-17
1.640000000004921e-09	-2.3381945e-07	2.3365446e-07	0.0006130236	0.13886221	-5.804444e-17	-5.768142e-17	7.162431e-17	-5.3587285e-17	0	-1.8400049e-17
1.6500000000050068e-09	-2.3227378e-07	2.2309449e-07	0.0006099788	0.13884546	-5.804619e-17	-5.7680456e-17	7.1623306e-17	-5.358915e-17	0	-1.8399883e-17
1.6600000000050926e-09	-2.3058205e-07	2.1799657e-07	0.0006071519	0.1388282	-5.8047916e-17	-5.767951e-17	7.162233e-17	-5.3591033e-17	0	-1.8399705e-17
1.6700000000051784e-09	-2.3383653e-07	2.1022832e-07	0.00060439185	0.13881049	-5.804968e-17	-5.767859e-17	7.162136e-17	-5.3592952e-17	0	-1.8399508e-17
1.6800000000052642e-09	-2.3694307e-07	2.0695109e-07	0.0006017363	0.13879235	-5.8051456e-17	-5.7677696e-17	7.1620434e-17	-5.3594898e-17	0	-1.8399298e-17
1.69000000000535e-09	-2.392758e-07	1.9784767e-07	0.0005992721	0.13877398	-5.805327e-17	-5.7676816e-17	7.161951e-17	-5.359689e-17	0	-1.8399071e-17
1.7000000000054357e-09	-2.3795961e-07	1.908077e-07	0.0005969103	0.13875535	-5.80551e-17	-5.7675976e-17	7.161861e-17	-5.3598908e-17	0	-1.8398833e-17
1.7100000000055215e-09	-2.4101305e-07	1.8158289e-07	0.0005946917	0.1387364	-5.805697e-17	-5.7675135e-17	7.161773e-17	-5.3600976e-17	0	-1.8398581e-17
1.7200000000056073e-09	-2.4821233e-07	1.6920224e-07	0.0005925205	0.13871704	-5.805889e-17	-5.767433e-17	7.1616854e-17	-5.360309e-17	0	-1.8398323e-17
1.730000000005693e-09	-2.5271854e-07	1.5924917e-07	0.0005904566	0.13869762	-5.806084e-17	-5.7673534e-17	7.1615994e-17	-5.360526e-17	0	-1.8398052e-17
1.7400000000057789e-09	-2.538868e-07	1.5245195e-07	0.0005885087	0.13867842	-5.8062864e-17	-5.767276e-17	7.1615153e-17	-5.3607484e-17	0	-1.8397774e-17
1.7500000000058647e-09	-2.567392e-07	1.4529058e-07	0.00058671786	0.1386588	-5.806496e-17	-5.767202e-17	7.161432e-17	-5.3609774e-17	0	-1.8397488e-17
1.7600000000059504e-09	-2.6368437e-07	1.3436649e-07	0.00058501563	0.1386386	-5.8067106e-17	-5.7671284e-17	7.1613506e-17	-5.361213e-17	0	-1.8397195e-17
1.7700000000060362e-09	-2.7646328e-07	1.2368514e-07	0.00058345887	0.1386179	-5.8069336e-17	-5.767059e-17	7.1612725e-17	-5.3614575e-17	0	-1.8396894e-17
1.780000000006122e-09	-2.906722e-07	1.13367925e-07	0.00058214506	0.13859649	-5.807165e-17	-5.7669934e-17	7.1611964e-17	-5.3617103e-17	0	-1.8396586e-17
1.7900000000062078e-09	-2.9514047e-07	9.807418e-08	0.0005809701	0.13857411	-5.8074074e-17	-5.766931e-17	7.1611236e-17	-5.361973e-17	0	-1.839627e-17
1.8000000000062936e-09	-3.117618e-07	8.1809404e-08	0.00058003305	0.13855062	-5.8076596e-17	-5.766873e-17	7.161057e-17	-5.362248e-17	0	-1.8395951e-17
1.8100000000063794e-09	-3.2385418e-07	7.100668e-08	0.00057935965	0.13852718	-5.807924e-17	-5.766822e-17	7.160994e-17	-5.3625338e-17	0	-1.8395623e-17
1.8200000000064652e-09	-3.4309275e-07	6.287429e-08	0.0005789705	0.1385035	-5.808201e-17	-5.766777e-17	7.1609396e-17	-5.3628346e-17	0	-1.8395287e-17
1.830000000006551e-09	-3.6616612e-07	4.442469e-08	0.0005788746	0.13848083	-5.8084914e-17	-5.7667386e-17	7.160891e-17	-5.363149e-17	0	-1.8394948e-17
1.8400000000066367e-09	-3.863871e-07	2.5732335e-08	0.00057909335	0.13845871	-5.808796e-17	-5.76671e-17	7.1608536e-17	-5.3634788e-17	0	-1.8394598e-17
1.8500000000067225e-09	-4.113191e-07	2.7917155e-09	0.0005797811	0.13843651	-5.809117e-17	-5.766692e-17	7.1608265e-17	-5.3638272e-17	0	-1.8394244e-17
1.8600000000068083e-09	-4.371766e-07	-2.3183377e-08	0.0005809317	0.13841347	-5.8094536e-17	-5.766686e-17	7.160813e-17	-5.364193e-17	0	-1.8393878e-17
1.870000000006742e-09	-4.6906132e-07	-4.2239872e-08	0.0005826109	0.1383916	-5.8098096e-17	-5.766692e-17	7.160814e-17	-5.3645803e-17	0	-1.839351e-17
1.880000000006621e-09	-4.9353054e-07	-6.8214966e-08	0.0005848372	0.13837123	-5.810184e-17	-5.7667135e-17	7.1608304e-17	-5.3649876e-17	0	-1.8393137e-17
1.8900000000065e-09	-5.231736e-07	-9.030593e-08	0.0005876959	0.13835016	-5.8105785e-17	-5.7667505e-17	7.160865e-17	-5.3654167e-17	0	-1.8392755e-17
1.900000000006379e-09	-5.524335e-07	-1.2477754e-07	0.00059122517	0.13832924	-5.810993e-17	-5.766804e-17	7.160919e-17	-5.3658697e-17	0	-1.8392373e-17
1.910000000006258e-09	-5.7983476e-07	-1.550009e-07	0.00059550157	0.1383082	-5.811429e-17	-5.766878e-17	7.160994e-17	-5.3663465e-17	0	-1.839199e-17
1.920000000006137e-09	-6.164988e-07	-1.9396354e-07	0.0006005077	0.13828649	-5.811886e-17	-5.766971e-17	7.161092e-17	-5.366847e-17	0	-1.8391603e-17
1.930000000006016e-09	-6.4605456e-07	-2.2855654e-07	0.0006063854	0.13826402	-5.812367e-17	-5.767085e-17	7.1612136e-17	-5.367374e-17	0	-1.8391223e-17
1.940000000005895e-09	-6.6814556e-07	-2.701895e-07	0.0006130207	0.1382413	-5.81287e-17	-5.76722e-17	7.1613585e-17	-5.3679257e-17	0	-1.8390844e-17
1.950000000005774e-09	-6.98403e-07	-3.1194386e-07	0.0006204738	0.13821766	-5.8133956e-17	-5.767377e-17	7.16153e-17	-5.3685024e-17	0	-1.8390468e-17
1.960000000005653e-09	-7.3433876e-07	-3.515134e-07	0.0006287803	0.1381929	-5.8139455e-17	-5.767556e-17	7.161725e-17	-5.369105e-17	0	-1.8390098e-17
1.9700000000055318e-09	-7.598132e-07	-3.9205398e-07	0.0006378228	0.13816756	-5.8145185e-17	-5.767757e-17	7.161944e-17	-5.3697323e-17	0	-1.8389739e-17
1.9800000000054108e-09	-7.879655e-07	-4.3089523e-07	0.00064762874	0.13814236	-5.815116e-17	-5.7679794e-17	7.162187e-17	-5.370385e-17	0	-1.8389385e-17
1.9900000000052898e-09	-8.1716854e-07	-4.7471303e-07	0.0006580899	0.13811634	-5.8157355e-17	-5.768221e-17	7.162452e-17	-5.3710617e-17	0	-1.838904e-17
2.0000000000051688e-09	-8.390585e-07	-5.168315e-07	0.000669181	0.1380889	-5.816378e-17	-5.768481e-17	7.162737e-17	-5.3717632e-17	0	-1.8388703e-17
2.0100000000050478e-09	-8.6090665e-07	-5.543376e-07	0.0006808096	0.13805988	-5.817044e-17	-5.768757e-17	7.163038e-17	-5.372486e-17	0	-1.8388374e-17
2.0200000000049267e-09	-8.835287e-07	-5.9548506e-07	0.0006927521	0.13803123	-5.817728e-17	-5.7690474e-17	7.163355e-17	-5.3732313e-17	0	-1.838805e-17
2.0300000000048057e-09	-8.9864415e-07	-6.3481184e-07	0.0007049514	0.13800274	-5.8184394e-17	-5.76935e-17	7.1636826e-17	-5.3739982e-17	0	-1.8387732e-17
2.0400000000046847e-09	-9.1260273e-07	-6.762021e-07	0.0007173039	0.13797316	-5.819169e-17	-5.769659e-17	7.164017e-17	-5.3747857e-17	0	-1.838742e-17
2.0500000000045637e-09	-9.2509714e-07	-7.155288e-07	0.00072969694	0.13794221	-5.8199224e-17	-5.769974e-17	7.164355e-17	-5.375592e-17	0	-1.8387112e-17
2.0600000000044427e-09	-9.336695e-07	-7.457522e-07	0.0007420555	0.13790904	-5.820691e-17	-5.770289e-17	7.1646924e-17	-5.3764142e-17	0	-1.8386807e-17
2.0700000000043217e-09	-9.3816817e-07	-7.8605e-07	0.00075420213	0.13787493	-5.821484e-17	-5.770604e-17	7.165024e-17	-5.3772533e-17	0	-1.8386511e-17
2.0800000000042007e-09	-9.398599e-07	-8.201575e-07	0.0007660924	0.13783997	-5.8222934e-17	-5.7709116e-17	7.165347e-17	-5.3781063e-17	0	-1.8386223e-17
2.0900000000040797e-09	-9.3208024e-07	-8.407919e-07	0.00077772874	0.13780423	-5.823122e-17	-5.7712127e-17	7.165657e-17	-5.3789716e-17	0	-1.8385947e-17
2.1000000000039587e-09	-9.202591e-07	-8.653104e-07	0.00078906043	0.13776837	-5.823966e-17	-5.771501e-17	7.165951e-17	-5.3798477e-17	0	-1.8385682e-17
2.1100000000038377e-09	-8.998674e-07	-8.858235e-07	0.00079995394	0.13773106	-5.824827e-17	-5.771775e-17	7.1662256e-17	-5.3807328e-17	0	-1.8385439e-17
2.1200000000037166e-09	-8.670837e-07	-8.966262e-07	0.0008103498	0.13769276	-5.825702e-17	-5.772034e-17	7.166477e-17	-5.3816245e-17	0	-1.838521e-17
2.1300000000035956e-09	-8.346035e-07	-8.955338e-07	0.00082024414	0.13765469	-5.826592e-17	-5.7722734e-17	7.166704e-17	-5.3825225e-17	0	-1.8385009e-17
2.1400000000034746e-09	-7.913717e-07	-8.9262073e-07	0.00082952064	0.13761505	-5.8274954e-17	-5.7724925e-17	7.166904e-17	-5.3834228e-17	0	-1.8384835e-17
2.1500000000033536e-09	-7.397515e-07	-8.7963315e-07	0.0008381954	0.13757308	-5.828406e-17	-5.77269e-17	7.167077e-17	-5.3843254e-17	0	-1.8384685e-17
2.1600000000032326e-09	-6.758531e-07	-8.534153e-07	0.0008460986	0.13752799	-5.829329e-17	-5.772865e-17	7.1672216e-17	-5.3852287e-17	0	-1.8384569e-17
2.1700000000031116e-09	-6.0285885e-07	-8.1542373e-07	0.00085320923	0.13747932	-5.83026e-17	-5.7730166e-17	7.167337e-17	-5.3861313e-17	0	-1.8384485e-17
2.1800000000029906e-09	-5.3050184e-07	-7.668721e-07	0.00085936434	0.13742729	-5.8312e-17	-5.7731456e-17	7.1674214e-17	-5.3870326e-17	0	-1.8384432e-17
2.1900000000028696e-09	-4.4478173e-07	-7.1128056e-07	0.0008644858	0.13737199	-5.8321434e-17	-5.773251e-17	7.167479e-17	-5.38793e-17	0	-1.8384415e-17
2.2000000000027486e-09	-3.5430892e-07	-6.4937734e-07	0.0008684668	0.13731214	-5.8330904e-17	-5.773332e-17	7.167509e-17	-5.3888233e-17	0	-1.8384428e-17
2.2100000000026276e-09	-2.5815024e-07	-5.7290856e-07	0.0008712034	0.13724864	-5.8340427e-17	-5.773391e-17	7.167509e-17	-5.3897123e-17	0	-1.8384478e-17
2.2200000000025065e-09	-1.6304226e-07	-4.901282e-07	0.0008726228	0.1371828	-5.8349936e-17	-5.773426e-17	7.167482e-17	-5.390594e-17	0	-1.8384556e-17
2.2300000000023855e-09	-6.5210834e-08	-4.0200703e-07	0.0008726413	0.13711387	-5.835943e-17	-5.773438e-17	7.16743e-17	-5.3914683e-17	0	-1.8384666e-17
2.2400000000022645e-09	2.8027156e-08	-3.0587492e-07	0.0008711488	0.1370422	-5.8368915e-17	-5.7734275e-17	7.167351e-17	-5.3923348e-17	0	-1.8384802e-17
2.2500000000021435e-09	1.2729616e-07	-2.0755799e-07	0.00086818566	0.13696821	-5.837833e-17	-5.773396e-17	7.167251e-17	-5.3931918e-17	0	-1.8384961e-17
2.2600000000020225e-09	2.1876278e-07	-1.1179e-07	0.0008637267	0.1368932	-5.838769e-17	-5.7733415e-17	7.167125e-17	-5.3940388e-17	0	-1.8385146e-17
2.2700000000019015e-09	3.026622e-07	-1.371582e-08	0.000857725	0.13681817	-5.839696e-17	-5.773267e-17	7.1669794e-17	-5.3948743e-17	0	-1.8385337e-17
2.2800000000017805e-09	3.7949883e-07	7.0399786e-08	0.0008503141	0.13674483	-5.8406125e-17	-5.773173e-17	7.166814e-17	-5.3956995e-17	0	-1.8385538e-17
2.2900000000016595e-09	4.4861275e-07	1.4917471e-07	0.00084162527	0.13667378	-5.8415184e-17	-5.7730596e-17	7.166629e-17	-5.396514e-17	0	-1.838574e-17
2.3000000000015385e-09	5.035633e-07	2.3353307e-07	0.00083170086	0.13660525	-5.84241e-17	-5.7729286e-17	7.166429e-17	-5.3973168e-17	0	-1.8385932e-17
2.3100000000014175e-09	5.386494e-07	2.9762114e-07	0.000820719	0.13654038	-5.843288e-17	-5.772781e-17	7.1662124e-17	-5.3981095e-17	0	-1.8386102e-17
2.3200000000012965e-09	5.5313143e-07	3.561258e-07	0.00080882554	0.13648248	-5.844152e-17	-5.772619e-17	7.165985e-17	-5.3988937e-17	0	-1.8386243e-17
2.3300000000011754e-09	5.5039277e-07	4.1863595e-07	0.00079606014	0.13643052	-5.845004e-17	-5.7724455e-17	7.165747e-17	-5.3996713e-17	0	-1.8386342e-17
2.3400000000010544e-09	5.3140457e-07	4.77262e-07	0.000782556	0.13638493	-5.8458435e-17	-5.772263e-17	7.1655023e-17	-5.400444e-17	0	-1.8386394e-17
2.3500000000009334e-09	4.921764e-07	5.3273214e-07	0.00076844887	0.13634484	-5.846672e-17	-5.7720736e-17	7.165255e-17	-5.401215e-17	0	-1.8386379e-17
2.3600000000008124e-09	4.3693763e-07	5.947568e-07	0.00075395865	0.13630992	-5.8474926e-17	-5.7718823e-17	7.165008e-17	-5.401989e-17	0	-1.83863e-17
2.3700000000006914e-09	3.6264993e-07	6.590876e-07	0.0007392288	0.13627912	-5.8483085e-17	-5.771693e-17	7.1647685e-17	-5.4027695e-17	0	-1.8386144e-17
2.3800000000005704e-09	2.7663776e-07	7.205054e-07	0.0007243715	0.13625222	-5.849123e-17	-5.771511e-17	7.1645395e-17	-5.4035603e-17	0	-1.8385916e-17
2.3900000000004494e-09	1.7398912e-07	7.8847756e-07	0.0007095745	0.13622727	-5.849939e-17	-5.771342e-17	7.16433e-17	-5.4043663e-17	0	-1.838561e-17
2.4000000000003284e-09	6.256326e-08	8.518374e-07	0.0006950869	0.13620493	-5.8507596e-17	-5.771193e-17	7.1641464e-17	-5.4051905e-17	0	-1.8385236e-17
2.4100000000002074e-09	-6.165291e-08	9.121627e-07	0.0006811893	0.1361845	-5.8515895e-17	-5.77107e-17	7.163998e-17	-5.406038e-17	0	-1.8384797e-17
2.4200000000000864e-09	-1.9602508e-07	9.62535e-07	0.00066813204	0.13616365	-5.8524306e-17	-5.7709824e-17	7.163892e-17	-5.4069104e-17	0	-1.8384307e-17
2.4300099999999652e-09	-3.3184054e-07	1.0012549e-06	0.0006561879	0.13614279	-5.853287e-17	-5.7709354e-17	7.163839e-17	-5.407811e-17	0	-1.8383781e-17
2.4400099999998442e-09	-4.7431854e-07	1.0212824e-06	0.0006456175	0.1361213	-5.854155e-17	-5.770941e-17	7.163848e-17	-5.4087385e-17	0	-1.8383237e-17
2.450009999999723e-09	-6.183498e-07	1.0224961e-06	0.00063674955	0.1360984	-5.8550385e-17	-5.7710036e-17	7.163928e-17	-5.4096937e-17	0	-1.838269e-17
2.460009999999602e-09	-7.6031006e-07	9.883887e-07	0.0006298004	0.13607429	-5.855935e-17	-5.7711306e-17	7.164085e-17	-5.4106728e-17	0	-1.8382168e-17
2.470009999999481e-09	-9.088248e-07	9.3510334e-07	0.0006249054	0.136049	-5.856843e-17	-5.7713285e-17	7.1643264e-17	-5.4116717e-17	0	-1.838169e-17
2.48000999999936e-09	-1.0467264e-06	8.598484e-07	0.000622186	0.13602234	-5.8577536e-17	-5.7716e-17	7.164658e-17	-5.4126838e-17	0	-1.8381282e-17
2.490009999999239e-09	-1.1756157e-06	7.714845e-07	0.00062174903	0.1359941	-5.8586695e-17	-5.7719485e-17	7.16508e-17	-5.4137042e-17	0	-1.8380966e-17
2.500009999999118e-09	-1.2895298e-06	6.5374695e-07	0.0006234979	0.13596615	-5.859578e-17	-5.772373e-17	7.165593e-17	-5.4147226e-17	0	-1.8380757e-17
2.510009999998997e-09	-1.3957136e-06	5.076067e-07	0.0006272033	0.13593856	-5.8604774e-17	-5.7728703e-17	7.166191e-17	-5.4157328e-17	0	-1.8380671e-17
2.520009999998876e-09	-1.4896648e-06	3.4265275e-07	0.0006326775	0.13591196	-5.861363e-17	-5.773435e-17	7.1668695e-17	-5.4167264e-17	0	-1.8380708e-17
2.530009999998755e-09	-1.5575421e-06	1.6119122e-07	0.0006394835	0.13588618	-5.8622264e-17	-5.77406e-17	7.167619e-17	-5.4176988e-17	0	-1.8380865e-17
2.540009999998634e-09	-1.6078612e-06	-3.762747e-08	0.00064726337	0.13586152	-5.8630654e-17	-5.774737e-17	7.1684286e-17	-5.418644e-17	0	-1.8381136e-17
2.550009999998513e-09	-1.633806e-06	-2.46642e-07	0.00065564195	0.1358388	-5.863881e-17	-5.7754544e-17	7.1692855e-17	-5.4195613e-17	0	-1.8381502e-17
2.560009999998392e-09	-1.6287081e-06	-4.6985787e-07	0.00066427246	0.1358185	-5.864668e-17	-5.776202e-17	7.1701776e-17	-5.420448e-17	0	-1.8381952e-17
2.570009999998271e-09	-1.590853e-06	-6.9695784e-07	0.000672936	0.1357997	-5.865431e-17	-5.776968e-17	7.1710875e-17	-5.421305e-17	0	-1.8382463e-17
2.58000999999815e-09	-1.5297843e-06	-9.132551e-07	0.0006814602	0.13578454	-5.8661704e-17	-5.777739e-17	7.1720027e-17	-5.4221312e-17	0	-1.838303e-17
2.590009999998029e-09	-1.4405176e-06	-1.1137731e-06	0.0006896868	0.13577442	-5.866888e-17	-5.778502e-17	7.172907e-17	-5.422928e-17	0	-1.8383644e-17
2.600009999997908e-09	-1.322818e-06	-1.2992401e-06	0.0006975211	0.13576895	-5.867584e-17	-5.779247e-17	7.173786e-17	-5.4236923e-17	0	-1.8384307e-17
2.610009999997787e-09	-1.1800233e-06	-1.4518134e-06	0.0007048543	0.1357686	-5.868261e-17	-5.7799596e-17	7.174624e-17	-5.4244235e-17	0	-1.8385017e-17
2.620009999997666e-09	-1.0199548e-06	-1.5818104e-06	0.00071171415	0.13577537	-5.868922e-17	-5.780634e-17	7.175411e-17	-5.425122e-17	0	-1.8385777e-17
2.630009999997545e-09	-8.473691e-07	-1.6638625e-06	0.0007180501	0.13578902	-5.8695664e-17	-5.7812586e-17	7.176135e-17	-5.4257847e-17	0	-1.8386586e-17
2.640009999997424e-09	-6.64049e-07	-1.709865e-06	0.0007239438	0.13581032	-5.870193e-17	-5.7818284e-17	7.17679e-17	-5.426411e-17	0	-1.8387444e-17
2.650009999997303e-09	-4.6783236e-07	-1.7097437e-06	0.0007294384	0.13583645	-5.8708045e-17	-5.7823386e-17	7.17737e-17	-5.427001e-17	0	-1.838834e-17
2.660009999997182e-09	-2.6869503e-07	-1.6743011e-06	0.00073456543	0.13586506	-5.8713975e-17	-5.7827886e-17	7.1778723e-17	-5.4275542e-17	0	-1.8389266e-17
2.670009999997061e-09	-8.331147e-08	-1.6138544e-06	0.0007394264	0.135895	-5.871971e-17	-5.783176e-17	7.178298e-17	-5.428073e-17	0	-1.8390207e-17
2.68000999999694e-09	9.0988685e-08	-1.5081333e-06	0.00074401306	0.13592717	-5.872527e-17	-5.7835026e-17	7.1786486e-17	-5.428559e-17	0	-1.8391145e-17
2.690009999996819e-09	2.565875e-07	-1.3783792e-06	0.0007484094	0.13596138	-5.8730624e-17	-5.7837706e-17	7.178928e-17	-5.4290137e-17	0	-1.839206e-17
2.700009999996698e-09	4.1036702e-07	-1.2179163e-06	0.0007525703	0.13599828	-5.873578e-17	-5.783984e-17	7.179141e-17	-5.4294408e-17	0	-1.8392945e-17
2.710009999996577e-09	5.435197e-07	-1.0345127e-06	0.00075648405	0.1360374	-5.874072e-17	-5.7841445e-17	7.179294e-17	-5.429842e-17	0	-1.8393789e-17
2.720009999996456e-09	6.6879795e-07	-8.375147e-07	0.0007600764	0.136076	-5.8745474e-17	-5.784259e-17	7.1793904e-17	-5.4302207e-17	0	-1.8394576e-17
2.730009999996335e-09	7.84639e-07	-6.294712e-07	0.0007633628	0.1361134	-5.875e-17	-5.784329e-17	7.1794374e-17	-5.4305784e-17	0	-1.8395312e-17
2.740009999996214e-09	8.84549e-07	-4.2276284e-07	0.0007661757	0.13614967	-5.875436e-17	-5.7843615e-17	7.179442e-17	-5.4309175e-17	0	-1.8395987e-17
2.750009999996093e-09	9.605322e-07	-2.1556899e-07	0.0007684787	0.13618389	-5.87585e-17	-5.784361e-17	7.1794116e-17	-5.4312398e-17	0	-1.8396603e-17
2.760009999995972e-09	1.032692e-06	-1.2259273e-08	0.0007702737	0.13621603	-5.876245e-17	-5.784332e-17	7.1793494e-17	-5.4315462e-17	0	-1.839716e-17
2.770009999995851e-09	1.0901498e-06	1.7029465e-07	0.00077150273	0.13624632	-5.876619e-17	-5.7842775e-17	7.179264e-17	-5.431839e-17	0	-1.8397663e-17
2.78000999999573e-09	1.1370021e-06	3.3889e-07	0.000772164	0.13627426	-5.876978e-17	-5.7842034e-17	7.179154e-17	-5.4321176e-17	0	-1.8398113e-17
2.790009999995609e-09	1.1751301e-06	4.845447e-07	0.00077220745	0.13629992	-5.8773155e-17	-5.784113e-17	7.1790324e-17	-5.4323843e-17	0	-1.8398515e-17
2.800009999995488e-09	1.2080845e-06	6.219457e-07	0.00077171903	0.13632356	-5.877638e-17	-5.784009e-17	7.178897e-17	-5.4326377e-17	0	-1.8398876e-17
2.810009999995367e-09	1.2323907e-06	7.4138256e-07	0.00077076815	0.13634579	-5.877944e-17	-5.783895e-17	7.178751e-17	-5.4328802e-17	0	-1.83992e-17
2.820009999995246e-09	1.2449079e-06	8.383643e-07	0.00076941575	0.13636631	-5.8782326e-17	-5.783773e-17	7.1786e-17	-5.433111e-17	0	-1.839949e-17
2.830009999995125e-09	1.2553768e-06	9.2417923e-07	0.00076766376	0.1363856	-5.878505e-17	-5.783644e-17	7.178445e-17	-5.4333296e-17	0	-1.8399756e-17
2.840009999995004e-09	1.2597617e-06	9.922728e-07	0.00076560274	0.13640316	-5.878761e-17	-5.783512e-17	7.1782866e-17	-5.4335357e-17	0	-1.8399997e-17
2.850009999994883e-09	1.263494e-06	1.0465292e-06	0.00076335965	0.13641952	-5.8790016e-17	-5.783374e-17	7.1781245e-17	-5.4337296e-17	0	-1.8400226e-17
2.860009999994762e-09	1.2612637e-06	1.0888905e-06	0.00076089735	0.13643473	-5.8792305e-17	-5.783235e-17	7.1779623e-17	-5.433913e-17	0	-1.8400442e-17
2.870009999994641e-09	1.2522969e-06	1.1238476e-06	0.0007583186	0.13644885	-5.8794416e-17	-5.783092e-17	7.177798e-17	-5.4340833e-17	0	-1.8400648e-17
2.8800099999945198e-09	1.2430265e-06	1.1555882e-06	0.00075565843	0.13646199	-5.879641e-17	-5.782949e-17	7.177635e-17	-5.4342418e-17	0	-1.840085e-17
2.8900099999943988e-09	1.2303576e-06	1.1784681e-06	0.00075300725	0.13647415	-5.8798274e-17	-5.782803e-17	7.17747e-17	-5.4343894e-17	0	-1.8401046e-17
2.9000099999942778e-09	1.2128183e-06	1.1971605e-06	0.00075032114	0.13648528	-5.88e-17	-5.7826575e-17	7.177306e-17	-5.434524e-17	0	-1.8401243e-17
2.9100099999941568e-09	1.1991481e-06	1.2039577e-06	0.00074758235	0.13649546	-5.880163e-17	-5.782511e-17	7.1771424e-17	-5.4346497e-17	0	-1.8401435e-17
2.9200099999940357e-09	1.1835508e-06	1.2092984e-06	0.00074488024	0.13650477	-5.880313e-17	-5.782365e-17	7.176979e-17	-5.4347646e-17	0	-1.8401629e-17
2.9300099999939147e-09	1.1649495e-06	1.2153673e-06	0.0007422494	0.1365134	-5.880454e-17	-5.782219e-17	7.176818e-17	-5.4348704e-17	0	-1.8401817e-17
2.9400099999937937e-09	1.1447096e-06	1.2141535e-06	0.00073961297	0.13652144	-5.880584e-17	-5.782074e-17	7.1766574e-17	-5.4349657e-17	0	-1.8402004e-17
2.9500099999936727e-09	1.1239538e-06	1.2117259e-06	0.00073700707	0.13652892	-5.880703e-17	-5.78193e-17	7.176499e-17	-5.4350534e-17	0	-1.840219e-17
2.9600099999935517e-09	1.102227e-06	1.2075384e-06	0.0007345246	0.1365359	-5.8808134e-17	-5.781787e-17	7.176342e-17	-5.4351315e-17	0	-1.8402373e-17
2.9700099999934307e-09	1.0786339e-06	1.1947329e-06	0.00073214126	0.13654234	-5.880917e-17	-5.781645e-17	7.176187e-17	-5.4352036e-17	0	-1.8402558e-17
2.9800099999933097e-09	1.0612767e-06	1.1815026e-06	0.00072972995	0.13654836	-5.881011e-17	-5.7815074e-17	7.176037e-17	-5.435268e-17	0	-1.8402735e-17
2.9900099999931887e-09	1.0408093e-06	1.1686365e-06	0.0007273531	0.13655393	-5.881099e-17	-5.78137e-17	7.175889e-17	-5.4353267e-17	0	-1.840291e-17
3.0000099999930677e-09	1.0153196e-06	1.1534033e-06	0.0007250571	0.1365591	-5.8811794e-17	-5.781237e-17	7.175744e-17	-5.4353783e-17	0	-1.8403083e-17
