# t (s)	mx ()	my ()	mz ()	spinAngle (rad)	E_total (J)	E_anis (J)	E_demag (J)	E_exch (J)	E_therm (J)	E_custom (J)
0	0	0	0	0.016871518	-1.0530348e-17	-4.5216002e-17	3.593205e-17	5.5360014e-18	0	-6.7824004e-18
1.0000000000000124e-11	6.749287e-10	0	0.0032971809	0.031835925	-1.9016005e-17	-4.0475857e-17	3.251496e-17	-4.4269528e-18	0	-6.628161e-18
2.0009999999999403e-11	3.7121082e-09	-1.0967592e-09	0.009499608	0.038541745	-2.0100428e-17	-3.6807552e-17	2.9677927e-17	-6.4040836e-18	0	-6.5667176e-18
3.000999999999824e-11	8.942806e-09	-2.1935185e-09	0.017311456	0.047614474	-2.1054445e-17	-3.4002096e-17	2.7317403e-17	-7.872153e-18	0	-6.4975997e-18
4.000000000000001e-11	9.28027e-09	-2.2778845e-09	0.022849618	0.056893468	-2.2374822e-17	-3.2734928e-17	2.6066079e-17	-9.293868e-18	0	-6.412107e-18
5.0000000000001785e-11	5.0619655e-09	0	0.022185706	0.06469663	-2.38925e-17	-3.2095812e-17	2.5503586e-17	-1.0891818e-17	0	-6.4084552e-18
6.00000000000024e-11	1.6873218e-09	3.0371794e-09	0.017100595	0.06973844	-2.5247149e-17	-3.10768e-17	2.4747462e-17	-1.24527955e-17	0	-6.46502e-18
7.000999999999771e-11	-6.749287e-10	8.352243e-09	0.010257876	0.07357615	-2.6300935e-17	-3.001379e-17	2.3968966e-17	-1.3719688e-17	0	-6.536425e-18
8.000999999999302e-11	-3.0371794e-09	1.3569759e-08	0.0036112447	0.07647842	-2.7068245e-17	-2.893433e-17	2.3170707e-17	-1.4698176e-17	0	-6.606445e-18
9.000999999998834e-11	-7.0867516e-09	1.813871e-08	-0.0020241882	0.079153486	-2.7602584e-17	-2.83278e-17	2.2736065e-17	-1.5344958e-17	0	-6.6658925e-18
1.0000999999998365e-10	-1.1811253e-08	2.1344622e-08	-0.0058793	0.08185621	-2.7945566e-17	-2.801033e-17	2.2522581e-17	-1.574758e-17	0	-6.710235e-18
1.1000999999997896e-10	-1.5185897e-08	2.4128703e-08	-0.0077464636	0.08469126	-2.8148344e-17	-2.7661517e-17	2.2274607e-17	-1.6021989e-17	0	-6.7394466e-18
1.2000999999997891e-10	-1.687322e-08	2.7503347e-08	-0.008285985	0.087883055	-2.8268795e-17	-2.7211139e-17	2.1927948e-17	-1.6231676e-17	0	-6.753929e-18
1.3000999999998715e-10	-1.8180893e-08	3.281841e-08	-0.008424536	0.09162063	-2.8362756e-17	-2.6671453e-17	2.1479652e-17	-1.6416096e-17	0	-6.754859e-18
1.400099999999954e-10	-1.9572933e-08	3.93146e-08	-0.008710114	0.095961064	-2.8477486e-17	-2.6178036e-17	2.1023086e-17	-1.6578574e-17	0	-6.7439618e-18
1.5000000000000362e-10	-2.0290045e-08	4.083319e-08	-0.008787869	0.10060591	-2.8644358e-17	-2.5930967e-17	2.0721849e-17	-1.6708832e-17	0	-6.7264065e-18
1.6000000000001186e-10	-2.0711877e-08	3.804911e-08	-0.007586378	0.10486873	-2.886905e-17	-2.6025779e-17	2.0688323e-17	-1.6815554e-17	0	-6.7160382e-18
1.700000000000201e-10	-2.0669694e-08	3.049834e-08	-0.0047499477	0.10806409	-2.9123957e-17	-2.6350391e-17	2.0876305e-17	-1.6929138e-17	0	-6.720733e-18
1.8000000000002833e-10	-2.117589e-08	2.1344622e-08	-0.0018013396	0.110012114	-2.9369084e-17	-2.6691603e-17	2.1123147e-17	-1.7072465e-17	0	-6.7281655e-18
1.9000000000003657e-10	-1.9066738e-08	1.10519585e-08	-0.000508411	0.11090643	-2.9585173e-17	-2.694508e-17	2.132395e-17	-1.7231274e-17	0	-6.7327688e-18
2.000000000000448e-10	-1.5185897e-08	6.327457e-09	-0.0009835421	0.11108757	-2.9770105e-17	-2.7125008e-17	2.1473923e-17	-1.738054e-17	0	-6.7384796e-18
2.1000000000005304e-10	-1.4089138e-08	3.3957352e-09	-0.0020747243	0.11089347	-2.9925237e-17	-2.7253485e-17	2.1584716e-17	-1.751123e-17	0	-6.745237e-18
2.2000000000006128e-10	-1.1600338e-08	1.8349625e-09	-0.002722665	0.11052723	-3.0054297e-17	-2.7325632e-17	2.1650809e-17	-1.7628513e-17	0	-6.7509585e-18
2.3000000000006952e-10	-9.878742e-09	1.2654914e-09	-0.0026659917	0.110072	-3.0162536e-17	-2.7342156e-17	2.1672362e-17	-1.7737616e-17	0	-6.755126e-18
2.4000000000005925e-10	-9.364636e-09	9.7021e-10	-0.0022313944	0.10955286	-3.0253985e-17	-2.7320583e-17	2.1663074e-17	-1.7838074e-17	0	-6.7584056e-18
2.5000000000004163e-10	-9.090447e-09	9.2802704e-10	-0.0018154449	0.10900131	-3.033093e-17	-2.7282723e-17	2.16401e-17	-1.792686e-17	0	-6.7614467e-18
2.60000000000024e-10	-8.3944265e-09	-8.8584395e-10	-0.0015975689	0.10844734	-3.0394867e-17	-2.7244992e-17	2.1616493e-17	-1.800193e-17	0	-6.764436e-18
2.700000000000064e-10	-8.099145e-09	-2.1935185e-09	-0.0015446215	0.10793073	-3.044722e-17	-2.7216108e-17	2.1599413e-17	-1.8063289e-17	0	-6.7672366e-18
2.800099999999888e-10	-6.2641825e-09	-2.4466167e-09	-0.0015409433	0.107467145	-3.0489623e-17	-2.7198289e-17	2.159092e-17	-1.8112574e-17	0	-6.7696784e-18
2.9000999999997117e-10	-6.886382e-09	-1.2654915e-10	-0.0015002461	0.10706565	-3.052365e-17	-2.718969e-17	2.1589727e-17	-1.8152014e-17	0	-6.771674e-18
3.0000999999995355e-10	-6.0664496e-09	-1.6029558e-09	-0.001405081	0.10671893	-3.0550907e-17	-2.718635e-17	2.1592757e-17	-1.81841e-17	0	-6.7732183e-18
3.1000999999993594e-10	-5.296609e-09	6.749287e-10	-0.0012850804	0.10641488	-3.0572767e-17	-2.7184656e-17	2.159709e-17	-1.8210854e-17	0	-6.7743466e-18
3.2000999999991833e-10	-5.5892535e-09	4.2183045e-11	-0.0011767846	0.10614475	-3.059036e-17	-2.718295e-17	2.160128e-17	-1.8233574e-17	0	-6.7751155e-18
3.300099999999007e-10	-6.0321756e-09	-1.0123932e-09	-0.0010992036	0.10589792	-3.0604578e-17	-2.718115e-17	2.160514e-17	-1.8252976e-17	0	-6.7755853e-18
3.400099999998831e-10	-5.1885145e-09	-2.256793e-09	-0.0010515777	0.10566565	-3.0616128e-17	-2.7179421e-17	2.1608677e-17	-1.8269576e-17	0	-6.7758086e-18
3.500099999998655e-10	-2.8684473e-09	-2.657532e-09	-0.0010224573	0.105441205	-3.0625595e-17	-2.7177443e-17	2.161157e-17	-1.8283896e-17	0	-6.7758243e-18
3.600099999998479e-10	-5.715803e-09	1.8560541e-09	-0.0009994343	0.105218776	-3.0633443e-17	-2.7174582e-17	2.161328e-17	-1.8296482e-17	0	-6.775659e-18
3.7000999999983027e-10	-3.6488335e-09	1.2233083e-09	-0.00097482506	0.10499462	-3.064006e-17	-2.717034e-17	2.161342e-17	-1.8307813e-17	0	-6.7753256e-18
3.8000999999981266e-10	-4.7666844e-09	3.269186e-09	-0.00094670855	0.1047692	-3.0645778e-17	-2.7164553e-17	2.1611885e-17	-1.8318294e-17	0	-6.77482e-18
3.9000999999979505e-10	-5.9161724e-09	1.9193287e-09	-0.0009170039	0.10454558	-3.065088e-17	-2.715725e-17	2.1608757e-17	-1.8328264e-17	0	-6.774125e-18
4.0000999999977743e-10	-6.5594636e-09	8.014779e-09	-0.0008889485	0.10432895	-3.065562e-17	-2.7148453e-17	2.1604087e-17	-1.8338042e-17	0	-6.7732125e-18
4.100099999997598e-10	-6.707104e-09	1.2549457e-08	-0.0008651262	0.10412688	-3.0660227e-17	-2.7138e-17	2.1597782e-17	-1.8347968e-17	0	-6.77204e-18
4.200099999997422e-10	-5.39943e-09	1.0039565e-08	-0.0008469497	0.10394538	-3.0664915e-17	-2.7125552e-17	2.1589601e-17	-1.8358413e-17	0	-6.7705507e-18
4.300099999997246e-10	-4.5346775e-09	1.38571306e-08	-0.0008347006	0.10380288	-3.0669905e-17	-2.7110644e-17	2.1579198e-17	-1.8369786e-17	0	-6.768674e-18
4.40009999999707e-10	0	1.4004772e-08	-0.0008282155	0.10377525	-3.0675434e-17	-2.7092701e-17	2.1566132e-17	-1.8382549e-17	0	-6.7663147e-18
4.5000999999968937e-10	1.0334846e-09	1.18534365e-08	-0.0008273739	0.10386616	-3.0681763e-17	-2.7071042e-17	2.1549858e-17	-1.8397238e-17	0	-6.763345e-18
4.6000999999967176e-10	3.1215455e-09	2.1639902e-08	-0.000832258	0.10406708	-3.0689205e-17	-2.7044766e-17	2.1529682e-17	-1.8414523e-17	0	-6.7595988e-18
4.700099999996541e-10	2.2989761e-09	2.7714261e-08	-0.00084299885	0.10437432	-3.069814e-17	-2.701278e-17	2.1504712e-17	-1.8435219e-17	0	-6.754854e-18
4.800099999996365e-10	6.812562e-09	3.0730348e-08	-0.0008596841	0.10479176	-3.0709057e-17	-2.6973751e-17	2.1473873e-17	-1.8460365e-17	0	-6.7488144e-18
4.900099999996189e-10	9.1959045e-09	3.448464e-08	-0.00088221894	0.105320334	-3.072256e-17	-2.6926124e-17	2.1435907e-17	-1.8491264e-17	0	-6.741081e-18
5.000099999996013e-10	1.10519585e-08	4.5220226e-08	-0.0009097513	0.105970435	-3.073946e-17	-2.686824e-17	2.1389443e-17	-1.852954e-17	0	-6.7311285e-18
5.100099999995837e-10	1.2190901e-08	5.3577743e-08	-0.00093949813	0.10675668	-3.0760835e-17	-2.6798541e-17	2.1333172e-17	-1.8577173e-17	0	-6.7182935e-18
5.200099999995661e-10	1.3793856e-08	5.516488e-08	-0.00096429064	0.10769284	-3.0787983e-17	-2.6715978e-17	2.1266173e-17	-1.8636374e-17	0	-6.7018045e-18
5.300099999995485e-10	1.1726887e-08	5.3973206e-08	-0.0009687566	0.108795606	-3.0822467e-17	-2.6620902e-17	2.1188622e-17	-1.8709242e-17	0	-6.6809447e-18
5.400099999995309e-10	5.8634435e-09	4.433438e-08	-0.00092410774	0.11006735	-3.0865735e-17	-2.651626e-17	2.1102813e-17	-1.879684e-17	0	-6.655446e-18
5.500099999995133e-10	-7.382033e-09	1.6388114e-08	-0.00078669627	0.111513935	-3.091839e-17	-2.6408782e-17	2.1014178e-17	-1.8897563e-17	0	-6.626226e-18
5.600099999994956e-10	-2.602694e-08	-2.617458e-08	-0.00051396905	0.113112725	-3.0979022e-17	-2.6308183e-17	2.093074e-17	-1.9005178e-17	0	-6.596402e-18
5.70009999999478e-10	-4.4545295e-08	-8.575813e-08	-0.00011606176	0.114792414	-3.104349e-17	-2.6222226e-17	2.0859159e-17	-1.9108378e-17	0	-6.5720463e-18
5.800099999994604e-10	-6.111269e-08	-1.3026124e-07	0.00027879197	0.1164567	-3.1106676e-17	-2.6149909e-17	2.0799054e-17	-1.9194412e-17	0	-6.561412e-18
5.900099999994428e-10	-6.580555e-08	-1.5685765e-07	0.00045646224	0.118016854	-3.116655e-17	-2.6082914e-17	2.0744095e-17	-1.9256664e-17	0	-6.5710686e-18
6.000099999994252e-10	-5.1294585e-08	-1.4686027e-07	0.0003039145	0.11950782	-3.122556e-17	-2.601678e-17	2.0690719e-17	-1.9299024e-17	0	-6.6004774e-18
6.100099999994076e-10	-3.0540527e-08	-1.0303209e-07	-5.5830107e-05	0.12086214	-3.128575e-17	-2.5955336e-17	2.0641351e-17	-1.933085e-17	0	-6.6409133e-18
6.2000999999939e-10	-2.1935185e-09	-3.525448e-08	-0.00039228765	0.12201511	-3.1344653e-17	-2.5903235e-17	2.0598693e-17	-1.9358907e-17	0	-6.681205e-18
6.300099999993724e-10	3.2354396e-08	4.3005617e-08	-0.00058366236	0.12300799	-3.139776e-17	-2.5860427e-17	2.056209e-17	-1.9385274e-17	0	-6.7141506e-18
6.400099999993547e-10	6.798852e-08	1.2296358e-07	-0.0006523738	0.12382413	-3.1442555e-17	-2.5823432e-17	2.0528704e-17	-1.9410117e-17	0	-6.737706e-18
6.500099999993371e-10	9.4268565e-08	1.8568977e-07	-0.000666878	0.12442135	-3.1478934e-17	-2.5788234e-17	2.0495549e-17	-1.9433328e-17	0	-6.7529197e-18
6.600099999993195e-10	1.0832606e-07	2.2711352e-07	-0.00067652273	0.12485058	-3.150789e-17	-2.5752806e-17	2.0461386e-17	-1.9454494e-17	0	-6.7619778e-18
6.700099999993019e-10	1.1503317e-07	2.3943096e-07	-0.0007000889	0.12516645	-3.153068e-17	-2.5718116e-17	2.0427546e-17	-1.947317e-17	0	-6.76694e-18
6.800099999992843e-10	1.1321929e-07	2.3394718e-07	-0.0007331223	0.12540808	-3.1548612e-17	-2.5686496e-17	2.0396469e-17	-1.9489331e-17	0	-6.769253e-18
6.900099999992667e-10	1.0566853e-07	2.1614593e-07	-0.0007635285	0.12563466	-3.1562956e-17	-2.5659634e-17	2.0369964e-17	-1.950336e-17	0	-6.7699245e-18
7.000099999992491e-10	9.681009e-08	1.9142666e-07	-0.00078383356	0.1258805	-3.1574864e-17	-2.56382e-17	2.034884e-17	-1.9515742e-17	0	-6.769763e-18
7.100099999992315e-10	8.377553e-08	1.614767e-07	-0.0007933921	0.12616862	-3.158535e-17	-2.5622065e-17	2.0333023e-17	-1.9526879e-17	0	-6.7694273e-18
7.200099999992138e-10	7.2217375e-08	1.363356e-07	-0.0007953738	0.12651607	-3.1595097e-17	-2.5610405e-17	2.0321735e-17	-1.953706e-17	0	-6.7693637e-18
7.300099999991962e-10	6.099668e-08	1.1060395e-07	-0.00079332455	0.12692656	-3.160447e-17	-2.5601887e-17	2.0313663e-17	-1.9546481e-17	0	-6.7697652e-18
7.400099999991786e-10	5.2855356e-08	8.790947e-08	-0.0007895836	0.1273886	-3.1613543e-17	-2.5594983e-17	2.0307304e-17	-1.9555263e-17	0	-6.770602e-18
7.50009999999161e-10	4.6232618e-08	7.500146e-08	-0.0007851993	0.12789056	-3.1622215e-17	-2.5588253e-17	2.0301226e-17	-1.9563482e-17	0	-6.7717037e-18
7.600099999991434e-10	4.4903853e-08	6.378077e-08	-0.0007808146	0.12842065	-3.1630338e-17	-2.5580562e-17	2.0294299e-17	-1.957121e-17	0	-6.772864e-18
7.700099999991258e-10	3.7880376e-08	5.222261e-08	-0.0007774695	0.12896141	-3.1637832e-17	-2.557121e-17	2.0285815e-17	-1.9578515e-17	0	-6.7739235e-18
7.800099999991082e-10	3.695235e-08	4.732938e-08	-0.00077654485	0.12949604	-3.164468e-17	-2.5559914e-17	2.0275489e-17	-1.9585456e-17	0	-6.7748024e-18
7.900099999990906e-10	3.450573e-08	4.5220226e-08	-0.0007789717	0.13001281	-3.1650915e-17	-2.5546793e-17	2.0263434e-17	-1.9592059e-17	0	-6.7754955e-18
8.00009999999073e-10	3.5475942e-08	4.5895156e-08	-0.0007848095	0.1304962	-3.1656586e-17	-2.553225e-17	2.025003e-17	-1.9598326e-17	0	-6.7760407e-18
8.100099999990553e-10	3.6593793e-08	5.2728808e-08	-0.00079334027	0.13094448	-3.1661724e-17	-2.551681e-17	2.0235799e-17	-1.960423e-17	0	-6.77648e-18
8.200099999990377e-10	3.4590098e-08	5.466923e-08	-0.0008032882	0.13135675	-3.166636e-17	-2.550104e-17	2.022128e-17	-1.9609744e-17	0	-6.776854e-18
8.300099999990201e-10	3.7606185e-08	5.8887533e-08	-0.0008131029	0.13173611	-3.1670512e-17	-2.5485436e-17	2.0206955e-17	-1.9614845e-17	0	-6.7771855e-18
8.400099999990025e-10	3.7353086e-08	6.082795e-08	-0.00082156446	0.13208356	-3.1674218e-17	-2.5470385e-17	2.019319e-17	-1.9619536e-17	0	-6.7774833e-18
8.500099999989849e-10	3.9504425e-08	6.175598e-08	-0.0008279988	0.13240361	-3.1677497e-17	-2.5456149e-17	2.0180222e-17	-1.9623821e-17	0	-6.777752e-18
8.600099999989673e-10	4.595843e-08	6.285274e-08	-0.0008321679	0.13269907	-3.16804e-17	-2.5442851e-17	2.0168172e-17	-1.962773e-17	0	-6.7779924e-18
8.700099999989497e-10	4.4714028e-08	5.89719e-08	-0.0008343426	0.13297334	-3.1682966e-17	-2.5430528e-17	2.015706e-17	-1.9631289e-17	0	-6.778209e-18
8.800099999989321e-10	4.0200444e-08	5.3656834e-08	-0.0008350316	0.13323216	-3.1685233e-17	-2.5419133e-17	2.0146831e-17	-1.9634528e-17	0	-6.7784056e-18
8.900099999989144e-10	3.673089e-08	4.943853e-08	-0.000834804	0.13347596	-3.1687248e-17	-2.5408573e-17	2.0137394e-17	-1.963748e-17	0	-6.7785867e-18
9.000099999988968e-10	3.8228386e-08	5.011346e-08	-0.00083410746	0.13370694	-3.1689034e-17	-2.5398741e-17	2.0128635e-17	-1.9640171e-17	0	-6.7787567e-18
9.100099999988792e-10	3.1806017e-08	4.8763603e-08	-0.0008333338	0.13392456	-3.1690616e-17	-2.5389515e-17	2.012044e-17	-1.9642628e-17	0	-6.7789155e-18
9.200099999988616e-10	3.157401e-08	4.2942343e-08	-0.00083269196	0.13412896	-3.169203e-17	-2.5380801e-17	2.0112716e-17	-1.964488e-17	0	-6.7790644e-18
9.30009999998844e-10	3.1226e-08	4.336417e-08	-0.00083228265	0.13432184	-3.1693273e-17	-2.5372513e-17	2.010538e-17	-1.9646939e-17	0	-6.7792017e-18
9.400099999989161e-10	3.4990837e-08	4.538896e-08	-0.0008320422	0.13450299	-3.169438e-17	-2.5364605e-17	2.0098381e-17	-1.9648835e-17	0	-6.7793254e-18
9.50009999999002e-10	3.5792315e-08	4.3026706e-08	-0.0008321634	0.13467273	-3.169537e-17	-2.535704e-17	2.0091683e-17	-1.9650577e-17	0	-6.7794362e-18
9.600099999990877e-10	3.4347547e-08	3.695235e-08	-0.0008326756	0.13483071	-3.1696238e-17	-2.5349799e-17	2.0085275e-17	-1.965218e-17	0	-6.7795334e-18
9.700099999991735e-10	3.3662072e-08	3.239658e-08	-0.00083350576	0.13497746	-3.169701e-17	-2.5342882e-17	2.007915e-17	-1.965366e-17	0	-6.779617e-18
9.800099999992593e-10	3.0097603e-08	3.3408973e-08	-0.0008345495	0.13511364	-3.16977e-17	-2.5336296e-17	2.007331e-17	-1.9655027e-17	0	-6.779686e-18
9.90009999999345e-10	2.9802322e-08	3.5349395e-08	-0.00083574554	0.1352392	-3.169832e-17	-2.5330049e-17	2.006777e-17	-1.9656295e-17	0	-6.779743e-18
1.0000099999994308e-09	2.6153488e-08	3.003433e-08	-0.00083699095	0.13535528	-3.169887e-17	-2.5324143e-17	2.0062536e-17	-1.9657474e-17	0	-6.77979e-18
1.0100099999995166e-09	2.3590868e-08	2.6490953e-08	-0.0008381804	0.13546212	-3.1699374e-17	-2.5318589e-17	2.0057608e-17	-1.965857e-17	0	-6.779826e-18
1.0200099999996024e-09	2.3875604e-08	1.771688e-08	-0.00083927676	0.13556036	-3.169984e-17	-2.5313386e-17	2.0052995e-17	-1.9659598e-17	0	-6.779852e-18
1.0300099999996882e-09	2.2209374e-08	1.8391809e-08	-0.0008402441	0.13565132	-3.170028e-17	-2.5308527e-17	2.0048688e-17	-1.9660568e-17	0	-6.7798697e-18
1.040009999999774e-09	2.3981062e-08	1.856054e-08	-0.0008411087	0.13573544	-3.170069e-17	-2.5303996e-17	2.0044676e-17	-1.9661493e-17	0	-6.779881e-18
1.0500099999998598e-09	2.0015856e-08	9.28027e-09	-0.000841884	0.1358136	-3.17011e-17	-2.5299786e-17	2.0040948e-17	-1.9662378e-17	0	-6.7798854e-18
1.0600099999999456e-09	2.0912246e-08	7.930413e-09	-0.00084246224	0.13588674	-3.170151e-17	-2.5295863e-17	2.0037483e-17	-1.9663245e-17	0	-6.7798833e-18
1.0700000000000313e-09	1.967839e-08	7.719498e-09	-0.0008428866	0.13595524	-3.1701922e-17	-2.529222e-17	2.0034265e-17	-1.966409e-17	0	-6.779876e-18
1.080000000000117e-09	2.0184588e-08	6.327457e-09	-0.0008431635	0.13601944	-3.1702352e-17	-2.5288812e-17	2.0031265e-17	-1.9664944e-17	0	-6.7798626e-18
1.0900000000002028e-09	1.562882e-08	3.9652064e-09	-0.00084341626	0.13608038	-3.1702805e-17	-2.5285628e-17	2.0028465e-17	-1.9665804e-17	0	-6.7798424e-18
1.1000000000002886e-09	1.4468785e-08	-3.3746436e-10	-0.0008436199	0.13613857	-3.1703302e-17	-2.5282631e-17	2.0025837e-17	-1.9666692e-17	0	-6.779817e-18
1.1100000000003744e-09	1.6915402e-08	-8.774074e-09	-0.00084379036	0.13619485	-3.170384e-17	-2.52798e-17	2.0023361e-17	-1.9667615e-17	0	-6.7797853e-18
1.1200000000004602e-09	1.0355938e-08	-1.3582941e-08	-0.000843833	0.13624999	-3.1704427e-17	-2.5277104e-17	2.0021017e-17	-1.9668593e-17	0	-6.779747e-18
1.130000000000546e-09	9.090447e-09	-1.3962588e-08	-0.00084384787	0.1363043	-3.1705085e-17	-2.5274528e-17	2.0018777e-17	-1.966963e-17	0	-6.7797013e-18
1.1400000000006318e-09	1.1494881e-08	-1.3751674e-08	-0.00084383885	0.13635826	-3.1705806e-17	-2.5272039e-17	2.0016628e-17	-1.9670745e-17	0	-6.7796484e-18
1.1500000000007175e-09	9.986836e-09	-1.978385e-08	-0.00084387744	0.13641165	-3.170662e-17	-2.526962e-17	2.0014546e-17	-1.9671955e-17	0	-6.7795897e-18
1.1600000000008033e-09	1.2338541e-08	-2.341159e-08	-0.00084387866	0.13646498	-3.1707524e-17	-2.5267269e-17	2.0012528e-17	-1.9673262e-17	0	-6.779523e-18
1.1700000000008891e-09	1.0640673e-08	-3.324024e-08	-0.00084374275	0.13651857	-3.1708536e-17	-2.5264958e-17	2.0010553e-17	-1.9674681e-17	0	-6.7794503e-18
1.1800000000009749e-09	1.336148e-08	-3.4674464e-08	-0.00084342173	0.13657172	-3.170965e-17	-2.5262682e-17	2.0008616e-17	-1.9676213e-17	0	-6.7793725e-18
1.1900000000010607e-09	1.03243005e-08	-3.3155874e-08	-0.0008429587	0.13662297	-3.1710875e-17	-2.5260443e-17	2.0006721e-17	-1.9677866e-17	0	-6.7792906e-18
1.2000000000011465e-09	1.2127626e-08	-3.40839e-08	-0.0008422316	0.13667303	-3.1712225e-17	-2.525825e-17	2.0004867e-17	-1.9679633e-17	0	-6.7792075e-18
1.2100000000012322e-09	1.3277114e-08	-4.1592482e-08	-0.0008412554	0.1367242	-3.171367e-17	-2.5256109e-17	2.000306e-17	-1.9681499e-17	0	-6.7791265e-18
1.220000000001318e-09	1.4848433e-08	-4.5642057e-08	-0.0008398884	0.13677803	-3.1715223e-17	-2.525403e-17	2.0001315e-17	-1.9683458e-17	0	-6.7790483e-18
1.2300000000014038e-09	7.68786e-09	-5.053529e-08	-0.0008381549	0.13683093	-3.1716858e-17	-2.5252037e-17	1.9999639e-17	-1.9685482e-17	0	-6.7789792e-18
1.2400000000014896e-09	5.209606e-09	-5.6609647e-08	-0.00083596393	0.13688426	-3.1718558e-17	-2.5250141e-17	1.9998052e-17	-1.9687549e-17	0	-6.7789205e-18
1.2500000000015754e-09	7.877684e-09	-5.8929714e-08	-0.0008332756	0.13693853	-3.1720302e-17	-2.5248351e-17	1.9996555e-17	-1.9689632e-17	0	-6.778873e-18
1.2600000000016612e-09	1.1610884e-08	-6.232545e-08	-0.00083020265	0.13699333	-3.1722075e-17	-2.524668e-17	1.9995159e-17	-1.9691714e-17	0	-6.778838e-18
1.270000000001747e-09	9.238088e-09	-6.538372e-08	-0.0008266853	0.13704853	-3.1723855e-17	-2.5245112e-17	1.999385e-17	-1.969378e-17	0	-6.7788134e-18
1.2800000000018327e-09	1.0672311e-08	-6.9180196e-08	-0.0008229059	0.1371057	-3.1725632e-17	-2.5243638e-17	1.9992625e-17	-1.9695826e-17	0	-6.7787943e-18
1.2900000000019185e-09	1.7695788e-08	-7.2512655e-08	-0.0008191069	0.13716777	-3.1727406e-17	-2.524223e-17	1.9991458e-17	-1.9697854e-17	0	-6.778778e-18
1.3000000000020043e-09	2.0237316e-08	-7.470617e-08	-0.00081532233	0.13723311	-3.172918e-17	-2.524087e-17	1.9990333e-17	-1.9699884e-17	0	-6.7787563e-18
1.3100000000020901e-09	2.1186436e-08	-8.269986e-08	-0.0008115956	0.13730548	-3.173096e-17	-2.523952e-17	1.9989223e-17	-1.9701933e-17	0	-6.7787265e-18
1.3200000000021759e-09	2.5394193e-08	-7.732152e-08	-0.0008082032	0.13738395	-3.1732753e-17	-2.5238149e-17	1.9988103e-17	-1.9704025e-17	0	-6.778684e-18
1.3300000000022617e-09	2.6490953e-08	-7.736371e-08	-0.00080543506	0.13747053	-3.17346e-17	-2.523673e-17	1.9986942e-17	-1.970619e-17	0	-6.7786264e-18
1.3400000000023475e-09	3.016088e-08	-8.6981444e-08	-0.00080336415	0.13756722	-3.1736508e-17	-2.5235234e-17	1.9985728e-17	-1.9708448e-17	0	-6.7785532e-18
1.3500000000024332e-09	3.2881683e-08	-8.605341e-08	-0.0008021604	0.13767357	-3.17385e-17	-2.523364e-17	1.998443e-17	-1.9710829e-17	0	-6.778464e-18
1.360000000002519e-09	3.186929e-08	-8.343807e-08	-0.00080195843	0.13778861	-3.174059e-17	-2.5231919e-17	1.9983036e-17	-1.9713345e-17	0	-6.778361e-18
1.3700000000026048e-09	2.8220459e-08	-8.2299124e-08	-0.0008028892	0.1379106	-3.1742798e-17	-2.5230058e-17	1.9981525e-17	-1.9716022e-17	0	-6.778245e-18
1.3800000000026906e-09	2.7229156e-08	-7.432653e-08	-0.0008048392	0.13803858	-3.1745134e-17	-2.5228038e-17	1.9979886e-17	-1.9718864e-17	0	-6.7781185e-18
1.3900000000027764e-09	3.0118695e-08	-6.588992e-08	-0.0008079506	0.1381724	-3.174762e-17	-2.5225855e-17	1.9978112e-17	-1.9721892e-17	0	-6.777985e-18
1.4000000000028622e-09	3.5475942e-08	-6.314802e-08	-0.0008120113	0.13831292	-3.1750236e-17	-2.5223493e-17	1.9976197e-17	-1.9725093e-17	0	-6.7778464e-18
1.410000000002948e-09	3.4590098e-08	-6.036394e-08	-0.0008168543	0.1384603	-3.175301e-17	-2.522095e-17	1.9974125e-17	-1.9728478e-17	0	-6.7777074e-18
1.4200000000030337e-09	3.030852e-08	-5.108367e-08	-0.0008223693	0.13861367	-3.175593e-17	-2.5218232e-17	1.997191e-17	-1.9732036e-17	0	-6.77757e-18
1.4300000000031195e-09	3.0287428e-08	-3.8681854e-08	-0.00082843524	0.1387741	-3.1758978e-17	-2.5215332e-17	1.9969545e-17	-1.973575e-17	0	-6.777442e-18
1.4400000000032053e-09	2.5626202e-08	-2.6828417e-08	-0.00083485554	0.13893734	-3.1762167e-17	-2.5212267e-17	1.9967038e-17	-1.9739611e-17	0	-6.777326e-18
1.450000000003291e-09	2.3390498e-08	-1.7632514e-08	-0.0008413257	0.13910085	-3.176546e-17	-2.5209039e-17	1.9964391e-17	-1.9743587e-17	0	-6.7772272e-18
1.4600000000033769e-09	2.368578e-08	-4.1339385e-09	-0.0008476924	0.13926232	-3.176884e-17	-2.5205662e-17	1.9961618e-17	-1.9747647e-17	0	-6.7771532e-18
1.4700000000034627e-09	1.7063043e-08	2.9528133e-09	-0.00085360213	0.13942379	-3.1772285e-17	-2.5202147e-17	1.9958727e-17	-1.9751758e-17	0	-6.7771065e-18
1.4800000000035485e-09	2.1787544e-08	1.2064351e-08	-0.0008587807	0.1395837	-3.1775756e-17	-2.5198506e-17	1.995572e-17	-1.9755877e-17	0	-6.7770945e-18
1.4900000000036342e-09	1.2211992e-08	2.2863212e-08	-0.00086294906	0.13974081	-3.1779217e-17	-2.5194752e-17	1.9952615e-17	-1.975996e-17	0	-6.7771214e-18
1.50000000000372e-09	1.4046955e-08	3.560249e-08	-0.0008657893	0.1398963	-3.178263e-17	-2.51909e-17	1.9949416e-17	-1.9763954e-17	0	-6.777189e-18
1.5100000000038058e-09	1.0145023e-08	4.6190436e-08	-0.0008671272	0.14004749	-3.1785944e-17	-2.5186958e-17	1.9946135e-17	-1.9767822e-17	0	-6.7773004e-18
1.5200000000038916e-09	8.731891e-09	5.7832956e-08	-0.00086682447	0.14019395	-3.1789133e-17	-2.518294e-17	1.9942775e-17	-1.9771514e-17	0	-6.777453e-18
1.5300000000039774e-09	4.42922e-09	6.909583e-08	-0.0008647902	0.14033434	-3.1792144e-17	-2.5178852e-17	1.9939349e-17	-1.9774998e-17	0	-6.777644e-18
1.5400000000040632e-09	-6.9602024e-10	7.706843e-08	-0.00086105824	0.14046617	-3.1794953e-17	-2.5174708e-17	1.993586e-17	-1.9778236e-17	0	-6.777867e-18
1.550000000004149e-09	-4.471403e-09	7.715279e-08	-0.0008558594	0.14059098	-3.1797528e-17	-2.5170514e-17	1.9932316e-17	-1.9781214e-17	0	-6.7781144e-18
1.5600000000042347e-09	-1.0545762e-08	8.0147785e-08	-0.00084941235	0.14070907	-3.1799847e-17	-2.5166279e-17	1.9928728e-17	-1.978392e-17	0	-6.778374e-18
1.5700000000043205e-09	-2.3306134e-08	7.753244e-08	-0.00084214925	0.14081864	-3.1801905e-17	-2.516201e-17	1.99251e-17	-1.978636e-17	0	-6.778637e-18
1.5800000000044063e-09	-2.7313522e-08	8.6306514e-08	-0.0008343965	0.14091857	-3.180371e-17	-2.5157732e-17	1.9921449e-17	-1.9788538e-17	0	-6.7788907e-18
1.590000000004492e-09	-4.0917556e-08	8.8246935e-08	-0.0008265849	0.14100914	-3.1805273e-17	-2.5153454e-17	1.9917788e-17	-1.9790478e-17	0	-6.779129e-18
1.6000000000045779e-09	-5.7832956e-08	7.7785536e-08	-0.000819119	0.14109011	-3.1806597e-17	-2.5149196e-17	1.9914133e-17	-1.9792189e-17	0	-6.779342e-18
1.6100000000046637e-09	-7.472727e-08	7.33985e-08	-0.0008123277	0.14116165	-3.1807715e-17	-2.5144975e-17	1.9910504e-17	-1.9793716e-17	0	-6.779528e-18
1.6200000000047495e-09	-9.77803e-08	7.500146e-08	-0.00080642814	0.14122428	-3.1808645e-17	-2.5140821e-17	1.9906922e-17	-1.979506e-17	0	-6.7796844e-18
1.6300000000048352e-09	-1.201584e-07	7.0150406e-08	-0.0008017249	0.14127818	-3.180942e-17	-2.5136762e-17	1.9903415e-17	-1.9796258e-17	0	-6.779812e-18
1.640000000004921e-09	-1.4517296e-07	5.6145634e-08	-0.0007983054	0.1413248	-3.1810058e-17	-2.5132816e-17	1.9899999e-17	-1.9797326e-17	0	-6.7799143e-18
1.6500000000050068e-09	-1.6409206e-07	5.0282193e-08	-0.0007962175	0.14136462	-3.181058e-17	-2.512901e-17	1.98967e-17	-1.9798277e-17	0	-6.779993e-18
1.6600000000050926e-09	-1.8514139e-07	3.863967e-08	-0.00079540705	0.14139803	-3.1811014e-17	-2.5125366e-17	1.9893533e-17	-1.9799125e-17	0	-6.7800533e-18
1.6700000000051784e-09	-2.0713985e-07	3.1215453e-08	-0.00079577154	0.14142601	-3.181137e-17	-2.5121905e-17	1.9890516e-17	-1.9799886e-17	0	-6.780098e-18
1.6800000000052642e-09	-2.1728488e-07	2.7756444e-08	-0.00079724	0.14144918	-3.1811666e-17	-2.5118631e-17	1.9887665e-17	-1.9800571e-17	0	-6.7801302e-18
1.69000000000535e-09	-2.2937031e-07	1.7337232e-08	-0.0007995665	0.1414682	-3.1811917e-17	-2.5115564e-17	1.9884984e-17	-1.9801184e-17	0	-6.780154e-18
1.7000000000054357e-09	-2.383553e-07	4.3026707e-09	-0.0008025594	0.14148389	-3.181212e-17	-2.5112699e-17	1.9882482e-17	-1.9801734e-17	0	-6.7801704e-18
1.7100000000055215e-09	-2.4451404e-07	-3.501193e-09	-0.00080610556	0.14149685	-3.1812298e-17	-2.5110039e-17	1.9880158e-17	-1.9802236e-17	0	-6.7801803e-18
1.7200000000056073e-09	-2.4521006e-07	-5.568162e-09	-0.0008099845	0.14150769	-3.1812447e-17	-2.5107584e-17	1.9878007e-17	-1.9802684e-17	0	-6.7801877e-18
1.730000000005693e-09	-2.4801523e-07	-1.5692093e-08	-0.00081403326	0.14151686	-3.1812582e-17	-2.5105324e-17	1.9876027e-17	-1.9803093e-17	0	-6.7801906e-18
1.7400000000057789e-09	-2.4172994e-07	-1.4426602e-08	-0.0008180906	0.14152458	-3.181269e-17	-2.5103254e-17	1.9874214e-17	-1.980346e-17	0	-6.7801927e-18
1.7500000000058647e-09	-2.34137e-07	-1.7969978e-08	-0.0008220637	0.14153104	-3.1812794e-17	-2.5101357e-17	1.9872551e-17	-1.9803794e-17	0	-6.780192e-18
1.7600000000059504e-09	-2.3145837e-07	-2.0205679e-08	-0.00082585966	0.14153653	-3.181288e-17	-2.5099633e-17	1.9871037e-17	-1.9804095e-17	0	-6.7801906e-18
1.7700000000060362e-09	-2.2422398e-07	-2.0754058e-08	-0.00082945067	0.14154111	-3.1812963e-17	-2.509806e-17	1.9869658e-17	-1.9804371e-17	0	-6.7801886e-18
1.780000000006122e-09	-2.179809e-07	-2.1639902e-08	-0.0008328096	0.14154507	-3.181304e-17	-2.509663e-17	1.9868404e-17	-1.9804625e-17	0	-6.780186e-18
1.7900000000062078e-09	-2.1005049e-07	-2.0374411e-08	-0.00083585066	0.14154853	-3.1813108e-17	-2.5095336e-17	1.9867264e-17	-1.9804853e-17	0	-6.7801836e-18
1.8000000000062936e-09	-2.0220443e-07	-2.0205679e-08	-0.0008385878	0.14155138	-3.1813174e-17	-2.5094158e-17	1.9866228e-17	-1.9805065e-17	0	-6.780181e-18
1.8100000000063794e-09	-1.9418965e-07	-1.8813639e-08	-0.0008410662	0.14155367	-3.1813234e-17	-2.5093088e-17	1.9865287e-17	-1.9805258e-17	0	-6.7801786e-18
1.8200000000064652e-09	-1.8978153e-07	-1.6156108e-08	-0.0008432124	0.14155525	-3.1813297e-17	-2.5092115e-17	1.9864431e-17	-1.9805435e-17	0	-6.7801766e-18
1.830000000006551e-09	-1.8134492e-07	-1.273928e-08	-0.0008451203	0.14155617	-3.1813356e-17	-2.5091232e-17	1.986365e-17	-1.9805599e-17	0	-6.780175e-18
1.8400000000066367e-09	-1.6263674e-07	-7.0867516e-09	-0.0008467732	0.14155646	-3.1813406e-17	-2.5090424e-17	1.9862938e-17	-1.9805748e-17	0	-6.780173e-18
1.8500000000067225e-09	-1.4991855e-07	-5.7368945e-09	-0.0008482327	0.14155604	-3.1813466e-17	-2.508969e-17	1.9862289e-17	-1.9805892e-17	0	-6.780171e-18
1.8600000000068083e-09	-1.445613e-07	-7.255484e-09	-0.0008495291	0.14155488	-3.1813522e-17	-2.508902e-17	1.9861692e-17	-1.9806024e-17	0	-6.7801704e-18
1.870000000006742e-09	-1.4297943e-07	5.0619655e-09	-0.00085068814	0.14155307	-3.181357e-17	-2.5088401e-17	1.986114e-17	-1.9806143e-17	0	-6.7801687e-18
1.880000000006621e-09	-1.3743237e-07	3.5433758e-09	-0.00085180224	0.14155063	-3.1813624e-17	-2.5087832e-17	1.9860631e-17	-1.9806257e-17	0	-6.7801683e-18
1.8900000000065e-09	-1.261273e-07	1.4764067e-09	-0.00085287355	0.14154753	-3.181368e-17	-2.508731e-17	1.9860163e-17	-1.9806365e-17	0	-6.780168e-18
1.900000000006379e-09	-1.1863982e-07	7.213301e-09	-0.0008536394	0.14154376	-3.1813727e-17	-2.5086825e-17	1.9859726e-17	-1.9806464e-17	0	-6.7801662e-18
1.910000000006258e-09	-1.1448479e-07	1.8476175e-08	-0.0008543157	0.14153938	-3.181378e-17	-2.5086375e-17	1.985932e-17	-1.9806559e-17	0	-6.780166e-18
1.920000000006137e-09	-1.0980247e-07	1.0545762e-08	-0.00085495115	0.1415344	-3.1813836e-17	-2.5085963e-17	1.9858942e-17	-1.9806651e-17	0	-6.7801662e-18
1.930000000006016e-09	-1.0204079e-07	1.316111e-08	-0.00085572444	0.14152892	-3.1813883e-17	-2.5085569e-17	1.9858588e-17	-1.9806734e-17	0	-6.780166e-18
1.940000000005895e-09	-9.1558306e-08	2.0036946e-08	-0.00085643464	0.14152287	-3.1813932e-17	-2.5085208e-17	1.9858257e-17	-1.9806817e-17	0	-6.780165e-18
1.950000000005774e-09	-9.681009e-08	2.5309827e-08	-0.0008569992	0.14151625	-3.1813985e-17	-2.508487e-17	1.9857945e-17	-1.9806898e-17	0	-6.780164e-18
1.960000000005653e-09	-9.368855e-08	1.7801245e-08	-0.00085753493	0.14150915	-3.1814035e-17	-2.508455e-17	1.9857652e-17	-1.9806974e-17	0	-6.7801637e-18
1.9700000000055318e-09	-8.729781e-08	2.699715e-08	-0.0008579696	0.14150168	-3.1814084e-17	-2.508425e-17	1.9857376e-17	-1.9807048e-17	0	-6.780163e-18
1.9800000000054108e-09	-8.58425e-08	3.0540527e-08	-0.00085854175	0.14149383	-3.1814137e-17	-2.5083971e-17	1.9857116e-17	-1.980712e-17	0	-6.780163e-18
1.9900000000052898e-09	-8.2573315e-08	3.155292e-08	-0.0008590655	0.14148565	-3.181419e-17	-2.5083708e-17	1.985687e-17	-1.9807189e-17	0	-6.780163e-18
2.0000000000051688e-09	-7.023477e-08	2.9654682e-08	-0.0008595241	0.14147708	-3.1814246e-17	-2.508346e-17	1.9856636e-17	-1.9807258e-17	0	-6.7801625e-18
2.0100000000050478e-09	-7.145808e-08	2.8009543e-08	-0.0008599365	0.14146821	-3.1814293e-17	-2.5083226e-17	1.9856416e-17	-1.9807323e-17	0	-6.7801625e-18
2.0200000000049267e-09	-7.333523e-08	3.1806017e-08	-0.00086028205	0.14145896	-3.1814346e-17	-2.5083003e-17	1.9856206e-17	-1.9807387e-17	0	-6.780162e-18
2.0300000000048057e-09	-7.09097e-08	3.374644e-08	-0.00086083077	0.14144935	-3.18144e-17	-2.5082791e-17	1.9856007e-17	-1.9807454e-17	0	-6.780162e-18
2.0400000000046847e-09	-6.114433e-08	4.0664457e-08	-0.0008612325	0.14143944	-3.181445e-17	-2.5082593e-17	1.9855817e-17	-1.9807515e-17	0	-6.780161e-18
2.0500000000045637e-09	-5.8486794e-08	3.695235e-08	-0.0008615759	0.14142932	-3.18145e-17	-2.5082401e-17	1.9855637e-17	-1.9807574e-17	0	-6.7801617e-18
2.0600000000044427e-09	-6.728196e-08	4.0411358e-08	-0.0008619191	0.141419	-3.181455e-17	-2.508222e-17	1.9855465e-17	-1.9807634e-17	0	-6.780161e-18
2.0700000000043217e-09	-7.019259e-08	4.2183046e-08	-0.000862131	0.14140849	-3.1814607e-17	-2.508205e-17	1.98553e-17	-1.9807695e-17	0	-6.780161e-18
2.0800000000042007e-09	-6.266291e-08	3.8597488e-08	-0.00086227193	0.14139776	-3.1814653e-17	-2.5081885e-17	1.9855142e-17	-1.9807753e-17	0	-6.780161e-18
2.0900000000040797e-09	-5.3825566e-08	4.1001922e-08	-0.000862511	0.14138679	-3.1814713e-17	-2.508173e-17	1.9854987e-17	-1.9807808e-17	0	-6.780161e-18
2.1000000000039587e-09	-4.321653e-08	4.8257405e-08	-0.00086271757	0.14137557	-3.1814766e-17	-2.5081575e-17	1.985484e-17	-1.9807869e-17	0	-6.7801604e-18
2.1100000000038377e-09	-4.431329e-08	4.884797e-08	-0.0008629855	0.14136428	-3.181482e-17	-2.5081431e-17	1.9854699e-17	-1.9807925e-17	0	-6.7801604e-18
2.1200000000037166e-09	-3.281841e-08	4.9607262e-08	-0.000863273	0.14135283	-3.1814875e-17	-2.5081294e-17	1.9854563e-17	-1.9807981e-17	0	-6.7801604e-18
2.1300000000035956e-09	-3.543376e-08	5.9225e-08	-0.00086343265	0.14134125	-3.181492e-17	-2.508116e-17	1.9854432e-17	-1.9808034e-17	0	-6.78016e-18
2.1400000000034746e-09	-4.017935e-08	6.3907315e-08	-0.00086362433	0.14132957	-3.1814974e-17	-2.5081033e-17	1.9854305e-17	-1.9808092e-17	0	-6.78016e-18
2.1500000000033536e-09	-3.7817102e-08	6.3527665e-08	-0.00086391723	0.1413179	-3.1815037e-17	-2.508091e-17	1.9854181e-17	-1.9808145e-17	0	-6.780161e-18
2.1600000000032326e-09	-3.0371794e-08	6.040612e-08	-0.0008640794	0.14130628	-3.181509e-17	-2.5080791e-17	1.9854064e-17	-1.9808201e-17	0	-6.7801604e-18
2.1700000000031116e-09	-3.1067813e-08	6.314802e-08	-0.0008641494	0.14129451	-3.1815143e-17	-2.5080672e-17	1.9853944e-17	-1.9808254e-17	0	-6.780161e-18
2.1800000000029906e-09	-3.5391576e-08	6.3232385e-08	-0.0008641997	0.14128265	-3.1815196e-17	-2.5080565e-17	1.9853834e-17	-1.9808307e-17	0	-6.7801604e-18
2.1900000000028696e-09	-3.100454e-08	6.6944494e-08	-0.00086438144	0.1412707	-3.1815252e-17	-2.508045e-17	1.9853721e-17	-1.980836e-17	0	-6.780161e-18
2.2000000000027486e-09	-2.6638594e-08	7.099407e-08	-0.0008645351	0.14125861	-3.1815305e-17	-2.5080344e-17	1.9853614e-17	-1.9808413e-17	0	-6.78016e-18
2.2100000000026276e-09	-2.7672078e-08	6.6353934e-08	-0.00086466136	0.14124647	-3.181536e-17	-2.5080242e-17	1.9853506e-17	-1.9808464e-17	0	-6.780161e-18
2.2200000000025065e-09	-3.7205446e-08	6.6058654e-08	-0.0008648852	0.14123416	-3.1815418e-17	-2.508014e-17	1.9853402e-17	-1.980852e-17	0	-6.780161e-18
2.2300000000023855e-09	-3.6150873e-08	6.327457e-08	-0.0008650329	0.1412219	-3.181547e-17	-2.508004e-17	1.98533e-17	-1.9808567e-17	0	-6.7801604e-18
2.2400000000022645e-09	-2.6533137e-08	6.243091e-08	-0.0008651071	0.14120966	-3.181553e-17	-2.5079942e-17	1.9853197e-17	-1.9808625e-17	0	-6.7801604e-18
2.2500000000021435e-09	-2.8811021e-08	6.276837e-08	-0.00086522877	0.1411974	-3.1815583e-17	-2.5079848e-17	1.9853102e-17	-1.9808676e-17	0	-6.780161e-18
2.2600000000020225e-09	-2.6195671e-08	6.504626e-08	-0.00086542976	0.14118512	-3.1815646e-17	-2.5079757e-17	1.9853001e-17	-1.9808727e-17	0	-6.78016e-18
2.2700000000019015e-09	-1.9720574e-08	6.7324144e-08	-0.0008656881	0.1411728	-3.18157e-17	-2.5079663e-17	1.9852909e-17	-1.9808784e-17	0	-6.780161e-18
2.2800000000017805e-09	-2.8958661e-08	6.6649214e-08	-0.00086586457	0.14116037	-3.1815755e-17	-2.5079572e-17	1.9852813e-17	-1.9808833e-17	0	-6.780161e-18
2.2900000000016595e-09	-2.8347007e-08	6.8674e-08	-0.0008660129	0.14114787	-3.181581e-17	-2.5079484e-17	1.985272e-17	-1.9808885e-17	0	-6.780161e-18
2.3000000000015385e-09	-2.478254e-08	7.128935e-08	-0.0008661121	0.14113525	-3.1815868e-17	-2.5079395e-17	1.9852628e-17	-1.980894e-17	0	-6.7801604e-18
2.3100000000014175e-09	-2.493018e-08	7.187991e-08	-0.00086624455	0.1411226	-3.1815924e-17	-2.5079309e-17	1.9852537e-17	-1.980899e-17	0	-6.7801604e-18
2.3200000000012965e-09	-2.950704e-08	6.39495e-08	-0.00086641125	0.14110987	-3.1815984e-17	-2.5079224e-17	1.9852447e-17	-1.9809045e-17	0	-6.7801617e-18
2.3300000000011754e-09	-2.824155e-08	6.4497875e-08	-0.0008664521	0.14109707	-3.181604e-17	-2.5079138e-17	1.9852358e-17	-1.9809098e-17	0	-6.780161e-18
2.3400000000010544e-09	-2.0543144e-08	7.550765e-08	-0.00086657086	0.14108421	-3.18161e-17	-2.507906e-17	1.9852272e-17	-1.980915e-17	0	-6.780161e-18
2.3500000000009334e-09	-2.102825e-08	7.8376104e-08	-0.00086679106	0.1410713	-3.181616e-17	-2.5078976e-17	1.9852181e-17	-1.9809202e-17	0	-6.7801617e-18
2.3600000000008124e-09	-2.21461e-08	7.820737e-08	-0.0008669958	0.14105827	-3.1816212e-17	-2.5078892e-17	1.9852095e-17	-1.9809255e-17	0	-6.780161e-18
2.3700000000006914e-09	-1.3414208e-08	7.567638e-08	-0.00086716854	0.14104517	-3.181627e-17	-2.5078813e-17	1.9852007e-17	-1.9809308e-17	0	-6.780161e-18
2.3800000000005704e-09	-1.6809944e-08	7.61404e-08	-0.00086721376	0.1410321	-3.1816334e-17	-2.5078733e-17	1.9851921e-17	-1.980936e-17	0	-6.780162e-18
2.3900000000004494e-09	-2.6427678e-08	8.263659e-08	-0.0008673476	0.1410189	-3.1816394e-17	-2.5078654e-17	1.9851835e-17	-1.980941e-17	0	-6.7801617e-18
2.4000000000003284e-09	-1.7084133e-08	7.5929485e-08	-0.0008675359	0.14100567	-3.181645e-17	-2.5078574e-17	1.985175e-17	-1.9809464e-17	0	-6.7801617e-18
2.4100000000002074e-09	-1.6409205e-08	8.0147785e-08	-0.00086764013	0.14099239	-3.1816513e-17	-2.5078497e-17	1.9851665e-17	-1.9809518e-17	0	-6.780162e-18
2.4200000000000864e-09	-1.3118927e-08	7.394688e-08	-0.00086784735	0.14097892	-3.181657e-17	-2.5078415e-17	1.9851584e-17	-1.9809573e-17	0	-6.7801617e-18
2.4300099999999652e-09	-3.3408973e-08	8.499884e-08	-0.00086807564	0.14096527	-3.1816625e-17	-2.5078338e-17	1.9851498e-17	-1.9809624e-17	0	-6.780162e-18
2.4400099999998442e-09	-2.8431373e-08	8.8162565e-08	-0.00086825126	0.14095142	-3.1816688e-17	-2.507826e-17	1.9851412e-17	-1.9809677e-17	0	-6.780162e-18
2.450009999999723e-09	-1.4785158e-08	8.056962e-08	-0.000868448	0.14093743	-3.181675e-17	-2.5078182e-17	1.9851327e-17	-1.980973e-17	0	-6.780162e-18
2.460009999999602e-09	-1.42578696e-08	8.246786e-08	-0.0008686417	0.14092335	-3.1816814e-17	-2.5078106e-17	1.9851246e-17	-1.9809788e-17	0	-6.780162e-18
2.470009999999481e-09	-1.079886e-08	8.010561e-08	-0.00086872594	0.1409091	-3.181687e-17	-2.507803e-17	1.9851163e-17	-1.9809837e-17	0	-6.780162e-18
2.48000999999936e-09	-1.7147409e-08	8.251004e-08	-0.0008687352	0.14089473	-3.181693e-17	-2.5077952e-17	1.9851077e-17	-1.9809892e-17	0	-6.7801625e-18
2.490009999999239e-09	-1.107305e-08	8.80782e-08	-0.0008688957	0.14088024	-3.1816986e-17	-2.5077873e-17	1.9850996e-17	-1.9809948e-17	0	-6.7801625e-18
2.500009999999118e-09	-1.4553151e-08	9.0018624e-08	-0.0008690774	0.14086589	-3.1817052e-17	-2.5077802e-17	1.9850912e-17	-1.9810001e-17	0	-6.780163e-18
2.510009999998997e-09	-1.2570548e-08	8.761419e-08	-0.0008692338	0.14085148	-3.1817105e-17	-2.507772e-17	1.9850833e-17	-1.9810056e-17	0	-6.780162e-18
2.520009999998876e-09	-1.3814947e-08	8.445046e-08	-0.000869263	0.14083695	-3.1817175e-17	-2.507765e-17	1.985075e-17	-1.9810109e-17	0	-6.7801625e-18
2.530009999998755e-09	-1.5987375e-08	8.293187e-08	-0.0008693207	0.1408224	-3.181723e-17	-2.5077573e-17	1.9850665e-17	-1.9810163e-17	0	-6.7801625e-18
2.540009999998634e-09	-1.4700792e-08	8.976552e-08	-0.00086943933	0.14080785	-3.1817294e-17	-2.5077497e-17	1.9850584e-17	-1.9810218e-17	0	-6.780163e-18
2.550009999998513e-09	-2.1639902e-08	8.9638974e-08	-0.00086964114	0.14079322	-3.1817357e-17	-2.5077426e-17	1.9850505e-17	-1.9810271e-17	0	-6.780163e-18
2.560009999998392e-09	-2.9949963e-08	9.524932e-08	-0.00086986605	0.14077857	-3.1817423e-17	-2.5077355e-17	1.9850422e-17	-1.9810327e-17	0	-6.780163e-18
2.570009999998271e-09	-1.6831036e-08	9.3224536e-08	-0.0008700095	0.1407638	-3.181748e-17	-2.5077277e-17	1.985034e-17	-1.9810382e-17	0	-6.780163e-18
2.58000999999815e-09	-1.552336e-08	8.8246935e-08	-0.0008701183	0.14074896	-3.1817542e-17	-2.5077203e-17	1.985026e-17	-1.9810435e-17	0	-6.780163e-18
2.590009999998029e-09	-1.5206988e-08	9.482749e-08	-0.00087020994	0.14073417	-3.18176e-17	-2.5077127e-17	1.9850179e-17	-1.9810488e-17	0	-6.7801625e-18
2.600009999997908e-09	-2.1808635e-08	9.288707e-08	-0.000870297	0.14071931	-3.1817668e-17	-2.5077056e-17	1.9850096e-17	-1.9810546e-17	0	-6.780163e-18
2.610009999997787e-09	-1.1979985e-08	9.00608e-08	-0.0008703581	0.14070438	-3.1817734e-17	-2.507698e-17	1.9850015e-17	-1.9810605e-17	0	-6.780163e-18
2.620009999997666e-09	-1.1515971e-08	1.00775296e-07	-0.0008703419	0.14068933	-3.1817793e-17	-2.5076908e-17	1.9849934e-17	-1.9810656e-17	0	-6.780163e-18
2.630009999997545e-09	-1.59241e-08	9.6767906e-08	-0.00087048835	0.14067425	-3.181786e-17	-2.5076832e-17	1.9849852e-17	-1.9810714e-17	0	-6.7801637e-18
2.640009999997424e-09	-1.7252866e-08	9.183249e-08	-0.00087080017	0.14065905	-3.1817922e-17	-2.5076761e-17	1.9849769e-17	-1.9810767e-17	0	-6.7801637e-18
2.650009999997303e-09	-1.3625124e-08	8.478792e-08	-0.0008710656	0.14064388	-3.1817982e-17	-2.5076683e-17	1.984969e-17	-1.9810823e-17	0	-6.780164e-18
2.660009999997182e-09	-1.5122621e-08	9.4911854e-08	-0.0008711572	0.14062874	-3.1818048e-17	-2.5076614e-17	1.984961e-17	-1.981088e-17	0	-6.780164e-18
2.670009999997061e-09	-8.267877e-09	9.4911854e-08	-0.00087124814	0.14061363	-3.181811e-17	-2.507654e-17	1.9849527e-17	-1.9810938e-17	0	-6.7801637e-18
2.68000999999694e-09	-1.5734276e-08	1.01154946e-07	-0.0008713792	0.14059855	-3.1818174e-17	-2.5076468e-17	1.9849448e-17	-1.9810987e-17	0	-6.7801637e-18
2.690009999996819e-09	-2.104934e-08	9.326671e-08	-0.00087144575	0.1405834	-3.1818237e-17	-2.5076394e-17	1.9849365e-17	-1.9811045e-17	0	-6.780164e-18
2.700009999996698e-09	-7.466399e-09	9.440566e-08	-0.00087153935	0.14056839	-3.1818303e-17	-2.5076323e-17	1.9849286e-17	-1.9811101e-17	0	-6.780164e-18
2.710009999996577e-09	-1.3224385e-08	9.3941644e-08	-0.0008716745	0.14055339	-3.1818366e-17	-2.5076247e-17	1.9849203e-17	-1.9811158e-17	0	-6.780164e-18
2.720009999996456e-09	-1.5586636e-08	1.0014255e-07	-0.00087190367	0.14053829	-3.1818432e-17	-2.5076177e-17	1.9849125e-17	-1.9811216e-17	0	-6.780164e-18
2.730009999996335e-09	-1.8391809e-08	1.05077966e-07	-0.00087205635	0.14052317	-3.1818495e-17	-2.5076103e-17	1.9849044e-17	-1.981127e-17	0	-6.780164e-18
2.740009999996214e-09	-2.2082824e-08	9.8117766e-08	-0.00087211916	0.14050792	-3.181856e-17	-2.507603e-17	1.9848961e-17	-1.9811326e-17	0	-6.780164e-18
2.750009999996093e-09	-1.246509e-08	8.8162565e-08	-0.0008722895	0.14049259	-3.1818624e-17	-2.507596e-17	1.9848884e-17	-1.9811386e-17	0	-6.7801646e-18
2.760009999995972e-09	-7.002386e-09	9.6852276e-08	-0.0008723788	0.14047709	-3.181869e-17	-2.5075888e-17	1.9848804e-17	-1.981144e-17	0	-6.7801646e-18
2.770009999995851e-09	-1.0587945e-08	1.0579508e-07	-0.0008724657	0.14046152	-3.181875e-17	-2.5075815e-17	1.9848725e-17	-1.9811495e-17	0	-6.7801646e-18
2.78000999999573e-09	-1.9467477e-08	1.0149241e-07	-0.0008725467	0.14044593	-3.1818822e-17	-2.5075745e-17	1.9848644e-17	-1.9811558e-17	0	-6.780164e-18
2.790009999995609e-09	-1.2528365e-08	9.406819e-08	-0.00087266887	0.14043035	-3.181889e-17	-2.5075676e-17	1.9848566e-17	-1.9811614e-17	0	-6.780165e-18
2.800009999995488e-09	-1.3266568e-08	1.01872054e-07	-0.00087280705	0.14041488	-3.181895e-17	-2.5075603e-17	1.9848487e-17	-1.981167e-17	0	-6.780165e-18
2.810009999995367e-09	-1.0123931e-08	1.07904235e-07	-0.0008729238	0.14039937	-3.1819018e-17	-2.5075532e-17	1.9848406e-17	-1.9811725e-17	0	-6.780165e-18
2.820009999995246e-09	-1.3793856e-08	1.1566591e-07	-0.00087306876	0.14038391	-3.181909e-17	-2.5075462e-17	1.9848323e-17	-1.9811785e-17	0	-6.780165e-18
2.830009999995125e-09	-1.09043174e-08	1.0828388e-07	-0.0008732046	0.14036845	-3.181915e-17	-2.507539e-17	1.9848245e-17	-1.981184e-17	0	-6.780165e-18
2.840009999995004e-09	-8.3944265e-09	1.0739804e-07	-0.00087333535	0.1403529	-3.1819213e-17	-2.5075319e-17	1.9848167e-17	-1.9811897e-17	0	-6.780166e-18
2.850009999994883e-09	-4.344854e-09	1.14147326e-07	-0.0008734249	0.14033723	-3.1819282e-17	-2.5075249e-17	1.9848088e-17	-1.9811958e-17	0	-6.780165e-18
2.860009999994762e-09	-9.533369e-09	1.1440042e-07	-0.00087355153	0.14032142	-3.181935e-17	-2.5075178e-17	1.9848007e-17	-1.9812016e-17	0	-6.780165e-18
2.870009999994641e-09	-6.116542e-09	1.0680748e-07	-0.0008736804	0.14030546	-3.1819418e-17	-2.507511e-17	1.9847929e-17	-1.9812071e-17	0	-6.780166e-18
2.8800099999945198e-09	-1.3540758e-08	1.0571071e-07	-0.00087379955	0.14028938	-3.181948e-17	-2.5075039e-17	1.9847851e-17	-1.9812129e-17	0	-6.7801662e-18
2.8900099999943988e-09	-1.1494881e-08	1.0647001e-07	-0.00087384	0.14027339	-3.181955e-17	-2.5074971e-17	1.9847774e-17	-1.9812188e-17	0	-6.780165e-18
2.9000099999942778e-09	-7.9936875e-09	1.1326148e-07	-0.0008739629	0.14025743	-3.1819613e-17	-2.5074898e-17	1.9847696e-17	-1.9812246e-17	0	-6.780165e-18
2.9100099999941568e-09	-1.0123931e-08	1.08790076e-07	-0.00087405264	0.14024143	-3.1819686e-17	-2.5074832e-17	1.9847615e-17	-1.9812302e-17	0	-6.780166e-18
2.9200099999940357e-09	-5.7579856e-09	1.1461134e-07	-0.0008741441	0.14022538	-3.1819752e-17	-2.5074761e-17	1.9847537e-17	-1.9812362e-17	0	-6.780166e-18
2.9300099999939147e-09	-1.2401816e-08	1.1971548e-07	-0.000874301	0.14020929	-3.181982e-17	-2.507469e-17	1.984746e-17	-1.9812422e-17	0	-6.780166e-18
2.9400099999937937e-09	2.1935185e-09	1.2507273e-07	-0.0008744358	0.14019312	-3.181989e-17	-2.5074624e-17	1.9847382e-17	-1.9812481e-17	0	-6.780166e-18
2.9500099999936727e-09	-1.6873218e-09	1.2781463e-07	-0.0008745334	0.14017685	-3.1819957e-17	-2.5074554e-17	1.9847305e-17	-1.9812539e-17	0	-6.7801662e-18
2.9600099999935517e-09	6.327457e-11	1.2583203e-07	-0.00087470375	0.14016056	-3.1820027e-17	-2.5074491e-17	1.9847228e-17	-1.9812595e-17	0	-6.7801666e-18
2.9700099999934307e-09	-1.191671e-08	1.276459e-07	-0.00087473635	0.14014423	-3.1820096e-17	-2.507442e-17	1.984715e-17	-1.981266e-17	0	-6.7801666e-18
2.9800099999933097e-09	-4.42922e-09	1.3177984e-07	-0.0008747426	0.14012776	-3.1820162e-17	-2.507435e-17	1.9847072e-17	-1.9812716e-17	0	-6.780167e-18
2.9900099999931887e-09	-4.2393964e-09	1.2131844e-07	-0.00087486964	0.14011118	-3.1820232e-17	-2.5074286e-17	1.9846996e-17	-1.9812776e-17	0	-6.7801666e-18
3.0000099999930677e-09	-4.1972132e-09	1.1929366e-07	-0.00087498303	0.14009446	-3.1820298e-17	-2.5074217e-17	1.9846918e-17	-1.9812834e-17	0	-6.7801666e-18
