# t (s)	mx ()	my ()	mz ()	spinAngle (rad)	E_total (J)	E_anis (J)	E_demag (J)	E_exch (J)	E_therm (J)	E_custom (J)
0	0	0	0	0.03796091	2.7516527e-18	-2.0096002e-17	2.0038053e-17	5.824001e-18	0	-3.0144e-18
1.0000000000000124e-11	2.2778845e-09	7.5929485e-10	0.005969852	0.057888508	-5.327668e-18	-1.6226926e-17	1.6488707e-17	-2.7405033e-18	0	-2.8489467e-18
2.0009999999999403e-11	9.111538e-09	-6.074359e-09	0.019019203	0.062976696	-6.5533785e-18	-1.28965895e-17	1.3198219e-17	-4.1510227e-18	0	-2.7039852e-18
3.000999999999824e-11	2.2778845e-08	-1.5185897e-08	0.034851078	0.07481161	-7.628644e-18	-1.0007921e-17	1.01607045e-17	-5.24412e-18	0	-2.537308e-18
4.000000000000001e-11	2.2778845e-08	-1.2148718e-08	0.043331303	0.087427504	-8.85211e-18	-8.63444e-18	8.6213205e-18	-6.32301e-18	0	-2.5159803e-18
5.0000000000001785e-11	1.8223076e-08	-3.0371794e-09	0.029779823	0.10243014	-9.953617e-18	-9.974224e-18	9.9687035e-18	-7.25992e-18	0	-2.688179e-18
6.00000000000024e-11	1.3667307e-08	-7.5929485e-10	0.00090565346	0.11408358	-1.0603853e-17	-1.1304977e-17	1.1414698e-17	-7.831895e-18	0	-2.8816787e-18
7.000999999999771e-11	1.9741666e-08	7.5929485e-10	-0.016359685	0.12152082	-1.0873308e-17	-1.1429807e-17	1.1629775e-17	-8.1010264e-18	0	-2.9722494e-18
8.000999999999302e-11	2.3158492e-08	5.315064e-09	-0.015091463	0.123075105	-1.0995272e-17	-1.1164821e-17	1.13972345e-17	-8.240276e-18	0	-2.9874101e-18
9.000999999998834e-11	2.7714261e-08	3.7964742e-09	-0.008957303	0.1197549	-1.1103952e-17	-1.1002736e-17	1.1226011e-17	-8.350644e-18	0	-2.976583e-18
1.0000999999998365e-10	3.3408973e-08	3.4168268e-09	-0.006225447	0.11446843	-1.1219437e-17	-1.092357e-17	1.1115684e-17	-8.437994e-18	0	-2.9735567e-18
1.1000999999997896e-10	3.1510737e-08	4.555769e-09	-0.005243845	0.1097996	-1.1317669e-17	-1.0892618e-17	1.1051994e-17	-8.493204e-18	0	-2.9838413e-18
1.2000999999997891e-10	2.9992147e-08	6.8336536e-09	-0.0027404258	0.106941454	-1.1383282e-17	-1.0968539e-17	1.110803e-17	-8.526229e-18	0	-2.996544e-18
1.3000999999998715e-10	2.9992147e-08	8.731891e-09	0.00078044046	0.105521396	-1.1417072e-17	-1.1073401e-17	1.12012845e-17	-8.539408e-18	0	-3.0055483e-18
1.400099999999954e-10	2.8473556e-08	8.352243e-09	0.0026102096	0.10478082	-1.1429126e-17	-1.1110257e-17	1.1231953e-17	-8.5407895e-18	0	-3.0100317e-18
1.5000000000000362e-10	3.1653105e-08	7.213301e-09	0.001623711	0.10445165	-1.14325575e-17	-1.1104298e-17	1.1224747e-17	-8.5417234e-18	0	-3.011283e-18
1.6000000000001186e-10	3.1320912e-08	3.0371794e-09	-0.00085524464	0.10470662	-1.1435122e-17	-1.1089815e-17	1.1213769e-17	-8.5480886e-18	0	-3.0109864e-18
1.700000000000201e-10	3.274459e-08	-3.4168268e-09	-0.0029353336	0.10546699	-1.143892e-17	-1.1082709e-17	1.12136475e-17	-8.5594904e-18	0	-3.0103698e-18
1.8000000000002833e-10	3.3598795e-08	-6.074359e-09	-0.0038605193	0.1064028	-1.1443433e-17	-1.1084305e-17	1.122273e-17	-8.571692e-18	0	-3.0101657e-18
1.9000000000003657e-10	3.4927563e-08	-9.111538e-09	-0.0038937365	0.10724267	-1.144753e-17	-1.1086611e-17	1.1231002e-17	-8.581435e-18	0	-3.0104868e-18
2.000000000000448e-10	3.7110535e-08	-7.5929485e-10	-0.003535084	0.10787553	-1.1450504e-17	-1.1087052e-17	1.123522e-17	-8.5876435e-18	0	-3.0110274e-18
2.1000000000005304e-10	3.7015624e-08	7.5929485e-10	-0.0031134414	0.108286105	-1.1452297e-17	-1.108758e-17	1.1237251e-17	-8.590502e-18	0	-3.0114668e-18
2.2000000000006128e-10	3.8154564e-08	5.315064e-09	-0.0027784922	0.10848269	-1.1453317e-17	-1.10900535e-17	1.1239008e-17	-8.590587e-18	0	-3.0116835e-18
2.3000000000006952e-10	3.554449e-08	8.352243e-09	-0.0025814339	0.10848175	-1.1454016e-17	-1.1095171e-17	1.1241385e-17	-8.588503e-18	0	-3.0117264e-18
2.4000000000005925e-10	3.6873256e-08	1.176907e-08	-0.002513307	0.10832252	-1.14546855e-17	-1.11024786e-17	1.1244387e-17	-8.5849014e-18	0	-3.0116929e-18
2.5000000000004163e-10	3.0276883e-08	1.3667307e-08	-0.0025258558	0.10806656	-1.1455416e-17	-1.1111031e-17	1.1247721e-17	-8.5804495e-18	0	-3.011655e-18
2.60000000000024e-10	2.4914362e-08	1.2908012e-08	-0.0025587128	0.107777864	-1.1456173e-17	-1.1119848e-17	1.1251044e-17	-8.575729e-18	0	-3.0116418e-18
2.700000000000064e-10	2.1117888e-08	1.4046955e-08	-0.002566456	0.10750387	-1.1456897e-17	-1.1128008e-17	1.1253918e-17	-8.5711496e-18	0	-3.0116577e-18
2.800099999999888e-10	1.8673907e-08	1.0630128e-08	-0.0025277168	0.107269	-1.1457557e-17	-1.1135003e-17	1.1256081e-17	-8.566938e-18	0	-3.0116955e-18
2.9000999999997117e-10	2.0453506e-08	9.870833e-09	-0.002442994	0.10708204	-1.1458147e-17	-1.1140763e-17	1.1257568e-17	-8.56321e-18	0	-3.0117425e-18
3.0000999999995355e-10	1.760615e-08	1.5185897e-08	-0.0023279935	0.106941074	-1.145869e-17	-1.11455896e-17	1.125866e-17	-8.559975e-18	0	-3.0117867e-18
3.1000999999993594e-10	1.5565544e-08	7.5929485e-09	-0.0022086322	0.10683895	-1.1459205e-17	-1.1149855e-17	1.1259646e-17	-8.557174e-18	0	-3.011821e-18
3.2000999999991833e-10	1.1199599e-08	7.5929485e-09	-0.0021117607	0.1067633	-1.14597e-17	-1.11537696e-17	1.1260621e-17	-8.554707e-18	0	-3.0118446e-18
3.300099999999007e-10	1.0392848e-08	6.074359e-09	-0.0020531977	0.106700964	-1.146018e-17	-1.1157367e-17	1.1261499e-17	-8.552453e-18	0	-3.0118587e-18
3.400099999998831e-10	1.8982371e-10	9.111538e-09	-0.0020301708	0.10664008	-1.1460636e-17	-1.1160625e-17	1.1262161e-17	-8.5503054e-18	0	-3.011866e-18
3.500099999998655e-10	-9.4911856e-11	9.111538e-09	-0.0020263104	0.10657253	-1.14610705e-17	-1.1163532e-17	1.1262522e-17	-8.54819e-18	0	-3.0118692e-18
3.600099999998479e-10	3.0846352e-09	1.9741666e-08	-0.0020232778	0.10649368	-1.14614816e-17	-1.1166095e-17	1.1262553e-17	-8.546071e-18	0	-3.0118686e-18
3.7000999999983027e-10	2.5626201e-09	1.8982371e-08	-0.0020086295	0.10640249	-1.146187e-17	-1.1168304e-17	1.12622386e-17	-8.543936e-18	0	-3.0118672e-18
3.8000999999981266e-10	-2.3727964e-09	1.2148718e-08	-0.0019788325	0.10630038	-1.1462238e-17	-1.1170138e-17	1.1261569e-17	-8.541804e-18	0	-3.0118651e-18
3.9000999999979505e-10	-3.6066505e-09	5.315064e-09	-0.0019379231	0.10619033	-1.1462584e-17	-1.11715895e-17	1.1260564e-17	-8.5396985e-18	0	-3.011861e-18
4.0000999999977743e-10	-4.0337538e-09	1.3667307e-08	-0.0018930905	0.10607572	-1.14629134e-17	-1.1172668e-17	1.1259264e-17	-8.537653e-18	0	-3.0118558e-18
4.100099999997598e-10	-1.2813101e-09	1.8223076e-08	-0.001851173	0.10595932	-1.14632244e-17	-1.1173428e-17	1.1257745e-17	-8.535695e-18	0	-3.0118467e-18
4.200099999997422e-10	9.0166263e-10	1.4426602e-08	-0.0018162059	0.10584435	-1.1463521e-17	-1.1173927e-17	1.1256087e-17	-8.533849e-18	0	-3.011832e-18
4.300099999997246e-10	5.8370793e-09	9.111538e-09	-0.0017891066	0.105731525	-1.1463804e-17	-1.1174223e-17	1.1254357e-17	-8.53213e-18	0	-3.0118103e-18
4.40009999999707e-10	1.43316905e-08	3.0371794e-09	-0.0017687393	0.10562159	-1.1464081e-17	-1.1174363e-17	1.1252605e-17	-8.530543e-18	0	-3.0117785e-18
4.5000999999968937e-10	1.6514663e-08	1.2148718e-08	-0.0017523963	0.105515614	-1.1464357e-17	-1.1174367e-17	1.1250841e-17	-8.529095e-18	0	-3.011735e-18
4.6000999999967176e-10	2.40127e-08	1.4426602e-08	-0.0017376356	0.10541299	-1.1464634e-17	-1.1174241e-17	1.1249063e-17	-8.5277805e-18	0	-3.0116767e-18
4.700099999996541e-10	2.9802322e-08	7.5929485e-09	-0.0017226182	0.10531456	-1.1464922e-17	-1.1173973e-17	1.1247252e-17	-8.5266e-18	0	-3.0116002e-18
4.800099999996365e-10	5.2106607e-08	1.0630128e-08	-0.0017067901	0.1052209	-1.1465222e-17	-1.11735375e-17	1.12453666e-17	-8.5255496e-18	0	-3.0115018e-18
4.900099999996189e-10	6.036394e-08	1.8982371e-08	-0.0016904029	0.105132304	-1.1465552e-17	-1.1172916e-17	1.1243372e-17	-8.5246306e-18	0	-3.0113775e-18
5.000099999996013e-10	8.124455e-08	1.5185897e-08	-0.0016742193	0.10505213	-1.1465914e-17	-1.1172081e-17	1.12412365e-17	-8.523848e-18	0	-3.0112216e-18
5.100099999995837e-10	9.775921e-08	2.4297435e-08	-0.0016589803	0.104981616	-1.1466319e-17	-1.1170994e-17	1.1238911e-17	-8.523207e-18	0	-3.0110278e-18
5.200099999995661e-10	1.233854e-07	1.1389423e-08	-0.0016450533	0.104923695	-1.1466788e-17	-1.116963e-17	1.1236358e-17	-8.522726e-18	0	-3.0107892e-18
5.300099999995485e-10	1.5090986e-07	1.3667307e-08	-0.0016325538	0.104883246	-1.1467332e-17	-1.1167946e-17	1.1233528e-17	-8.5224195e-18	0	-3.0104955e-18
5.400099999995309e-10	1.8612215e-07	1.7463782e-08	-0.0016213253	0.104862414	-1.1467971e-17	-1.1165884e-17	1.1230358e-17	-8.5223095e-18	0	-3.0101371e-18
5.500099999995133e-10	2.2864266e-07	2.1260256e-08	-0.001610923	0.10486691	-1.14687285e-17	-1.1163383e-17	1.1226779e-17	-8.5224245e-18	0	-3.0096993e-18
5.600099999994956e-10	2.9024045e-07	3.3408973e-08	-0.0016009504	0.10490446	-1.1469631e-17	-1.1160361e-17	1.1222699e-17	-8.5228e-18	0	-3.0091679e-18
5.70009999999478e-10	3.610447e-07	3.1890384e-08	-0.0015909049	0.10498335	-1.1470712e-17	-1.1156717e-17	1.1218006e-17	-8.52348e-18	0	-3.008522e-18
5.800099999994604e-10	4.388724e-07	4.555769e-08	-0.0015804099	0.10511049	-1.1472011e-17	-1.1152329e-17	1.121257e-17	-8.524513e-18	0	-3.007739e-18
5.900099999994428e-10	5.385773e-07	4.252051e-08	-0.0015690083	0.105302796	-1.14735816e-17	-1.1147055e-17	1.120623e-17	-8.525964e-18	0	-3.0067906e-18
6.000099999994252e-10	6.499564e-07	5.3909933e-08	-0.0015560837	0.10556477	-1.1475474e-17	-1.1140736e-17	1.1198817e-17	-8.52791e-18	0	-3.0056453e-18
6.100099999994076e-10	7.8890736e-07	6.150288e-08	-0.0015408355	0.10592239	-1.1477766e-17	-1.1133189e-17	1.1190132e-17	-8.5304465e-18	0	-3.0042627e-18
6.2000999999939e-10	9.4816943e-07	8.731891e-08	-0.0015219913	0.10638277	-1.1480544e-17	-1.1124224e-17	1.11799655e-17	-8.533688e-18	0	-3.0025976e-18
6.300099999993724e-10	1.1372813e-06	1.01745506e-07	-0.0014976955	0.10695656	-1.14839064e-17	-1.1113642e-17	1.1168105e-17	-8.537771e-18	0	-3.0005977e-18
6.400099999993547e-10	1.373422e-06	1.2224646e-07	-0.0014653372	0.1076526	-1.14879795e-17	-1.1101263e-17	1.1154348e-17	-8.54286e-18	0	-2.9982042e-18
6.500099999993371e-10	1.6426395e-06	1.4502531e-07	-0.0014211372	0.10848807	-1.1492913e-17	-1.1086952e-17	1.1138538e-17	-8.5491424e-18	0	-2.9953558e-18
6.600099999993195e-10	1.9353477e-06	1.761564e-07	-0.0013598318	0.109461024	-1.1498874e-17	-1.10706445e-17	1.1120586e-17	-8.556823e-18	0	-2.9919952e-18
6.700099999993019e-10	2.2246863e-06	2.1829726e-07	-0.0012743488	0.110588185	-1.1506063e-17	-1.1052402e-17	1.11005355e-17	-8.566116e-18	0	-2.9880812e-18
6.800099999992843e-10	2.5134084e-06	2.6081779e-07	-0.0011557743	0.111864075	-1.1514686e-17	-1.1032453e-17	1.107859e-17	-8.5772095e-18	0	-2.983612e-18
6.900099999992667e-10	2.7742735e-06	2.9080994e-07	-0.0009940505	0.1133045	-1.1524951e-17	-1.101122e-17	1.105514e-17	-8.59021e-18	0	-2.978661e-18
7.000099999992491e-10	2.9474877e-06	3.363676e-07	-0.0007801633	0.11488479	-1.1537029e-17	-1.0989266e-17	1.1030734e-17	-8.605067e-18	0	-2.9734304e-18
7.100099999992315e-10	2.9613448e-06	3.5990575e-07	-0.0005108019	0.11658985	-1.1551017e-17	-1.0967166e-17	1.1005917e-17	-8.621467e-18	0	-2.9683029e-18
7.200099999992138e-10	2.769528e-06	3.6768853e-07	-0.00019495047	0.1183797	-1.15668875e-17	-1.0945192e-17	1.0980938e-17	-8.638748e-18	0	-2.9638843e-18
7.300099999991962e-10	2.3156595e-06	3.657903e-07	0.00013971329	0.12021396	-1.1584454e-17	-1.0922973e-17	1.0955392e-17	-8.655904e-18	0	-2.9609697e-18
7.400099999991786e-10	1.6257452e-06	3.28395e-07	0.00044813886	0.12203461	-1.1603397e-17	-1.0899263e-17	1.0928e-17	-8.671745e-18	0	-2.9603907e-18
7.50009999999161e-10	7.643252e-07	2.6366513e-07	0.00068344583	0.1237639	-1.1623316e-17	-1.0872126e-17	1.0896789e-17	-8.6852525e-18	0	-2.9627269e-18
7.600099999991434e-10	-1.6229927e-07	1.8773565e-07	0.0008226937	0.12534234	-1.1643773e-17	-1.0839542e-17	1.0859727e-17	-8.695976e-18	0	-2.9679821e-18
7.700099999991258e-10	-9.877951e-07	1.10857044e-07	0.00088462554	0.12671776	-1.1664286e-17	-1.0800127e-17	1.0815481e-17	-8.704212e-18	0	-2.9754286e-18
7.800099999991082e-10	-1.5666151e-06	6.64383e-08	0.00092050526	0.12784562	-1.1684321e-17	-1.075352e-17	1.0763829e-17	-8.710847e-18	0	-2.9837842e-18
7.900099999990906e-10	-1.7913663e-06	5.381502e-08	0.0009825161	0.12869874	-1.1703319e-17	-1.07003406e-17	1.0705622e-17	-8.716924e-18	0	-2.9916774e-18
8.00009999999073e-10	-1.5977462e-06	6.529935e-08	0.001095295	0.12925725	-1.1720759e-17	-1.0642006e-17	1.0642596e-17	-8.72322e-18	0	-2.998128e-18
8.100099999990553e-10	-1.0211567e-06	9.681009e-08	0.0012497219	0.12953511	-1.1736242e-17	-1.05805905e-17	1.0577143e-17	-8.730014e-18	0	-3.0027812e-18
8.200099999990377e-10	-1.465439e-07	1.4616425e-07	0.0014154661	0.12958513	-1.174952e-17	-1.0518675e-17	1.05121065e-17	-8.737127e-18	0	-3.0058226e-18
8.300099999990201e-10	8.582879e-07	1.9020335e-07	0.001559126	0.12946108	-1.1760494e-17	-1.0459081e-17	1.0450431e-17	-8.744139e-18	0	-3.0077056e-18
8.400099999990025e-10	1.8518252e-06	2.3025616e-07	0.0016578975	0.12923159	-1.1769219e-17	-1.0404468e-17	1.0394762e-17	-8.750628e-18	0	-3.0088854e-18
8.500099999989849e-10	2.6882833e-06	2.6689213e-07	0.0017059196	0.12895508	-1.1775886e-17	-1.0356924e-17	1.034703e-17	-8.756319e-18	0	-3.0096745e-18
8.600099999989673e-10	3.3109052e-06	2.8853205e-07	0.0017130529	0.12868099	-1.1780802e-17	-1.0317604e-17	1.0308139e-17	-8.761107e-18	0	-3.0102308e-18
8.700099999989497e-10	3.6958677e-06	2.7258685e-07	0.0016975903	0.12843685	-1.1784316e-17	-1.0286629e-17	1.0277948e-17	-8.765019e-18	0	-3.0106175e-18
8.800099999989321e-10	3.8488656e-06	2.4107612e-07	0.0016771721	0.12823375	-1.1786784e-17	-1.0263254e-17	1.02555085e-17	-8.768174e-18	0	-3.0108644e-18
8.900099999989144e-10	3.8158364e-06	1.5983156e-07	0.0016628435	0.12807238	-1.17885165e-17	-1.0246218e-17	1.023944e-17	-8.770736e-18	0	-3.0110032e-18
9.000099999988968e-10	3.6499302e-06	5.2011696e-08	0.0016587187	0.12794457	-1.178976e-17	-1.0234076e-17	1.0228271e-17	-8.7728815e-18	0	-3.011073e-18
9.100099999988792e-10	3.3739266e-06	-8.504102e-08	0.0016645921	0.12784216	-1.1790684e-17	-1.0225436e-17	1.0220642e-17	-8.774776e-18	0	-3.0111138e-18
9.200099999988616e-10	3.0658427e-06	-2.5094695e-07	0.001678931	0.12775432	-1.1791414e-17	-1.0219113e-17	1.0215412e-17	-8.7765625e-18	0	-3.0111496e-18
9.30009999998844e-10	2.7864223e-06	-4.2368652e-07	0.0016994389	0.12766926	-1.1792028e-17	-1.0214148e-17	1.0211675e-17	-8.778369e-18	0	-3.0111872e-18
9.400099999989161e-10	2.5666063e-06	-6.0971377e-07	0.0017233833	0.12757744	-1.1792583e-17	-1.0209833e-17	1.0208762e-17	-8.7802956e-18	0	-3.0112164e-18
9.50009999999002e-10	2.4800468e-06	-7.9232416e-07	0.0017479222	0.12746924	-1.1793109e-17	-1.0205685e-17	1.0206221e-17	-8.782426e-18	0	-3.0112205e-18
9.600099999990877e-10	2.520859e-06	-1.025048e-06	0.0017703323	0.12733887	-1.1793638e-17	-1.0201442e-17	1.0203808e-17	-8.784819e-18	0	-3.011185e-18
9.700099999991735e-10	2.7304243e-06	-1.2638462e-06	0.0017881773	0.1271816	-1.1794193e-17	-1.019703e-17	1.0201452e-17	-8.7875135e-18	0	-3.011102e-18
9.800099999992593e-10	3.0770423e-06	-1.5178304e-06	0.0018000428	0.12699665	-1.1794788e-17	-1.0192538e-17	1.0199254e-17	-8.790536e-18	0	-3.010968e-18
9.90009999999345e-10	3.5827327e-06	-1.8416696e-06	0.0018055929	0.12678207	-1.1795453e-17	-1.01882e-17	1.019744e-17	-8.793917e-18	0	-3.0107792e-18
1.0000099999994308e-09	4.2613524e-06	-2.181454e-06	0.0018053359	0.12653649	-1.179622e-17	-1.01843536e-17	1.01963485e-17	-8.797689e-18	0	-3.0105261e-18
1.0100099999995166e-09	5.036782e-06	-2.6148216e-06	0.0018005789	0.12625925	-1.1797127e-17	-1.0181435e-17	1.0196402e-17	-8.8019065e-18	0	-3.0101866e-18
1.0200099999996024e-09	5.8805485e-06	-3.1189934e-06	0.0017931549	0.12594743	-1.1798237e-17	-1.01799885e-17	1.0198116e-17	-8.806643e-18	0	-3.0097219e-18
1.0300099999996882e-09	6.8165696e-06	-3.6962472e-06	0.0017850194	0.12559718	-1.1799619e-17	-1.0180683e-17	1.0202118e-17	-8.8119766e-18	0	-3.0090765e-18
1.040009999999774e-09	7.674952e-06	-4.3110863e-06	0.0017786185	0.1252023	-1.1801373e-17	-1.01843825e-17	1.0209163e-17	-8.817976e-18	0	-3.0081782e-18
1.0500099999998598e-09	8.281249e-06	-4.981164e-06	0.0017774166	0.12475822	-1.18036175e-17	-1.0192133e-17	1.0220118e-17	-8.824654e-18	0	-3.006948e-18
1.0600099999999456e-09	8.408431e-06	-5.4737566e-06	0.0017859966	0.12427152	-1.1806471e-17	-1.0205044e-17	1.0235817e-17	-8.831916e-18	0	-3.0053294e-18
1.0700000000000313e-09	7.600921e-06	-5.5802475e-06	0.0018094345	0.12379411	-1.1810023e-17	-1.0223852e-17	1.0256689e-17	-8.839508e-18	0	-3.003352e-18
1.080000000000117e-09	5.4411066e-06	-5.0141934e-06	0.0018512098	0.12335045	-1.1814318e-17	-1.02483674e-17	1.02823166e-17	-8.847065e-18	0	-3.001203e-18
1.0900000000002028e-09	1.880014e-06	-3.7077316e-06	0.0019057472	0.122979365	-1.18193265e-17	-1.0276915e-17	1.0311051e-17	-8.854198e-18	0	-2.999264e-18
1.1000000000002886e-09	-2.4263265e-06	-1.9761596e-06	0.001948614	0.122814536	-1.1825015e-17	-1.0306785e-17	1.0340492e-17	-8.860735e-18	0	-2.9979875e-18
1.1100000000003744e-09	-6.3349867e-06	-5.9073136e-07	0.0019376703	0.12282024	-1.1831397e-17	-1.03352545e-17	1.0368382e-17	-8.86686e-18	0	-2.9976637e-18
1.1200000000004602e-09	-8.618946e-06	-3.474011e-07	0.0018366575	0.12288373	-1.1838503e-17	-1.0360417e-17	1.03932465e-17	-8.873089e-18	0	-2.9982443e-18
1.130000000000546e-09	-8.434627e-06	-1.5014522e-06	0.0016451596	0.1229449	-1.184637e-17	-1.0381431e-17	1.04144496e-17	-8.880023e-18	0	-2.9993668e-18
1.1400000000006318e-09	-5.7611496e-06	-3.6616518e-06	0.0014019666	0.12295448	-1.1854937e-17	-1.03982244e-17	1.0431889e-17	-8.888055e-18	0	-3.0005478e-18
1.1500000000007175e-09	-1.2059501e-06	-6.180138e-06	0.0011566946	0.122886986	-1.1864053e-17	-1.0410972e-17	1.0445556e-17	-8.897232e-18	0	-3.0014044e-18
1.1600000000008033e-09	4.325703e-06	-8.482154e-06	0.0009398385	0.12273193	-1.1873484e-17	-1.0419778e-17	1.0455346e-17	-8.9072736e-18	0	-3.0017793e-18
1.1700000000008891e-09	1.0021174e-05	-1.0198848e-05	0.0007568218	0.12249822	-1.1882978e-17	-1.0424719e-17	1.0461182e-17	-8.917704e-18	0	-3.0017357e-18
1.1800000000009749e-09	1.5232214e-05	-1.1107155e-05	0.0006012199	0.12220599	-1.1892284e-17	-1.0426008e-17	1.04631995e-17	-8.92801e-18	0	-3.0014666e-18
1.1900000000010607e-09	1.9577468e-05	-1.1195174e-05	0.00046774765	0.12187281	-1.1901202e-17	-1.0424084e-17	1.0461822e-17	-8.937742e-18	0	-3.0011976e-18
1.2000000000011465e-09	2.2787577e-05	-1.0481045e-05	0.0003561909	0.1215331	-1.19095736e-17	-1.04195806e-17	1.0457702e-17	-8.946576e-18	0	-3.0011178e-18
1.2100000000012322e-09	2.4738396e-05	-9.060428e-06	0.00026965066	0.1211943	-1.1917319e-17	-1.04132436e-17	1.04516016e-17	-8.954332e-18	0	-3.0013452e-18
1.220000000001318e-09	2.5352854e-05	-7.069652e-06	0.0002120031	0.12087921	-1.19244e-17	-1.0405813e-17	1.044427e-17	-8.960942e-18	0	-3.0019164e-18
1.2300000000014038e-09	2.4719982e-05	-4.7381423e-06	0.00018575958	0.12061134	-1.1930819e-17	-1.0397982e-17	1.0436394e-17	-8.966442e-18	0	-3.0027901e-18
1.2400000000014896e-09	2.3082184e-05	-2.2721897e-06	0.00019116007	0.120407484	-1.193659e-17	-1.03903315e-17	1.0428542e-17	-8.970937e-18	0	-3.0038636e-18
1.2500000000015754e-09	2.0735582e-05	1.1882964e-07	0.00022529151	0.12027799	-1.1941748e-17	-1.03833244e-17	1.0421161e-17	-8.974579e-18	0	-3.005005e-18
1.2600000000016612e-09	1.8071787e-05	2.4595458e-06	0.00028229016	0.12024188	-1.1946328e-17	-1.0377261e-17	1.0414551e-17	-8.977528e-18	0	-3.0060902e-18
1.270000000001747e-09	1.5320671e-05	4.714557e-06	0.00035480998	0.12030126	-1.1950376e-17	-1.0372282e-17	1.0408866e-17	-8.97993e-18	0	-3.0070282e-18
1.2800000000018327e-09	1.2595752e-05	6.9350194e-06	0.00043547133	0.12045536	-1.195394e-17	-1.0368384e-17	1.04041255e-17	-8.981903e-18	0	-3.0077793e-18
1.2900000000019185e-09	9.889246e-06	9.060096e-06	0.0005175464	0.12069125	-1.1957084e-17	-1.036544e-17	1.0400227e-17	-8.983522e-18	0	-3.0083494e-18
1.3000000000020043e-09	7.049673e-06	1.1023632e-05	0.0005953479	0.1209772	-1.1959856e-17	-1.0363245e-17	1.03969986e-17	-8.984834e-18	0	-3.0087766e-18
1.3100000000020901e-09	3.9559263e-06	1.276982e-05	0.00066483516	0.12129125	-1.1962311e-17	-1.03615696e-17	1.0394235e-17	-8.985864e-18	0	-3.009113e-18
1.3200000000021759e-09	5.3606215e-07	1.4275692e-05	0.0007239208	0.12160575	-1.1964492e-17	-1.0360193e-17	1.0391743e-17	-8.986634e-18	0	-3.0094065e-18
1.3300000000022617e-09	-3.1167156e-06	1.5529382e-05	0.0007725548	0.12189978	-1.19664216e-17	-1.0358936e-17	1.0389372e-17	-8.987168e-18	0	-3.00969e-18
1.3400000000023475e-09	-6.9048374e-06	1.6619255e-05	0.0008122822	0.12216278	-1.19681305e-17	-1.0357674e-17	1.03870236e-17	-8.9875e-18	0	-3.009981e-18
1.3500000000024332e-09	-1.0665624e-05	1.75959e-05	0.0008453351	0.1223822	-1.1969639e-17	-1.0356345e-17	1.0384661e-17	-8.987676e-18	0	-3.0102794e-18
1.360000000002519e-09	-1.421286e-05	1.8513221e-05	0.0008741283	0.12255287	-1.197096e-17	-1.0354931e-17	1.0382293e-17	-8.9877475e-18	0	-3.0105753e-18
1.3700000000026048e-09	-1.7335651e-05	1.9364486e-05	0.000900898	0.122677304	-1.1972114e-17	-1.0353454e-17	1.037996e-17	-8.987765e-18	0	-3.0108547e-18
1.3800000000026906e-09	-1.9975718e-05	2.0195344e-05	0.0009273306	0.12275692	-1.1973118e-17	-1.0351961e-17	1.0377723e-17	-8.987775e-18	0	-3.0111033e-18
1.3900000000027764e-09	-2.2044418e-05	2.0918003e-05	0.00095433265	0.12280068	-1.1973994e-17	-1.035051e-17	1.03756465e-17	-8.987818e-18	0	-3.011311e-18
1.4000000000028622e-09	-2.3434592e-05	2.1551064e-05	0.0009824204	0.12281468	-1.1974761e-17	-1.0349145e-17	1.0373779e-17	-8.98792e-18	0	-3.0114743e-18
1.410000000002948e-09	-2.4195404e-05	2.2028946e-05	0.0010115257	0.12280455	-1.1975441e-17	-1.0347911e-17	1.0372155e-17	-8.988092e-18	0	-3.0115938e-18
1.4200000000030337e-09	-2.4346125e-05	2.2336177e-05	0.0010410957	0.1227778	-1.1976055e-17	-1.03468276e-17	1.0370785e-17	-8.988337e-18	0	-3.011675e-18
1.4300000000031195e-09	-2.401887e-05	2.2464877e-05	0.0010700901	0.12274188	-1.1976615e-17	-1.0345899e-17	1.03696586e-17	-8.988649e-18	0	-3.0117257e-18
1.4400000000032053e-09	-2.3256916e-05	2.2422357e-05	0.0010974399	0.12270153	-1.19771385e-17	-1.0345114e-17	1.0368744e-17	-8.989014e-18	0	-3.0117543e-18
1.450000000003291e-09	-2.2161823e-05	2.2252369e-05	0.0011220207	0.12266213	-1.1977633e-17	-1.0344444e-17	1.0367997e-17	-8.9894176e-18	0	-3.0117683e-18
1.4600000000033769e-09	-2.0765765e-05	2.1926156e-05	0.0011428724	0.12262868	-1.1978103e-17	-1.03438605e-17	1.0367372e-17	-8.989841e-18	0	-3.0117745e-18
1.4700000000034627e-09	-1.9245183e-05	2.1456533e-05	0.0011594432	0.122603126	-1.1978557e-17	-1.03433294e-17	1.0366821e-17	-8.99027e-18	0	-3.0117785e-18
1.4800000000035485e-09	-1.766917e-05	2.0869787e-05	0.0011717043	0.12258475	-1.1978996e-17	-1.0342827e-17	1.0366305e-17	-8.9906914e-18	0	-3.0117838e-18
1.4900000000036342e-09	-1.6061458e-05	2.0282474e-05	0.0011798803	0.12257249	-1.1979417e-17	-1.0342333e-17	1.0365797e-17	-8.991092e-18	0	-3.0117923e-18
1.50000000000372e-09	-1.4463522e-05	1.9524981e-05	0.001184623	0.122567825	-1.1979827e-17	-1.0341835e-17	1.0365275e-17	-8.991463e-18	0	-3.011804e-18
1.5100000000038058e-09	-1.2977203e-05	1.8722976e-05	0.0011866502	0.12257101	-1.1980217e-17	-1.0341331e-17	1.0364731e-17	-8.991798e-18	0	-3.0118196e-18
1.5200000000038916e-09	-1.1599842e-05	1.7803566e-05	0.0011865918	0.12257869	-1.19805895e-17	-1.0340822e-17	1.0364167e-17	-8.992098e-18	0	-3.0118376e-18
1.5300000000039774e-09	-1.0276392e-05	1.6907978e-05	0.0011847931	0.12259052	-1.1980949e-17	-1.03403185e-17	1.0363585e-17	-8.992358e-18	0	-3.0118575e-18
1.5400000000040632e-09	-9.114101e-06	1.5982303e-05	0.0011813412	0.12260582	-1.1981285e-17	-1.03398255e-17	1.0363001e-17	-8.9925815e-18	0	-3.0118783e-18
1.550000000004149e-09	-8.063616e-06	1.5006323e-05	0.0011762866	0.12262362	-1.19816045e-17	-1.0339361e-17	1.0362424e-17	-8.992769e-18	0	-3.0118988e-18
1.5600000000042347e-09	-7.1190534e-06	1.4183627e-05	0.00116968	0.12264173	-1.1981903e-17	-1.0338929e-17	1.0361872e-17	-8.992928e-18	0	-3.0119189e-18
1.5700000000043205e-09	-6.273958e-06	1.3337583e-05	0.0011616562	0.12266033	-1.1982185e-17	-1.0338539e-17	1.0361355e-17	-8.993063e-18	0	-3.0119377e-18
1.5800000000044063e-09	-5.570472e-06	1.2581136e-05	0.0011522986	0.12267818	-1.19824515e-17	-1.0338201e-17	1.0360886e-17	-8.99318e-18	0	-3.0119557e-18
1.590000000004492e-09	-4.9610426e-06	1.1876131e-05	0.0011420094	0.1226947	-1.19827e-17	-1.03379155e-17	1.0360473e-17	-8.993284e-18	0	-3.0119714e-18
1.6000000000045779e-09	-4.4097947e-06	1.1266417e-05	0.0011313076	0.12270884	-1.1982934e-17	-1.0337689e-17	1.0360124e-17	-8.993383e-18	0	-3.0119859e-18
1.6100000000046637e-09	-3.904009e-06	1.072504e-05	0.0011205358	0.1227197	-1.1983152e-17	-1.0337518e-17	1.03598424e-17	-8.993479e-18	0	-3.0119985e-18
1.6200000000047495e-09	-3.4322975e-06	1.0246684e-05	0.0011101027	0.12272833	-1.1983361e-17	-1.0337402e-17	1.035963e-17	-8.993578e-18	0	-3.01201e-18
1.6300000000048352e-09	-2.972924e-06	9.8590635e-06	0.0011004161	0.12273585	-1.1983555e-17	-1.0337336e-17	1.0359483e-17	-8.9936825e-18	0	-3.01202e-18
1.640000000004921e-09	-2.505578e-06	9.405765e-06	0.0010917734	0.122742884	-1.1983741e-17	-1.0337319e-17	1.0359401e-17	-8.993794e-18	0	-3.0120287e-18
1.6500000000050068e-09	-2.0666107e-06	9.112107e-06	0.0010845585	0.122748226	-1.1983919e-17	-1.0337339e-17	1.0359373e-17	-8.993916e-18	0	-3.0120363e-18
1.6600000000050926e-09	-1.6676013e-06	8.810857e-06	0.0010786322	0.12275248	-1.1984088e-17	-1.0337394e-17	1.03593966e-17	-8.994045e-18	0	-3.0120432e-18
1.6700000000051784e-09	-1.2954519e-06	8.470313e-06	0.0010741365	0.12275636	-1.198425e-17	-1.0337476e-17	1.03594594e-17	-8.994184e-18	0	-3.012049e-18
1.6800000000052642e-09	-8.855276e-07	8.170392e-06	0.00107083	0.122759625	-1.1984406e-17	-1.0337579e-17	1.0359558e-17	-8.994331e-18	0	-3.0120543e-18
1.69000000000535e-09	-5.4318053e-07	7.81675e-06	0.0010684752	0.12276156	-1.1984555e-17	-1.0337695e-17	1.0359682e-17	-8.994483e-18	0	-3.0120593e-18
1.7000000000054357e-09	-2.4648608e-07	7.4441264e-06	0.0010667898	0.12276304	-1.19847014e-17	-1.0337819e-17	1.0359821e-17	-8.9946396e-18	0	-3.0120643e-18
1.7100000000055215e-09	3.692071e-08	7.187485e-06	0.0010654987	0.122763924	-1.19848396e-17	-1.0337943e-17	1.03599715e-17	-8.994798e-18	0	-3.0120694e-18
1.7200000000056073e-09	4.010975e-07	6.8636455e-06	0.0010647015	0.12276417	-1.19849736e-17	-1.0338068e-17	1.0360128e-17	-8.99496e-18	0	-3.0120746e-18
1.730000000005693e-09	6.476785e-07	6.5946656e-06	0.0010640356	0.12276383	-1.1985106e-17	-1.0338189e-17	1.0360285e-17	-8.995122e-18	0	-3.0120796e-18
1.7400000000057789e-09	8.9606283e-07	6.293605e-06	0.0010633324	0.12276342	-1.19852325e-17	-1.0338303e-17	1.0360439e-17	-8.995283e-18	0	-3.0120853e-18
1.7500000000058647e-09	1.1150245e-06	6.037723e-06	0.0010627026	0.12276378	-1.1985356e-17	-1.0338412e-17	1.03605885e-17	-8.9954394e-18	0	-3.0120911e-18
1.7600000000059504e-09	1.3517347e-06	5.8298656e-06	0.0010620564	0.12276405	-1.1985477e-17	-1.0338511e-17	1.0360728e-17	-8.9955974e-18	0	-3.0120976e-18
1.7700000000060362e-09	1.5424125e-06	5.5997994e-06	0.0010612679	0.122764535	-1.1985591e-17	-1.0338603e-17	1.0360865e-17	-8.995749e-18	0	-3.012104e-18
1.780000000006122e-09	1.6955054e-06	5.3188605e-06	0.0010605276	0.122765884	-1.19857015e-17	-1.0338688e-17	1.0360993e-17	-8.995899e-18	0	-3.0121104e-18
1.7900000000062078e-09	1.8540081e-06	5.0212166e-06	0.0010598191	0.1227681	-1.1985814e-17	-1.0338763e-17	1.0361111e-17	-8.996045e-18	0	-3.0121172e-18
1.8000000000062936e-09	2.0175412e-06	4.8461993e-06	0.0010591032	0.12277207	-1.1985921e-17	-1.0338834e-17	1.0361223e-17	-8.996187e-18	0	-3.0121242e-18
1.8100000000063794e-09	2.1426351e-06	4.7091467e-06	0.0010584175	0.122777775	-1.1986025e-17	-1.0338896e-17	1.0361329e-17	-8.996326e-18	0	-3.0121313e-18
1.8200000000064652e-09	2.2641223e-06	4.5736124e-06	0.0010578458	0.12278473	-1.1986126e-17	-1.0338951e-17	1.0361426e-17	-8.996463e-18	0	-3.0121383e-18
1.830000000006551e-09	2.366817e-06	4.32855e-06	0.0010573614	0.12279361	-1.1986224e-17	-1.03390024e-17	1.0361519e-17	-8.996595e-18	0	-3.012145e-18
1.8400000000066367e-09	2.5074762e-06	4.1772605e-06	0.0010569062	0.12280385	-1.19863186e-17	-1.0339043e-17	1.0361601e-17	-8.996725e-18	0	-3.0121524e-18
1.8500000000067225e-09	2.6581015e-06	4.1161375e-06	0.0010564381	0.1228158	-1.1986412e-17	-1.0339081e-17	1.036168e-17	-8.9968514e-18	0	-3.012159e-18
1.8600000000068083e-09	2.7275769e-06	4.061658e-06	0.0010560971	0.12282944	-1.1986506e-17	-1.0339109e-17	1.0361746e-17	-8.9969755e-18	0	-3.0121658e-18
1.870000000006742e-09	2.7268177e-06	3.859496e-06	0.0010559983	0.122844465	-1.1986592e-17	-1.03391315e-17	1.0361809e-17	-8.997097e-18	0	-3.0121722e-18
1.880000000006621e-09	2.798476e-06	3.7615466e-06	0.0010559752	0.12286141	-1.1986681e-17	-1.03391455e-17	1.036186e-17	-8.997216e-18	0	-3.0121792e-18
1.8900000000065e-09	2.916926e-06	3.6810613e-06	0.0010561214	0.1228809	-1.1986767e-17	-1.03391505e-17	1.0361903e-17	-8.997333e-18	0	-3.0121859e-18
1.900000000006379e-09	3.019336e-06	3.6305682e-06	0.0010562942	0.12290251	-1.198685e-17	-1.0339148e-17	1.0361935e-17	-8.9974445e-18	0	-3.0121916e-18
1.910000000006258e-09	3.0221834e-06	3.5483747e-06	0.0010566742	0.12292574	-1.1986931e-17	-1.0339135e-17	1.0361957e-17	-8.997553e-18	0	-3.012198e-18
1.920000000006137e-09	3.0634699e-06	3.4971222e-06	0.0010570857	0.122951224	-1.198701e-17	-1.0339112e-17	1.0361967e-17	-8.9976604e-18	0	-3.012204e-18
1.930000000006016e-09	3.087957e-06	3.4762415e-06	0.0010576209	0.12297821	-1.1987089e-17	-1.0339077e-17	1.03619625e-17	-8.997764e-18	0	-3.0122096e-18
1.940000000005895e-09	3.0983026e-06	3.4191046e-06	0.0010580993	0.12300649	-1.19871664e-17	-1.0339034e-17	1.0361947e-17	-8.997863e-18	0	-3.0122158e-18
1.950000000005774e-09	3.138925e-06	3.3818992e-06	0.0010587458	0.123036616	-1.19872425e-17	-1.0338978e-17	1.0361918e-17	-8.99796e-18	0	-3.0122212e-18
1.960000000005653e-09	3.111875e-06	3.401451e-06	0.0010594693	0.12306759	-1.1987317e-17	-1.0338912e-17	1.0361876e-17	-8.998054e-18	0	-3.0122264e-18
1.9700000000055318e-09	3.06328e-06	3.3090068e-06	0.0010601722	0.12310013	-1.1987389e-17	-1.03388345e-17	1.0361819e-17	-8.998144e-18	0	-3.0122313e-18
1.9800000000054108e-09	3.1277252e-06	3.2465548e-06	0.0010609902	0.12313414	-1.1987463e-17	-1.0338745e-17	1.03617474e-17	-8.998229e-18	0	-3.0122365e-18
1.9900000000052898e-09	3.0937467e-06	3.221878e-06	0.0010619462	0.12316957	-1.19875345e-17	-1.0338644e-17	1.0361661e-17	-8.998312e-18	0	-3.012241e-18
2.0000000000051688e-09	3.0770423e-06	3.2706625e-06	0.001062827	0.123206556	-1.1987606e-17	-1.0338531e-17	1.0361562e-17	-8.998391e-18	0	-3.0122454e-18
2.0100000000050478e-09	3.121651e-06	3.209919e-06	0.0010637343	0.123244524	-1.1987675e-17	-1.0338405e-17	1.03614455e-17	-8.998465e-18	0	-3.0122495e-18
2.0200000000049267e-09	3.126871e-06	3.1761303e-06	0.0010645355	0.123283744	-1.1987747e-17	-1.03382696e-17	1.0361314e-17	-8.998538e-18	0	-3.0122543e-18
2.0300000000048057e-09	3.0884316e-06	3.2828111e-06	0.0010653962	0.12332407	-1.1987816e-17	-1.0338121e-17	1.036117e-17	-8.9986075e-18	0	-3.0122578e-18
2.0400000000046847e-09	3.019336e-06	3.324193e-06	0.0010661316	0.123365425	-1.1987886e-17	-1.0337958e-17	1.0361008e-17	-8.9986745e-18	0	-3.0122615e-18
2.0500000000045637e-09	2.9733037e-06	3.3631068e-06	0.0010669011	0.12340795	-1.1987954e-17	-1.0337786e-17	1.0360835e-17	-8.9987366e-18	0	-3.012265e-18
2.0600000000044427e-09	2.8582706e-06	3.4568795e-06	0.001067727	0.12345178	-1.1988021e-17	-1.03376e-17	1.0360645e-17	-8.998797e-18	0	-3.0122686e-18
2.0700000000043217e-09	2.7715212e-06	3.5869089e-06	0.0010685632	0.123496644	-1.1988093e-17	-1.03374035e-17	1.0360439e-17	-8.9988565e-18	0	-3.0122713e-18
2.0800000000042007e-09	2.7204585e-06	3.6351241e-06	0.0010693884	0.12354309	-1.1988161e-17	-1.03371926e-17	1.036022e-17	-8.998912e-18	0	-3.0122744e-18
2.0900000000040797e-09	2.5986865e-06	3.6725194e-06	0.0010701536	0.12359081	-1.198823e-17	-1.0336972e-17	1.0359984e-17	-8.998965e-18	0	-3.0122773e-18
2.1000000000039587e-09	2.5072864e-06	3.83368e-06	0.0010709037	0.123640046	-1.19883e-17	-1.03367384e-17	1.0359735e-17	-8.999016e-18	0	-3.0122797e-18
2.1100000000038377e-09	2.614347e-06	3.885312e-06	0.0010715314	0.123690456	-1.19883675e-17	-1.0336491e-17	1.0359471e-17	-8.999066e-18	0	-3.012282e-18
2.1200000000037166e-09	2.5450613e-06	4.062607e-06	0.0010721696	0.12374227	-1.1988437e-17	-1.0336231e-17	1.03591914e-17	-8.999113e-18	0	-3.0122845e-18
2.1300000000035956e-09	2.4939989e-06	4.154102e-06	0.0010729609	0.12379583	-1.1988509e-17	-1.0335962e-17	1.0358898e-17	-8.999158e-18	0	-3.0122866e-18
2.1400000000034746e-09	2.450529e-06	4.085386e-06	0.001073673	0.123850316	-1.1988579e-17	-1.0335679e-17	1.0358589e-17	-8.9992015e-18	0	-3.0122882e-18
2.1500000000033536e-09	2.432401e-06	4.207063e-06	0.0010744192	0.1239055	-1.1988652e-17	-1.0335386e-17	1.0358268e-17	-8.9992445e-18	0	-3.0122899e-18
2.1600000000032326e-09	2.4246183e-06	4.399354e-06	0.0010750685	0.12396192	-1.1988725e-17	-1.0335078e-17	1.035793e-17	-8.999285e-18	0	-3.0122913e-18
2.1700000000031116e-09	2.3368248e-06	4.6749783e-06	0.0010757215	0.12401955	-1.1988797e-17	-1.03347565e-17	1.0357577e-17	-8.999324e-18	0	-3.0122928e-18
2.1800000000029906e-09	2.2713357e-06	4.894794e-06	0.0010763325	0.12407803	-1.19888704e-17	-1.0334427e-17	1.0357211e-17	-8.999362e-18	0	-3.0122942e-18
2.1900000000028696e-09	2.2194188e-06	4.959334e-06	0.0010769257	0.12413752	-1.19889465e-17	-1.0334083e-17	1.035683e-17	-8.999398e-18	0	-3.0122952e-18
2.2000000000027486e-09	2.131056e-06	5.07171e-06	0.0010777318	0.124198176	-1.19890234e-17	-1.0333729e-17	1.0356436e-17	-8.999434e-18	0	-3.0122963e-18
2.2100000000026276e-09	1.9969455e-06	5.132074e-06	0.0010784372	0.12426038	-1.1989099e-17	-1.033336e-17	1.0356027e-17	-8.999468e-18	0	-3.012297e-18
2.2200000000025065e-09	1.9026979e-06	5.345056e-06	0.0010790756	0.12432413	-1.1989177e-17	-1.0332978e-17	1.0355601e-17	-8.9995026e-18	0	-3.0122975e-18
2.2300000000023855e-09	1.8707127e-06	5.460469e-06	0.0010796892	0.12438891	-1.1989256e-17	-1.0332586e-17	1.0355163e-17	-8.999535e-18	0	-3.0122977e-18
2.2400000000022645e-09	1.8421442e-06	5.6214394e-06	0.0010803714	0.1244546	-1.1989335e-17	-1.0332182e-17	1.0354711e-17	-8.9995654e-18	0	-3.0122981e-18
2.2500000000021435e-09	1.8237313e-06	5.823412e-06	0.0010810932	0.12452162	-1.1989418e-17	-1.0331764e-17	1.0354242e-17	-8.999596e-18	0	-3.0122988e-18
2.2600000000020225e-09	1.7329006e-06	6.02994e-06	0.0010817051	0.124590136	-1.1989501e-17	-1.03313345e-17	1.0353759e-17	-8.999627e-18	0	-3.0122988e-18
2.2700000000019015e-09	1.6194809e-06	6.0963785e-06	0.0010823595	0.12465999	-1.1989585e-17	-1.0330891e-17	1.03532606e-17	-8.9996556e-18	0	-3.012299e-18
2.2800000000017805e-09	1.5492462e-06	6.2436816e-06	0.0010831282	0.12473126	-1.1989671e-17	-1.0330437e-17	1.03527485e-17	-8.999684e-18	0	-3.012299e-18
2.2900000000016595e-09	1.494577e-06	6.5568906e-06	0.0010839645	0.12480386	-1.1989757e-17	-1.0329966e-17	1.035222e-17	-8.999713e-18	0	-3.0122988e-18
2.3000000000015385e-09	1.4975193e-06	6.832894e-06	0.001084518	0.124877915	-1.1989845e-17	-1.0329485e-17	1.0351678e-17	-8.999739e-18	0	-3.0122988e-18
2.3100000000014175e-09	1.3511651e-06	7.0637197e-06	0.0010849483	0.1249535	-1.1989935e-17	-1.0328991e-17	1.0351119e-17	-8.9997664e-18	0	-3.0122986e-18
2.3200000000012965e-09	1.3127259e-06	7.271387e-06	0.0010855608	0.12503086	-1.1990024e-17	-1.0328483e-17	1.0350546e-17	-8.99979e-18	0	-3.012298e-18
2.3300000000011754e-09	1.3108277e-06	7.502972e-06	0.0010863566	0.12510996	-1.1990121e-17	-1.03279596e-17	1.0349956e-17	-8.9998185e-18	0	-3.0122975e-18
2.3400000000010544e-09	1.316902e-06	7.654831e-06	0.001087033	0.1251906	-1.19902154e-17	-1.0327425e-17	1.034935e-17	-8.9998425e-18	0	-3.012297e-18
2.3500000000009334e-09	1.2650801e-06	7.820737e-06	0.0010876078	0.12527268	-1.199031e-17	-1.03268735e-17	1.0348728e-17	-8.9998665e-18	0	-3.0122965e-18
2.3600000000008124e-09	1.2246477e-06	8.0215705e-06	0.001088208	0.12535627	-1.1990409e-17	-1.032631e-17	1.0348087e-17	-8.999891e-18	0	-3.0122963e-18
2.3700000000006914e-09	1.099364e-06	8.299472e-06	0.001088911	0.12544107	-1.1990511e-17	-1.03257295e-17	1.03474306e-17	-8.999916e-18	0	-3.0122955e-18
2.3800000000005704e-09	1.0818053e-06	8.598255e-06	0.0010896665	0.12552726	-1.199061e-17	-1.0325136e-17	1.03467606e-17	-8.999939e-18	0	-3.0122946e-18
2.3900000000004494e-09	1.0138484e-06	8.870083e-06	0.0010904095	0.12561451	-1.19907126e-17	-1.0324525e-17	1.0346069e-17	-8.999962e-18	0	-3.0122938e-18
2.4000000000003284e-09	9.921137e-07	9.046998e-06	0.0010909854	0.12570351	-1.1990819e-17	-1.03239014e-17	1.0345362e-17	-8.999985e-18	0	-3.0122928e-18
2.4100000000002074e-09	8.207028e-07	9.232266e-06	0.0010915109	0.12579392	-1.1990924e-17	-1.0323261e-17	1.0344637e-17	-9.000006e-18	0	-3.0122926e-18
2.4200000000000864e-09	5.9300925e-07	9.484352e-06	0.0010922672	0.1258854	-1.1991033e-17	-1.0322606e-17	1.0343894e-17	-9.000028e-18	0	-3.0122915e-18
2.4300099999999652e-09	5.896874e-07	9.686324e-06	0.0010929753	0.12597811	-1.19911435e-17	-1.0321934e-17	1.03431326e-17	-9.000051e-18	0	-3.0122905e-18
2.4400099999998442e-09	6.659965e-07	1.0123678e-05	0.0010936152	0.1260719	-1.1991255e-17	-1.0321249e-17	1.0342355e-17	-9.0000725e-18	0	-3.0122895e-18
2.450009999999723e-09	5.97565e-07	1.040082e-05	0.0010942932	0.12616679	-1.1991367e-17	-1.0320547e-17	1.0341559e-17	-9.0000915e-18	0	-3.0122888e-18
2.460009999999602e-09	5.36252e-07	1.07037795e-05	0.0010950041	0.12626277	-1.19914835e-17	-1.031983e-17	1.0340746e-17	-9.000112e-18	0	-3.0122878e-18
2.470009999999481e-09	4.602276e-07	1.0979404e-05	0.0010957308	0.12635957	-1.1991603e-17	-1.0319094e-17	1.03399115e-17	-9.000134e-18	0	-3.0122868e-18
2.48000999999936e-09	4.066024e-07	1.1259963e-05	0.0010965551	0.12645708	-1.19917225e-17	-1.0318341e-17	1.0339059e-17	-9.000153e-18	0	-3.012286e-18
2.490009999999239e-09	3.9302998e-07	1.1531411e-05	0.0010972468	0.12655547	-1.1991842e-17	-1.0317574e-17	1.033819e-17	-9.0001726e-18	0	-3.0122851e-18
2.500009999999118e-09	3.7262393e-07	1.17102245e-05	0.0010980463	0.12665492	-1.1991963e-17	-1.0316791e-17	1.03373026e-17	-9.000191e-18	0	-3.012284e-18
2.510009999998997e-09	3.3750655e-07	1.1916373e-05	0.0010988682	0.12675498	-1.1992089e-17	-1.0315992e-17	1.0336396e-17	-9.000211e-18	0	-3.012283e-18
2.520009999998876e-09	3.5516015e-07	1.2237175e-05	0.0010995105	0.1268557	-1.1992215e-17	-1.0315175e-17	1.0335471e-17	-9.000229e-18	0	-3.0122824e-18
2.530009999998755e-09	3.2298504e-07	1.2488123e-05	0.0011003807	0.12695694	-1.1992343e-17	-1.03143425e-17	1.033453e-17	-9.000249e-18	0	-3.0122816e-18
2.540009999998634e-09	2.3424246e-07	1.2734893e-05	0.0011011416	0.12705867	-1.1992472e-17	-1.0313495e-17	1.0333569e-17	-9.000266e-18	0	-3.0122806e-18
2.550009999998513e-09	1.7311922e-07	1.3062149e-05	0.0011019345	0.12716112	-1.1992604e-17	-1.0312631e-17	1.033259e-17	-9.000282e-18	0	-3.0122795e-18
2.560009999998392e-09	1.9020335e-07	1.3342329e-05	0.001102766	0.12726441	-1.1992736e-17	-1.0311751e-17	1.0331593e-17	-9.000299e-18	0	-3.0122791e-18
2.570009999998271e-09	9.092555e-08	1.3575812e-05	0.0011036224	0.12736872	-1.19928715e-17	-1.0310854e-17	1.033058e-17	-9.000318e-18	0	-3.0122785e-18
2.58000999999815e-09	7.782772e-08	1.3945968e-05	0.0011043545	0.12747404	-1.1993008e-17	-1.0309944e-17	1.0329549e-17	-9.000335e-18	0	-3.0122777e-18
2.590009999998029e-09	5.1537135e-08	1.4179831e-05	0.0011050452	0.12758	-1.19931445e-17	-1.0309016e-17	1.03285006e-17	-9.00035e-18	0	-3.012277e-18
2.600009999997908e-09	1.52903e-07	1.4459251e-05	0.0011058375	0.12768687	-1.1993281e-17	-1.0308077e-17	1.03274385e-17	-9.000366e-18	0	-3.0122762e-18
2.610009999997787e-09	1.0060656e-07	1.4775877e-05	0.0011066794	0.12779483	-1.19934216e-17	-1.03071204e-17	1.0326357e-17	-9.000383e-18	0	-3.0122758e-18
2.620009999997666e-09	6.738742e-08	1.5071623e-05	0.0011075265	0.12790342	-1.1993563e-17	-1.0306149e-17	1.032526e-17	-9.0003976e-18	0	-3.0122754e-18
2.630009999997545e-09	7.9156486e-08	1.5294856e-05	0.0011083178	0.12801225	-1.19937045e-17	-1.0305163e-17	1.03241455e-17	-9.000413e-18	0	-3.012275e-18
2.640009999997424e-09	5.969956e-08	1.552758e-05	0.0011091579	0.12812126	-1.1993849e-17	-1.0304165e-17	1.0323018e-17	-9.000427e-18	0	-3.0122744e-18
2.650009999997303e-09	-3.4927563e-08	1.579485e-05	0.0011099619	0.12823044	-1.19939915e-17	-1.03031524e-17	1.0321875e-17	-9.000442e-18	0	-3.0122744e-18
2.660009999997182e-09	-9.481694e-08	1.6051494e-05	0.0011108376	0.12834007	-1.1994136e-17	-1.0302125e-17	1.0320718e-17	-9.0004555e-18	0	-3.0122742e-18
2.670009999997061e-09	-1.0933846e-07	1.633623e-05	0.0011117113	0.12844972	-1.19942835e-17	-1.0301087e-17	1.03195455e-17	-9.000469e-18	0	-3.0122737e-18
2.68000999999694e-09	-1.4160848e-07	1.6552627e-05	0.0011126106	0.12855923	-1.1994432e-17	-1.0300037e-17	1.0318361e-17	-9.000482e-18	0	-3.012274e-18
2.690009999996819e-09	-1.9513877e-07	1.6824455e-05	0.0011134724	0.1286691	-1.1994579e-17	-1.02989735e-17	1.0317163e-17	-9.000494e-18	0	-3.0122737e-18
2.700009999996698e-09	-1.3116818e-07	1.710957e-05	0.0011143639	0.12877925	-1.1994727e-17	-1.02979e-17	1.0315953e-17	-9.000507e-18	0	-3.012274e-18
2.710009999996577e-09	-2.4677083e-09	1.7450115e-05	0.0011152686	0.12888947	-1.19948766e-17	-1.0296815e-17	1.0314731e-17	-9.000518e-18	0	-3.0122742e-18
2.720009999996456e-09	1.0364374e-07	1.7687014e-05	0.0011161091	0.12899943	-1.1995023e-17	-1.0295721e-17	1.03135005e-17	-9.000529e-18	0	-3.0122744e-18
2.730009999996335e-09	1.6343822e-07	1.7913664e-05	0.0011169584	0.12910898	-1.1995173e-17	-1.0294617e-17	1.0312259e-17	-9.00054e-18	0	-3.0122744e-18
2.740009999996214e-09	5.7136937e-08	1.810045e-05	0.0011178885	0.12921835	-1.1995325e-17	-1.0293505e-17	1.03110065e-17	-9.000551e-18	0	-3.012275e-18
2.750009999996093e-09	-5.884535e-09	1.8343804e-05	0.0011187069	0.12932749	-1.1995475e-17	-1.0292385e-17	1.0309747e-17	-9.0005605e-18	0	-3.0122752e-18
2.760009999995972e-09	-2.7714261e-08	1.8598168e-05	0.0011195529	0.12943624	-1.19956235e-17	-1.02912534e-17	1.0308476e-17	-9.000569e-18	0	-3.0122762e-18
2.770009999995851e-09	-6.852636e-08	1.8775083e-05	0.0011204064	0.12954459	-1.1995773e-17	-1.0290118e-17	1.03072e-17	-9.000579e-18	0	-3.0122766e-18
2.78000999999573e-09	-3.0561615e-08	1.886544e-05	0.001121308	0.12965284	-1.1995925e-17	-1.0288976e-17	1.0305916e-17	-9.000587e-18	0	-3.0122773e-18
2.790009999995609e-09	-5.770641e-08	1.9032484e-05	0.0011221704	0.12976056	-1.19960735e-17	-1.0287828e-17	1.0304628e-17	-9.0005944e-18	0	-3.0122783e-18
2.800009999995488e-09	1.9741666e-08	1.9249643e-05	0.0011229904	0.12986785	-1.19962216e-17	-1.0286674e-17	1.03033336e-17	-9.000602e-18	0	-3.0122791e-18
2.810009999995367e-09	1.13894224e-07	1.9492618e-05	0.001123829	0.12997451	-1.1996372e-17	-1.0285519e-17	1.0302036e-17	-9.00061e-18	0	-3.0122802e-18
2.820009999995246e-09	2.1469062e-07	1.9729518e-05	0.0011246521	0.13008036	-1.1996519e-17	-1.0284356e-17	1.0300734e-17	-9.000615e-18	0	-3.0122812e-18
2.830009999995125e-09	3.09033e-07	1.988745e-05	0.0011254572	0.13018556	-1.1996668e-17	-1.0283193e-17	1.029943e-17	-9.000622e-18	0	-3.0122824e-18
2.840009999995004e-09	2.9346745e-07	2.001805e-05	0.0011261608	0.13029017	-1.1996815e-17	-1.0282028e-17	1.0298123e-17	-9.000626e-18	0	-3.0122837e-18
2.850009999994883e-09	3.337101e-07	2.01775e-05	0.001126912	0.13039428	-1.1996962e-17	-1.028086e-17	1.02968146e-17	-9.0006325e-18	0	-3.012285e-18
2.860009999994762e-09	4.5595655e-07	2.0320249e-05	0.0011277891	0.1304978	-1.19971075e-17	-1.0279692e-17	1.0295507e-17	-9.000636e-18	0	-3.012286e-18
2.870009999994641e-09	5.2068646e-07	2.0449328e-05	0.0011287172	0.13060062	-1.19972514e-17	-1.0278524e-17	1.0294201e-17	-9.000641e-18	0	-3.0122874e-18
2.8800099999945198e-09	4.9619916e-07	2.0533611e-05	0.001129388	0.1307024	-1.1997395e-17	-1.0277355e-17	1.0292893e-17	-9.000643e-18	0	-3.012289e-18
2.8900099999943988e-09	6.159779e-07	2.0573852e-05	0.0011302371	0.13080333	-1.1997538e-17	-1.0276188e-17	1.0291589e-17	-9.0006465e-18	0	-3.012291e-18
2.9000099999942778e-09	6.4426166e-07	2.0731786e-05	0.0011309662	0.13090312	-1.199768e-17	-1.0275024e-17	1.0290286e-17	-9.00065e-18	0	-3.0122921e-18
2.9100099999941568e-09	6.733047e-07	2.0936795e-05	0.0011316751	0.13100198	-1.19978205e-17	-1.027386e-17	1.0288986e-17	-9.0006515e-18	0	-3.0122942e-18
2.9200099999940357e-09	7.991578e-07	2.1089414e-05	0.0011323307	0.13109991	-1.19979595e-17	-1.0272702e-17	1.0287692e-17	-9.000654e-18	0	-3.0122959e-18
2.9300099999939147e-09	8.84009e-07	2.1225327e-05	0.0011330707	0.13119726	-1.1998097e-17	-1.02715475e-17	1.0286403e-17	-9.000655e-18	0	-3.0122975e-18
2.9400099999937937e-09	9.1684853e-07	2.1235199e-05	0.0011337155	0.13129413	-1.19982325e-17	-1.0270395e-17	1.0285117e-17	-9.000655e-18	0	-3.0122996e-18
2.9500099999936727e-09	1.042322e-06	2.1337704e-05	0.001134376	0.13139021	-1.1998368e-17	-1.02692504e-17	1.02838394e-17	-9.000655e-18	0	-3.0123012e-18
2.9600099999935517e-09	1.1888659e-06	2.143793e-05	0.0011350769	0.13148545	-1.1998501e-17	-1.0268112e-17	1.028257e-17	-9.000657e-18	0	-3.0123033e-18
2.9700099999934307e-09	1.2469519e-06	2.1512342e-05	0.0011357343	0.13157953	-1.1998634e-17	-1.0266978e-17	1.0281305e-17	-9.000656e-18	0	-3.0123054e-18
2.9800099999933097e-09	1.3139597e-06	2.1659645e-05	0.0011363202	0.1316726	-1.1998765e-17	-1.0265854e-17	1.0280051e-17	-9.000655e-18	0	-3.0123074e-18
2.9900099999931887e-09	1.513844e-06	2.1743166e-05	0.0011367133	0.13176464	-1.1998896e-17	-1.0264736e-17	1.0278804e-17	-9.000655e-18	0	-3.0123095e-18
3.0000099999930677e-09	1.6512764e-06	2.1757594e-05	0.0011373162	0.1318557	-1.1999025e-17	-1.02636264e-17	1.0277568e-17	-9.000654e-18	0	-3.0123116e-18
