# t (s)	mx ()	my ()	mz ()	spinAngle (rad)	E_total (J)	E_anis (J)	E_demag (J)	E_exch (J)	E_therm (J)	E_custom (J)
0	0	0	0	0.0042178794	4.5893267e-17	-1.8097601e-16	2.4934368e-16	4.672001e-18	0	-2.7146398e-17
1.0000000000000124e-11	2.1078471e-10	-3.3725553e-10	0.0023284364	0.014917105	3.574216e-17	-1.7421408e-16	2.4094262e-16	-4.314606e-18	0	-2.6671757e-17
2.0009999999999403e-11	-6.323541e-10	-1.433336e-09	0.0074399486	0.020758428	3.2467765e-17	-1.6480752e-16	2.2834134e-16	-5.172083e-18	0	-2.5893981e-17
3.000999999999824e-11	-2.2764748e-09	-2.2764748e-09	0.013366446	0.027205164	2.9031125e-17	-1.5489887e-16	2.1447111e-16	-5.5965026e-18	0	-2.4944629e-17
4.000000000000001e-11	-4.010179e-09	-3.8784385e-09	0.017798433	0.034037936	2.4922547e-17	-1.4739044e-16	2.0358634e-16	-6.967267e-18	0	-2.430608e-17
5.0000000000001785e-11	-6.61864e-09	-6.6081003e-09	0.020024356	0.04023463	2.0260757e-17	-1.4185463e-16	1.9561906e-16	-9.3605404e-18	0	-2.4143127e-17
6.00000000000024e-11	-1.0165093e-08	-1.0591932e-08	0.020551063	0.045081466	1.5197584e-17	-1.3642994e-16	1.8807665e-16	-1.2191549e-17	0	-2.4257586e-17
7.000999999999771e-11	-1.5345126e-08	-1.6609835e-08	0.02032999	0.048281725	9.843091e-18	-1.2978914e-16	1.7902948e-16	-1.500402e-17	0	-2.4393222e-17
8.000999999999302e-11	-2.1415726e-08	-2.39873e-08	0.020413114	0.04998304	4.4032387e-18	-1.2135188e-16	1.6760471e-16	-1.7478636e-17	0	-2.437097e-17
9.000999999998834e-11	-2.7486326e-08	-3.197604e-08	0.021529999	0.050893854	-8.526254e-19	-1.1108279e-16	1.5368654e-16	-1.9303615e-17	0	-2.4152766e-17
1.0000999999998365e-10	-3.1786332e-08	-3.861576e-08	0.02372288	0.051363032	-5.784031e-18	-9.946521e-17	1.3781176e-16	-2.03609e-17	0	-2.3769683e-17
1.1000999999997896e-10	-3.187065e-08	-4.0344194e-08	0.026423818	0.052904103	-1.0498345e-17	-8.738485e-17	1.2106773e-16	-2.0721222e-17	0	-2.3460008e-17
1.2000999999997891e-10	-2.7233384e-08	-3.707703e-08	0.029052157	0.054654263	-1.5156353e-17	-7.642121e-17	1.05635775e-16	-2.1167228e-17	0	-2.3203693e-17
1.3000999999998715e-10	-1.8649176e-08	-2.8751034e-08	0.029679643	0.057514455	-1.9942767e-17	-6.677479e-17	9.193342e-17	-2.188312e-17	0	-2.3218283e-17
1.400099999999954e-10	-9.274527e-09	-2.0572587e-08	0.028499462	0.059754096	-2.4709845e-17	-5.880896e-17	8.065203e-17	-2.3180787e-17	0	-2.3372124e-17
1.5000000000000362e-10	-1.0117666e-09	-1.7031404e-08	0.025183259	0.061307024	-2.9590193e-17	-5.1810024e-17	7.082536e-17	-2.480054e-17	0	-2.3804989e-17
1.6000000000001186e-10	6.2392274e-09	-1.585101e-08	0.02258681	0.0614316	-3.415952e-17	-4.6100496e-17	6.280063e-17	-2.6622982e-17	0	-2.4236673e-17
1.700000000000201e-10	1.0117666e-08	-1.585101e-08	0.019852823	0.06098575	-3.8338806e-17	-4.0929453e-17	5.554521e-17	-2.889461e-17	0	-2.4059958e-17
1.8000000000002833e-10	1.2225513e-08	-1.4291203e-08	0.011931726	0.062796876	-4.2007312e-17	-3.6248004e-17	4.9088607e-17	-3.0172055e-17	0	-2.4675863e-17
1.9000000000003657e-10	1.3827477e-08	-1.1972571e-08	-0.001418379	0.064278945	-4.4832733e-17	-3.5830605e-17	4.8644646e-17	-3.2031765e-17	0	-2.561501e-17
2.000000000000448e-10	1.500787e-08	-9.190213e-09	-0.011095533	0.063486464	-4.6983306e-17	-3.772437e-17	5.133197e-17	-3.4390094e-17	0	-2.6200799e-17
2.1000000000005304e-10	1.4670616e-08	-7.588249e-09	-0.014684049	0.061550163	-4.8570477e-17	-3.9861698e-17	5.4325014e-17	-3.652232e-17	0	-2.6511474e-17
2.2000000000006128e-10	1.3321594e-08	-6.576483e-09	-0.014848002	0.05951828	-4.9647665e-17	-4.158812e-17	5.670158e-17	-3.8092494e-17	0	-2.6668634e-17
2.3000000000006952e-10	1.0792177e-08	-5.901972e-09	-0.013340366	0.057618633	-5.0335558e-17	-4.2707256e-17	5.8214014e-17	-3.9084294e-17	0	-2.675802e-17
2.4000000000005925e-10	1.0792177e-08	-5.5647162e-09	-0.01011539	0.056041993	-5.0769183e-17	-4.3551218e-17	5.940018e-17	-3.9777015e-17	0	-2.6841124e-17
2.5000000000004163e-10	1.11294325e-08	-4.384322e-09	-0.0060567763	0.055098142	-5.105724e-17	-4.458574e-17	6.089329e-17	-4.0439993e-17	0	-2.69248e-17
2.60000000000024e-10	1.2141199e-08	-4.0470662e-09	-0.003437101	0.054768372	-5.1261e-17	-4.543557e-17	6.207792e-17	-4.0924327e-17	0	-2.6979018e-17
2.700000000000064e-10	1.1972571e-08	-2.6980442e-09	-0.0028291517	0.054839604	-5.1407717e-17	-4.5581222e-17	6.2231385e-17	-4.1060246e-17	0	-2.6997633e-17
2.800099999999888e-10	1.11294325e-08	-2.192161e-09	-0.0028947531	0.055018377	-5.151365e-17	-4.5248325e-17	6.174061e-17	-4.0999535e-17	0	-2.7006392e-17
2.9000999999997117e-10	1.0623549e-08	-2.6980442e-09	-0.0023100954	0.05514583	-5.1591295e-17	-4.493349e-17	6.1309165e-17	-4.0949943e-17	0	-2.7017026e-17
3.0000999999995355e-10	1.0792177e-08	-2.0235331e-09	-0.00090360467	0.05522497	-5.1651083e-17	-4.4868507e-17	6.123438e-17	-4.0988976e-17	0	-2.7027984e-17
3.1000999999993594e-10	9.6117825e-09	-4.0470662e-09	0.00060128607	0.055309687	-5.1699814e-17	-4.5035087e-17	6.1481145e-17	-4.1109953e-17	0	-2.7035922e-17
3.2000999999991833e-10	8.937271e-09	-5.901972e-09	0.0014945518	0.055430952	-5.1742017e-17	-4.531549e-17	6.188398e-17	-4.127101e-17	0	-2.7039497e-17
3.300099999999007e-10	7.925505e-09	-8.0941325e-09	0.0015712033	0.0556013	-5.1780123e-17	-4.5567358e-17	6.2240735e-17	-4.1414872e-17	0	-2.7038645e-17
3.400099999998831e-10	5.3960885e-09	-7.925505e-09	0.0010537495	0.055797752	-5.181561e-17	-4.569779e-17	6.2420604e-17	-4.150559e-17	0	-2.7032835e-17
3.500099999998655e-10	3.2039276e-09	-9.105899e-09	0.00030798517	0.056018226	-5.1849643e-17	-4.571232e-17	6.2435315e-17	-4.1550195e-17	0	-2.7022447e-17
3.600099999998479e-10	1.3490221e-09	-7.250994e-09	-0.00037458973	0.056269813	-5.1883154e-17	-4.568683e-17	6.239552e-17	-4.1582985e-17	0	-2.7008853e-17
3.7000999999983027e-10	-3.3725553e-10	-5.733344e-09	-0.00086954044	0.056561444	-5.1916737e-17	-4.569859e-17	6.241049e-17	-4.1636017e-17	0	-2.6992624e-17
3.8000999999981266e-10	-3.709811e-09	-3.709811e-09	-0.0012065155	0.05690394	-5.1951042e-17	-4.578291e-17	6.2528316e-17	-4.172366e-17	0	-2.6972788e-17
3.9000999999979505e-10	-5.733344e-09	-1.1803943e-09	-0.0014858645	0.057309467	-5.1986852e-17	-4.5933452e-17	6.273852e-17	-4.1844245e-17	0	-2.6947677e-17
4.0000999999977743e-10	-9.6117825e-09	1.6862777e-09	-0.0017920159	0.05778593	-5.2025055e-17	-4.6124746e-17	6.3004633e-17	-4.198943e-17	0	-2.69155e-17
4.100099999997598e-10	-1.3996105e-08	3.8784385e-09	-0.0021602379	0.0583419	-5.2066543e-17	-4.6334462e-17	6.329534e-17	-4.2153074e-17	0	-2.6874337e-17
4.200099999997422e-10	-2.040396e-08	5.733344e-09	-0.0025943883	0.058990404	-5.211238e-17	-4.6555697e-17	6.360154e-17	-4.233624e-17	0	-2.6821982e-17
4.300099999997246e-10	-2.6305932e-08	9.443155e-09	-0.0030949775	0.059746273	-5.2163743e-17	-4.6798024e-17	6.393749e-17	-4.2547352e-17	0	-2.6755858e-17
4.40009999999707e-10	-3.7098108e-08	1.5176498e-08	-0.0036684633	0.060616907	-5.2222086e-17	-4.7081043e-17	6.433126e-17	-4.2799377e-17	0	-2.6672927e-17
4.5000999999968937e-10	-5.1431467e-08	2.0909843e-08	-0.0043196687	0.061618228	-5.2289217e-17	-4.7426457e-17	6.481338e-17	-4.310653e-17	0	-2.6569609e-17
4.6000999999967176e-10	-7.0655034e-08	2.8329465e-08	-0.005042263	0.06276276	-5.236735e-17	-4.7853477e-17	6.5410505e-17	-4.348254e-17	0	-2.6441832e-17
4.700099999996541e-10	-9.358841e-08	3.6423597e-08	-0.0058159404	0.064062	-5.245918e-17	-4.83781e-17	6.614467e-17	-4.3940565e-17	0	-2.628518e-17
4.800099999996365e-10	-1.2360415e-07	4.6372634e-08	-0.006609682	0.06553132	-5.2567867e-17	-4.9014064e-17	6.703496e-17	-4.4493575e-17	0	-2.6095194e-17
4.900099999996189e-10	-1.6289442e-07	6.0200115e-08	-0.0073872674	0.06718038	-5.269718e-17	-4.9773085e-17	6.809792e-17	-4.5154354e-17	0	-2.5867665e-17
5.000099999996013e-10	-2.0994156e-07	7.369033e-08	-0.008111895	0.0690209	-5.285161e-17	-5.0663965e-17	6.9346237e-17	-4.5934908e-17	0	-2.5598978e-17
5.100099999995837e-10	-2.6929854e-07	8.8866834e-08	-0.008748818	0.07106585	-5.3036498e-17	-5.1691234e-17	7.0786874e-17	-4.6845435e-17	0	-2.5286701e-17
5.200099999995661e-10	-3.4062808e-07	1.0910216e-07	-0.009266343	0.07333869	-5.325825e-17	-5.2854406e-17	7.241989e-17	-4.7892864e-17	0	-2.4930853e-17
5.300099999995485e-10	-4.26291e-07	1.3077083e-07	-0.009634413	0.0758563	-5.3524105e-17	-5.41474e-17	7.423787e-17	-4.9078313e-17	0	-2.453626e-17
5.400099999995309e-10	-5.247696e-07	1.5319833e-07	-0.009819492	0.07862258	-5.3841285e-17	-5.5557023e-17	7.622439e-17	-5.0393014e-17	0	-2.4115637e-17
5.500099999995133e-10	-6.348835e-07	1.6550815e-07	-0.009776994	0.081656225	-5.421568e-17	-5.7060494e-17	7.83505e-17	-5.181423e-17	0	-2.3691455e-17
5.600099999994956e-10	-7.4904455e-07	1.5808853e-07	-0.009446623	0.08495141	-5.4650592e-17	-5.86222e-17	8.056916e-17	-5.3303062e-17	0	-2.3294488e-17
5.70009999999478e-10	-8.576408e-07	1.1525707e-07	-0.008756541	0.088467665	-5.5146265e-17	-6.018915e-17	8.28068e-17	-5.4804885e-17	0	-2.2959036e-17
5.800099999994604e-10	-9.483625e-07	2.6263773e-08	-0.007644053	0.09213956	-5.5699735e-17	-6.168722e-17	8.4956776e-17	-5.625267e-17	0	-2.2716618e-17
5.900099999994428e-10	-1.0124411e-06	-1.0185117e-07	-0.0061078393	0.09586286	-5.6305675e-17	-6.302952e-17	8.689059e-17	-5.757711e-17	0	-2.2589649e-17
6.000099999994252e-10	-1.0485275e-06	-2.438779e-07	-0.0043046	0.09955306	-5.695777e-17	-6.4156367e-17	8.8515016e-17	-5.872974e-17	0	-2.2586683e-17
6.100099999994076e-10	-1.0737373e-06	-3.6524773e-07	-0.0026076017	0.1031878	-5.76485e-17	-6.508128e-17	8.9840225e-17	-5.9706347e-17	0	-2.2701088e-17
6.2000999999939e-10	-1.1094442e-06	-4.4403905e-07	-0.0014326639	0.10667889	-5.836857e-17	-6.5872356e-17	9.095602e-17	-6.054017e-17	0	-2.2912064e-17
6.300099999993724e-10	-1.1707825e-06	-4.593631e-07	-0.0009277714	0.10999971	-5.9107375e-17	-6.660855e-17	9.1970487e-17	-6.128323e-17	0	-2.318608e-17
6.400099999993547e-10	-1.2458219e-06	-3.943782e-07	-0.00093368586	0.11317717	-5.985373e-17	-6.7383026e-17	9.3016017e-17	-6.200633e-17	0	-2.348039e-17
6.500099999993371e-10	-1.2943867e-06	-2.6128873e-07	-0.0012229125	0.11619638	-6.059725e-17	-6.829227e-17	9.4233944e-17	-6.2787025e-17	0	-2.37519e-17
6.600099999993195e-10	-1.2617783e-06	-9.038448e-08	-0.0016651503	0.11903593	-6.132989e-17	-6.938318e-17	9.569834e-17	-6.3673664e-17	0	-2.3971372e-17
6.700099999993019e-10	-1.1302698e-06	8.229035e-08	-0.0021851952	0.12164762	-6.204741e-17	-7.062144e-17	9.7370514e-17	-6.466399e-17	0	-2.41325e-17
6.800099999992843e-10	-9.1817816e-07	2.5378478e-07	-0.0026614382	0.12399534	-6.2747685e-17	-7.191429e-17	9.9128795e-17	-6.5714073e-17	0	-2.4248115e-17
6.900099999992667e-10	-6.711385e-07	4.6440087e-07	-0.00286895	0.12595314	-6.342521e-17	-7.314342e-17	1.0081121e-16	-6.6749756e-17	0	-2.434325e-17
7.000099999992491e-10	-4.7106167e-07	7.805779e-07	-0.0024006104	0.12749909	-6.4072246e-17	-7.419728e-17	1.0226267e-16	-6.769232e-17	0	-2.4445306e-17
7.100099999992315e-10	-4.1010273e-07	1.2682494e-06	-0.00081844936	0.12883395	-6.4688733e-17	-7.5038047e-17	1.0342854e-16	-6.850737e-17	0	-2.4571855e-17
7.200099999992138e-10	-4.56644e-07	1.8570976e-06	0.0017106985	0.13009158	-6.528513e-17	-7.571282e-17	1.0436863e-16	-6.921861e-17	0	-2.4722321e-17
7.300099999991962e-10	-4.4568318e-07	2.2248746e-06	0.004007389	0.13122165	-6.586102e-17	-7.628195e-17	1.0515839e-16	-6.9854834e-17	0	-2.4882627e-17
7.400099999991786e-10	-2.4080046e-07	2.2395454e-06	0.004897458	0.13213088	-6.6398555e-17	-7.680598e-17	1.0587987e-16	-7.042795e-17	0	-2.5044506e-17
7.50009999999161e-10	1.2878945e-07	1.958443e-06	0.004308896	0.1327908	-6.689553e-17	-7.728609e-17	1.06542954e-16	-7.0940306e-17	0	-2.5212094e-17
7.600099999991434e-10	5.100147e-07	1.3965752e-06	0.0031128728	0.1331844	-6.737076e-17	-7.764192e-17	1.0705692e-16	-7.1381445e-17	0	-2.5404311e-17
7.700099999991258e-10	7.984946e-07	6.134678e-07	0.0021663643	0.13328612	-6.783674e-17	-7.785714e-17	1.07383515e-16	-7.1744677e-17	0	-2.5618427e-17
7.800099999991082e-10	9.4629684e-07	-2.2081805e-07	0.0016937616	0.13309258	-6.829126e-17	-7.797447e-17	1.0755915e-16	-7.203757e-17	0	-2.5838366e-17
7.900099999990906e-10	9.664478e-07	-7.6708767e-07	0.001640009	0.13279256	-6.8728194e-17	-7.8073905e-17	1.07705454e-16	-7.231239e-17	0	-2.6047338e-17
8.00009999999073e-10	9.156066e-07	-7.9592303e-07	0.0019305196	0.13255596	-6.913335e-17	-7.821807e-17	1.07912e-16	-7.2608816e-17	0	-2.6218449e-17
8.100099999990553e-10	8.43982e-07	-4.1495076e-07	0.0022960755	0.13232799	-6.949194e-17	-7.837642e-17	1.0813384e-16	-7.290031e-17	0	-2.6349053e-17
8.200099999990377e-10	8.1118384e-07	2.9931428e-08	0.0022949174	0.13209513	-6.9802966e-17	-7.8484994e-17	1.0828635e-16	-7.3148124e-17	0	-2.64562e-17
8.300099999990201e-10	8.194045e-07	3.0534272e-07	0.0018063051	0.13186865	-7.007622e-17	-7.852703e-17	1.0834887e-16	-7.3347203e-17	0	-2.6550825e-17
8.400099999990025e-10	8.4233784e-07	4.1979882e-07	0.0011714674	0.13164954	-7.032101e-17	-7.851977e-17	1.0834406e-16	-7.351012e-17	0	-2.6635183e-17
8.500099999989849e-10	8.653977e-07	4.6640332e-07	0.00078293355	0.13142776	-7.05421e-17	-7.848322e-17	1.082981e-16	-7.36491e-17	0	-2.670788e-17
8.600099999989673e-10	8.6809575e-07	4.824019e-07	0.0007132647	0.13119647	-7.074021e-17	-7.843383e-17	1.0823289e-16	-7.3772215e-17	0	-2.6767067e-17
8.700099999989497e-10	8.3158784e-07	4.492718e-07	0.0007731167	0.13094032	-7.091417e-17	-7.8379426e-17	1.0815886e-16	-7.388136e-17	0	-2.681224e-17
8.800099999989321e-10	7.549465e-07	3.6427812e-07	0.00076852745	0.13067478	-7.1063914e-17	-7.8323357e-17	1.0808067e-16	-7.397388e-17	0	-2.6847338e-17
8.900099999989144e-10	6.577326e-07	2.6196324e-07	0.0006477232	0.13041589	-7.1191445e-17	-7.826961e-17	1.0800464e-16	-7.404779e-17	0	-2.6878676e-17
9.000099999988968e-10	5.697089e-07	1.7659542e-07	0.00048041553	0.13018191	-7.130014e-17	-7.8223056e-17	1.0793798e-16	-7.4105364e-17	0	-2.69097e-17
9.100099999988792e-10	5.1170093e-07	1.1470904e-07	0.00034821406	0.12998922	-7.139405e-17	-7.818667e-17	1.0788463e-16	-7.415205e-17	0	-2.693995e-17
9.200099999988616e-10	4.7886067e-07	6.048994e-08	0.000270758	0.12983504	-7.147691e-17	-7.816319e-17	1.0784803e-16	-7.419438e-17	0	-2.6967382e-17
9.30009999998844e-10	4.5774007e-07	-1.5961671e-08	0.00022473781	0.12972789	-7.155156e-17	-7.815635e-17	1.0783333e-16	-7.423837e-17	0	-2.699016e-17
9.400099999989161e-10	4.3189786e-07	-1.1649017e-07	0.00019120635	0.12968199	-7.161983e-17	-7.816832e-17	1.078438e-16	-7.428783e-17	0	-2.700748e-17
9.50009999999002e-10	3.9332426e-07	-2.2638277e-07	0.00017036733	0.12968324	-7.1682936e-17	-7.8198406e-17	1.0787884e-16	-7.434366e-17	0	-2.7019703e-17
9.600099999990877e-10	3.4534966e-07	-3.182006e-07	0.00017162597	0.12971474	-7.174155e-17	-7.8243577e-17	1.079345e-16	-7.440446e-17	0	-2.7028009e-17
9.700099999991735e-10	2.9408682e-07	-3.7519678e-07	0.0002009011	0.12976347	-7.179609e-17	-7.8298925e-17	1.08004066e-16	-7.446746e-17	0	-2.703377e-17
9.800099999992593e-10	2.496534e-07	-3.9273405e-07	0.00025432624	0.12983046	-7.184667e-17	-7.835852e-17	1.0807929e-16	-7.452939e-17	0	-2.7038056e-17
9.90009999999345e-10	2.2174551e-07	-3.8286933e-07	0.00032014452	0.1299059	-7.189356e-17	-7.841702e-17	1.08152694e-16	-7.458767e-17	0	-2.7041572e-17
1.0000099999994308e-09	2.0606312e-07	-3.5445555e-07	0.00038545523	0.12998474	-7.1936986e-17	-7.847048e-17	1.0821883e-16	-7.464063e-17	0	-2.7044705e-17
1.0100099999995166e-09	2.0117292e-07	-3.2039276e-07	0.0004413975	0.13005821	-7.197734e-17	-7.8516434e-17	1.0827427e-16	-7.468754e-17	0	-2.7047635e-17
1.0200099999996024e-09	2.0163665e-07	-2.861613e-07	0.00048416707	0.13012487	-7.2015105e-17	-7.85538e-17	1.08317554e-16	-7.472846e-17	0	-2.7050381e-17
1.0300099999996882e-09	2.086347e-07	-2.5648282e-07	0.0005131646	0.13018054	-7.2050674e-17	-7.858266e-17	1.0834887e-16	-7.476399e-17	0	-2.7052884e-17
1.040009999999774e-09	2.2098668e-07	-2.3295925e-07	0.0005290883	0.13022088	-7.208445e-17	-7.8603936e-17	1.08369554e-16	-7.479501e-17	0	-2.7055043e-17
1.0500099999998598e-09	2.4037888e-07	-2.2039649e-07	0.000532816	0.13024835	-7.21167e-17	-7.861892e-17	1.0838143e-16	-7.482244e-17	0	-2.7056782e-17
1.0600099999999456e-09	2.636495e-07	-2.1837296e-07	0.00052540365	0.13026531	-7.214763e-17	-7.862891e-17	1.08386435e-16	-7.484711e-17	0	-2.7058049e-17
1.0700000000000313e-09	2.88227e-07	-2.2199845e-07	0.0005080488	0.13027433	-7.217741e-17	-7.863517e-17	1.0838632e-16	-7.486971e-17	0	-2.7058851e-17
1.080000000000117e-09	3.1356333e-07	-2.3161023e-07	0.00048207727	0.13027759	-7.220629e-17	-7.8638876e-17	1.0838268e-16	-7.489085e-17	0	-2.7059257e-17
1.0900000000002028e-09	3.333771e-07	-2.429926e-07	0.0004488053	0.13027667	-7.223439e-17	-7.864098e-17	1.0837691e-16	-7.491093e-17	0	-2.7059366e-17
1.1000000000002886e-09	3.464036e-07	-2.5403773e-07	0.00040927815	0.13027482	-7.226186e-17	-7.864232e-17	1.0837007e-16	-7.49303e-17	0	-2.705932e-17
1.1100000000003744e-09	3.523477e-07	-2.5665145e-07	0.00036438808	0.13027346	-7.2288875e-17	-7.864357e-17	1.08363115e-16	-7.4949174e-17	0	-2.7059252e-17
1.1200000000004602e-09	3.4682515e-07	-2.606142e-07	0.00031509498	0.13027307	-7.231555e-17	-7.864523e-17	1.083567e-16	-7.4967736e-17	0	-2.7059272e-17
1.130000000000546e-09	3.3270257e-07	-2.5783186e-07	0.00026266775	0.13027212	-7.234189e-17	-7.864763e-17	1.0835131e-16	-7.498609e-17	0	-2.7059468e-17
1.1400000000006318e-09	3.090947e-07	-2.4703968e-07	0.00020886488	0.13027067	-7.236794e-17	-7.865091e-17	1.0834714e-16	-7.5004304e-17	0	-2.7059867e-17
1.1500000000007175e-09	2.76676e-07	-2.2773179e-07	0.00015598591	0.13026874	-7.239368e-17	-7.865504e-17	1.0834423e-16	-7.50224e-17	0	-2.7060466e-17
1.1600000000008033e-09	2.4012593e-07	-1.9839057e-07	0.00010661423	0.13026524	-7.241905e-17	-7.8659946e-17	1.0834253e-16	-7.50404e-17	0	-2.7061225e-17
1.1700000000008891e-09	1.9497585e-07	-1.7115718e-07	6.330168e-05	0.1302623	-7.244406e-17	-7.866553e-17	1.0834184e-16	-7.505826e-17	0	-2.7062094e-17
1.1800000000009749e-09	1.4847674e-07	-1.3321593e-07	2.8155946e-05	0.13025914	-7.246861e-17	-7.867169e-17	1.08342065e-16	-7.507597e-17	0	-2.706303e-17
1.1900000000010607e-09	9.312468e-08	-9.358841e-08	2.596699e-06	0.13025612	-7.249272e-17	-7.867836e-17	1.08343064e-16	-7.509341e-17	0	-2.706402e-17
1.2000000000011465e-09	3.27981e-08	-4.9154995e-08	-1.2875235e-05	0.1302532	-7.25163e-17	-7.8685437e-17	1.0834468e-16	-7.511047e-17	0	-2.706507e-17
1.2100000000012322e-09	-2.8413778e-08	1.0454921e-08	-1.8616336e-05	0.13025205	-7.2539286e-17	-7.869274e-17	1.0834664e-16	-7.512696e-17	0	-2.7066228e-17
1.220000000001318e-09	-8.857173e-08	7.7062886e-08	-1.5873944e-05	0.13025028	-7.2561613e-17	-7.87e-17	1.083486e-16	-7.5142655e-17	0	-2.7067562e-17
1.2300000000014038e-09	-1.4847674e-07	1.4586301e-07	-6.671083e-06	0.13024975	-7.258315e-17	-7.870685e-17	1.08350244e-16	-7.515739e-17	0	-2.7069155e-17
1.2400000000014896e-09	-2.0319645e-07	2.168553e-07	6.2512e-06	0.13024922	-7.2603786e-17	-7.871303e-17	1.08351356e-16	-7.517104e-17	0	-2.7071074e-17
1.2500000000015754e-09	-2.5410097e-07	2.8228288e-07	1.9679535e-05	0.13024914	-7.2623374e-17	-7.871834e-17	1.0835184e-16	-7.518354e-17	0	-2.7073337e-17
1.2600000000016612e-09	-3.0234958e-07	3.3447316e-07	3.0641855e-05	0.13025168	-7.2641804e-17	-7.8722746e-17	1.08351766e-16	-7.5194926e-17	0	-2.7075903e-17
1.270000000001747e-09	-3.4929133e-07	3.77136e-07	3.7223228e-05	0.13025786	-7.265901e-17	-7.872633e-17	1.0835129e-16	-7.5205296e-17	0	-2.707867e-17
1.2800000000018327e-09	-3.903522e-07	3.9880467e-07	3.9108825e-05	0.13027164	-7.2675003e-17	-7.872922e-17	1.0835052e-16	-7.5214805e-17	0	-2.7081501e-17
1.2900000000019185e-09	-4.340268e-07	3.9678113e-07	3.737078e-05	0.1302924	-7.268979e-17	-7.873152e-17	1.0834956e-16	-7.5223587e-17	0	-2.708424e-17
1.3000000000020043e-09	-4.7378077e-07	3.8548308e-07	3.3791825e-05	0.13031448	-7.270345e-17	-7.873336e-17	1.0834853e-16	-7.523184e-17	0	-2.708677e-17
1.3100000000020901e-09	-5.099936e-07	3.631399e-07	2.995571e-05	0.13033517	-7.27161e-17	-7.873488e-17	1.083475e-16	-7.52397e-17	0	-2.7089e-17
1.3200000000021759e-09	-5.3067157e-07	3.394477e-07	2.6728512e-05	0.13035296	-7.272788e-17	-7.8736226e-17	1.083466e-16	-7.524737e-17	0	-2.7090878e-17
1.3300000000022617e-09	-5.390819e-07	3.0943195e-07	2.4157445e-05	0.13036695	-7.273892e-17	-7.873756e-17	1.08345956e-16	-7.525492e-17	0	-2.70924e-17
1.3400000000023475e-09	-5.3216814e-07	2.794162e-07	2.1820095e-05	0.13037775	-7.274938e-17	-7.873898e-17	1.0834568e-16	-7.5262484e-17	0	-2.709359e-17
1.3500000000024332e-09	-5.231044e-07	2.5176126e-07	1.9320189e-05	0.13038662	-7.275926e-17	-7.8740514e-17	1.083458e-16	-7.5270054e-17	0	-2.709449e-17
1.360000000002519e-09	-5.0683184e-07	2.2140826e-07	1.6492133e-05	0.130393	-7.276876e-17	-7.87422e-17	1.0834623e-16	-7.527763e-17	0	-2.7095155e-17
1.3700000000026048e-09	-4.799146e-07	1.9577683e-07	1.3221091e-05	0.13039708	-7.277789e-17	-7.874398e-17	1.08346936e-16	-7.52852e-17	0	-2.7095644e-17
1.3800000000026906e-09	-4.4553562e-07	1.779866e-07	9.3687895e-06	0.13039984	-7.278671e-17	-7.8745794e-17	1.08347816e-16	-7.529272e-17	0	-2.7096012e-17
1.3900000000027764e-09	-4.0833214e-07	1.585101e-07	4.6404675e-06	0.13040204	-7.279524e-17	-7.87476e-17	1.0834881e-16	-7.5300144e-17	0	-2.7096306e-17
1.4000000000028622e-09	-3.6221243e-07	1.3507083e-07	-1.3432888e-06	0.1304044	-7.28035e-17	-7.874939e-17	1.08349894e-16	-7.530744e-17	0	-2.7096567e-17
1.410000000002948e-09	-3.17779e-07	1.1129433e-07	-9.137096e-06	0.13040796	-7.281155e-17	-7.8751155e-17	1.08351005e-16	-7.5314576e-17	0	-2.7096822e-17
1.4200000000030337e-09	-2.689402e-07	8.650604e-08	-1.9096251e-05	0.13041154	-7.281936e-17	-7.8752915e-17	1.0835218e-16	-7.532156e-17	0	-2.7097082e-17
1.4300000000031195e-09	-2.2423276e-07	5.885109e-08	-3.1349755e-05	0.13041513	-7.2826947e-17	-7.8754675e-17	1.0835345e-16	-7.532835e-17	0	-2.7097363e-17
1.4400000000032053e-09	-1.8146456e-07	3.3725552e-08	-4.582004e-05	0.13041915	-7.283434e-17	-7.875648e-17	1.08354764e-16	-7.533495e-17	0	-2.7097664e-17
1.450000000003291e-09	-1.5068998e-07	1.2478455e-08	-6.230964e-05	0.13042364	-7.284152e-17	-7.875835e-17	1.08356174e-16	-7.5341364e-17	0	-2.7097979e-17
1.4600000000033769e-09	-1.1226393e-07	-7.335308e-09	-8.0541e-05	0.1304291	-7.284853e-17	-7.876031e-17	1.08357715e-16	-7.534764e-17	0	-2.7098301e-17
1.4700000000034627e-09	-7.562955e-08	-2.192161e-08	-0.000100086814	0.13043512	-7.285536e-17	-7.8762384e-17	1.0835938e-16	-7.5353745e-17	0	-2.7098612e-17
1.4800000000035485e-09	-5.0504013e-08	-3.7603993e-08	-0.000120530574	0.1304416	-7.286204e-17	-7.8764614e-17	1.0836124e-16	-7.535975e-17	0	-2.7098922e-17
1.4900000000036342e-09	-2.0635822e-08	-4.9239308e-08	-0.00014134683	0.13044906	-7.2868564e-17	-7.8766997e-17	1.083633e-16	-7.536567e-17	0	-2.7099206e-17
1.50000000000372e-09	4.0049093e-09	-5.969423e-08	-0.00016206477	0.13045645	-7.2874956e-17	-7.876954e-17	1.0836554e-16	-7.5371506e-17	0	-2.7099461e-17
1.5100000000038058e-09	2.5926518e-08	-6.129619e-08	-0.00018206757	0.13046329	-7.288122e-17	-7.8772224e-17	1.08368006e-16	-7.53773e-17	0	-2.7099696e-17
1.5200000000038916e-09	5.0609408e-08	-6.4331495e-08	-0.00020088625	0.13047053	-7.288738e-17	-7.877505e-17	1.08370646e-16	-7.538308e-17	0	-2.7099898e-17
1.5300000000039774e-09	7.183543e-08	-6.736679e-08	-0.00021825373	0.13047774	-7.289346e-17	-7.877799e-17	1.0837346e-16	-7.538886e-17	0	-2.7100075e-17
1.5400000000040632e-09	8.956242e-08	-6.998052e-08	-0.00023391486	0.13048568	-7.289943e-17	-7.878103e-17	1.0837646e-16	-7.539463e-17	0	-2.710023e-17
1.550000000004149e-09	1.0064969e-07	-7.537661e-08	-0.00024775264	0.13049337	-7.2905324e-17	-7.878415e-17	1.0837961e-16	-7.540041e-17	0	-2.7100363e-17
1.5600000000042347e-09	1.1618453e-07	-6.905307e-08	-0.0002597719	0.13050115	-7.291112e-17	-7.878732e-17	1.0838288e-16	-7.5406195e-17	0	-2.7100483e-17
1.5700000000043205e-09	1.2360415e-07	-6.475306e-08	-0.00026998352	0.13050902	-7.291689e-17	-7.8790515e-17	1.0838623e-16	-7.541201e-17	0	-2.7100591e-17
1.5800000000044063e-09	1.3304731e-07	-6.37413e-08	-0.00027856784	0.13051695	-7.292257e-17	-7.8793705e-17	1.08389665e-16	-7.541783e-17	0	-2.7100688e-17
1.590000000004492e-09	1.3382721e-07	-6.247659e-08	-0.0002856374	0.13052428	-7.2928207e-17	-7.879687e-17	1.08393106e-16	-7.5423665e-17	0	-2.7100778e-17
1.6000000000045779e-09	1.3886496e-07	-5.278049e-08	-0.0002912972	0.13053133	-7.293378e-17	-7.8799965e-17	1.0839653e-16	-7.542949e-17	0	-2.7100862e-17
1.6100000000046637e-09	1.4105713e-07	-4.8396167e-08	-0.00029576078	0.13053718	-7.29393e-17	-7.880297e-17	1.083999e-16	-7.543529e-17	0	-2.710094e-17
1.6200000000047495e-09	1.4141546e-07	-4.5529497e-08	-0.00029911142	0.13054234	-7.2944783e-17	-7.880584e-17	1.08403164e-16	-7.5441095e-17	0	-2.7101008e-17
1.6300000000048352e-09	1.3498652e-07	-3.625497e-08	-0.00030149007	0.13054676	-7.2950216e-17	-7.8808574e-17	1.08406294e-16	-7.544687e-17	0	-2.7101069e-17
1.640000000004921e-09	1.3372181e-07	-3.170202e-08	-0.00030295647	0.13055034	-7.29556e-17	-7.881113e-17	1.0840925e-16	-7.5452596e-17	0	-2.7101127e-17
1.6500000000050068e-09	1.2514288e-07	-2.9088289e-08	-0.00030366826	0.13055319	-7.296096e-17	-7.881351e-17	1.0841201e-16	-7.545829e-17	0	-2.7101172e-17
1.6600000000050926e-09	1.1966247e-07	-2.4535339e-08	-0.00030373182	0.13055526	-7.29663e-17	-7.881571e-17	1.0841455e-16	-7.546393e-17	0	-2.7101211e-17
1.6700000000051784e-09	1.1036687e-07	-2.4703967e-08	-0.0003032836	0.13055593	-7.29716e-17	-7.881772e-17	1.084169e-16	-7.546954e-17	0	-2.7101241e-17
1.6800000000052642e-09	1.01345286e-07	-1.998239e-08	-0.00030242343	0.13055578	-7.2976865e-17	-7.881954e-17	1.0841901e-16	-7.5475076e-17	0	-2.7101266e-17
1.69000000000535e-09	9.592812e-08	-1.8717682e-08	-0.0003012046	0.13055515	-7.298215e-17	-7.882118e-17	1.0842089e-16	-7.548059e-17	0	-2.7101277e-17
1.7000000000054357e-09	9.230262e-08	-1.433336e-08	-0.00029969402	0.13055344	-7.298741e-17	-7.8822656e-17	1.0842258e-16	-7.5486054e-17	0	-2.7101284e-17
1.7100000000055215e-09	8.098348e-08	-1.1213746e-08	-0.00029799124	0.13055098	-7.299266e-17	-7.8823966e-17	1.08424055e-16	-7.549147e-17	0	-2.7101284e-17
1.7200000000056073e-09	7.1982974e-08	-6.0705996e-09	-0.00029612653	0.13054825	-7.2997915e-17	-7.8825144e-17	1.08425366e-16	-7.549687e-17	0	-2.7101267e-17
1.730000000005693e-09	6.848395e-08	-1.1466688e-08	-0.00029415023	0.13054466	-7.300316e-17	-7.882618e-17	1.08426504e-16	-7.5502234e-17	0	-2.710125e-17
1.7400000000057789e-09	5.8935402e-08	-1.26470825e-08	-0.00029205065	0.13054088	-7.3008423e-17	-7.8827116e-17	1.084275e-16	-7.550759e-17	0	-2.710122e-17
1.7500000000058647e-09	5.2864802e-08	-1.3490221e-08	-0.00028988428	0.13053668	-7.3013724e-17	-7.8827957e-17	1.08428363e-16	-7.5512954e-17	0	-2.710118e-17
1.7600000000059504e-09	4.230449e-08	-7.588249e-09	-0.0002876036	0.1305321	-7.301904e-17	-7.882872e-17	1.08429124e-16	-7.551832e-17	0	-2.7101122e-17
1.7700000000060362e-09	3.9395662e-08	-1.281571e-08	-0.00028528328	0.13052696	-7.30244e-17	-7.882944e-17	1.08429826e-16	-7.552373e-17	0	-2.7101059e-17
1.780000000006122e-09	3.8362817e-08	-1.4670616e-08	-0.0002828611	0.1305216	-7.30298e-17	-7.883011e-17	1.0843046e-16	-7.552917e-17	0	-2.7100981e-17
1.7900000000062078e-09	2.950986e-08	-2.4451026e-08	-0.00028033523	0.13051617	-7.3035244e-17	-7.8830795e-17	1.084311e-16	-7.553468e-17	0	-2.7100889e-17
1.8000000000062936e-09	1.790616e-08	-2.824515e-08	-0.00027768052	0.13051125	-7.304079e-17	-7.883147e-17	1.0843175e-16	-7.5540284e-17	0	-2.7100784e-17
1.8100000000063794e-09	1.1487766e-08	-3.4484376e-08	-0.000274855	0.13050693	-7.304638e-17	-7.8832205e-17	1.08432466e-16	-7.554597e-17	0	-2.7100664e-17
1.8200000000064652e-09	8.452466e-09	-3.541183e-08	-0.00027181345	0.13050294	-7.3052065e-17	-7.8833006e-17	1.08433254e-16	-7.555178e-17	0	-2.7100533e-17
1.830000000006551e-09	4.848048e-10	-4.3084395e-08	-0.0002685903	0.13049936	-7.305785e-17	-7.883391e-17	1.0843418e-16	-7.5557734e-17	0	-2.7100387e-17
1.8400000000066367e-09	-7.124523e-09	-5.0672643e-08	-0.00026516084	0.13049634	-7.306373e-17	-7.883493e-17	1.0843528e-16	-7.556384e-17	0	-2.7100225e-17
1.8500000000067225e-09	-1.1245364e-08	-5.126284e-08	-0.0002616053	0.13049427	-7.306975e-17	-7.883612e-17	1.0843657e-16	-7.5570136e-17	0	-2.7100053e-17
1.8600000000068083e-09	-2.2227248e-08	-5.0925586e-08	-0.00025786101	0.13049378	-7.307584e-17	-7.883748e-17	1.08438144e-16	-7.557662e-17	0	-2.7099875e-17
1.870000000006742e-09	-2.8835348e-08	-5.0251074e-08	-0.00025391192	0.1304952	-7.308208e-17	-7.883909e-17	1.0844001e-16	-7.558332e-17	0	-2.7099688e-17
1.880000000006621e-09	-3.9047865e-08	-5.2274608e-08	-0.00024992783	0.13049775	-7.308846e-17	-7.884094e-17	1.0844222e-16	-7.5590246e-17	0	-2.7099502e-17
1.8900000000065e-09	-5.3655246e-08	-5.3286374e-08	-0.00024594198	0.13050225	-7.309495e-17	-7.884308e-17	1.0844484e-16	-7.5597406e-17	0	-2.7099314e-17
1.900000000006379e-09	-7.167734e-08	-5.969423e-08	-0.00024195891	0.13050959	-7.3101564e-17	-7.884554e-17	1.0844792e-16	-7.5604804e-17	0	-2.7099137e-17
1.910000000006258e-09	-8.4524665e-08	-6.4921686e-08	-0.00023813343	0.13051967	-7.3108314e-17	-7.884836e-17	1.08451465e-16	-7.561245e-17	0	-2.709897e-17
1.920000000006137e-09	-9.742469e-08	-6.627071e-08	-0.00023451299	0.13053377	-7.3115136e-17	-7.885154e-17	1.0845553e-16	-7.562031e-17	0	-2.7098829e-17
1.930000000006016e-09	-1.1616345e-07	-6.9643264e-08	-0.00023115562	0.13055204	-7.312207e-17	-7.885511e-17	1.0846015e-16	-7.562839e-17	0	-2.7098718e-17
1.940000000005895e-09	-1.2890538e-07	-7.2004056e-08	-0.00022813532	0.13057482	-7.312905e-17	-7.885909e-17	1.08465335e-16	-7.563666e-17	0	-2.7098649e-17
1.950000000005774e-09	-1.485716e-07	-8.3133486e-08	-0.00022561493	0.13060147	-7.313608e-17	-7.8863466e-17	1.08471105e-16	-7.564509e-17	0	-2.7098629e-17
1.960000000005653e-09	-1.653606e-07	-8.718055e-08	-0.00022367723	0.13063258	-7.314309e-17	-7.886826e-17	1.08477445e-16	-7.56536e-17	0	-2.7098665e-17
1.9700000000055318e-09	-1.8614398e-07	-9.5274686e-08	-0.00022237492	0.13066903	-7.315005e-17	-7.8873425e-17	1.0848435e-16	-7.56622e-17	0	-2.709877e-17
1.9800000000054108e-09	-2.1145921e-07	-1.0168254e-07	-0.00022179366	0.13071093	-7.3156906e-17	-7.8878964e-17	1.0849178e-16	-7.567077e-17	0	-2.7098948e-17
1.9900000000052898e-09	-2.345823e-07	-1.0884922e-07	-0.00022194322	0.13075821	-7.3163635e-17	-7.8884814e-17	1.0849966e-16	-7.567928e-17	0	-2.7099201e-17
2.0000000000051688e-09	-2.5704142e-07	-1.09945304e-07	-0.00022278898	0.13081014	-7.317018e-17	-7.8890935e-17	1.08507925e-16	-7.5687635e-17	0	-2.7099535e-17
2.0100000000050478e-09	-2.7564315e-07	-1.1534139e-07	-0.00022440376	0.1308684	-7.317647e-17	-7.889726e-17	1.08516514e-16	-7.5695794e-17	0	-2.7099942e-17
2.0200000000049267e-09	-2.843064e-07	-1.1626884e-07	-0.00022667432	0.13093303	-7.31825e-17	-7.890372e-17	1.0852532e-16	-7.5703676e-17	0	-2.7100422e-17
2.0300000000048057e-09	-3.0206502e-07	-1.18208064e-07	-0.000229691	0.13100314	-7.318821e-17	-7.891026e-17	1.0853424e-16	-7.571123e-17	0	-2.7100961e-17
2.0400000000046847e-09	-3.116768e-07	-1.1997865e-07	-0.00023325461	0.13107735	-7.319358e-17	-7.891679e-17	1.0854318e-16	-7.5718426e-17	0	-2.7101544e-17
2.0500000000045637e-09	-3.103067e-07	-1.1997865e-07	-0.00023736399	0.13115431	-7.319854e-17	-7.892324e-17	1.08552043e-16	-7.57252e-17	0	-2.7102167e-17
2.0600000000044427e-09	-3.1224593e-07	-1.1921983e-07	-0.00024184409	0.13123296	-7.320318e-17	-7.8929534e-17	1.0856074e-16	-7.573157e-17	0	-2.7102803e-17
2.0700000000043217e-09	-3.0738732e-07	-1.18208064e-07	-0.00024655563	0.13131118	-7.3207436e-17	-7.893565e-17	1.08569156e-16	-7.573752e-17	0	-2.7103433e-17
2.0800000000042007e-09	-3.0142212e-07	-1.208218e-07	-0.00025145122	0.13138725	-7.321133e-17	-7.8941485e-17	1.0857724e-16	-7.574303e-17	0	-2.7104052e-17
2.0900000000040797e-09	-2.9039808e-07	-1.2427866e-07	-0.00025641205	0.13145992	-7.321489e-17	-7.894706e-17	1.08584945e-16	-7.574816e-17	0	-2.7104637e-17
2.1000000000039587e-09	-2.7906842e-07	-1.2217082e-07	-0.00026137254	0.13152848	-7.3218124e-17	-7.89523e-17	1.0859222e-16	-7.575288e-17	0	-2.7105178e-17
2.1100000000038377e-09	-2.7173311e-07	-1.1947277e-07	-0.00026634507	0.13159317	-7.32211e-17	-7.8957215e-17	1.0859905e-16	-7.5757264e-17	0	-2.7105671e-17
2.1200000000037166e-09	-2.5678847e-07	-1.1917767e-07	-0.0002712193	0.13165388	-7.3223755e-17	-7.8961755e-17	1.086054e-16	-7.5761294e-17	0	-2.7106108e-17
2.1300000000035956e-09	-2.508496e-07	-1.2588063e-07	-0.00027593152	0.13171026	-7.3226237e-17	-7.896596e-17	1.0861124e-16	-7.5765046e-17	0	-2.710649e-17
2.1400000000034746e-09	-2.4305058e-07	-1.3077083e-07	-0.00028044617	0.13176203	-7.322852e-17	-7.896979e-17	1.086166e-16	-7.576852e-17	0	-2.7106823e-17
2.1500000000033536e-09	-2.3522519e-07	-1.3789536e-07	-0.00028481474	0.13180889	-7.3230624e-17	-7.897327e-17	1.0862149e-16	-7.577174e-17	0	-2.7107102e-17
2.1600000000032326e-09	-2.3867153e-07	-1.4426105e-07	-0.00028899414	0.13185124	-7.3232596e-17	-7.897642e-17	1.0862589e-16	-7.577472e-17	0	-2.7107344e-17
2.1700000000031116e-09	-2.4245512e-07	-1.5092185e-07	-0.000293005	0.13188913	-7.323444e-17	-7.897921e-17	1.08629825e-16	-7.577751e-17	0	-2.7107546e-17
2.1800000000029906e-09	-2.471714e-07	-1.5260812e-07	-0.0002968874	0.13192265	-7.3236196e-17	-7.898172e-17	1.0863334e-16	-7.5780114e-17	0	-2.7107715e-17
2.1900000000028696e-09	-2.5358455e-07	-1.6213559e-07	-0.0003006043	0.13195208	-7.3237844e-17	-7.89839e-17	1.0863645e-16	-7.578252e-17	0	-2.7107865e-17
2.2000000000027486e-09	-2.5704668e-07	-1.6744737e-07	-0.00030413966	0.13197774	-7.3239445e-17	-7.898583e-17	1.08639155e-16	-7.578477e-17	0	-2.710799e-17
2.2100000000026276e-09	-2.6133088e-07	-1.755415e-07	-0.0003075902	0.13200003	-7.324097e-17	-7.89875e-17	1.0864153e-16	-7.5786897e-17	0	-2.7108108e-17
2.2200000000025065e-09	-2.6910882e-07	-1.764268e-07	-0.00031091415	0.13201922	-7.324244e-17	-7.898893e-17	1.0864359e-16	-7.5788875e-17	0	-2.7108217e-17
2.2300000000023855e-09	-2.7537968e-07	-1.7638465e-07	-0.00031406668	0.1320357	-7.324385e-17	-7.8990163e-17	1.0864537e-16	-7.579075e-17	0	-2.7108312e-17
2.2400000000022645e-09	-2.7687625e-07	-1.7275914e-07	-0.00031708373	0.13204965	-7.324524e-17	-7.899123e-17	1.0864689e-16	-7.57925e-17	0	-2.7108403e-17
2.2500000000021435e-09	-2.7807772e-07	-1.7313856e-07	-0.0003200306	0.13206132	-7.324658e-17	-7.8992135e-17	1.0864823e-16	-7.5794176e-17	0	-2.7108489e-17
2.2600000000020225e-09	-2.7614905e-07	-1.6715227e-07	-0.00032288293	0.13207117	-7.324788e-17	-7.8992936e-17	1.086494e-16	-7.579578e-17	0	-2.7108571e-17
2.2700000000019015e-09	-2.7039462e-07	-1.6538168e-07	-0.0003255633	0.13207944	-7.324917e-17	-7.8993604e-17	1.086504e-16	-7.5797306e-17	0	-2.710865e-17
2.2800000000017805e-09	-2.6331224e-07	-1.5964834e-07	-0.00032814947	0.13208655	-7.3250403e-17	-7.8994226e-17	1.08651325e-16	-7.579879e-17	0	-2.710872e-17
2.2900000000016595e-09	-2.6511447e-07	-1.6028069e-07	-0.00033061314	0.13209277	-7.3251634e-17	-7.8994776e-17	1.08652165e-16	-7.580024e-17	0	-2.7108788e-17
2.3000000000015385e-09	-2.6340183e-07	-1.5842578e-07	-0.0003329906	0.13209833	-7.325281e-17	-7.89953e-17	1.08652986e-16	-7.580164e-17	0	-2.7108856e-17
2.3100000000014175e-09	-2.5971838e-07	-1.48814e-07	-0.00033525864	0.13210343	-7.325398e-17	-7.8995815e-17	1.08653773e-16	-7.5803017e-17	0	-2.7108916e-17
2.3200000000012965e-09	-2.5968149e-07	-1.4518851e-07	-0.0003373702	0.1321084	-7.325513e-17	-7.8996324e-17	1.0865456e-16	-7.580439e-17	0	-2.7108972e-17
2.3300000000011754e-09	-2.5939693e-07	-1.4168948e-07	-0.00033934793	0.13211337	-7.3256266e-17	-7.899685e-17	1.08655355e-16	-7.5805736e-17	0	-2.7109023e-17
2.3400000000010544e-09	-2.6372328e-07	-1.4291203e-07	-0.0003412307	0.13211834	-7.325735e-17	-7.899739e-17	1.08656195e-16	-7.5807086e-17	0	-2.710907e-17
2.3500000000009334e-09	-2.70363e-07	-1.4493557e-07	-0.00034294886	0.13212368	-7.325842e-17	-7.8997965e-17	1.0865709e-16	-7.580843e-17	0	-2.7109116e-17
2.3600000000008124e-09	-2.628011e-07	-1.4746497e-07	-0.00034454695	0.13212934	-7.3259476e-17	-7.8998574e-17	1.0865802e-16	-7.5809766e-17	0	-2.7109155e-17
2.3700000000006914e-09	-2.5809533e-07	-1.436287e-07	-0.00034607222	0.13213535	-7.326053e-17	-7.899924e-17	1.08659034e-16	-7.581113e-17	0	-2.710919e-17
2.3800000000005704e-09	-2.5533404e-07	-1.402983e-07	-0.00034737407	0.13214181	-7.326154e-17	-7.899995e-17	1.0866011e-16	-7.581248e-17	0	-2.7109225e-17
2.3900000000004494e-09	-2.5231984e-07	-1.4662184e-07	-0.00034856258	0.13214877	-7.326252e-17	-7.9000705e-17	1.0866127e-16	-7.581383e-17	0	-2.7109253e-17
2.4000000000003284e-09	-2.552708e-07	-1.3937084e-07	-0.0003495972	0.1321561	-7.326353e-17	-7.900151e-17	1.0866246e-16	-7.5815206e-17	0	-2.7109278e-17
2.4100000000002074e-09	-2.5468063e-07	-1.3937084e-07	-0.00035049618	0.13216388	-7.3264485e-17	-7.900235e-17	1.0866375e-16	-7.5816576e-17	0	-2.7109304e-17
2.4200000000000864e-09	-2.6329118e-07	-1.4417674e-07	-0.00035124947	0.13217199	-7.326542e-17	-7.900323e-17	1.0866509e-16	-7.5817946e-17	0	-2.7109328e-17
2.4300099999999652e-09	-2.6310673e-07	-1.4847674e-07	-0.0003519042	0.13218053	-7.3266365e-17	-7.9004166e-17	1.08666485e-16	-7.5819335e-17	0	-2.710935e-17
2.4400099999998442e-09	-2.682446e-07	-1.4350222e-07	-0.00035238964	0.13218942	-7.3267285e-17	-7.900514e-17	1.08667955e-16	-7.582073e-17	0	-2.7109372e-17
2.450009999999723e-09	-2.7071079e-07	-1.4400811e-07	-0.00035275493	0.13219866	-7.32682e-17	-7.9006145e-17	1.08669463e-16	-7.582212e-17	0	-2.7109392e-17
2.460009999999602e-09	-2.7308212e-07	-1.4198457e-07	-0.0003530716	0.1322082	-7.326907e-17	-7.900717e-17	1.0867101e-16	-7.5823504e-17	0	-2.7109409e-17
2.470009999999481e-09	-2.7878386e-07	-1.3646202e-07	-0.0003532223	0.13221802	-7.3269965e-17	-7.9008236e-17	1.08672607e-16	-7.58249e-17	0	-2.7109427e-17
2.48000999999936e-09	-2.7804083e-07	-1.4063555e-07	-0.00035326302	0.13222802	-7.327083e-17	-7.900933e-17	1.0867423e-16	-7.58263e-17	0	-2.7109445e-17
2.490009999999239e-09	-2.7760345e-07	-1.4295419e-07	-0.00035330153	0.13223818	-7.327167e-17	-7.901041e-17	1.0867588e-16	-7.582767e-17	0	-2.7109468e-17
2.500009999999118e-09	-2.7306103e-07	-1.460738e-07	-0.00035321477	0.13224849	-7.3272526e-17	-7.9011544e-17	1.0867756e-16	-7.582907e-17	0	-2.7109485e-17
2.510009999998997e-09	-2.7247611e-07	-1.457787e-07	-0.00035305222	0.13225885	-7.3273346e-17	-7.9012676e-17	1.08679264e-16	-7.583043e-17	0	-2.7109505e-17
2.520009999998876e-09	-2.6847647e-07	-1.457787e-07	-0.00035285638	0.13226934	-7.327418e-17	-7.901382e-17	1.08680984e-16	-7.583181e-17	0	-2.7109526e-17
2.530009999998755e-09	-2.6978336e-07	-1.442189e-07	-0.00035267224	0.13227987	-7.3274994e-17	-7.9014985e-17	1.08682725e-16	-7.583318e-17	0	-2.7109544e-17
2.540009999998634e-09	-2.689402e-07	-1.3443848e-07	-0.00035242288	0.13229042	-7.3275755e-17	-7.901615e-17	1.08684465e-16	-7.583452e-17	0	-2.7109564e-17
2.550009999998513e-09	-2.6692194e-07	-1.3064437e-07	-0.00035215137	0.13230091	-7.327655e-17	-7.9017315e-17	1.0868621e-16	-7.5835866e-17	0	-2.7109586e-17
2.560009999998392e-09	-2.6867144e-07	-1.3144535e-07	-0.0003518417	0.13231133	-7.3277317e-17	-7.9018486e-17	1.0868796e-16	-7.583719e-17	0	-2.7109605e-17
2.570009999998271e-09	-2.6567304e-07	-1.2187571e-07	-0.00035155145	0.13232167	-7.3278084e-17	-7.9019664e-17	1.0868971e-16	-7.5838506e-17	0	-2.7109624e-17
2.58000999999815e-09	-2.7208088e-07	-1.1926198e-07	-0.0003511943	0.132332	-7.3278825e-17	-7.9020835e-17	1.08691466e-16	-7.5839816e-17	0	-2.7109642e-17
2.590009999998029e-09	-2.6850282e-07	-1.2585954e-07	-0.00035088212	0.13234231	-7.327957e-17	-7.9022e-17	1.086932e-16	-7.584111e-17	0	-2.7109665e-17
2.600009999997908e-09	-2.686135e-07	-1.226767e-07	-0.00035057144	0.13235243	-7.3280314e-17	-7.9023165e-17	1.0869492e-16	-7.584239e-17	0	-2.7109683e-17
2.610009999997787e-09	-2.6282746e-07	-1.2655514e-07	-0.00035029402	0.13236246	-7.3281036e-17	-7.9024316e-17	1.0869666e-16	-7.584367e-17	0	-2.7109706e-17
2.620009999997666e-09	-2.6783357e-07	-1.3066544e-07	-0.0003500267	0.13237241	-7.3281763e-17	-7.902548e-17	1.0869837e-16	-7.5844925e-17	0	-2.7109725e-17
2.630009999997545e-09	-2.6452426e-07	-1.2849435e-07	-0.00034971218	0.13238218	-7.328245e-17	-7.902663e-17	1.08700076e-16	-7.584615e-17	0	-2.7109744e-17
2.640009999997424e-09	-2.6365214e-07	-1.2918994e-07	-0.00034948936	0.13239191	-7.328314e-17	-7.9027784e-17	1.0870178e-16	-7.5847387e-17	0	-2.7109761e-17
2.650009999997303e-09	-2.7320596e-07	-1.2634435e-07	-0.0003492507	0.13240162	-7.328384e-17	-7.902893e-17	1.0870347e-16	-7.5848604e-17	0	-2.710978e-17
2.660009999997182e-09	-2.8496248e-07	-1.3013847e-07	-0.00034907873	0.13241127	-7.328449e-17	-7.903006e-17	1.0870515e-16	-7.5849795e-17	0	-2.7109797e-17
2.670009999997061e-09	-2.8717045e-07	-1.2819926e-07	-0.00034892044	0.1324208	-7.328517e-17	-7.903118e-17	1.08706806e-16	-7.585098e-17	0	-2.7109819e-17
2.68000999999694e-09	-2.755246e-07	-1.3523946e-07	-0.00034881718	0.13243029	-7.328581e-17	-7.9032297e-17	1.0870847e-16	-7.585215e-17	0	-2.7109837e-17
2.690009999996819e-09	-2.6949877e-07	-1.3047573e-07	-0.00034869736	0.13243976	-7.328647e-17	-7.903341e-17	1.0871011e-16	-7.5853316e-17	0	-2.7109854e-17
2.700009999996698e-09	-2.6449527e-07	-1.2950612e-07	-0.0003485718	0.13244921	-7.3287124e-17	-7.9034513e-17	1.08711755e-16	-7.5854474e-17	0	-2.7109873e-17
2.710009999996577e-09	-2.7342728e-07	-1.2978015e-07	-0.0003484089	0.13245852	-7.3287746e-17	-7.903561e-17	1.0871337e-16	-7.585561e-17	0	-2.7109892e-17
2.720009999996456e-09	-2.8094965e-07	-1.2362523e-07	-0.00034834357	0.13246772	-7.328838e-17	-7.9036704e-17	1.08714965e-16	-7.585673e-17	0	-2.710991e-17
2.730009999996335e-09	-2.8178226e-07	-1.2710318e-07	-0.000348278	0.13247684	-7.328899e-17	-7.903779e-17	1.0871657e-16	-7.585785e-17	0	-2.7109926e-17
2.740009999996214e-09	-2.7916855e-07	-1.2819926e-07	-0.00034824695	0.13248585	-7.328959e-17	-7.9038855e-17	1.08718154e-16	-7.585895e-17	0	-2.7109945e-17
2.750009999996093e-09	-2.714459e-07	-1.3616692e-07	-0.00034824005	0.1324948	-7.329021e-17	-7.903993e-17	1.08719716e-16	-7.586003e-17	0	-2.7109964e-17
2.760009999995972e-09	-2.78523e-07	-1.3604044e-07	-0.0003482056	0.13250369	-7.3290796e-17	-7.9041e-17	1.0872129e-16	-7.586112e-17	0	-2.7109983e-17
2.770009999995851e-09	-2.624533e-07	-1.37263e-07	-0.0003481381	0.13251244	-7.329137e-17	-7.9042044e-17	1.0872284e-16	-7.5862177e-17	0	-2.711e-17
2.78000999999573e-09	-2.5982376e-07	-1.379375e-07	-0.00034809162	0.13252117	-7.329197e-17	-7.90431e-17	1.0872437e-16	-7.5863235e-17	0	-2.7110016e-17
2.790009999995609e-09	-2.619606e-07	-1.4017184e-07	-0.00034806097	0.13252987	-7.329253e-17	-7.9044135e-17	1.0872591e-16	-7.5864274e-17	0	-2.711003e-17
2.800009999995488e-09	-2.6839217e-07	-1.379375e-07	-0.00034803236	0.13253851	-7.329309e-17	-7.904517e-17	1.08727426e-16	-7.5865307e-17	0	-2.7110046e-17
2.810009999995367e-09	-2.6830523e-07	-1.432282e-07	-0.00034803513	0.13254699	-7.329365e-17	-7.9046187e-17	1.0872893e-16	-7.5866326e-17	0	-2.7110064e-17
2.820009999995246e-09	-2.7097164e-07	-1.3171936e-07	-0.0003480276	0.13255537	-7.32942e-17	-7.904721e-17	1.08730436e-16	-7.586734e-17	0	-2.711008e-17
2.830009999995125e-09	-2.618552e-07	-1.2008405e-07	-0.0003480573	0.1325637	-7.329475e-17	-7.904821e-17	1.08731906e-16	-7.586835e-17	0	-2.7110093e-17
2.840009999995004e-09	-2.525965e-07	-1.1662718e-07	-0.00034804232	0.13257197	-7.3295296e-17	-7.904922e-17	1.08733375e-16	-7.5869337e-17	0	-2.7110113e-17
2.850009999994883e-09	-2.5458576e-07	-1.1637424e-07	-0.00034801028	0.13258027	-7.329584e-17	-7.905021e-17	1.08734824e-16	-7.587032e-17	0	-2.7110125e-17
2.860009999994762e-09	-2.5671207e-07	-1.1612129e-07	-0.0003479869	0.1325886	-7.329634e-17	-7.9051196e-17	1.0873628e-16	-7.587129e-17	0	-2.7110141e-17
2.870009999994641e-09	-2.5983957e-07	-1.2349876e-07	-0.00034796688	0.13259682	-7.329686e-17	-7.9052175e-17	1.0873772e-16	-7.5872255e-17	0	-2.7110156e-17
2.8800099999945198e-09	-2.615074e-07	-1.304125e-07	-0.00034792407	0.13260502	-7.329738e-17	-7.905316e-17	1.0873916e-16	-7.587321e-17	0	-2.7110173e-17
2.8900099999943988e-09	-2.5851162e-07	-1.3333187e-07	-0.00034788865	0.13261312	-7.329789e-17	-7.905411e-17	1.0874057e-16	-7.587415e-17	0	-2.711019e-17
2.9000099999942778e-09	-2.5929944e-07	-1.326152e-07	-0.00034788356	0.13262114	-7.3298387e-17	-7.905508e-17	1.0874198e-16	-7.5875074e-17	0	-2.7110203e-17
2.9100099999941568e-09	-2.4937938e-07	-1.2473186e-07	-0.00034785044	0.13262907	-7.329886e-17	-7.905603e-17	1.0874338e-16	-7.5875994e-17	0	-2.7110218e-17
2.9200099999940357e-09	-2.5194834e-07	-1.2465807e-07	-0.00034781694	0.13263695	-7.329935e-17	-7.9056966e-17	1.0874476e-16	-7.587691e-17	0	-2.7110232e-17
2.9300099999939147e-09	-2.5208269e-07	-1.2357253e-07	-0.00034779237	0.13264483	-7.329981e-17	-7.9057906e-17	1.08746146e-16	-7.587781e-17	0	-2.7110244e-17
2.9400099999937937e-09	-2.5536568e-07	-1.251218e-07	-0.00034776662	0.13265266	-7.3300286e-17	-7.905883e-17	1.08747516e-16	-7.5878714e-17	0	-2.711026e-17
2.9500099999936727e-09	-2.5913872e-07	-1.295799e-07	-0.00034772904	0.13266043	-7.330077e-17	-7.9059766e-17	1.08748866e-16	-7.5879594e-17	0	-2.7110275e-17
2.9600099999935517e-09	-2.6144681e-07	-1.3159288e-07	-0.00034765582	0.1326682	-7.3301225e-17	-7.906068e-17	1.0875022e-16	-7.588048e-17	0	-2.7110287e-17
2.9700099999934307e-09	-2.6627905e-07	-1.3072868e-07	-0.00034762136	0.13267589	-7.330169e-17	-7.90616e-17	1.08751566e-16	-7.588136e-17	0	-2.7110302e-17
2.9800099999933097e-09	-2.6642923e-07	-1.3069706e-07	-0.0003475601	0.13268353	-7.330213e-17	-7.90625e-17	1.0875289e-16	-7.58822e-17	0	-2.7110314e-17
2.9900099999931887e-09	-2.6315942e-07	-1.357875e-07	-0.000347533	0.1326911	-7.330259e-17	-7.9063385e-17	1.08754206e-16	-7.588306e-17	0	-2.711033e-17
3.0000099999930677e-09	-2.5669624e-07	-1.274615e-07	-0.00034749368	0.1326986	-7.3303025e-17	-7.90643e-17	1.08755517e-16	-7.588391e-17	0	-2.7110343e-17
