# t (s)	mx ()	my ()	mz ()	spinAngle (rad)	E_total (J)	E_anis (J)	E_demag (J)	E_exch (J)	E_therm (J)	E_custom (J)
0	0	0	0	0.002372557	-1.6662894e-16	-3.21808e-16	1.9730624e-16	6.1440006e-18	0	-4.82712e-17
1.0000000000000124e-11	-1.5484228e-10	-2.3707909e-11	0.00019382364	0.0041590696	-1.721005e-16	-3.1893408e-16	1.9571328e-16	-7.1578637e-19	0	-4.816393e-17
2.0009999999999403e-11	-2.844949e-10	-7.1123725e-11	0.000170383	0.0038452677	-1.725931e-16	-3.187974e-16	1.9564611e-16	-1.2234476e-18	0	-4.821838e-17
3.000999999999824e-11	-2.4893304e-10	-6.3715005e-11	9.499671e-06	0.0034112842	-1.7279059e-16	-3.197047e-16	1.9619346e-16	-1.0517762e-18	0	-4.8227584e-17
4.000000000000001e-11	-4.148884e-11	5.926977e-11	-7.681756e-05	0.003028133	-1.7289353e-16	-3.203346e-16	1.9656867e-16	-8.885348e-19	0	-4.823908e-17
5.0000000000001785e-11	7.70507e-11	5.4824537e-11	-3.388254e-05	0.0027712611	-1.7295637e-16	-3.2067662e-16	1.9677585e-16	-8.076917e-19	0	-4.8247907e-17
6.00000000000024e-11	5.3342792e-11	7.408721e-12	8.461783e-05	0.0026047148	-1.7299964e-16	-3.2082966e-16	1.968737e-16	-7.894658e-19	0	-4.8254213e-17
7.000999999999771e-11	-2.3707909e-11	2.074442e-11	0.00015036168	0.0024061492	-1.731998e-16	-3.2092448e-16	1.9693799e-16	-9.587331e-19	0	-4.8254557e-17
8.000999999999302e-11	-1.6299187e-10	8.001419e-11	0.00023770085	0.0022454185	-1.7347488e-16	-3.2099423e-16	1.9698123e-16	-1.1930512e-18	0	-4.8268838e-17
9.000999999998834e-11	-1.07611677e-10	4.889756e-11	0.00023758861	0.0021301387	-1.7349203e-16	-3.2102858e-16	1.9700135e-16	-1.1952792e-18	0	-4.8269506e-17
1.0000999999998365e-10	-2.7412269e-11	7.556896e-11	0.00023121259	0.0020704865	-1.734958e-16	-3.2105582e-16	1.9701716e-16	-1.187301e-18	0	-4.826987e-17
1.1000999999997896e-10	1.0335166e-10	-6.297413e-11	0.00022942465	0.0020471092	-1.7349698e-16	-3.2106397e-16	1.9702194e-16	-1.1849288e-18	0	-4.8270015e-17
1.2000999999997891e-10	1.0219405e-10	-1.6299187e-10	0.00023161482	0.0020324148	-1.7349735e-16	-3.2105855e-16	1.9701886e-16	-1.1876459e-18	0	-4.8270032e-17
1.3000999999998715e-10	3.9451442e-11	-1.18539544e-11	0.00023399144	0.002019663	-1.7349751e-16	-3.2105175e-16	1.9701497e-16	-1.1906913e-18	0	-4.827004e-17
1.400099999999954e-10	-7.8023095e-11	7.260547e-11	0.00023455708	0.002011276	-1.7349756e-16	-3.2105e-16	1.9701396e-16	-1.1914933e-18	0	-4.8270042e-17
1.5000000000000362e-10	-1.0631515e-10	8.4459426e-11	0.0002338128	0.002009753	-1.7349764e-16	-3.2105214e-16	1.9701518e-16	-1.1906074e-18	0	-4.8270052e-17
1.6000000000001186e-10	1.10019514e-10	-1.5632402e-10	0.00023304553	0.0020093925	-1.7349763e-16	-3.2105444e-16	1.9701649e-16	-1.1896371e-18	0	-4.8270052e-17
1.700000000000201e-10	1.0261079e-10	-2.0448071e-10	0.00023288387	0.0020083133	-1.7349761e-16	-3.21055e-16	1.9701685e-16	-1.1894051e-18	0	-4.827006e-17
1.8000000000002833e-10	1.14881486e-10	-1.2150303e-10	0.00023313693	0.0020071077	-1.7349761e-16	-3.2105429e-16	1.9701644e-16	-1.1897053e-18	0	-4.8270052e-17
1.9000000000003657e-10	-1.4386811e-10	-6.0751515e-11	0.00023338695	0.0020073121	-1.7349761e-16	-3.2105352e-16	1.97016e-16	-1.1900244e-18	0	-4.8270052e-17
2.000000000000448e-10	-1.5595358e-10	3.9266222e-11	0.00023344098	0.002006985	-1.7349757e-16	-3.2105333e-16	1.970159e-16	-1.190104e-18	0	-4.8270052e-17
2.1000000000005304e-10	-2.7801228e-10	1.5632402e-10	0.00023336381	0.0020070323	-1.7349763e-16	-3.210536e-16	1.9701603e-16	-1.1900043e-18	0	-4.827006e-17
2.2000000000006128e-10	-4.9453216e-11	5.4083665e-11	0.00023327205	0.0020070672	-1.7349759e-16	-3.210538e-16	1.970162e-16	-1.1898999e-18	0	-4.827006e-17
2.3000000000006952e-10	2.239286e-10	8.4459426e-11	0.00023325348	0.0020070418	-1.734976e-16	-3.2105392e-16	1.9701622e-16	-1.1898724e-18	0	-4.8270052e-17
2.4000000000005925e-10	3.0338715e-10	-1.5558315e-11	0.00023328332	0.002007137	-1.7349759e-16	-3.210538e-16	1.970162e-16	-1.1899007e-18	0	-4.8270052e-17
2.5000000000004163e-10	2.0568462e-10	5.7047155e-11	0.00023330479	0.0020072497	-1.7349761e-16	-3.2105378e-16	1.9701613e-16	-1.1899318e-18	0	-4.8270052e-17
2.60000000000024e-10	-2.6819572e-10	-2.6671396e-11	0.00023330838	0.0020071664	-1.7349763e-16	-3.2105376e-16	1.9701613e-16	-1.1899392e-18	0	-4.8270052e-17
2.700000000000064e-10	-3.6284212e-10	9.4831636e-11	0.00023330703	0.0020071876	-1.734976e-16	-3.2105376e-16	1.9701616e-16	-1.1899386e-18	0	-4.8270052e-17
2.800099999999888e-10	1.2039172e-11	1.3335698e-10	0.00023330547	0.0020072733	-1.7349763e-16	-3.2105376e-16	1.9701613e-16	-1.1899368e-18	0	-4.8270052e-17
2.9000999999997117e-10	4.662864e-10	6.445588e-11	0.00023330473	0.0020072402	-1.7349761e-16	-3.2105376e-16	1.9701613e-16	-1.1899361e-18	0	-4.8270052e-17
3.0000999999995355e-10	5.1296134e-10	9.334989e-11	0.00023330466	0.00200725	-1.7349764e-16	-3.2105378e-16	1.9701613e-16	-1.1899361e-18	0	-4.8270052e-17
3.1000999999993594e-10	4.2285278e-10	4.0007095e-11	0.0002333045	0.0020072926	-1.7349765e-16	-3.2105376e-16	1.9701613e-16	-1.1899362e-18	0	-4.827006e-17
3.2000999999991833e-10	1.9151544e-10	9.334989e-11	0.00023330464	0.0020073184	-1.7349759e-16	-3.2105376e-16	1.9701616e-16	-1.1899361e-18	0	-4.827006e-17
3.300099999999007e-10	6.667849e-11	1.6447362e-10	0.0002333046	0.0020072507	-1.7349764e-16	-3.2105376e-16	1.9701614e-16	-1.189936e-18	0	-4.8270052e-17
3.400099999998831e-10	1.9540503e-10	1.4743355e-10	0.00023330454	0.0020072684	-1.7349759e-16	-3.2105376e-16	1.9701616e-16	-1.189936e-18	0	-4.8270052e-17
3.500099999998655e-10	3.1487066e-10	1.5261965e-10	0.00023330454	0.0020072712	-1.734976e-16	-3.2105376e-16	1.9701616e-16	-1.1899361e-18	0	-4.8270052e-17
3.600099999998479e-10	2.711592e-10	1.2150303e-10	0.00023330453	0.0020072893	-1.7349759e-16	-3.2105376e-16	1.9701613e-16	-1.1899361e-18	0	-4.8270052e-17
3.7000999999983027e-10	2.5310043e-10	1.5558314e-10	0.00023330447	0.0020072781	-1.734976e-16	-3.2105376e-16	1.9701613e-16	-1.1899361e-18	0	-4.8270052e-17
3.8000999999981266e-10	3.5172903e-10	1.7410495e-10	0.00023330447	0.0020072854	-1.7349761e-16	-3.2105378e-16	1.9701614e-16	-1.1899361e-18	0	-4.8270052e-17
3.9000999999979505e-10	3.696952e-10	1.222439e-10	0.00023330447	0.0020072865	-1.7349765e-16	-3.2105376e-16	1.9701613e-16	-1.1899361e-18	0	-4.8270052e-17
4.0000999999977743e-10	3.645091e-10	5.1120178e-11	0.0002333045	0.0020072865	-1.7349761e-16	-3.2105376e-16	1.9701613e-16	-1.1899361e-18	0	-4.8270052e-17
4.100099999997598e-10	2.7338182e-10	7.779157e-11	0.0002333045	0.0020072875	-1.7349759e-16	-3.2105376e-16	1.9701613e-16	-1.189936e-18	0	-4.827006e-17
4.200099999997422e-10	2.6245395e-10	8.297768e-11	0.00023330447	0.0020072877	-1.734976e-16	-3.2105376e-16	1.9701613e-16	-1.1899361e-18	0	-4.8270052e-17
4.300099999997246e-10	2.5078523e-10	1.0298123e-10	0.00023330447	0.002007286	-1.7349761e-16	-3.2105378e-16	1.9701616e-16	-1.1899361e-18	0	-4.827006e-17
4.40009999999707e-10	3.3107722e-10	7.038285e-11	0.00023330445	0.002007286	-1.7349761e-16	-3.2105376e-16	1.9701613e-16	-1.189936e-18	0	-4.8270052e-17
4.5000999999968937e-10	3.3755987e-10	7.482809e-11	0.00023330445	0.0020072872	-1.7349761e-16	-3.2105376e-16	1.9701613e-16	-1.1899361e-18	0	-4.8270052e-17
4.6000999999967176e-10	3.0042366e-10	4.7415818e-11	0.00023330447	0.0020072872	-1.7349763e-16	-3.2105376e-16	1.9701613e-16	-1.1899361e-18	0	-4.827006e-17
4.700099999996541e-10	2.844949e-10	4.9638432e-11	0.00023330445	0.0020072872	-1.7349759e-16	-3.2105376e-16	1.9701613e-16	-1.1899361e-18	0	-4.8270052e-17
4.800099999996365e-10	3.102402e-10	5.556541e-11	0.00023330447	0.0020072872	-1.734976e-16	-3.2105376e-16	1.9701614e-16	-1.1899361e-18	0	-4.8270052e-17
4.900099999996189e-10	3.2690983e-10	9.9276865e-11	0.00023330445	0.0020072872	-1.7349763e-16	-3.2105376e-16	1.9701613e-16	-1.1899361e-18	0	-4.8270052e-17
5.000099999996013e-10	3.2505765e-10	1.1483518e-10	0.00023330445	0.002007286	-1.7349761e-16	-3.2105376e-16	1.9701616e-16	-1.1899362e-18	0	-4.8270052e-17
5.100099999995837e-10	3.1524108e-10	1.1038995e-10	0.00023330447	0.002007286	-1.7349761e-16	-3.2105376e-16	1.9701614e-16	-1.1899361e-18	0	-4.8270052e-17
5.200099999995661e-10	3.0783237e-10	9.705425e-11	0.00023330445	0.002007286	-1.7349759e-16	-3.2105376e-16	1.9701613e-16	-1.1899361e-18	0	-4.8270052e-17
5.300099999995485e-10	3.1996414e-10	9.4831636e-11	0.00023330445	0.002007286	-1.7349761e-16	-3.2105376e-16	1.9701613e-16	-1.1899361e-18	0	-4.8270052e-17
5.400099999995309e-10	3.306142e-10	8.816378e-11	0.00023330445	0.002007286	-1.734976e-16	-3.2105376e-16	1.9701616e-16	-1.1899361e-18	0	-4.8270052e-17
5.500099999995133e-10	3.401529e-10	7.482809e-11	0.00023330447	0.002007286	-1.7349765e-16	-3.2105376e-16	1.9701613e-16	-1.1899361e-18	0	-4.8270052e-17
5.600099999994956e-10	3.297807e-10	7.4087216e-11	0.00023330447	0.002007286	-1.7349763e-16	-3.2105376e-16	1.9701613e-16	-1.1899361e-18	0	-4.827006e-17
5.70009999999478e-10	3.3728204e-10	7.334634e-11	0.00023330445	0.002007286	-1.7349759e-16	-3.2105376e-16	1.9701613e-16	-1.1899361e-18	0	-4.827006e-17
5.800099999994604e-10	3.3098463e-10	7.4087216e-11	0.00023330447	0.002007286	-1.7349761e-16	-3.2105376e-16	1.9701613e-16	-1.1899361e-18	0	-4.827006e-17
5.900099999994428e-10	3.3042896e-10	7.70507e-11	0.00023330447	0.002007286	-1.7349765e-16	-3.2105378e-16	1.9701613e-16	-1.1899361e-18	0	-4.827006e-17
6.000099999994252e-10	3.2413155e-10	7.927332e-11	0.00023330445	0.002007286	-1.7349761e-16	-3.2105376e-16	1.9701616e-16	-1.1899361e-18	0	-4.8270052e-17
6.100099999994076e-10	3.2672462e-10	7.4087216e-11	0.00023330445	0.0020072837	-1.734976e-16	-3.2105376e-16	1.9701613e-16	-1.1899361e-18	0	-4.827006e-17
6.2000999999939e-10	3.2996592e-10	7.4087216e-11	0.00023330447	0.0020072837	-1.7349763e-16	-3.2105376e-16	1.9701613e-16	-1.1899361e-18	0	-4.827006e-17
6.300099999993724e-10	3.2792852e-10	7.556896e-11	0.00023330447	0.0020072837	-1.7349761e-16	-3.2105378e-16	1.9701614e-16	-1.1899361e-18	0	-4.8270052e-17
6.400099999993547e-10	3.26632e-10	8.1495935e-11	0.00023330447	0.0020072837	-1.7349761e-16	-3.2105376e-16	1.9701613e-16	-1.189936e-18	0	-4.827006e-17
6.500099999993371e-10	3.2903982e-10	8.4459426e-11	0.00023330447	0.0020072837	-1.7349761e-16	-3.2105376e-16	1.9701613e-16	-1.1899361e-18	0	-4.827006e-17
6.600099999993195e-10	3.2468722e-10	8.001419e-11	0.00023330445	0.0020072837	-1.7349759e-16	-3.2105376e-16	1.9701616e-16	-1.189936e-18	0	-4.8270052e-17
6.700099999993019e-10	3.2200156e-10	7.482809e-11	0.00023330445	0.0020072837	-1.7349759e-16	-3.2105378e-16	1.9701614e-16	-1.1899361e-18	0	-4.827006e-17
6.800099999992843e-10	3.2913244e-10	7.70507e-11	0.00023330445	0.0020072837	-1.7349761e-16	-3.2105376e-16	1.9701616e-16	-1.1899361e-18	0	-4.827006e-17
6.900099999992667e-10	3.2922506e-10	8.075506e-11	0.00023330447	0.0020072837	-1.734976e-16	-3.2105376e-16	1.9701613e-16	-1.1899361e-18	0	-4.827006e-17
7.000099999992491e-10	3.2913244e-10	8.001419e-11	0.00023330445	0.0020072837	-1.7349761e-16	-3.2105376e-16	1.9701614e-16	-1.1899361e-18	0	-4.8270052e-17
7.100099999992315e-10	3.2385372e-10	7.70507e-11	0.00023330445	0.0020072837	-1.7349759e-16	-3.2105376e-16	1.9701613e-16	-1.1899361e-18	0	-4.8270052e-17
7.200099999992138e-10	3.257059e-10	8.4459426e-11	0.00023330447	0.0020072837	-1.7349761e-16	-3.2105376e-16	1.9701613e-16	-1.1899361e-18	0	-4.827006e-17
7.300099999991962e-10	3.288546e-10	8.001419e-11	0.00023330447	0.0020072837	-1.734976e-16	-3.2105376e-16	1.9701613e-16	-1.1899362e-18	0	-4.827006e-17
7.400099999991786e-10	3.2190894e-10	8.001419e-11	0.00023330445	0.0020072837	-1.7349763e-16	-3.2105376e-16	1.9701613e-16	-1.1899361e-18	0	-4.8270052e-17
7.50009999999161e-10	3.1885283e-10	7.6309827e-11	0.00023330445	0.0020072837	-1.734976e-16	-3.2105376e-16	1.9701616e-16	-1.189936e-18	0	-4.8270052e-17
7.600099999991434e-10	3.2505765e-10	8.1495935e-11	0.00023330447	0.0020072837	-1.734976e-16	-3.2105378e-16	1.9701613e-16	-1.1899361e-18	0	-4.8270052e-17
7.700099999991258e-10	3.2690983e-10	8.297768e-11	0.00023330445	0.0020072837	-1.734976e-16	-3.2105378e-16	1.9701616e-16	-1.1899361e-18	0	-4.8270052e-17
7.800099999991082e-10	3.2783593e-10	8.5941164e-11	0.00023330445	0.0020072837	-1.734976e-16	-3.2105376e-16	1.9701613e-16	-1.1899361e-18	0	-4.8270052e-17
7.900099999990906e-10	3.317255e-10	8.4459426e-11	0.00023330445	0.0020072837	-1.734976e-16	-3.2105376e-16	1.9701616e-16	-1.1899361e-18	0	-4.827006e-17
8.00009999999073e-10	3.2839156e-10	7.6309827e-11	0.00023330445	0.0020072837	-1.7349761e-16	-3.2105376e-16	1.9701616e-16	-1.1899361e-18	0	-4.827006e-17
8.100099999990553e-10	3.2802114e-10	8.223681e-11	0.00023330447	0.0020072837	-1.7349761e-16	-3.2105376e-16	1.9701613e-16	-1.189936e-18	0	-4.827006e-17
8.200099999990377e-10	3.244094e-10	8.4459426e-11	0.00023330445	0.0020072837	-1.734976e-16	-3.2105378e-16	1.9701613e-16	-1.1899361e-18	0	-4.827006e-17
8.300099999990201e-10	3.2876202e-10	8.5941164e-11	0.00023330445	0.0020072837	-1.7349761e-16	-3.2105376e-16	1.9701613e-16	-1.189936e-18	0	-4.8270052e-17
8.400099999990025e-10	3.2690983e-10	7.8532444e-11	0.00023330445	0.0020072837	-1.7349761e-16	-3.2105376e-16	1.9701613e-16	-1.1899361e-18	0	-4.8270052e-17
8.500099999989849e-10	3.2533548e-10	7.556896e-11	0.00023330445	0.0020072837	-1.7349761e-16	-3.2105376e-16	1.9701613e-16	-1.1899361e-18	0	-4.8270052e-17
8.600099999989673e-10	3.3024375e-10	7.6309827e-11	0.00023330445	0.0020072837	-1.7349765e-16	-3.2105376e-16	1.9701616e-16	-1.1899361e-18	0	-4.8270052e-17
8.700099999989497e-10	3.2589112e-10	7.18646e-11	0.00023330447	0.0020072837	-1.7349761e-16	-3.2105376e-16	1.9701616e-16	-1.189936e-18	0	-4.8270052e-17
8.800099999989321e-10	3.3441117e-10	7.70507e-11	0.00023330447	0.0020072837	-1.7349765e-16	-3.2105378e-16	1.9701616e-16	-1.1899361e-18	0	-4.827006e-17
8.900099999989144e-10	3.288546e-10	7.1123725e-11	0.00023330445	0.0020072837	-1.7349764e-16	-3.2105376e-16	1.9701616e-16	-1.1899361e-18	0	-4.827006e-17
9.000099999988968e-10	3.2376113e-10	7.4087216e-11	0.00023330445	0.0020072837	-1.7349765e-16	-3.2105376e-16	1.9701614e-16	-1.1899361e-18	0	-4.8270052e-17
9.100099999988792e-10	3.306142e-10	7.927332e-11	0.00023330445	0.0020072837	-1.7349764e-16	-3.2105376e-16	1.9701616e-16	-1.1899362e-18	0	-4.8270052e-17
9.200099999988616e-10	3.296881e-10	7.70507e-11	0.00023330445	0.0020072837	-1.7349761e-16	-3.2105378e-16	1.9701613e-16	-1.1899361e-18	0	-4.827006e-17
9.30009999998844e-10	3.2264982e-10	8.297768e-11	0.00023330447	0.0020072837	-1.734976e-16	-3.2105376e-16	1.9701616e-16	-1.1899361e-18	0	-4.827006e-17
9.400099999989161e-10	3.2839156e-10	7.6309827e-11	0.00023330447	0.0020072837	-1.7349759e-16	-3.2105376e-16	1.9701613e-16	-1.1899361e-18	0	-4.8270052e-17
9.50009999999002e-10	3.297807e-10	8.001419e-11	0.00023330445	0.0020072837	-1.7349759e-16	-3.2105376e-16	1.9701613e-16	-1.189936e-18	0	-4.827006e-17
9.600099999990877e-10	3.2598374e-10	8.001419e-11	0.00023330445	0.0020072837	-1.7349759e-16	-3.2105378e-16	1.9701613e-16	-1.1899361e-18	0	-4.8270052e-17
9.700099999991735e-10	3.2357592e-10	8.297768e-11	0.00023330445	0.0020072837	-1.734976e-16	-3.2105376e-16	1.9701613e-16	-1.189936e-18	0	-4.8270052e-17
9.800099999992593e-10	3.2070502e-10	7.70507e-11	0.00023330445	0.0020072837	-1.7349765e-16	-3.2105378e-16	1.9701616e-16	-1.189936e-18	0	-4.827006e-17
9.90009999999345e-10	3.3218855e-10	7.1123725e-11	0.00023330445	0.0020072837	-1.7349761e-16	-3.2105376e-16	1.9701614e-16	-1.1899361e-18	0	-4.8270052e-17
1.0000099999994308e-09	3.2376113e-10	7.038285e-11	0.00023330447	0.0020072837	-1.7349761e-16	-3.2105376e-16	1.9701616e-16	-1.1899361e-18	0	-4.827006e-17
1.0100099999995166e-09	3.2635417e-10	7.482809e-11	0.00023330447	0.0020072837	-1.734976e-16	-3.2105376e-16	1.9701616e-16	-1.1899361e-18	0	-4.8270052e-17
1.0200099999996024e-09	3.2403896e-10	7.482809e-11	0.00023330447	0.0020072837	-1.7349761e-16	-3.2105376e-16	1.9701616e-16	-1.189936e-18	0	-4.827006e-17
1.0300099999996882e-09	3.2246458e-10	7.6309827e-11	0.00023330445	0.0020072837	-1.7349759e-16	-3.2105376e-16	1.9701613e-16	-1.1899361e-18	0	-4.8270052e-17
1.040009999999774e-09	3.203346e-10	8.52003e-11	0.00023330445	0.0020072837	-1.7349759e-16	-3.2105376e-16	1.9701616e-16	-1.189936e-18	0	-4.8270052e-17
1.0500099999998598e-09	3.3209593e-10	7.4087216e-11	0.00023330445	0.0020072837	-1.7349761e-16	-3.2105378e-16	1.9701613e-16	-1.1899361e-18	0	-4.8270052e-17
1.0600099999999456e-09	3.3431855e-10	6.741936e-11	0.00023330445	0.0020072837	-1.7349759e-16	-3.2105376e-16	1.9701613e-16	-1.1899361e-18	0	-4.8270052e-17
1.0700000000000313e-09	3.306142e-10	7.334634e-11	0.00023330441	0.002007332	-1.734976e-16	-3.2105376e-16	1.9701614e-16	-1.189936e-18	0	-4.8270052e-17
1.080000000000117e-09	3.236685e-10	7.779157e-11	0.00023330438	0.002007332	-1.734976e-16	-3.2105376e-16	1.9701613e-16	-1.1899359e-18	0	-4.8270052e-17
1.0900000000002028e-09	3.2792852e-10	7.556896e-11	0.00023330441	0.002007332	-1.7349759e-16	-3.2105376e-16	1.9701613e-16	-1.189936e-18	0	-4.827006e-17
1.1000000000002886e-09	3.2941028e-10	8.075506e-11	0.00023330438	0.002007332	-1.7349759e-16	-3.2105376e-16	1.9701616e-16	-1.1899359e-18	0	-4.8270052e-17
1.1100000000003744e-09	3.2292763e-10	7.6309827e-11	0.00023330438	0.002007332	-1.734976e-16	-3.2105376e-16	1.9701613e-16	-1.1899361e-18	0	-4.827006e-17
1.1200000000004602e-09	3.2524286e-10	6.8160234e-11	0.00023330438	0.002007332	-1.734976e-16	-3.2105376e-16	1.9701613e-16	-1.1899359e-18	0	-4.8270052e-17
1.130000000000546e-09	3.2589112e-10	7.70507e-11	0.00023330438	0.002007332	-1.7349761e-16	-3.2105376e-16	1.9701616e-16	-1.189936e-18	0	-4.8270052e-17
1.1400000000006318e-09	3.2477981e-10	8.223681e-11	0.00023330441	0.002007332	-1.7349761e-16	-3.2105376e-16	1.9701616e-16	-1.1899359e-18	0	-4.8270052e-17
1.1500000000007175e-09	3.2431677e-10	8.4459426e-11	0.00023330438	0.002007332	-1.7349761e-16	-3.2105376e-16	1.9701616e-16	-1.1899361e-18	0	-4.8270052e-17
1.1600000000008033e-09	3.2913244e-10	7.70507e-11	0.00023330438	0.002007332	-1.7349759e-16	-3.2105376e-16	1.9701613e-16	-1.189936e-18	0	-4.827006e-17
1.1700000000008891e-09	3.2607636e-10	8.001419e-11	0.00023330438	0.002007332	-1.7349761e-16	-3.2105376e-16	1.9701614e-16	-1.189936e-18	0	-4.827006e-17
1.1800000000009749e-09	3.2413155e-10	7.70507e-11	0.00023330438	0.002007332	-1.7349763e-16	-3.2105376e-16	1.9701613e-16	-1.1899359e-18	0	-4.8270052e-17
1.1900000000010607e-09	3.2468722e-10	7.927332e-11	0.00023330438	0.002007332	-1.7349759e-16	-3.2105376e-16	1.9701616e-16	-1.1899359e-18	0	-4.827006e-17
1.2000000000011465e-09	3.2116806e-10	7.556896e-11	0.00023330438	0.002007332	-1.7349761e-16	-3.2105376e-16	1.9701616e-16	-1.1899359e-18	0	-4.8270052e-17
1.2100000000012322e-09	3.1987155e-10	7.038285e-11	0.00023330441	0.002007332	-1.734976e-16	-3.2105376e-16	1.9701613e-16	-1.189936e-18	0	-4.827006e-17
1.220000000001318e-09	3.2431677e-10	7.4087216e-11	0.00023330438	0.002007332	-1.7349761e-16	-3.2105376e-16	1.9701616e-16	-1.1899359e-18	0	-4.827006e-17
1.2300000000014038e-09	3.2413155e-10	7.6309827e-11	0.00023330438	0.002007332	-1.734976e-16	-3.2105376e-16	1.9701616e-16	-1.189936e-18	0	-4.827006e-17
1.2400000000014896e-09	3.2098285e-10	8.1495935e-11	0.00023330438	0.002007332	-1.7349761e-16	-3.2105376e-16	1.9701616e-16	-1.1899359e-18	0	-4.8270052e-17
1.2500000000015754e-09	3.2542807e-10	7.556896e-11	0.00023330438	0.002007332	-1.7349759e-16	-3.2105376e-16	1.9701613e-16	-1.189936e-18	0	-4.8270052e-17
1.2600000000016612e-09	3.2274242e-10	8.001419e-11	0.00023330438	0.002007332	-1.7349761e-16	-3.2105376e-16	1.9701616e-16	-1.189936e-18	0	-4.827006e-17
1.270000000001747e-09	3.22372e-10	7.70507e-11	0.00023330438	0.002007332	-1.7349759e-16	-3.2105376e-16	1.9701613e-16	-1.1899359e-18	0	-4.8270052e-17
1.2800000000018327e-09	3.2042718e-10	8.297768e-11	0.00023330438	0.002007332	-1.7349759e-16	-3.2105376e-16	1.9701614e-16	-1.189936e-18	0	-4.8270052e-17
1.2900000000019185e-09	3.2098285e-10	8.5941164e-11	0.00023330438	0.002007332	-1.7349761e-16	-3.2105376e-16	1.9701614e-16	-1.1899359e-18	0	-4.827006e-17
1.3000000000020043e-09	3.2320546e-10	7.6309827e-11	0.00023330441	0.002007332	-1.734976e-16	-3.2105376e-16	1.9701613e-16	-1.1899359e-18	0	-4.827006e-17
1.3100000000020901e-09	3.203346e-10	7.70507e-11	0.00023330438	0.002007332	-1.7349759e-16	-3.2105376e-16	1.9701613e-16	-1.1899359e-18	0	-4.8270052e-17
1.3200000000021759e-09	3.2302025e-10	7.334634e-11	0.00023330438	0.002007332	-1.7349761e-16	-3.2105376e-16	1.9701616e-16	-1.189936e-18	0	-4.8270052e-17
1.3300000000022617e-09	3.306142e-10	6.8160234e-11	0.00023330438	0.002007332	-1.7349761e-16	-3.2105376e-16	1.9701614e-16	-1.1899359e-18	0	-4.8270052e-17
1.3400000000023475e-09	3.2728026e-10	6.8160234e-11	0.00023330438	0.002007332	-1.7349761e-16	-3.2105376e-16	1.9701613e-16	-1.189936e-18	0	-4.827006e-17
1.3500000000024332e-09	3.2579853e-10	6.8160234e-11	0.00023330441	0.002007332	-1.7349761e-16	-3.2105376e-16	1.9701613e-16	-1.1899359e-18	0	-4.8270052e-17
1.360000000002519e-09	3.142224e-10	7.334634e-11	0.00023330438	0.002007332	-1.7349759e-16	-3.2105376e-16	1.9701616e-16	-1.189936e-18	0	-4.827006e-17
1.3700000000026048e-09	3.1987155e-10	7.482809e-11	0.00023330438	0.002007332	-1.7349759e-16	-3.2105376e-16	1.9701613e-16	-1.189936e-18	0	-4.8270052e-17
1.3800000000026906e-09	3.171859e-10	7.6309827e-11	0.00023330438	0.002007332	-1.734976e-16	-3.2105376e-16	1.9701613e-16	-1.189936e-18	0	-4.8270052e-17
1.3900000000027764e-09	3.306142e-10	7.6309827e-11	0.00023330438	0.002007332	-1.7349759e-16	-3.2105376e-16	1.9701616e-16	-1.1899359e-18	0	-4.8270052e-17
1.4000000000028622e-09	3.2792852e-10	6.890111e-11	0.00023330438	0.002007332	-1.7349761e-16	-3.2105376e-16	1.9701613e-16	-1.189936e-18	0	-4.8270052e-17
1.410000000002948e-09	3.1894545e-10	7.1123725e-11	0.00023330438	0.002007332	-1.734976e-16	-3.2105376e-16	1.9701613e-16	-1.1899359e-18	0	-4.8270052e-17
1.4200000000030337e-09	3.1950112e-10	7.779157e-11	0.00023330438	0.002007332	-1.7349759e-16	-3.2105376e-16	1.9701616e-16	-1.189936e-18	0	-4.8270052e-17
1.4300000000031195e-09	3.2385372e-10	6.667849e-11	0.00023330441	0.002007332	-1.7349759e-16	-3.2105376e-16	1.9701613e-16	-1.1899359e-18	0	-4.8270052e-17
1.4400000000032053e-09	3.2283504e-10	6.964198e-11	0.00023330438	0.002007332	-1.734976e-16	-3.2105376e-16	1.9701616e-16	-1.189936e-18	0	-4.827006e-17
1.450000000003291e-09	3.2339068e-10	7.18646e-11	0.00023330438	0.002007332	-1.7349759e-16	-3.2105376e-16	1.9701613e-16	-1.189936e-18	0	-4.8270052e-17
1.4600000000033769e-09	3.2089023e-10	7.1123725e-11	0.00023330438	0.002007332	-1.7349759e-16	-3.2105376e-16	1.9701614e-16	-1.189936e-18	0	-4.8270052e-17
1.4700000000034627e-09	3.22372e-10	7.260547e-11	0.00023330438	0.002007332	-1.7349759e-16	-3.2105376e-16	1.9701613e-16	-1.189936e-18	0	-4.8270052e-17
1.4800000000035485e-09	3.2487243e-10	7.4087216e-11	0.00023330438	0.002007332	-1.7349759e-16	-3.2105376e-16	1.9701616e-16	-1.189936e-18	0	-4.827006e-17
1.4900000000036342e-09	3.255207e-10	7.6309827e-11	0.00023330438	0.002007332	-1.7349763e-16	-3.2105376e-16	1.9701613e-16	-1.1899359e-18	0	-4.8270052e-17
1.50000000000372e-09	3.2089023e-10	6.890111e-11	0.00023330438	0.002007332	-1.7349761e-16	-3.2105376e-16	1.9701616e-16	-1.189936e-18	0	-4.8270052e-17
1.5100000000038058e-09	3.205198e-10	7.334634e-11	0.00023330441	0.002007332	-1.7349763e-16	-3.2105376e-16	1.9701614e-16	-1.1899359e-18	0	-4.8270052e-17
1.5200000000038916e-09	3.257059e-10	6.964198e-11	0.00023330441	0.002007332	-1.734976e-16	-3.2105376e-16	1.9701614e-16	-1.189936e-18	0	-4.827006e-17
1.5300000000039774e-09	3.205198e-10	7.4087216e-11	0.00023330438	0.002007332	-1.734976e-16	-3.2105376e-16	1.9701616e-16	-1.189936e-18	0	-4.827006e-17
1.5400000000040632e-09	3.2264982e-10	7.334634e-11	0.00023330438	0.002007332	-1.7349759e-16	-3.2105376e-16	1.9701614e-16	-1.1899359e-18	0	-4.8270052e-17
1.550000000004149e-09	3.214459e-10	7.334634e-11	0.00023330441	0.002007332	-1.7349763e-16	-3.2105376e-16	1.9701613e-16	-1.189936e-18	0	-4.827006e-17
1.5600000000042347e-09	3.255207e-10	6.519675e-11	0.00023330441	0.002007332	-1.734976e-16	-3.2105376e-16	1.9701616e-16	-1.1899359e-18	0	-4.8270052e-17
1.5700000000043205e-09	3.236685e-10	6.445588e-11	0.00023330441	0.002007332	-1.734976e-16	-3.2105376e-16	1.9701613e-16	-1.189936e-18	0	-4.827006e-17
1.5800000000044063e-09	3.2302025e-10	6.445588e-11	0.00023330438	0.002007332	-1.7349759e-16	-3.2105376e-16	1.9701614e-16	-1.1899359e-18	0	-4.8270052e-17
1.590000000004492e-09	3.2876202e-10	6.8160234e-11	0.00023330441	0.002007332	-1.7349761e-16	-3.2105376e-16	1.9701613e-16	-1.189936e-18	0	-4.827006e-17
1.6000000000045779e-09	3.264468e-10	6.3715005e-11	0.00023330438	0.002007332	-1.7349761e-16	-3.2105376e-16	1.9701616e-16	-1.1899359e-18	0	-4.8270052e-17
1.6100000000046637e-09	3.2005676e-10	7.1123725e-11	0.00023330438	0.002007332	-1.7349761e-16	-3.2105376e-16	1.9701616e-16	-1.189936e-18	0	-4.827006e-17
1.6200000000047495e-09	3.1931588e-10	7.4087216e-11	0.00023330438	0.002007332	-1.7349761e-16	-3.2105376e-16	1.9701613e-16	-1.1899359e-18	0	-4.8270052e-17
1.6300000000048352e-09	3.1542632e-10	7.1123725e-11	0.00023330438	0.002007332	-1.7349761e-16	-3.2105376e-16	1.9701616e-16	-1.189936e-18	0	-4.8270052e-17
1.640000000004921e-09	3.2311287e-10	7.260547e-11	0.00023330438	0.002007332	-1.7349761e-16	-3.2105376e-16	1.9701616e-16	-1.1899359e-18	0	-4.8270052e-17
1.6500000000050068e-09	3.2468722e-10	6.519675e-11	0.00023330438	0.002007332	-1.7349761e-16	-3.2105376e-16	1.9701616e-16	-1.189936e-18	0	-4.8270052e-17
1.6600000000050926e-09	3.2403896e-10	7.70507e-11	0.00023330438	0.002007332	-1.7349761e-16	-3.2105376e-16	1.9701613e-16	-1.1899359e-18	0	-4.8270052e-17
1.6700000000051784e-09	3.1987155e-10	7.1123725e-11	0.00023330438	0.002007332	-1.7349759e-16	-3.2105376e-16	1.9701616e-16	-1.189936e-18	0	-4.827006e-17
1.6800000000052642e-09	3.276507e-10	7.038285e-11	0.00023330441	0.002007332	-1.7349761e-16	-3.2105376e-16	1.9701613e-16	-1.1899359e-18	0	-4.8270052e-17
1.69000000000535e-09	3.286694e-10	6.667849e-11	0.00023330438	0.002007332	-1.734976e-16	-3.2105376e-16	1.9701613e-16	-1.189936e-18	0	-4.8270052e-17
1.7000000000054357e-09	3.2709505e-10	6.445588e-11	0.00023330438	0.002007332	-1.7349759e-16	-3.2105376e-16	1.9701613e-16	-1.1899359e-18	0	-4.827006e-17
1.7100000000055215e-09	3.2653938e-10	6.741936e-11	0.00023330438	0.002007332	-1.734976e-16	-3.2105376e-16	1.9701613e-16	-1.189936e-18	0	-4.8270052e-17
1.7200000000056073e-09	3.2274242e-10	7.260547e-11	0.00023330438	0.002007332	-1.7349759e-16	-3.2105376e-16	1.9701616e-16	-1.1899359e-18	0	-4.8270052e-17
1.730000000005693e-09	3.2450198e-10	7.4087216e-11	0.00023330438	0.002007332	-1.734976e-16	-3.2105376e-16	1.9701613e-16	-1.189936e-18	0	-4.8270052e-17
1.7400000000057789e-09	3.2598374e-10	6.964198e-11	0.00023330438	0.002007332	-1.734976e-16	-3.2105376e-16	1.9701613e-16	-1.1899359e-18	0	-4.8270052e-17
1.7500000000058647e-09	3.2996592e-10	6.890111e-11	0.00023330438	0.002007332	-1.7349759e-16	-3.2105376e-16	1.9701614e-16	-1.189936e-18	0	-4.827006e-17
1.7600000000059504e-09	3.2209416e-10	7.260547e-11	0.00023330441	0.002007332	-1.7349759e-16	-3.2105376e-16	1.9701616e-16	-1.189936e-18	0	-4.8270052e-17
1.7700000000060362e-09	3.225572e-10	6.5937616e-11	0.00023330438	0.002007332	-1.7349761e-16	-3.2105376e-16	1.9701613e-16	-1.1899359e-18	0	-4.8270052e-17
1.780000000006122e-09	3.2672462e-10	6.8160234e-11	0.00023330438	0.002007332	-1.7349761e-16	-3.2105376e-16	1.9701613e-16	-1.1899359e-18	0	-4.8270052e-17
1.7900000000062078e-09	3.194085e-10	7.260547e-11	0.00023330438	0.002007332	-1.734976e-16	-3.2105376e-16	1.9701613e-16	-1.189936e-18	0	-4.827006e-17
1.8000000000062936e-09	3.275581e-10	7.8532444e-11	0.00023330438	0.002007332	-1.7349761e-16	-3.2105376e-16	1.9701613e-16	-1.1899359e-18	0	-4.8270052e-17
1.8100000000063794e-09	3.2413155e-10	7.70507e-11	0.00023330438	0.002007332	-1.734976e-16	-3.2105376e-16	1.9701613e-16	-1.189936e-18	0	-4.8270052e-17
1.8200000000064652e-09	3.320033e-10	6.964198e-11	0.00023330438	0.002007332	-1.734976e-16	-3.2105376e-16	1.9701613e-16	-1.1899359e-18	0	-4.8270052e-17
1.830000000006551e-09	3.317255e-10	6.8160234e-11	0.00023330438	0.002007332	-1.7349761e-16	-3.2105376e-16	1.9701614e-16	-1.1899359e-18	0	-4.8270052e-17
1.8400000000066367e-09	3.2468722e-10	6.519675e-11	0.00023330438	0.002007332	-1.734976e-16	-3.2105376e-16	1.9701616e-16	-1.189936e-18	0	-4.827006e-17
1.8500000000067225e-09	3.2024197e-10	6.964198e-11	0.00023330438	0.002007332	-1.7349759e-16	-3.2105376e-16	1.9701613e-16	-1.1899359e-18	0	-4.8270052e-17
1.8600000000068083e-09	3.2672462e-10	6.519675e-11	0.00023330438	0.002007332	-1.7349761e-16	-3.2105376e-16	1.9701616e-16	-1.189936e-18	0	-4.8270052e-17
1.870000000006742e-09	3.2922506e-10	7.18646e-11	0.00023330438	0.002007332	-1.7349759e-16	-3.2105376e-16	1.9701613e-16	-1.1899361e-18	0	-4.8270052e-17
1.880000000006621e-09	3.2802114e-10	6.964198e-11	0.00023330441	0.002007332	-1.7349761e-16	-3.2105376e-16	1.9701613e-16	-1.189936e-18	0	-4.827006e-17
1.8900000000065e-09	3.2283504e-10	6.519675e-11	0.00023330441	0.002007332	-1.734976e-16	-3.2105376e-16	1.9701616e-16	-1.1899359e-18	0	-4.827006e-17
1.900000000006379e-09	3.2376113e-10	5.926977e-11	0.00023330438	0.002007332	-1.7349761e-16	-3.2105376e-16	1.9701616e-16	-1.189936e-18	0	-4.8270052e-17
1.910000000006258e-09	3.183898e-10	6.3715005e-11	0.00023330438	0.002007332	-1.7349761e-16	-3.2105376e-16	1.9701614e-16	-1.1899359e-18	0	-4.827006e-17
1.920000000006137e-09	3.2246458e-10	6.519675e-11	0.00023330441	0.002007332	-1.7349763e-16	-3.2105376e-16	1.9701613e-16	-1.189936e-18	0	-4.827006e-17
1.930000000006016e-09	3.2811376e-10	6.297413e-11	0.00023330438	0.002007332	-1.7349761e-16	-3.2105376e-16	1.9701613e-16	-1.1899361e-18	0	-4.8270052e-17
1.940000000005895e-09	3.2700243e-10	6.445588e-11	0.00023330438	0.002007332	-1.734976e-16	-3.2105376e-16	1.9701616e-16	-1.189936e-18	0	-4.8270052e-17
1.950000000005774e-09	3.2431677e-10	6.297413e-11	0.00023330438	0.002007332	-1.7349761e-16	-3.2105376e-16	1.9701613e-16	-1.189936e-18	0	-4.827006e-17
1.960000000005653e-09	3.2533548e-10	7.260547e-11	0.00023330438	0.002007332	-1.7349763e-16	-3.2105376e-16	1.9701616e-16	-1.189936e-18	0	-4.8270052e-17
1.9700000000055318e-09	3.2339068e-10	7.70507e-11	0.00023330438	0.002007332	-1.7349759e-16	-3.2105376e-16	1.9701614e-16	-1.1899359e-18	0	-4.8270052e-17
1.9800000000054108e-09	3.2311287e-10	7.4087216e-11	0.00023330438	0.002007332	-1.7349761e-16	-3.2105376e-16	1.9701613e-16	-1.189936e-18	0	-4.8270052e-17
1.9900000000052898e-09	3.2746547e-10	6.5937616e-11	0.00023330438	0.002007332	-1.7349759e-16	-3.2105376e-16	1.9701616e-16	-1.1899359e-18	0	-4.8270052e-17
2.0000000000051688e-09	3.2913244e-10	6.964198e-11	0.00023330438	0.002007332	-1.7349761e-16	-3.2105376e-16	1.9701613e-16	-1.189936e-18	0	-4.827006e-17
2.0100000000050478e-09	3.2496503e-10	7.482809e-11	0.00023330438	0.002007332	-1.7349761e-16	-3.2105376e-16	1.9701613e-16	-1.1899359e-18	0	-4.827006e-17
2.0200000000049267e-09	3.1820457e-10	7.18646e-11	0.00023330438	0.002007332	-1.7349759e-16	-3.2105376e-16	1.9701613e-16	-1.189936e-18	0	-4.8270052e-17
2.0300000000048057e-09	3.3116984e-10	7.260547e-11	0.00023330441	0.002007332	-1.7349759e-16	-3.2105376e-16	1.9701613e-16	-1.1899359e-18	0	-4.8270052e-17
2.0400000000046847e-09	3.268172e-10	6.741936e-11	0.00023330438	0.002007332	-1.734976e-16	-3.2105376e-16	1.9701616e-16	-1.189936e-18	0	-4.8270052e-17
2.0500000000045637e-09	3.2579853e-10	6.741936e-11	0.00023330438	0.002007332	-1.734976e-16	-3.2105376e-16	1.9701613e-16	-1.1899359e-18	0	-4.827006e-17
2.0600000000044427e-09	3.2783593e-10	7.038285e-11	0.00023330438	0.002007332	-1.7349759e-16	-3.2105376e-16	1.9701613e-16	-1.189936e-18	0	-4.8270052e-17
2.0700000000043217e-09	3.1996414e-10	7.1123725e-11	0.00023330441	0.002007332	-1.7349761e-16	-3.2105376e-16	1.9701614e-16	-1.189936e-18	0	-4.8270052e-17
2.0800000000042007e-09	3.234833e-10	7.556896e-11	0.00023330438	0.002007332	-1.7349759e-16	-3.2105376e-16	1.9701613e-16	-1.1899359e-18	0	-4.8270052e-17
2.0900000000040797e-09	3.2533548e-10	7.1123725e-11	0.00023330441	0.002007332	-1.734976e-16	-3.2105376e-16	1.9701613e-16	-1.189936e-18	0	-4.827006e-17
2.1000000000039587e-09	3.2542807e-10	6.519675e-11	0.00023330438	0.002007332	-1.7349761e-16	-3.2105376e-16	1.9701614e-16	-1.1899359e-18	0	-4.8270052e-17
2.1100000000038377e-09	3.183898e-10	6.223326e-11	0.00023330438	0.002007332	-1.7349761e-16	-3.2105376e-16	1.9701613e-16	-1.189936e-18	0	-4.827006e-17
2.1200000000037166e-09	3.2579853e-10	7.1123725e-11	0.00023330438	0.002007332	-1.734976e-16	-3.2105376e-16	1.9701613e-16	-1.1899359e-18	0	-4.827006e-17
2.1300000000035956e-09	3.2403896e-10	7.334634e-11	0.00023330438	0.002007332	-1.7349759e-16	-3.2105376e-16	1.9701616e-16	-1.189936e-18	0	-4.8270052e-17
2.1400000000034746e-09	3.2320546e-10	7.1123725e-11	0.00023330438	0.002007332	-1.7349759e-16	-3.2105376e-16	1.9701616e-16	-1.1899359e-18	0	-4.8270052e-17
2.1500000000033536e-09	3.244094e-10	7.1123725e-11	0.00023330438	0.002007332	-1.7349761e-16	-3.2105376e-16	1.9701616e-16	-1.189936e-18	0	-4.8270052e-17
2.1600000000032326e-09	3.2357592e-10	6.964198e-11	0.00023330438	0.002007332	-1.734976e-16	-3.2105376e-16	1.9701616e-16	-1.1899359e-18	0	-4.8270052e-17
2.1700000000031116e-09	3.1783415e-10	7.482809e-11	0.00023330438	0.002007332	-1.7349759e-16	-3.2105376e-16	1.9701613e-16	-1.189936e-18	0	-4.8270052e-17
2.1800000000029906e-09	3.275581e-10	7.334634e-11	0.00023330438	0.002007332	-1.7349761e-16	-3.2105376e-16	1.9701614e-16	-1.189936e-18	0	-4.8270052e-17
2.1900000000028696e-09	3.3033637e-10	7.8532444e-11	0.00023330438	0.002007332	-1.7349759e-16	-3.2105376e-16	1.9701613e-16	-1.189936e-18	0	-4.827006e-17
2.2000000000027486e-09	3.2903982e-10	7.18646e-11	0.00023330438	0.002007332	-1.7349759e-16	-3.2105376e-16	1.9701613e-16	-1.1899359e-18	0	-4.8270052e-17
2.2100000000026276e-09	3.2385372e-10	6.890111e-11	0.00023330438	0.002007332	-1.7349761e-16	-3.2105376e-16	1.9701613e-16	-1.189936e-18	0	-4.8270052e-17
2.2200000000025065e-09	3.194085e-10	7.6309827e-11	0.00023330441	0.002007332	-1.734976e-16	-3.2105376e-16	1.9701614e-16	-1.189936e-18	0	-4.827006e-17
2.2300000000023855e-09	3.2820635e-10	7.260547e-11	0.00023330438	0.002007332	-1.734976e-16	-3.2105376e-16	1.9701616e-16	-1.189936e-18	0	-4.8270052e-17
2.2400000000022645e-09	3.2450198e-10	7.70507e-11	0.00023330441	0.002007332	-1.7349763e-16	-3.2105376e-16	1.9701613e-16	-1.1899359e-18	0	-4.8270052e-17
2.2500000000021435e-09	3.2311287e-10	6.5937616e-11	0.00023330438	0.002007332	-1.7349759e-16	-3.2105376e-16	1.9701613e-16	-1.189936e-18	0	-4.8270052e-17
2.2600000000020225e-09	3.245946e-10	6.8160234e-11	0.00023330438	0.002007332	-1.7349763e-16	-3.2105376e-16	1.9701613e-16	-1.1899359e-18	0	-4.8270052e-17
2.2700000000019015e-09	3.2792852e-10	6.8160234e-11	0.00023330438	0.002007332	-1.7349761e-16	-3.2105376e-16	1.9701613e-16	-1.189936e-18	0	-4.827006e-17
2.2800000000017805e-09	3.2589112e-10	7.334634e-11	0.00023330438	0.002007332	-1.7349759e-16	-3.2105376e-16	1.9701613e-16	-1.1899359e-18	0	-4.8270052e-17
2.2900000000016595e-09	3.2515027e-10	7.4087216e-11	0.00023330438	0.002007332	-1.734976e-16	-3.2105376e-16	1.9701616e-16	-1.189936e-18	0	-4.8270052e-17
2.3000000000015385e-09	3.2728026e-10	7.482809e-11	0.00023330438	0.002007332	-1.7349761e-16	-3.2105376e-16	1.9701614e-16	-1.1899359e-18	0	-4.8270052e-17
2.3100000000014175e-09	3.2737288e-10	7.334634e-11	0.00023330438	0.002007332	-1.734976e-16	-3.2105376e-16	1.9701616e-16	-1.189936e-18	0	-4.827006e-17
2.3200000000012965e-09	3.276507e-10	6.519675e-11	0.00023330438	0.002007332	-1.7349759e-16	-3.2105376e-16	1.9701614e-16	-1.1899359e-18	0	-4.8270052e-17
2.3300000000011754e-09	3.268172e-10	7.18646e-11	0.00023330438	0.002007332	-1.7349761e-16	-3.2105376e-16	1.9701613e-16	-1.1899361e-18	0	-4.8270052e-17
2.3400000000010544e-09	3.2042718e-10	6.890111e-11	0.00023330438	0.002007332	-1.7349761e-16	-3.2105376e-16	1.9701613e-16	-1.1899359e-18	0	-4.8270052e-17
2.3500000000009334e-09	3.225572e-10	7.334634e-11	0.00023330441	0.002007332	-1.7349763e-16	-3.2105376e-16	1.9701613e-16	-1.189936e-18	0	-4.8270052e-17
2.3600000000008124e-09	3.2098285e-10	6.890111e-11	0.00023330438	0.002007332	-1.7349761e-16	-3.2105376e-16	1.9701616e-16	-1.189936e-18	0	-4.8270052e-17
2.3700000000006914e-09	3.2385372e-10	7.334634e-11	0.00023330438	0.002007332	-1.7349761e-16	-3.2105376e-16	1.9701613e-16	-1.189936e-18	0	-4.8270052e-17
2.3800000000005704e-09	3.2283504e-10	7.038285e-11	0.00023330438	0.002007332	-1.7349761e-16	-3.2105376e-16	1.9701613e-16	-1.189936e-18	0	-4.8270052e-17
2.3900000000004494e-09	3.2653938e-10	6.741936e-11	0.00023330438	0.002007332	-1.734976e-16	-3.2105376e-16	1.9701613e-16	-1.1899359e-18	0	-4.8270052e-17
2.4000000000003284e-09	3.327442e-10	6.964198e-11	0.00023330438	0.002007332	-1.7349761e-16	-3.2105376e-16	1.9701613e-16	-1.189936e-18	0	-4.8270052e-17
2.4100000000002074e-09	3.2903982e-10	7.482809e-11	0.00023330438	0.002007332	-1.7349761e-16	-3.2105376e-16	1.9701613e-16	-1.1899359e-18	0	-4.8270052e-17
2.4200000000000864e-09	3.22372e-10	6.519675e-11	0.00023330438	0.002007332	-1.7349763e-16	-3.2105376e-16	1.9701616e-16	-1.189936e-18	0	-4.8270052e-17
2.4300099999999652e-09	3.2227937e-10	7.1123725e-11	0.00023330445	0.0020072837	-1.7349765e-16	-3.2105376e-16	1.9701616e-16	-1.1899361e-18	0	-4.8270052e-17
2.4400099999998442e-09	3.2746547e-10	7.038285e-11	0.00023330445	0.0020072837	-1.734976e-16	-3.2105376e-16	1.9701616e-16	-1.1899361e-18	0	-4.827006e-17
2.450009999999723e-09	3.2153852e-10	6.297413e-11	0.00023330445	0.0020072837	-1.7349763e-16	-3.2105376e-16	1.9701616e-16	-1.1899361e-18	0	-4.8270052e-17
2.460009999999602e-09	3.2468722e-10	6.519675e-11	0.00023330445	0.0020072837	-1.7349761e-16	-3.2105376e-16	1.9701613e-16	-1.1899361e-18	0	-4.827006e-17
2.470009999999481e-09	3.2227937e-10	6.519675e-11	0.00023330445	0.0020072837	-1.7349764e-16	-3.2105376e-16	1.9701613e-16	-1.1899361e-18	0	-4.8270052e-17
2.48000999999936e-09	3.2635417e-10	6.8160234e-11	0.00023330445	0.0020072837	-1.7349763e-16	-3.2105376e-16	1.9701613e-16	-1.1899362e-18	0	-4.827006e-17
2.490009999999239e-09	3.318181e-10	7.260547e-11	0.00023330445	0.0020072837	-1.7349761e-16	-3.2105376e-16	1.9701613e-16	-1.189936e-18	0	-4.827006e-17
2.500009999999118e-09	3.2672462e-10	7.482809e-11	0.00023330447	0.0020072837	-1.7349761e-16	-3.2105376e-16	1.9701616e-16	-1.1899361e-18	0	-4.8270052e-17
2.510009999998997e-09	3.2746547e-10	7.1123725e-11	0.00023330445	0.0020072833	-1.7349765e-16	-3.2105376e-16	1.9701616e-16	-1.1899361e-18	0	-4.8270052e-17
2.520009999998876e-09	3.2274242e-10	7.260547e-11	0.00023330445	0.0020072837	-1.7349761e-16	-3.2105376e-16	1.9701613e-16	-1.1899361e-18	0	-4.8270052e-17
2.530009999998755e-09	3.264468e-10	6.519675e-11	0.00023330445	0.0020072837	-1.7349761e-16	-3.2105376e-16	1.9701613e-16	-1.189936e-18	0	-4.8270052e-17
2.540009999998634e-09	3.30892e-10	6.5937616e-11	0.00023330445	0.0020072837	-1.7349761e-16	-3.2105378e-16	1.9701616e-16	-1.1899361e-18	0	-4.8270052e-17
2.550009999998513e-09	3.2302025e-10	7.334634e-11	0.00023330445	0.0020072837	-1.7349761e-16	-3.2105376e-16	1.9701614e-16	-1.1899361e-18	0	-4.8270052e-17
2.560009999998392e-09	3.2394634e-10	6.297413e-11	0.00023330445	0.0020072837	-1.7349759e-16	-3.2105376e-16	1.9701614e-16	-1.1899361e-18	0	-4.827006e-17
2.570009999998271e-09	3.2829897e-10	7.18646e-11	0.00023330445	0.0020072837	-1.7349759e-16	-3.2105376e-16	1.9701613e-16	-1.1899361e-18	0	-4.8270052e-17
2.58000999999815e-09	3.2746547e-10	6.741936e-11	0.00023330445	0.0020072837	-1.7349759e-16	-3.2105378e-16	1.9701616e-16	-1.1899361e-18	0	-4.8270052e-17
2.590009999998029e-09	3.236685e-10	7.18646e-11	0.00023330445	0.0020072837	-1.734976e-16	-3.2105378e-16	1.9701613e-16	-1.189936e-18	0	-4.8270052e-17
2.600009999997908e-09	3.3005854e-10	7.1123725e-11	0.00023330445	0.0020072833	-1.7349761e-16	-3.2105378e-16	1.9701616e-16	-1.1899362e-18	0	-4.8270052e-17
2.610009999997787e-09	3.2385372e-10	6.890111e-11	0.00023330445	0.0020072837	-1.734976e-16	-3.2105376e-16	1.9701613e-16	-1.189936e-18	0	-4.8270052e-17
2.620009999997666e-09	3.2505765e-10	6.8160234e-11	0.00023330445	0.0020072837	-1.7349759e-16	-3.2105376e-16	1.9701613e-16	-1.1899362e-18	0	-4.8270052e-17
2.630009999997545e-09	3.2376113e-10	6.445588e-11	0.00023330445	0.0020072837	-1.7349759e-16	-3.2105376e-16	1.9701613e-16	-1.189936e-18	0	-4.8270052e-17
2.640009999997424e-09	3.2311287e-10	6.519675e-11	0.00023330445	0.0020072837	-1.7349764e-16	-3.2105376e-16	1.9701614e-16	-1.1899361e-18	0	-4.8270052e-17
2.650009999997303e-09	3.3154027e-10	6.223326e-11	0.00023330445	0.0020072837	-1.7349759e-16	-3.2105378e-16	1.9701613e-16	-1.1899361e-18	0	-4.8270052e-17
2.660009999997182e-09	3.2302025e-10	7.260547e-11	0.00023330445	0.0020072837	-1.7349765e-16	-3.2105376e-16	1.9701616e-16	-1.1899361e-18	0	-4.827006e-17
2.670009999997061e-09	3.255207e-10	7.334634e-11	0.00023330447	0.0020072833	-1.7349763e-16	-3.2105376e-16	1.9701613e-16	-1.1899361e-18	0	-4.827006e-17
2.68000999999694e-09	3.2005676e-10	7.18646e-11	0.00023330445	0.0020072837	-1.7349761e-16	-3.2105376e-16	1.9701616e-16	-1.189936e-18	0	-4.8270052e-17
2.690009999996819e-09	3.2339068e-10	7.260547e-11	0.00023330445	0.0020072837	-1.7349761e-16	-3.2105376e-16	1.9701613e-16	-1.1899361e-18	0	-4.8270052e-17
2.700009999996698e-09	3.2746547e-10	7.4087216e-11	0.00023330445	0.0020072837	-1.7349765e-16	-3.2105376e-16	1.9701616e-16	-1.1899361e-18	0	-4.8270052e-17
2.710009999996577e-09	3.2190894e-10	6.890111e-11	0.00023330445	0.0020072837	-1.7349761e-16	-3.2105378e-16	1.9701613e-16	-1.1899361e-18	0	-4.8270052e-17
2.720009999996456e-09	3.2413155e-10	6.964198e-11	0.00023330445	0.0020072837	-1.734976e-16	-3.2105376e-16	1.9701613e-16	-1.189936e-18	0	-4.8270052e-17
2.730009999996335e-09	3.3339245e-10	7.334634e-11	0.00023330445	0.0020072837	-1.7349761e-16	-3.2105378e-16	1.9701613e-16	-1.1899361e-18	0	-4.827006e-17
2.740009999996214e-09	3.3015116e-10	7.556896e-11	0.00023330445	0.0020072837	-1.734976e-16	-3.2105376e-16	1.9701614e-16	-1.189936e-18	0	-4.8270052e-17
2.750009999996093e-09	3.3005854e-10	8.1495935e-11	0.00023330445	0.0020072837	-1.7349763e-16	-3.2105376e-16	1.9701616e-16	-1.1899361e-18	0	-4.827006e-17
2.760009999995972e-09	3.3542985e-10	7.927332e-11	0.00023330445	0.0020072837	-1.7349759e-16	-3.2105376e-16	1.9701616e-16	-1.1899361e-18	0	-4.8270052e-17
2.770009999995851e-09	3.2616895e-10	8.223681e-11	0.00023330445	0.0020072833	-1.734976e-16	-3.2105376e-16	1.9701616e-16	-1.1899361e-18	0	-4.8270052e-17
2.78000999999573e-09	3.2913244e-10	7.4087216e-11	0.00023330445	0.0020072837	-1.7349765e-16	-3.2105376e-16	1.9701616e-16	-1.1899361e-18	0	-4.827006e-17
2.790009999995609e-09	3.3663378e-10	7.482809e-11	0.00023330445	0.0020072837	-1.7349761e-16	-3.2105376e-16	1.9701616e-16	-1.1899361e-18	0	-4.827006e-17
2.800009999995488e-09	3.3135505e-10	7.556896e-11	0.00023330447	0.0020072837	-1.734976e-16	-3.2105376e-16	1.9701613e-16	-1.1899361e-18	0	-4.827006e-17
2.810009999995367e-09	3.2329808e-10	7.18646e-11	0.00023330445	0.0020072837	-1.7349761e-16	-3.2105378e-16	1.9701613e-16	-1.1899362e-18	0	-4.8270052e-17
2.820009999995246e-09	3.1903807e-10	6.890111e-11	0.00023330445	0.0020072837	-1.7349763e-16	-3.2105376e-16	1.9701616e-16	-1.1899361e-18	0	-4.827006e-17
2.830009999995125e-09	3.2616895e-10	7.18646e-11	0.00023330445	0.0020072837	-1.7349761e-16	-3.2105376e-16	1.9701616e-16	-1.1899361e-18	0	-4.827006e-17
2.840009999995004e-09	3.2635417e-10	7.260547e-11	0.00023330445	0.0020072837	-1.7349761e-16	-3.2105378e-16	1.9701613e-16	-1.1899361e-18	0	-4.8270052e-17
2.850009999994883e-09	3.3033637e-10	6.667849e-11	0.00023330445	0.0020072837	-1.7349764e-16	-3.2105376e-16	1.9701616e-16	-1.1899361e-18	0	-4.827006e-17
2.860009999994762e-09	3.2996592e-10	6.741936e-11	0.00023330445	0.0020072837	-1.7349765e-16	-3.2105376e-16	1.9701613e-16	-1.1899361e-18	0	-4.8270052e-17
2.870009999994641e-09	3.2616895e-10	7.1123725e-11	0.00023330445	0.0020072833	-1.7349761e-16	-3.2105376e-16	1.9701616e-16	-1.1899361e-18	0	-4.8270052e-17
2.8800099999945198e-09	3.255207e-10	6.667849e-11	0.00023330445	0.0020072837	-1.7349765e-16	-3.2105376e-16	1.9701616e-16	-1.189936e-18	0	-4.8270052e-17
2.8900099999943988e-09	3.2616895e-10	6.890111e-11	0.00023330445	0.0020072837	-1.7349761e-16	-3.2105376e-16	1.9701613e-16	-1.1899361e-18	0	-4.8270052e-17
2.9000099999942778e-09	3.3367029e-10	6.741936e-11	0.00023330445	0.0020072837	-1.7349761e-16	-3.2105376e-16	1.9701616e-16	-1.1899361e-18	0	-4.827006e-17
2.9100099999941568e-09	3.3116984e-10	7.1123725e-11	0.00023330445	0.0020072837	-1.7349765e-16	-3.2105376e-16	1.9701613e-16	-1.1899361e-18	0	-4.827006e-17
2.9200099999940357e-09	3.2690983e-10	7.1123725e-11	0.00023330445	0.0020072837	-1.7349761e-16	-3.2105376e-16	1.9701614e-16	-1.1899361e-18	0	-4.8270052e-17
2.9300099999939147e-09	3.2181632e-10	7.334634e-11	0.00023330445	0.0020072837	-1.7349761e-16	-3.2105376e-16	1.9701613e-16	-1.1899361e-18	0	-4.8270052e-17
2.9400099999937937e-09	3.2126068e-10	7.556896e-11	0.00023330445	0.0020072837	-1.7349761e-16	-3.2105378e-16	1.9701614e-16	-1.1899361e-18	0	-4.827006e-17
2.9500099999936727e-09	3.2700243e-10	7.556896e-11	0.00023330445	0.0020072837	-1.7349761e-16	-3.2105376e-16	1.9701613e-16	-1.1899361e-18	0	-4.8270052e-17
2.9600099999935517e-09	3.2468722e-10	7.8532444e-11	0.00023330445	0.0020072837	-1.7349759e-16	-3.2105376e-16	1.9701613e-16	-1.1899361e-18	0	-4.827006e-17
2.9700099999934307e-09	3.2311287e-10	8.075506e-11	0.00023330445	0.0020072837	-1.7349764e-16	-3.2105378e-16	1.9701616e-16	-1.189936e-18	0	-4.8270052e-17
2.9800099999933097e-09	3.2922506e-10	7.18646e-11	0.00023330445	0.0020072837	-1.7349761e-16	-3.2105376e-16	1.9701613e-16	-1.1899361e-18	0	-4.8270052e-17
2.9900099999931887e-09	3.2116806e-10	7.556896e-11	0.00023330445	0.0020072837	-1.7349761e-16	-3.2105376e-16	1.9701616e-16	-1.189936e-18	0	-4.8270052e-17
3.0000099999930677e-09	3.2598374e-10	8.075506e-11	0.00023330445	0.0020072837	-1.7349761e-16	-3.2105376e-16	1.9701616e-16	-1.1899361e-18	0	-4.8270052e-17
