# t (s)	mx ()	my ()	mz ()	spinAngle (rad)	E_total (J)	E_anis (J)	E_demag (J)	E_exch (J)	E_therm (J)	E_custom (J)
0	0	0	0	0.002372557	-7.3777205e-17	-3.21808e-16	2.9092604e-16	5.376001e-18	0	-4.82712e-17
1.0000000000000124e-11	-3.0486888e-10	2.5634175e-10	0.0008199682	0.0072828517	-8.1567393e-17	-3.1647126e-16	2.8660313e-16	-3.691856e-18	0	-4.800741e-17
2.0009999999999403e-11	-9.957322e-10	1.0609289e-09	0.002165747	0.008666532	-8.2885383e-17	-3.1109323e-16	2.8202468e-16	-5.9074795e-18	0	-4.7909348e-17
3.000999999999824e-11	-2.027026e-09	2.5723081e-09	0.003701916	0.009906361	-8.3662774e-17	-3.0547986e-16	2.7716784e-16	-7.517354e-18	0	-4.7833413e-17
4.000000000000001e-11	-3.5561862e-09	4.7652895e-09	0.0053893616	0.011173869	-8.429624e-17	-2.9953136e-16	2.719338e-16	-8.907034e-18	0	-4.779159e-17
5.0000000000001785e-11	-5.7965837e-09	8.084396e-09	0.0071668886	0.012593294	-8.4898423e-17	-2.93509e-16	2.6652e-16	-1.0166528e-17	0	-4.7742893e-17
6.00000000000024e-11	-8.819342e-09	1.23636745e-08	0.008871736	0.014260168	-8.5564244e-17	-2.8800843e-16	2.6140673e-16	-1.1307617e-17	0	-4.7654878e-17
7.000999999999771e-11	-1.1794684e-08	1.6844469e-08	0.010217352	0.016147511	-8.639917e-17	-2.8382367e-16	2.572905e-16	-1.23473275e-17	0	-4.7518674e-17
8.000999999999302e-11	-1.3157889e-08	1.9807958e-08	0.0108575495	0.018047934	-8.7459355e-17	-2.814282e-16	2.547202e-16	-1.3376923e-17	0	-4.7374414e-17
9.000999999998834e-11	-1.29445175e-08	2.0857032e-08	0.0106160585	0.01973711	-8.869638e-17	-2.8032484e-16	2.5343088e-16	-1.4517427e-17	0	-4.7284996e-17
1.0000999999998365e-10	-1.12138405e-08	2.0453998e-08	0.009574808	0.021110117	-8.999499e-17	-2.7955102e-16	2.5260905e-16	-1.5781053e-17	0	-4.7271972e-17
1.1000999999997896e-10	-9.625411e-09	1.9890935e-08	0.007981047	0.022197476	-9.12525e-17	-2.7849223e-16	2.5164743e-16	-1.7092458e-17	0	-4.7315234e-17
1.2000999999997891e-10	-8.155521e-09	1.921526e-08	0.0061252974	0.023062145	-9.240783e-17	-2.7699836e-16	2.5035067e-16	-1.8372411e-17	0	-4.7387738e-17
1.3000999999998715e-10	-7.1242265e-09	1.891891e-08	0.0042637032	0.023768885	-9.343517e-17	-2.751543e-16	2.4875965e-16	-1.9569494e-17	0	-4.7471042e-17
1.400099999999954e-10	-6.5433827e-09	1.8563291e-08	0.0025849894	0.02435304	-9.433064e-17	-2.731027e-16	2.46986e-16	-2.0658813e-17	0	-4.7555153e-17
1.5000000000000362e-10	-7.0056867e-09	1.8071352e-08	0.0012069538	0.024855867	-9.5101425e-17	-2.7097182e-16	2.4513827e-16	-2.1632576e-17	0	-4.7635293e-17
1.6000000000001186e-10	-7.479845e-09	1.819582e-08	0.00017801617	0.02529877	-9.5762316e-17	-2.688485e-16	2.4329232e-16	-2.2496793e-17	0	-4.770935e-17
1.700000000000201e-10	-7.610239e-09	1.8178039e-08	-0.0005017372	0.025698557	-9.632752e-17	-2.667923e-16	2.4150122e-16	-2.3260312e-17	0	-4.7776113e-17
1.8000000000002833e-10	-8.440015e-09	1.8536621e-08	-0.0008724131	0.026069136	-9.681164e-17	-2.6483464e-16	2.397935e-16	-2.3935381e-17	0	-4.7835124e-17
1.9000000000003657e-10	-9.791366e-09	1.8862604e-08	-0.0009982705	0.026420027	-9.7228225e-17	-2.6298854e-16	2.381813e-16	-2.4534774e-17	0	-4.7886187e-17
2.000000000000448e-10	-1.0229963e-08	1.9059677e-08	-0.0009545095	0.026757434	-9.7588797e-17	-2.6125138e-16	2.3666294e-16	-2.5070893e-17	0	-4.7929452e-17
2.1000000000005304e-10	-1.1083447e-08	1.9959096e-08	-0.0008171921	0.027089417	-9.790341e-17	-2.5961136e-16	2.352284e-16	-2.5555077e-17	0	-4.796537e-17
2.2000000000006128e-10	-1.2256988e-08	2.1242286e-08	-0.00065504335	0.02742569	-9.8180496e-17	-2.5805412e-16	2.3386535e-16	-2.5997054e-17	0	-4.799468e-17
2.3000000000006952e-10	-1.28259785e-08	2.2406937e-08	-0.00052309805	0.02776556	-9.842706e-17	-2.5656165e-16	2.3255808e-16	-2.640532e-17	0	-4.8018165e-17
2.4000000000005925e-10	-1.3560924e-08	2.3458975e-08	-0.00045985216	0.028110746	-9.864911e-17	-2.5510965e-16	2.3128494e-16	-2.6787706e-17	0	-4.8036724e-17
2.5000000000004163e-10	-1.3987666e-08	2.4502123e-08	-0.00048717903	0.028469568	-9.885162e-17	-2.5367104e-16	2.3002196e-16	-2.7151365e-17	0	-4.805118e-17
2.60000000000024e-10	-1.5801321e-08	2.5906816e-08	-0.0006120791	0.028852044	-9.903895e-17	-2.5222262e-16	2.287481e-16	-2.7502301e-17	0	-4.8062165e-17
2.700000000000064e-10	-1.7081549e-08	2.7465612e-08	-0.0008285741	0.029263236	-9.921513e-17	-2.5074518e-16	2.2744555e-16	-2.7845464e-17	0	-4.8070046e-17
2.800099999999888e-10	-1.846846e-08	3.0352048e-08	-0.0011201871	0.029711317	-9.938407e-17	-2.4921718e-16	2.2609355e-16	-2.8185587e-17	0	-4.8074887e-17
2.9000999999997117e-10	-2.0483633e-08	3.4334978e-08	-0.0014615466	0.030209428	-9.9549466e-17	-2.476166e-16	2.246699e-16	-2.852633e-17	0	-4.8076415e-17
3.0000999999995355e-10	-2.2166894e-08	3.9086192e-08	-0.0018223965	0.030774264	-9.971674e-17	-2.4591632e-16	2.2314546e-16	-2.887202e-17	0	-4.8073858e-17
3.1000999999993594e-10	-2.515409e-08	4.5849614e-08	-0.002167392	0.031426135	-9.989283e-17	-2.4410216e-16	2.215003e-16	-2.9225237e-17	0	-4.80657e-17
3.2000999999991833e-10	-2.9445221e-08	5.377398e-08	-0.0024563253	0.03218795	-1.0008799e-16	-2.421893e-16	2.1973714e-16	-2.9586292e-17	0	-4.8049552e-17
3.300099999999007e-10	-3.470838e-08	6.198877e-08	-0.002645531	0.033078667	-1.003164e-16	-2.4023874e-16	2.1789839e-16	-2.9953706e-17	0	-4.802237e-17
3.400099999998831e-10	-4.0943558e-08	7.148083e-08	-0.0026934494	0.034102377	-1.00596346e-16	-2.3836473e-16	2.1607711e-16	-3.0326966e-17	0	-4.7981766e-17
3.500099999998655e-10	-4.5685137e-08	7.972673e-08	-0.0025691176	0.03523923	-1.00947157e-16	-2.3672112e-16	2.1441189e-16	-3.0709825e-17	0	-4.792811e-17
3.600099999998479e-10	-4.8553797e-08	8.3848946e-08	-0.0022594456	0.036438752	-1.01383716e-16	-2.354642e-16	2.1305882e-16	-3.111148e-17	0	-4.786685e-17
3.7000999999983027e-10	-4.679941e-08	8.198787e-08	-0.0017772296	0.03762621	-1.0190834e-16	-2.346953e-16	2.1214123e-16	-3.154519e-17	0	-4.7809054e-17
3.8000999999981266e-10	-4.125176e-08	7.2024626e-08	-0.0011671147	0.038723018	-1.02504135e-16	-2.3440186e-16	2.1168841e-16	-3.2022385e-17	0	-4.7768284e-17
3.9000999999979505e-10	-3.205309e-08	5.6952324e-08	-0.000493824	0.039675105	-1.0313702e-16	-2.3445885e-16	2.1161527e-16	-3.2540217e-17	0	-4.7753233e-17
4.0000999999977743e-10	-2.2901839e-08	4.102061e-08	0.00017922811	0.040469218	-1.03768054e-16	-2.3470735e-16	2.1177899e-16	-3.3076888e-17	0	-4.7762825e-17
4.100099999997598e-10	-1.4580364e-08	2.6659542e-08	0.00079893897	0.041119047	-1.0436648e-16	-2.350172e-16	2.1204453e-16	-3.360472e-17	0	-4.7789086e-17
4.200099999997422e-10	-7.799902e-09	1.6358456e-08	0.0013221991	0.0416476	-1.04915155e-16	-2.35287e-16	2.1230063e-16	-3.4105874e-17	0	-4.7822904e-17
4.300099999997246e-10	-2.7027016e-09	8.991224e-09	0.0017181102	0.04207592	-1.054097e-16	-2.3543037e-16	2.1245487e-16	-3.4576735e-17	0	-4.785745e-17
4.40009999999707e-10	1.3276429e-09	3.510252e-09	0.0019728194	0.042422	-1.0585406e-16	-2.353816e-16	2.124392e-16	-3.502282e-17	0	-4.7888837e-17
4.5000999999968937e-10	4.421525e-09	1.0472228e-09	0.0020920255	0.04270054	-1.0625593e-16	-2.35109e-16	2.1222043e-16	-3.5451786e-17	0	-4.7915565e-17
4.6000999999967176e-10	6.6382144e-09	-4.9934784e-10	0.0020981429	0.04292433	-1.0662321e-16	-2.346181e-16	2.1180154e-16	-3.586904e-17	0	-4.793761e-17
4.700099999996541e-10	8.042908e-09	-8.771926e-10	0.002023611	0.043104254	-1.06962566e-16	-2.3394235e-16	2.1121205e-16	-3.6276568e-17	0	-4.7955717e-17
4.800099999996365e-10	8.182192e-09	-1.1142717e-09	0.0019031859	0.043249823	-1.0727851e-16	-2.3312893e-16	2.1049489e-16	-3.667359e-17	0	-4.797088e-17
4.900099999996189e-10	8.848977e-09	-8.5348467e-10	0.00176756	0.043369975	-1.0757398e-16	-2.3222705e-16	2.09695e-16	-3.7057873e-17	0	-4.798406e-17
5.000099999996013e-10	8.917878e-09	-2.4893304e-10	0.0016396497	0.043471757	-1.0785063e-16	-2.3128033e-16	2.0885265e-16	-3.7426925e-17	0	-4.7996004e-17
5.100099999995837e-10	8.834715e-09	4.6230422e-10	0.0015335416	0.043561384	-1.0810965e-16	-2.3032388e-16	2.0800022e-16	-3.7778745e-17	0	-4.800723e-17
5.200099999995661e-10	8.52892e-09	5.452819e-10	0.0014551696	0.043644644	-1.0835201e-16	-2.2938348e-16	2.0716165e-16	-3.811217e-17	0	-4.801799e-17
5.300099999995485e-10	8.098473e-09	1.2328112e-09	0.0014041433	0.043728083	-1.08578526e-16	-2.284765e-16	2.0635321e-16	-3.842693e-17	0	-4.802832e-17
5.400099999995309e-10	8.388154e-09	2.5960158e-09	0.0013758416	0.043816514	-1.08790364e-16	-2.2761398e-16	2.0558517e-16	-3.8723455e-17	0	-4.803813e-17
5.500099999995133e-10	7.853986e-09	4.113322e-09	0.001363497	0.04391346	-1.0898857e-16	-2.2680255e-16	2.0486384e-16	-3.9002595e-17	0	-4.8047272e-17
5.600099999994956e-10	7.3568605e-09	5.903269e-09	0.0013600804	0.044020526	-1.0917431e-16	-2.260462e-16	2.0419284e-16	-3.92654e-17	0	-4.8055554e-17
5.70009999999478e-10	7.004205e-09	7.0649566e-09	0.0013597675	0.04413922	-1.0934868e-16	-2.253462e-16	2.0357336e-16	-3.9513015e-17	0	-4.8062813e-17
5.800099999994604e-10	4.423007e-09	8.096251e-09	0.0013589077	0.044270076	-1.0951277e-16	-2.2470032e-16	2.030033e-16	-3.974682e-17	0	-4.8068915e-17
5.900099999994428e-10	3.97552e-09	9.898051e-09	0.0013562625	0.04441405	-1.09667625e-16	-2.2410197e-16	2.0247654e-16	-3.9968454e-17	0	-4.807375e-17
6.000099999994252e-10	2.9131093e-09	1.3703171e-08	0.0013526464	0.044571307	-1.09814195e-16	-2.2354076e-16	2.0198366e-16	-4.0179835e-17	0	-4.8077226e-17
6.100099999994076e-10	1.9262676e-09	1.782242e-08	0.0013501627	0.044742785	-1.0995345e-16	-2.2300488e-16	2.0151369e-16	-4.0383004e-17	0	-4.807926e-17
6.2000999999939e-10	1.7692027e-09	2.1580123e-08	0.001351292	0.044928074	-1.1008628e-16	-2.2248326e-16	2.0105664e-16	-4.057988e-17	0	-4.807978e-17
6.300099999993724e-10	-3.88217e-10	2.7424123e-08	0.0013581832	0.04512869	-1.10213604e-16	-2.2196768e-16	2.0060486e-16	-4.077213e-17	0	-4.8078672e-17
6.400099999993547e-10	-1.4758172e-09	3.348742e-08	0.0013721695	0.045344986	-1.1033629e-16	-2.2145335e-16	2.0015399e-16	-4.096113e-17	0	-4.8075784e-17
6.500099999993371e-10	-1.8907056e-09	4.0276774e-08	0.0013936005	0.045577895	-1.10455214e-16	-2.2093855e-16	1.9970223e-16	-4.1147997e-17	0	-4.8070903e-17
6.600099999993195e-10	-5.0201496e-09	4.6716433e-08	0.0014218831	0.045828357	-1.10571244e-16	-2.2042316e-16	1.9924947e-16	-4.133379e-17	0	-4.8063763e-17
6.700099999993019e-10	-6.661922e-09	5.3443554e-08	0.0014557062	0.04609834	-1.1068532e-16	-2.1990761e-16	1.9879592e-16	-4.15196e-17	0	-4.8054052e-17
6.800099999992843e-10	-8.9971515e-09	6.0707066e-08	0.0014932354	0.0463898	-1.1079841e-16	-2.1939172e-16	1.983414e-16	-4.170674e-17	0	-4.8041336e-17
6.900099999992667e-10	-1.1403504e-08	6.880035e-08	0.0015324203	0.046703268	-1.1091157e-16	-2.1887419e-16	1.978846e-16	-4.1896817e-17	0	-4.8025183e-17
7.000099999992491e-10	-1.4853004e-08	7.6884746e-08	0.00157114	0.047040414	-1.1102603e-16	-2.1835256e-16	1.9742329e-16	-4.2091717e-17	0	-4.8005023e-17
7.100099999992315e-10	-1.6109524e-08	8.457204e-08	0.0016073694	0.047403112	-1.1114322e-16	-2.1782364e-16	1.9695434e-16	-4.229367e-17	0	-4.7980257e-17
7.200099999992138e-10	-1.7022279e-08	9.345361e-08	0.0016392163	0.04779232	-1.1126465e-16	-2.1728379e-16	1.9647455e-16	-4.2505136e-17	0	-4.7950274e-17
7.300099999991962e-10	-1.7911324e-08	1.02862685e-07	0.0016649741	0.04820897	-1.1139219e-16	-2.1672975e-16	1.9598079e-16	-4.2728703e-17	0	-4.7914526e-17
7.400099999991786e-10	-1.8065426e-08	1.11118965e-07	0.001683079	0.048654355	-1.1152781e-16	-2.1615892e-16	1.9547065e-16	-4.2966924e-17	0	-4.7872615e-17
7.50009999999161e-10	-1.8006157e-08	1.1816318e-07	0.0016920372	0.0491285	-1.1167362e-16	-2.1556983e-16	1.9494277e-16	-4.32221e-17	0	-4.7824456e-17
7.600099999991434e-10	-1.7081549e-08	1.2371676e-07	0.0016903991	0.049633663	-1.1183188e-16	-2.1496242e-16	1.9439703e-16	-4.3495923e-17	0	-4.777054e-17
7.700099999991258e-10	-1.5457557e-08	1.27999e-07	0.0016768118	0.05018666	-1.1200457e-16	-2.1433842e-16	1.9383505e-16	-4.378915e-17	0	-4.7712023e-17
7.800099999991082e-10	-1.2778562e-08	1.2817681e-07	0.0016502682	0.050803326	-1.1219335e-16	-2.1370156e-16	1.9326032e-16	-4.4101184e-17	0	-4.7650947e-17
7.900099999990906e-10	-8.605971e-09	1.27593e-07	0.0016105797	0.051499702	-1.123993e-16	-2.1305774e-16	1.9267841e-16	-4.4429737e-17	0	-4.7590215e-17
8.00009999999073e-10	-5.2987175e-09	1.2658542e-07	0.0015590274	0.052284848	-1.1262255e-16	-2.1241498e-16	1.9209664e-16	-4.4770767e-17	0	-4.7533457e-17
8.100099999990553e-10	-3.1412979e-09	1.2458506e-07	0.0014989976	0.053157512	-1.1286223e-16	-2.1178235e-16	1.915235e-16	-4.5118672e-17	0	-4.748469e-17
8.200099999990377e-10	-2.0388802e-09	1.238953e-07	0.0014360292	0.054112535	-1.1311639e-16	-2.1116885e-16	1.9096715e-16	-4.546688e-17	0	-4.7447818e-17
8.300099999990201e-10	-9.601703e-10	1.2391234e-07	0.0013769143	0.05513424	-1.1338226e-16	-2.1058148e-16	1.9043398e-16	-4.5808773e-17	0	-4.7425954e-17
8.400099999990025e-10	-1.9084867e-09	1.2204016e-07	0.0013275185	0.05619946	-1.1365651e-16	-2.100238e-16	1.89927e-16	-4.6138745e-17	0	-4.7420977e-17
8.500099999989849e-10	-5.2927907e-09	1.2288254e-07	0.001289975	0.057282377	-1.1393591e-16	-2.0949522e-16	1.8944548e-16	-4.6453146e-17	0	-4.7433048e-17
8.600099999989673e-10	-9.334989e-09	1.2494512e-07	0.0012604715	0.058352444	-1.1421755e-16	-2.0899106e-16	1.8898488e-16	-4.67508e-17	0	-4.7460573e-17
8.700099999989497e-10	-1.5590913e-08	1.3189894e-07	0.0012291519	0.059387155	-1.1449911e-16	-2.0850374e-16	1.8853787e-16	-4.7032828e-17	0	-4.7500423e-17
8.800099999989321e-10	-2.5817911e-08	1.4493237e-07	0.0011828813	0.060364626	-1.14779e-16	-2.0802373e-16	1.8809542e-16	-4.7302244e-17	0	-4.754845e-17
8.900099999989144e-10	-3.9770015e-08	1.6570642e-07	0.0011101671	0.06127146	-1.1505602e-16	-2.0754025e-16	1.8764743e-16	-4.7563014e-17	0	-4.7600184e-17
9.000099999988968e-10	-5.831553e-08	1.9953761e-07	0.0010059162	0.062096965	-1.1532956e-16	-2.0704197e-16	1.8718334e-16	-4.7819437e-17	0	-4.7651483e-17
9.100099999988792e-10	-8.0784694e-08	2.4694157e-07	0.00087365083	0.0628363	-1.1559918e-16	-2.0651763e-16	1.8669301e-16	-4.8075522e-17	0	-4.7698996e-17
9.200099999988616e-10	-1.0382878e-07	3.066855e-07	0.00072410976	0.06348965	-1.158648e-16	-2.0595756e-16	1.8616785e-16	-4.8334665e-17	0	-4.7740438e-17
9.30009999998844e-10	-1.2811753e-07	3.7349437e-07	0.0005708654	0.06406147	-1.1612672e-16	-2.0535499e-16	1.8560223e-16	-4.8599392e-17	0	-4.7774564e-17
9.400099999989161e-10	-1.4909904e-07	4.4414395e-07	0.00042522082	0.06456195	-1.1638533e-16	-2.0470728e-16	1.8499436e-16	-4.8871323e-17	0	-4.780106e-17
9.50009999999002e-10	-1.654812e-07	5.118182e-07	0.00029274687	0.065001585	-1.1664102e-16	-2.04016e-16	1.8434629e-16	-4.915113e-17	0	-4.782021e-17
9.600099999990877e-10	-1.7298476e-07	5.713606e-07	0.0001727421	0.06539314	-1.168943e-16	-2.0328612e-16	1.8366332e-16	-4.943879e-17	0	-4.78327e-17
9.700099999991735e-10	-1.7112369e-07	6.1948765e-07	6.0323207e-05	0.06575196	-1.1714569e-16	-2.0252482e-16	1.8295227e-16	-4.9733708e-17	0	-4.7839448e-17
9.800099999992593e-10	-1.6230435e-07	6.523942e-07	-5.040159e-05	0.06609316	-1.1739574e-16	-2.0173966e-16	1.8222038e-16	-5.003508e-17	0	-4.7841377e-17
9.90009999999345e-10	-1.458629e-07	6.7477447e-07	-0.00016355985	0.066442505	-1.1764508e-16	-2.0093725e-16	1.8147369e-16	-5.0342133e-17	0	-4.7839395e-17
1.0000099999994308e-09	-1.2609051e-07	6.8899925e-07	-0.00028005382	0.066814795	-1.1789456e-16	-2.0012241e-16	1.8071646e-16	-5.0654317e-17	0	-4.783431e-17
1.0100099999995166e-09	-1.0218108e-07	6.969888e-07	-0.0003975345	0.067210354	-1.1814502e-16	-1.9929818e-16	1.7995136e-16	-5.097137e-17	0	-4.7826815e-17
1.0200099999996024e-09	-7.567564e-08	7.0659047e-07	-0.00051133975	0.06763615	-1.1839742e-16	-1.9846612e-16	1.7917948e-16	-5.1293255e-17	0	-4.7817518e-17
1.0300099999996882e-09	-4.9917002e-08	7.180414e-07	-0.000615814	0.06808666	-1.1865255e-16	-1.9762666e-16	1.7840115e-16	-5.1620074e-17	0	-4.7806963e-17
1.040009999999774e-09	-2.7584152e-08	7.316023e-07	-0.00070560863	0.068563476	-1.1891121e-16	-1.9677954e-16	1.7761594e-16	-5.1951965e-17	0	-4.7795664e-17
1.0500099999998598e-09	-7.9895655e-09	7.4751034e-07	-0.00077656086	0.06906924	-1.1917395e-16	-1.9592371e-16	1.7682295e-16	-5.2289094e-17	0	-4.7784087e-17
1.0600099999999456e-09	8.374818e-09	7.626597e-07	-0.00082611706	0.0696025	-1.1944121e-16	-1.9505751e-16	1.7602062e-16	-5.2631653e-17	0	-4.7772668e-17
1.0700000000000313e-09	2.4899231e-08	7.8036953e-07	-0.0008533291	0.07016154	-1.1971306e-16	-1.9417984e-16	1.7520804e-16	-5.297946e-17	0	-4.7761776e-17
1.080000000000117e-09	3.8809844e-08	7.9301765e-07	-0.0008586107	0.070757635	-1.199902e-16	-1.932869e-16	1.7438181e-16	-5.3333446e-17	0	-4.7751638e-17
1.0900000000002028e-09	5.4575604e-08	8.0354397e-07	-0.00084307406	0.07139514	-1.2027246e-16	-1.9237837e-16	1.7354179e-16	-5.369343e-17	0	-4.7742423e-17
1.1000000000002886e-09	7.3423394e-08	8.0504947e-07	-0.0008082751	0.07206736	-1.2055983e-16	-1.9145457e-16	1.7268831e-16	-5.4059357e-17	0	-4.7734214e-17
1.1100000000003744e-09	1.0407772e-07	7.973918e-07	-0.00075588154	0.072766475	-1.2085209e-16	-1.9051825e-16	1.7182405e-16	-5.4430833e-17	0	-4.7727074e-17
1.1200000000004602e-09	1.5157651e-07	7.787811e-07	-0.0006875334	0.0734889	-1.2114886e-16	-1.8957533e-16	1.7095442e-16	-5.4806814e-17	0	-4.772113e-17
1.130000000000546e-09	2.1895438e-07	7.5251273e-07	-0.00060476444	0.074227706	-1.2144937e-16	-1.8863532e-16	1.7008804e-16	-5.5185424e-17	0	-4.7716668e-17
1.1400000000006318e-09	3.0659066e-07	7.131813e-07	-0.00050875044	0.07497791	-1.2175241e-16	-1.8771142e-16	1.6923688e-16	-5.5563694e-17	0	-4.7714163e-17
1.1500000000007175e-09	4.131103e-07	6.667612e-07	-0.0003997599	0.07572898	-1.2205614e-16	-1.8682028e-16	1.6841593e-16	-5.593741e-17	0	-4.7714395e-17
1.1600000000008033e-09	5.340206e-07	6.0896133e-07	-0.00027631244	0.07647305	-1.2235789e-16	-1.8598101e-16	1.6764256e-16	-5.630105e-17	0	-4.771839e-17
1.1700000000008891e-09	6.48435e-07	5.4464175e-07	-0.00013436521	0.07720041	-1.2265414e-16	-1.852138e-16	1.6693493e-16	-5.664786e-17	0	-4.7727418e-17
1.1800000000009749e-09	7.3281143e-07	4.7522502e-07	3.2856493e-05	0.077903666	-1.2294057e-16	-1.8453686e-16	1.6630948e-16	-5.6970404e-17	0	-4.774279e-17
1.1900000000010607e-09	7.507346e-07	3.969178e-07	0.00023304815	0.078573935	-1.2321217e-16	-1.839625e-16	1.6577734e-16	-5.726154e-17	0	-4.7765462e-17
1.2000000000011465e-09	6.6204336e-07	3.0201505e-07	0.00046988914	0.07920567	-1.2346399e-16	-1.8349209e-16	1.6533968e-16	-5.751607e-17	0	-4.7795515e-17
1.2100000000012322e-09	4.487907e-07	1.8070168e-07	0.000735963	0.07979483	-1.2369212e-16	-1.8311263e-16	1.6498472e-16	-5.773265e-17	0	-4.7831563e-17
1.220000000001318e-09	1.2776192e-07	3.783782e-08	0.0010077994	0.080339625	-1.2389481e-16	-1.82798e-16	1.6468883e-16	-5.791509e-17	0	-4.787055e-17
1.2300000000014038e-09	-2.3632043e-07	-1.0391176e-07	0.0012493847	0.08084151	-1.2407332e-16	-1.8251666e-16	1.6442345e-16	-5.8071963e-17	0	-4.790813e-17
1.2400000000014896e-09	-5.515052e-07	-2.0130385e-07	0.001425249	0.08130548	-1.2423138e-16	-1.8224265e-16	1.6416528e-16	-5.82144e-17	0	-4.7939643e-17
1.2500000000015754e-09	-7.3795604e-07	-2.1218578e-07	0.0015153105	0.081739105	-1.2437431e-16	-1.8196283e-16	1.6390268e-16	-5.8352695e-17	0	-4.796142e-17
1.2600000000016612e-09	-7.6691526e-07	-1.1730673e-07	0.0015211949	0.08214673	-1.2450712e-16	-1.8167685e-16	1.6363533e-16	-5.84937e-17	0	-4.7971903e-17
1.270000000001747e-09	-6.571358e-07	5.791842e-08	0.0014613408	0.08253057	-1.2463386e-16	-1.8139123e-16	1.6336931e-16	-5.863978e-17	0	-4.7972144e-17
1.2800000000018327e-09	-4.676207e-07	2.626836e-07	0.0013611093	0.0828928	-1.2475713e-16	-1.8111355e-16	1.6311141e-16	-5.8789705e-17	0	-4.7965295e-17
1.2900000000019185e-09	-2.632052e-07	4.3635592e-07	0.0012441665	0.08323505	-1.2487849e-16	-1.808491e-16	1.6286648e-16	-5.8940444e-17	0	-4.795545e-17
1.3000000000020043e-09	-1.110834e-07	5.336887e-07	0.0011282234	0.08356026	-1.2499905e-16	-1.8060053e-16	1.626367e-16	-5.908894e-17	0	-4.79463e-17
1.3100000000020901e-09	-4.0285663e-08	5.517186e-07	0.001023692	0.083872326	-1.251193e-16	-1.8036835e-16	1.6242246e-16	-5.923303e-17	0	-4.7940394e-17
1.3200000000021759e-09	-5.7029375e-08	5.1751994e-07	0.0009338417	0.08417629	-1.2523966e-16	-1.8015194e-16	1.6222288e-16	-5.937163e-17	0	-4.793899e-17
1.3300000000022617e-09	-1.4956134e-07	4.645209e-07	0.00085606944	0.08447582	-1.2536002e-16	-1.799499e-16	1.6203654e-16	-5.9504204e-17	0	-4.7942462e-17
1.3400000000023475e-09	-2.8802145e-07	4.2470347e-07	0.00078417413	0.084775254	-1.2547983e-16	-1.797607e-16	1.618619e-16	-5.963029e-17	0	-4.795073e-17
1.3500000000024332e-09	-4.387267e-07	4.005451e-07	0.00071146974	0.085075416	-1.2559794e-16	-1.795835e-16	1.6169811e-16	-5.9748996e-17	0	-4.7963565e-17
1.360000000002519e-09	-5.753494e-07	3.9920562e-07	0.0006336206	0.08538052	-1.257128e-16	-1.7941839e-16	1.615453e-16	-5.9859084e-17	0	-4.798065e-17
1.3700000000026048e-09	-6.748871e-07	4.0448063e-07	0.0005504615	0.08569861	-1.2582273e-16	-1.7926567e-16	1.6140373e-16	-5.99593e-17	0	-4.8001496e-17
1.3800000000026906e-09	-7.225756e-07	3.955546e-07	0.00046616542	0.08603406	-1.2592606e-16	-1.7912507e-16	1.6127318e-16	-6.0048905e-17	0	-4.8025243e-17
1.3900000000027764e-09	-7.081908e-07	3.6094104e-07	0.00038779428	0.086383894	-1.2602158e-16	-1.7899516e-16	1.6115235e-16	-6.012811e-17	0	-4.8050624e-17
1.4000000000028622e-09	-6.4196274e-07	3.0425545e-07	0.00032300883	0.0867305	-1.2610877e-16	-1.7887389e-16	1.6103935e-16	-6.01982e-17	0	-4.8076015e-17
1.410000000002948e-09	-5.4044546e-07	2.2773817e-07	0.00027766137	0.08706255	-1.2618777e-16	-1.7875949e-16	1.6093251e-16	-6.026118e-17	0	-4.809963e-17
1.4200000000030337e-09	-4.1951736e-07	1.4857746e-07	0.00025421625	0.08737644	-1.2625915e-16	-1.7865096e-16	1.60831e-16	-6.0319274e-17	0	-4.8119932e-17
1.4300000000031195e-09	-3.0367755e-07	7.9255535e-08	0.00025098998	0.08767014	-1.2632399e-16	-1.7854825e-16	1.6073459e-16	-6.037445e-17	0	-4.813588e-17
1.4400000000032053e-09	-2.0580242e-07	3.215978e-08	0.00026253253	0.087943904	-1.2638319e-16	-1.7845143e-16	1.6064341e-16	-6.042794e-17	0	-4.8147232e-17
1.450000000003291e-09	-1.2945999e-07	9.376477e-09	0.00028111532	0.08819944	-1.2643773e-16	-1.7836059e-16	1.6055753e-16	-6.048019e-17	0	-4.8154488e-17
1.4600000000033769e-09	-7.1870524e-08	1.48707855e-08	0.0002988298	0.08843589	-1.2648842e-16	-1.7827555e-16	1.6047678e-16	-6.053097e-17	0	-4.8158697e-17
1.4700000000034627e-09	-2.693811e-08	4.3533646e-08	0.00030967942	0.08865386	-1.2653582e-16	-1.7819597e-16	1.6040096e-16	-6.057965e-17	0	-4.8161145e-17
1.4800000000035485e-09	7.894734e-09	8.5046196e-08	0.00031070167	0.08885225	-1.2658031e-16	-1.7812157e-16	1.6032976e-16	-6.0625477e-17	0	-4.816302e-17
1.4900000000036342e-09	3.9319566e-08	1.3163223e-07	0.00030185972	0.089030646	-1.2662207e-16	-1.7805214e-16	1.6026308e-16	-6.066776e-17	0	-4.8165248e-17
1.50000000000372e-09	6.699558e-08	1.8108693e-07	0.00028491073	0.08919022	-1.2666115e-16	-1.779876e-16	1.6020084e-16	-6.070598e-17	0	-4.8168395e-17
1.5100000000038058e-09	9.6500074e-08	2.3278203e-07	0.00026221533	0.08933157	-1.2669741e-16	-1.7792785e-16	1.6014295e-16	-6.073987e-17	0	-4.8172646e-17
1.5200000000038916e-09	1.2612904e-07	2.746324e-07	0.00023579535	0.089456655	-1.2673066e-16	-1.7787262e-16	1.6008921e-16	-6.076939e-17	0	-4.817788e-17
1.5300000000039774e-09	1.5681003e-07	3.1615087e-07	0.00020681246	0.08956792	-1.2676078e-16	-1.778216e-16	1.6003937e-16	-6.079484e-17	0	-4.818372e-17
1.5400000000040632e-09	1.8592631e-07	3.5331303e-07	0.00017567707	0.08966709	-1.2678776e-16	-1.777744e-16	1.5999304e-16	-6.0816714e-17	0	-4.8189676e-17
1.550000000004149e-09	2.0988611e-07	3.8568024e-07	0.0001423225	0.08975621	-1.2681163e-16	-1.7773045e-16	1.599498e-16	-6.083569e-17	0	-4.8195288e-17
1.5600000000042347e-09	2.2250464e-07	4.0919258e-07	0.00010664295	0.089837275	-1.268328e-16	-1.7768926e-16	1.5990911e-16	-6.085246e-17	0	-4.8200195e-17
1.5700000000043205e-09	2.2478653e-07	4.2404557e-07	6.888758e-05	0.089911796	-1.2685156e-16	-1.7765023e-16	1.5987056e-16	-6.086766e-17	0	-4.8204228e-17
1.5800000000044063e-09	2.1067736e-07	4.4256146e-07	2.9851415e-05	0.08998115	-1.2686836e-16	-1.7761279e-16	1.5983354e-16	-6.088174e-17	0	-4.8207368e-17
1.590000000004492e-09	1.8680943e-07	4.539768e-07	-9.087424e-06	0.0900462	-1.2688354e-16	-1.7757641e-16	1.5979762e-16	-6.089501e-17	0	-4.820974e-17
1.6000000000045779e-09	1.5149354e-07	4.50877e-07	-4.633137e-05	0.090108134	-1.2689737e-16	-1.7754071e-16	1.5976248e-16	-6.090765e-17	0	-4.8211494e-17
1.6100000000046637e-09	1.1472553e-07	4.3997136e-07	-8.040475e-05	0.0901678	-1.2691014e-16	-1.7750544e-16	1.5972784e-16	-6.091972e-17	0	-4.821283e-17
1.6200000000047495e-09	7.775601e-08	4.2256977e-07	-0.000110252004	0.090225674	-1.2692201e-16	-1.7747048e-16	1.596936e-16	-6.093123e-17	0	-4.821391e-17
1.6300000000048352e-09	3.8187512e-08	4.0140452e-07	-0.00013536926	0.09028185	-1.2693308e-16	-1.7743572e-16	1.5965969e-16	-6.094219e-17	0	-4.8214843e-17
1.640000000004921e-09	5.4202207e-09	3.8010296e-07	-0.00015572459	0.09033691	-1.2694339e-16	-1.774012e-16	1.596261e-16	-6.095259e-17	0	-4.8215706e-17
1.6500000000050068e-09	-2.2107624e-08	3.5824428e-07	-0.00017175384	0.0903903	-1.2695309e-16	-1.77367e-16	1.5959289e-16	-6.0962424e-17	0	-4.8216563e-17
1.6600000000050926e-09	-5.114685e-08	3.4169616e-07	-0.00018400195	0.09044183	-1.2696217e-16	-1.7733318e-16	1.5956014e-16	-6.0971715e-17	0	-4.8217417e-17
1.6700000000051784e-09	-7.519852e-08	3.2168964e-07	-0.0001930465	0.0904918	-1.2697064e-16	-1.7729981e-16	1.5952791e-16	-6.0980476e-17	0	-4.8218277e-17
1.6800000000052642e-09	-9.044863e-08	3.059624e-07	-0.00019932269	0.09053978	-1.2697856e-16	-1.7726704e-16	1.594963e-16	-6.098871e-17	0	-4.8219127e-17
1.69000000000535e-09	-9.9745094e-08	2.9080417e-07	-0.00020320184	0.09058574	-1.2698603e-16	-1.7723501e-16	1.5946543e-16	-6.099645e-17	0	-4.8219984e-17
1.7000000000054357e-09	-1.0864149e-07	2.855321e-07	-0.00020505961	0.090629786	-1.2699298e-16	-1.7720379e-16	1.5943534e-16	-6.100371e-17	0	-4.8220815e-17
1.7100000000055215e-09	-1.1263627e-07	2.7837825e-07	-0.00020522709	0.090671174	-1.2699943e-16	-1.7717348e-16	1.5940617e-16	-6.101053e-17	0	-4.8221602e-17
1.7200000000056073e-09	-1.1371646e-07	2.742205e-07	-0.00020414441	0.09070977	-1.2700552e-16	-1.771442e-16	1.5937794e-16	-6.101693e-17	0	-4.8222333e-17
1.730000000005693e-09	-1.0649889e-07	2.6119002e-07	-0.00020222041	0.09074544	-1.2701111e-16	-1.7711594e-16	1.5935077e-16	-6.102295e-17	0	-4.8223e-17
1.7400000000057789e-09	-9.831077e-08	2.4906936e-07	-0.00019993249	0.09077802	-1.2701639e-16	-1.7708881e-16	1.5932461e-16	-6.102859e-17	0	-4.8223604e-17
1.7500000000058647e-09	-9.200446e-08	2.4043376e-07	-0.00019762044	0.090807825	-1.2702131e-16	-1.7706276e-16	1.5929951e-16	-6.103392e-17	0	-4.822413e-17
1.7600000000059504e-09	-8.543293e-08	2.3029862e-07	-0.0001956107	0.090834744	-1.2702589e-16	-1.7703779e-16	1.5927544e-16	-6.103894e-17	0	-4.8224593e-17
1.7700000000060362e-09	-8.1275154e-08	2.2272394e-07	-0.00019410372	0.090859115	-1.270302e-16	-1.770139e-16	1.5925237e-16	-6.104368e-17	0	-4.8224997e-17
1.780000000006122e-09	-6.9000386e-08	2.1522632e-07	-0.00019317535	0.09088085	-1.2703428e-16	-1.7699102e-16	1.5923024e-16	-6.104818e-17	0	-4.8225338e-17
1.7900000000062078e-09	-5.77495e-08	2.0746198e-07	-0.00019281538	0.09090018	-1.2703812e-16	-1.7696911e-16	1.5920904e-16	-6.105243e-17	0	-4.8225632e-17
1.8000000000062936e-09	-5.226112e-08	2.0022514e-07	-0.00019296799	0.09091726	-1.2704173e-16	-1.7694807e-16	1.5918871e-16	-6.105648e-17	0	-4.8225904e-17
1.8100000000063794e-09	-4.583035e-08	1.9386549e-07	-0.00019353378	0.090932444	-1.2704517e-16	-1.7692783e-16	1.591691e-16	-6.1060316e-17	0	-4.8226135e-17
1.8200000000064652e-09	-4.647639e-08	1.8934914e-07	-0.00019450192	0.09094579	-1.2704843e-16	-1.7690834e-16	1.5915024e-16	-6.1063995e-17	0	-4.8226344e-17
1.830000000006551e-09	-4.152292e-08	1.8251534e-07	-0.00019583083	0.09095737	-1.2705151e-16	-1.7688953e-16	1.5913205e-16	-6.106751e-17	0	-4.8226532e-17
1.8400000000066367e-09	-3.633385e-08	1.7344112e-07	-0.00019749378	0.09096751	-1.2705448e-16	-1.7687136e-16	1.5911446e-16	-6.107087e-17	0	-4.8226704e-17
1.8500000000067225e-09	-2.8877714e-08	1.7008054e-07	-0.00019945324	0.09097645	-1.270573e-16	-1.7685372e-16	1.5909735e-16	-6.1074106e-17	0	-4.8226866e-17
1.8600000000068083e-09	-2.7572296e-08	1.6720595e-07	-0.00020171829	0.0909842	-1.2706005e-16	-1.768366e-16	1.590808e-16	-6.1077216e-17	0	-4.8227012e-17
1.870000000006742e-09	-2.4076863e-08	1.6185389e-07	-0.00020422817	0.09099095	-1.2706263e-16	-1.7681997e-16	1.590647e-16	-6.1080214e-17	0	-4.8227148e-17
1.880000000006621e-09	-2.5963123e-08	1.63549e-07	-0.00020696195	0.09099679	-1.2706513e-16	-1.7680377e-16	1.5904902e-16	-6.108312e-17	0	-4.8227273e-17
1.8900000000065e-09	-3.1829348e-08	1.6567087e-07	-0.000209822	0.091001794	-1.2706753e-16	-1.7678799e-16	1.5903378e-16	-6.108593e-17	0	-4.822739e-17
1.900000000006379e-09	-3.8240856e-08	1.6145678e-07	-0.00021275738	0.09100598	-1.2706986e-16	-1.7677269e-16	1.5901899e-16	-6.108866e-17	0	-4.8227502e-17
1.910000000006258e-09	-3.3521502e-08	1.5862962e-07	-0.00021569878	0.09100947	-1.2707211e-16	-1.7675779e-16	1.5900457e-16	-6.10913e-17	0	-4.82276e-17
1.920000000006137e-09	-3.8860225e-08	1.5114384e-07	-0.00021865685	0.09101233	-1.2707427e-16	-1.7674328e-16	1.5899059e-16	-6.109387e-17	0	-4.8227694e-17
1.930000000006016e-09	-4.9419135e-08	1.4965617e-07	-0.00022163767	0.091014646	-1.2707638e-16	-1.7672924e-16	1.5897699e-16	-6.109637e-17	0	-4.822778e-17
1.940000000005895e-09	-4.163553e-08	1.4768841e-07	-0.00022460657	0.09101636	-1.2707845e-16	-1.767156e-16	1.5896382e-16	-6.1098796e-17	0	-4.822786e-17
1.950000000005774e-09	-3.888986e-08	1.46017e-07	-0.00022756426	0.09101744	-1.270804e-16	-1.7670239e-16	1.5895108e-16	-6.110116e-17	0	-4.822794e-17
1.960000000005653e-09	-3.2555402e-08	1.4417964e-07	-0.00023048738	0.091018	-1.2708231e-16	-1.7668962e-16	1.5893876e-16	-6.1103455e-17	0	-4.822801e-17
1.9700000000055318e-09	-3.6268656e-08	1.3390226e-07	-0.0002333172	0.09101807	-1.2708419e-16	-1.7667726e-16	1.5892682e-16	-6.1105685e-17	0	-4.822808e-17
1.9800000000054108e-09	-3.641683e-08	1.277797e-07	-0.00023608845	0.09101764	-1.2708598e-16	-1.7666528e-16	1.5891528e-16	-6.110785e-17	0	-4.822814e-17
1.9900000000052898e-09	-4.0481254e-08	1.26618e-07	-0.00023880694	0.091016695	-1.2708778e-16	-1.7665376e-16	1.5890416e-16	-6.1109966e-17	0	-4.822821e-17
2.0000000000051688e-09	-4.3189882e-08	1.2832498e-07	-0.00024147252	0.09101533	-1.270895e-16	-1.7664262e-16	1.5889343e-16	-6.1112024e-17	0	-4.8228266e-17
2.0100000000050478e-09	-4.0490143e-08	1.2201572e-07	-0.00024409138	0.091013566	-1.2709118e-16	-1.7663187e-16	1.5888303e-16	-6.111403e-17	0	-4.8228316e-17
2.0200000000049267e-09	-3.47958e-08	1.2187643e-07	-0.00024663153	0.09101149	-1.2709282e-16	-1.7662148e-16	1.5887301e-16	-6.111597e-17	0	-4.822837e-17
2.0300000000048057e-09	-2.7486356e-08	1.2241281e-07	-0.0002490394	0.091009	-1.2709443e-16	-1.7661146e-16	1.5886333e-16	-6.111788e-17	0	-4.822842e-17
2.0400000000046847e-09	-2.5991277e-08	1.2496734e-07	-0.00025138547	0.09100622	-1.2709601e-16	-1.7660174e-16	1.5885396e-16	-6.1119734e-17	0	-4.8228468e-17
2.0500000000045637e-09	-2.8987364e-08	1.2373157e-07	-0.0002536526	0.091003135	-1.2709753e-16	-1.7659237e-16	1.5884488e-16	-6.112154e-17	0	-4.8228517e-17
2.0600000000044427e-09	-2.5137792e-08	1.2334633e-07	-0.0002558485	0.090999745	-1.27099e-16	-1.7658325e-16	1.588361e-16	-6.112331e-17	0	-4.8228557e-17
2.0700000000043217e-09	-1.7240094e-08	1.2375824e-07	-0.0002580055	0.09099612	-1.2710048e-16	-1.7657445e-16	1.5882757e-16	-6.112503e-17	0	-4.8228597e-17
2.0800000000042007e-09	-7.453174e-09	1.18610664e-07	-0.00026012826	0.09099224	-1.2710191e-16	-1.7656586e-16	1.5881929e-16	-6.1126715e-17	0	-4.822864e-17
2.0900000000040797e-09	-9.8758255e-09	1.15075224e-07	-0.00026219492	0.09098817	-1.2710333e-16	-1.7655752e-16	1.5881123e-16	-6.112837e-17	0	-4.822868e-17
2.1000000000039587e-09	-2.7093694e-08	1.1285557e-07	-0.0002641504	0.090983875	-1.2710472e-16	-1.7654939e-16	1.5880338e-16	-6.1129984e-17	0	-4.822872e-17
2.1100000000038377e-09	-2.9966795e-08	1.1356088e-07	-0.0002660995	0.090979405	-1.2710604e-16	-1.765415e-16	1.5879575e-16	-6.1131566e-17	0	-4.8228752e-17
2.1200000000037166e-09	-3.0857326e-08	1.1044329e-07	-0.0002680364	0.09097483	-1.2710737e-16	-1.7653375e-16	1.5878829e-16	-6.113312e-17	0	-4.8228795e-17
2.1300000000035956e-09	-2.5691964e-08	1.0684265e-07	-0.00026991882	0.09097014	-1.2710866e-16	-1.7652619e-16	1.58781e-16	-6.1134636e-17	0	-4.8228822e-17
2.1400000000034746e-09	-1.6085815e-08	1.0197364e-07	-0.00027176389	0.09096534	-1.2710995e-16	-1.7651881e-16	1.5877386e-16	-6.113613e-17	0	-4.8228858e-17
2.1500000000033536e-09	-1.1289409e-08	1.0528682e-07	-0.00027354533	0.090960436	-1.2711123e-16	-1.7651162e-16	1.5876689e-16	-6.1137614e-17	0	-4.8228898e-17
2.1600000000032326e-09	-2.2473616e-08	1.0644258e-07	-0.0002752503	0.09095546	-1.2711245e-16	-1.7650454e-16	1.5876007e-16	-6.1139057e-17	0	-4.8228924e-17
2.1700000000031116e-09	-2.884808e-08	9.431302e-08	-0.0002768775	0.09095042	-1.2711367e-16	-1.764976e-16	1.5875338e-16	-6.114047e-17	0	-4.8228954e-17
2.1800000000029906e-09	-2.981714e-08	9.1921486e-08	-0.00027841813	0.090945296	-1.2711482e-16	-1.7649078e-16	1.587468e-16	-6.1141876e-17	0	-4.8228984e-17
2.1900000000028696e-09	-2.3722725e-08	1.03997706e-07	-0.00027994186	0.09094009	-1.2711601e-16	-1.7648412e-16	1.5874035e-16	-6.114325e-17	0	-4.8229017e-17
2.2000000000027486e-09	-1.6152494e-08	1.0506456e-07	-0.00028142534	0.09093479	-1.2711716e-16	-1.7647757e-16	1.5873405e-16	-6.11446e-17	0	-4.8229047e-17
2.2100000000026276e-09	-1.5790949e-08	1.02927885e-07	-0.00028284383	0.09092947	-1.2711828e-16	-1.764711e-16	1.587278e-16	-6.114595e-17	0	-4.8229073e-17
2.2200000000025065e-09	-2.0584391e-08	9.939837e-08	-0.00028420077	0.09092417	-1.2711945e-16	-1.7646476e-16	1.587217e-16	-6.114726e-17	0	-4.8229103e-17
2.2300000000023855e-09	-2.376125e-08	1.03259794e-07	-0.0002855026	0.09091886	-1.271205e-16	-1.7645848e-16	1.5871567e-16	-6.1148566e-17	0	-4.8229126e-17
2.2400000000022645e-09	-2.6524704e-08	1.0174545e-07	-0.00028678073	0.09091357	-1.271216e-16	-1.7645236e-16	1.5870974e-16	-6.114984e-17	0	-4.822915e-17
2.2500000000021435e-09	-1.757645e-08	1.0245965e-07	-0.0002880268	0.09090832	-1.2712268e-16	-1.7644628e-16	1.5870389e-16	-6.115112e-17	0	-4.8229176e-17
2.2600000000020225e-09	-1.7348261e-08	1.0317089e-07	-0.0002892158	0.09090306	-1.271237e-16	-1.7644028e-16	1.5869815e-16	-6.115237e-17	0	-4.82292e-17
2.2700000000019015e-09	-2.1523817e-08	9.150364e-08	-0.00029035215	0.09089771	-1.2712478e-16	-1.7643438e-16	1.5869244e-16	-6.115361e-17	0	-4.8229226e-17
2.2800000000017805e-09	-1.2701512e-08	9.385961e-08	-0.00029149142	0.09089243	-1.2712581e-16	-1.7642853e-16	1.586868e-16	-6.115484e-17	0	-4.8229245e-17
2.2900000000016595e-09	-1.0769317e-08	8.8958e-08	-0.00029256547	0.090887144	-1.2712682e-16	-1.7642275e-16	1.5868123e-16	-6.115605e-17	0	-4.822927e-17
2.3000000000015385e-09	-2.5491929e-08	9.2849056e-08	-0.00029359662	0.090881854	-1.2712783e-16	-1.7641704e-16	1.5867577e-16	-6.1157254e-17	0	-4.822929e-17
2.3100000000014175e-09	-2.8579883e-08	9.203706e-08	-0.00029462832	0.0908766	-1.271288e-16	-1.7641138e-16	1.5867033e-16	-6.115845e-17	0	-4.8229305e-17
2.3200000000012965e-09	-2.9572652e-08	9.565844e-08	-0.00029566302	0.090871304	-1.2712983e-16	-1.7640577e-16	1.5866491e-16	-6.115963e-17	0	-4.8229328e-17
2.3300000000011754e-09	-2.8600628e-08	9.962359e-08	-0.0002966582	0.09086603	-1.2713076e-16	-1.7640021e-16	1.586596e-16	-6.1160815e-17	0	-4.8229338e-17
2.3400000000010544e-09	-2.322486e-08	1.02850834e-07	-0.00029763093	0.09086087	-1.2713176e-16	-1.763947e-16	1.5865429e-16	-6.116198e-17	0	-4.8229355e-17
2.3500000000009334e-09	-1.5232331e-08	9.874937e-08	-0.00029860818	0.09085573	-1.2713271e-16	-1.7638921e-16	1.5864902e-16	-6.116315e-17	0	-4.822937e-17
2.3600000000008124e-09	-4.5726627e-09	1.00838626e-07	-0.00029950697	0.09085064	-1.2713368e-16	-1.7638373e-16	1.5864377e-16	-6.116433e-17	0	-4.8229384e-17
2.3700000000006914e-09	3.0138678e-09	9.8292986e-08	-0.0003003353	0.09084561	-1.2713462e-16	-1.7637833e-16	1.5863858e-16	-6.116548e-17	0	-4.8229398e-17
2.3800000000005704e-09	-6.884184e-09	9.949616e-08	-0.0003011472	0.090840645	-1.2713558e-16	-1.763729e-16	1.5863338e-16	-6.116665e-17	0	-4.8229408e-17
2.3900000000004494e-09	-1.9754614e-08	9.52969e-08	-0.00030197678	0.09083574	-1.2713652e-16	-1.763675e-16	1.5862819e-16	-6.116781e-17	0	-4.8229414e-17
2.4000000000003284e-09	-2.1209688e-08	9.1124306e-08	-0.00030283784	0.09083089	-1.2713747e-16	-1.763621e-16	1.5862304e-16	-6.116898e-17	0	-4.822942e-17
2.4100000000002074e-09	-1.5676854e-08	8.7851134e-08	-0.00030367888	0.09082609	-1.2713844e-16	-1.7635673e-16	1.5861789e-16	-6.117016e-17	0	-4.8229424e-17
2.4200000000000864e-09	-1.908783e-08	8.81134e-08	-0.00030452406	0.09082135	-1.2713937e-16	-1.7635135e-16	1.5861276e-16	-6.1171336e-17	0	-4.8229434e-17
2.4300099999999652e-09	-1.13264536e-08	1.0717308e-07	-0.0003053456	0.09081669	-1.2714033e-16	-1.7634596e-16	1.5860757e-16	-6.117254e-17	0	-4.8229434e-17
2.4400099999998442e-09	-4.2200075e-09	1.08188075e-07	-0.00030611389	0.090812095	-1.2714131e-16	-1.7634059e-16	1.5860243e-16	-6.117374e-17	0	-4.822943e-17
2.450009999999723e-09	-9.779512e-09	1.01191276e-07	-0.00030687795	0.09080758	-1.2714228e-16	-1.7633517e-16	1.5859727e-16	-6.117495e-17	0	-4.822942e-17
2.460009999999602e-09	-6.2203624e-09	8.749848e-08	-0.0003076315	0.09080317	-1.2714328e-16	-1.7632975e-16	1.585921e-16	-6.117619e-17	0	-4.8229424e-17
2.470009999999481e-09	-3.7636303e-09	7.530965e-08	-0.00030839376	0.09079887	-1.2714429e-16	-1.7632433e-16	1.5858691e-16	-6.117744e-17	0	-4.8229417e-17
2.48000999999936e-09	-1.1311636e-08	6.530343e-08	-0.00030912604	0.09079467	-1.2714526e-16	-1.7631885e-16	1.5858172e-16	-6.1178695e-17	0	-4.8229404e-17
2.490009999999239e-09	-1.8678868e-08	7.216465e-08	-0.0003098297	0.09079048	-1.271463e-16	-1.7631339e-16	1.5857649e-16	-6.117999e-17	0	-4.82294e-17
2.500009999999118e-09	-1.5836882e-08	8.562852e-08	-0.00031051983	0.090786345	-1.2714733e-16	-1.7630787e-16	1.5857124e-16	-6.11813e-17	0	-4.8229384e-17
2.510009999998997e-09	-2.1037804e-08	8.773408e-08	-0.00031118	0.090782315	-1.2714841e-16	-1.7630236e-16	1.5856597e-16	-6.118263e-17	0	-4.8229368e-17
2.520009999998876e-09	-2.3953877e-08	8.5252154e-08	-0.00031177464	0.09077837	-1.2714945e-16	-1.7629679e-16	1.5856066e-16	-6.1184e-17	0	-4.822935e-17
2.530009999998755e-09	-1.7935033e-08	9.370625e-08	-0.0003124028	0.090774514	-1.2715058e-16	-1.7629121e-16	1.5855536e-16	-6.118539e-17	0	-4.822933e-17
2.540009999998634e-09	-1.6465142e-08	9.93391e-08	-0.00031303518	0.09077074	-1.2715166e-16	-1.762856e-16	1.5855004e-16	-6.11868e-17	0	-4.8229315e-17
2.550009999998513e-09	-1.2668913e-08	9.403223e-08	-0.0003136363	0.090766996	-1.2715283e-16	-1.7627998e-16	1.5854469e-16	-6.118824e-17	0	-4.8229298e-17
2.560009999998392e-09	-1.5072303e-08	9.818186e-08	-0.00031415158	0.09076328	-1.2715398e-16	-1.7627435e-16	1.5853932e-16	-6.118971e-17	0	-4.822928e-17
2.570009999998271e-09	-8.810451e-09	1.1617986e-07	-0.00031462015	0.09075955	-1.2715516e-16	-1.7626867e-16	1.5853398e-16	-6.11912e-17	0	-4.822925e-17
2.58000999999815e-09	-2.6612128e-09	1.1779496e-07	-0.00031504806	0.09075579	-1.2715636e-16	-1.7626302e-16	1.5852861e-16	-6.119272e-17	0	-4.822923e-17
2.590009999998029e-09	-2.856803e-09	1.054024e-07	-0.00031542857	0.09075206	-1.2715759e-16	-1.7625737e-16	1.5852326e-16	-6.119427e-17	0	-4.8229212e-17
2.600009999997908e-09	-1.6826688e-08	1.073583e-07	-0.00031580552	0.090748295	-1.2715889e-16	-1.7625177e-16	1.5851791e-16	-6.1195834e-17	0	-4.822919e-17
2.610009999997787e-09	-3.149892e-08	9.6012585e-08	-0.00031616792	0.090744525	-1.2716015e-16	-1.7624618e-16	1.5851261e-16	-6.1197416e-17	0	-4.8229173e-17
2.620009999997666e-09	-3.1149227e-08	9.200002e-08	-0.00031652825	0.09074078	-1.2716146e-16	-1.7624061e-16	1.5850734e-16	-6.119902e-17	0	-4.8229156e-17
2.630009999997545e-09	-3.566855e-08	9.770955e-08	-0.00031691045	0.09073697	-1.2716277e-16	-1.7623513e-16	1.5850213e-16	-6.120062e-17	0	-4.8229143e-17
2.640009999997424e-09	-1.5629439e-08	9.058792e-08	-0.00031727657	0.09073319	-1.2716409e-16	-1.7622973e-16	1.5849702e-16	-6.1202227e-17	0	-4.822914e-17
2.650009999997303e-09	-1.171467e-08	9.624744e-08	-0.00031755495	0.09072926	-1.2716543e-16	-1.7622442e-16	1.5849195e-16	-6.1203835e-17	0	-4.822913e-17
2.660009999997182e-09	-2.692922e-08	9.4778294e-08	-0.00031780213	0.0907252	-1.2716675e-16	-1.7621918e-16	1.5848698e-16	-6.120543e-17	0	-4.8229133e-17
2.670009999997061e-09	-2.6336522e-08	9.5318384e-08	-0.00031798828	0.090721026	-1.2716811e-16	-1.762141e-16	1.5848214e-16	-6.120702e-17	0	-4.8229143e-17
2.68000999999694e-09	-2.2972962e-08	1.0205439e-07	-0.00031817684	0.09071668	-1.2716948e-16	-1.7620914e-16	1.584774e-16	-6.120857e-17	0	-4.822916e-17
2.690009999996819e-09	-5.9121597e-09	1.1163276e-07	-0.00031845714	0.09071215	-1.2717079e-16	-1.7620431e-16	1.584728e-16	-6.121011e-17	0	-4.822918e-17
2.700009999996698e-09	1.6204355e-08	1.2093774e-07	-0.00031873328	0.09070744	-1.271721e-16	-1.7619963e-16	1.5846834e-16	-6.121162e-17	0	-4.8229202e-17
2.710009999996577e-09	1.2378492e-08	1.11204535e-07	-0.00031903453	0.09070253	-1.271734e-16	-1.761951e-16	1.5846402e-16	-6.1213086e-17	0	-4.8229235e-17
2.720009999996456e-09	1.0547056e-08	1.0779208e-07	-0.00031935913	0.09069738	-1.2717465e-16	-1.7619071e-16	1.5845985e-16	-6.121452e-17	0	-4.8229275e-17
2.730009999996335e-09	2.566381e-09	1.1972679e-07	-0.00031970613	0.09069202	-1.2717595e-16	-1.7618656e-16	1.584558e-16	-6.1215905e-17	0	-4.822931e-17
2.740009999996214e-09	-7.2783277e-09	1.2126854e-07	-0.00032008288	0.09068647	-1.2717715e-16	-1.761825e-16	1.5845194e-16	-6.121725e-17	0	-4.8229355e-17
2.750009999996093e-09	-1.5339017e-08	1.2056952e-07	-0.0003204453	0.09068071	-1.2717834e-16	-1.761786e-16	1.5844822e-16	-6.1218565e-17	0	-4.82294e-17
2.760009999995972e-09	-1.6960044e-08	1.2214684e-07	-0.00032078364	0.090674765	-1.2717951e-16	-1.7617486e-16	1.5844461e-16	-6.1219816e-17	0	-4.822944e-17
2.770009999995851e-09	-1.1563532e-08	1.15508634e-07	-0.0003211373	0.0906687	-1.2718067e-16	-1.7617126e-16	1.5844111e-16	-6.1221033e-17	0	-4.822949e-17
2.78000999999573e-09	-1.1738378e-08	1.1513301e-07	-0.00032157326	0.090662464	-1.271818e-16	-1.7616782e-16	1.5843779e-16	-6.122222e-17	0	-4.8229537e-17
2.790009999995609e-09	9.4298205e-09	1.11106374e-07	-0.00032208263	0.090656124	-1.2718287e-16	-1.7616447e-16	1.5843455e-16	-6.1223356e-17	0	-4.8229576e-17
2.800009999995488e-09	1.1216804e-08	1.108241e-07	-0.00032262498	0.0906497	-1.271839e-16	-1.7616123e-16	1.584314e-16	-6.122446e-17	0	-4.8229613e-17
2.810009999995367e-09	7.628019e-09	1.0545129e-07	-0.00032324612	0.09064322	-1.2718492e-16	-1.7615806e-16	1.5842835e-16	-6.122554e-17	0	-4.8229646e-17
2.820009999995246e-09	1.6678513e-08	1.1200653e-07	-0.0003239267	0.09063675	-1.2718591e-16	-1.7615501e-16	1.5842536e-16	-6.1226605e-17	0	-4.822968e-17
2.830009999995125e-09	8.780816e-09	1.1039884e-07	-0.00032462084	0.090630285	-1.2718687e-16	-1.76152e-16	1.5842246e-16	-6.1227624e-17	0	-4.8229705e-17
2.840009999995004e-09	9.829892e-09	1.1383278e-07	-0.00032533202	0.09062388	-1.2718782e-16	-1.761491e-16	1.5841962e-16	-6.122863e-17	0	-4.822973e-17
2.850009999994883e-09	-3.221312e-09	1.0677301e-07	-0.0003260398	0.09061757	-1.2718875e-16	-1.7614625e-16	1.5841687e-16	-6.122962e-17	0	-4.8229742e-17
2.860009999994762e-09	-9.8921245e-09	1.0093049e-07	-0.00032674044	0.09061132	-1.2718966e-16	-1.7614344e-16	1.5841411e-16	-6.123059e-17	0	-4.8229765e-17
2.870009999994641e-09	-1.0529274e-08	1.0132315e-07	-0.00032748398	0.09060527	-1.271906e-16	-1.7614065e-16	1.5841139e-16	-6.123157e-17	0	-4.8229775e-17
2.8800099999945198e-09	-1.189248e-08	9.977399e-08	-0.000328254	0.090599366	-1.2719146e-16	-1.7613788e-16	1.584087e-16	-6.1232515e-17	0	-4.822979e-17
2.8900099999943988e-09	-6.4278067e-09	9.305206e-08	-0.00032904345	0.09059359	-1.2719236e-16	-1.7613514e-16	1.5840605e-16	-6.123346e-17	0	-4.8229798e-17
2.9000099999942778e-09	9.61652e-09	8.7315485e-08	-0.00032981602	0.09058797	-1.2719323e-16	-1.7613244e-16	1.5840339e-16	-6.1234394e-17	0	-4.822981e-17
2.9100099999941568e-09	1.3649828e-08	1.00970496e-07	-0.0003306193	0.090582535	-1.271941e-16	-1.761297e-16	1.5840077e-16	-6.123534e-17	0	-4.8229814e-17
2.9200099999940357e-09	1.1883589e-09	1.12962255e-07	-0.00033147598	0.09057731	-1.2719494e-16	-1.7612699e-16	1.5839814e-16	-6.123628e-17	0	-4.8229814e-17
2.9300099999939147e-09	5.209813e-09	1.0875262e-07	-0.0003323741	0.09057229	-1.2719583e-16	-1.7612428e-16	1.5839549e-16	-6.123721e-17	0	-4.822983e-17
2.9400099999937937e-09	7.607275e-09	1.1594797e-07	-0.00033321683	0.09056744	-1.2719666e-16	-1.7612156e-16	1.5839286e-16	-6.123814e-17	0	-4.822983e-17
2.9500099999936727e-09	5.15647e-10	1.1024177e-07	-0.00033407286	0.09056277	-1.2719752e-16	-1.7611886e-16	1.5839024e-16	-6.123908e-17	0	-4.822983e-17
2.9600099999935517e-09	-3.3072531e-09	1.0464671e-07	-0.0003349571	0.09055827	-1.2719838e-16	-1.7611615e-16	1.5838763e-16	-6.124001e-17	0	-4.8229834e-17
2.9700099999934307e-09	4.119249e-09	1.0591434e-07	-0.00033587503	0.09055396	-1.2719924e-16	-1.7611342e-16	1.5838496e-16	-6.124095e-17	0	-4.8229834e-17
2.9800099999933097e-09	1.9496792e-08	1.1553605e-07	-0.00033679316	0.0905498	-1.272001e-16	-1.761107e-16	1.5838232e-16	-6.124189e-17	0	-4.8229844e-17
2.9900099999931887e-09	8.140703e-09	1.0725754e-07	-0.00033772935	0.09054578	-1.2720094e-16	-1.7610796e-16	1.583797e-16	-6.124284e-17	0	-4.8229838e-17
3.0000099999930677e-09	2.6315778e-09	1.1846397e-07	-0.0003386283	0.09054186	-1.2720177e-16	-1.7610523e-16	1.5837706e-16	-6.124379e-17	0	-4.8229838e-17
