# t (s)	mx ()	my ()	mz ()	spinAngle (rad)	E_total (J)	E_anis (J)	E_demag (J)	E_exch (J)	E_therm (J)	E_custom (J)
0	0	0	0	0.0015184366	1.2194073e-16	-5.02704e-16	6.939703e-16	6.08e-18	0	-7.54056e-17
1.0000000000000124e-11	6.0706856e-11	1.9729728e-10	0.00043136041	0.00393592	1.1640431e-16	-4.9959697e-16	6.900908e-16	1.0949872e-18	0	-7.518453e-17
2.0009999999999403e-11	-3.7941785e-12	3.4906442e-10	0.0014334003	0.005401724	1.1526661e-16	-4.9652595e-16	6.8599875e-16	6.961972e-19	0	-7.490235e-17
3.000999999999824e-11	-3.2819641e-10	3.642411e-10	0.0029877836	0.00685803	1.1446163e-16	-4.9283887e-16	6.8106886e-16	8.1545796e-19	0	-7.458383e-17
4.000000000000001e-11	-1.2634613e-09	-2.8076919e-10	0.005033522	0.008482854	1.1386784e-16	-4.88253e-16	6.749001e-16	1.3707312e-18	0	-7.415004e-17
5.0000000000001785e-11	-2.276507e-09	-1.6087316e-09	0.00739057	0.010342055	1.1336455e-16	-4.827935e-16	6.675342e-16	2.2039235e-18	0	-7.3580184e-17
6.00000000000024e-11	-3.6727645e-09	-3.1415797e-09	0.0099843405	0.012439243	1.12917e-16	-4.7656715e-16	6.5912885e-16	3.2965962e-18	0	-7.294137e-17
7.000999999999771e-11	-5.069022e-09	-4.8565485e-09	0.012795079	0.014795622	1.124943e-16	-4.6955483e-16	6.496618e-16	4.6657966e-18	0	-7.227836e-17
8.000999999999302e-11	-6.0099783e-09	-6.340072e-09	0.015797274	0.017405387	1.1206873e-16	-4.6169595e-16	6.390513e-16	6.320032e-18	0	-7.160659e-17
9.000999999998834e-11	-6.738461e-09	-7.0116415e-09	0.019029144	0.020265464	1.1160969e-16	-4.528856e-16	6.2715135e-16	8.273648e-18	0	-7.0929785e-17
1.0000999999998365e-10	-6.738461e-09	-6.7156956e-09	0.022642817	0.023345511	1.1108257e-16	-4.4299932e-16	6.1378215e-16	1.0545703e-17	0	-7.024595e-17
1.1000999999997896e-10	-6.161746e-09	-5.7330034e-09	0.026938563	0.026593626	1.1045049e-16	-4.3192412e-16	5.9877484e-16	1.31426674e-17	0	-6.95429e-17
1.2000999999997891e-10	-5.49397e-09	-4.5568083e-09	0.032355018	0.029952819	1.09675494e-16	-4.196501e-16	5.821032e-16	1.6025235e-17	0	-6.880287e-17
1.3000999999998715e-10	-4.7351345e-09	-4.230509e-09	0.039381195	0.033382542	1.08707864e-16	-4.0630993e-16	5.6394315e-16	1.9083027e-17	0	-6.800844e-17
1.400099999999954e-10	-2.9139289e-09	-5.8430345e-09	0.048295695	0.036899958	1.0744489e-16	-3.9202292e-16	5.4445557e-16	2.2142634e-17	0	-6.713042e-17
1.5000000000000362e-10	-8.4989593e-10	-8.559667e-09	0.05863035	0.040620305	1.0568002e-16	-3.7669805e-16	5.235036e-16	2.5008592e-17	0	-6.613413e-17
1.6000000000001186e-10	1.6997919e-09	-1.1079001e-08	0.06871189	0.044689484	1.03141124e-16	-3.6042986e-16	5.0116875e-16	2.7513084e-17	0	-6.5110854e-17
1.700000000000201e-10	5.5243237e-09	-1.1412888e-08	0.07604967	0.0489348	9.977518e-17	-3.4468918e-16	4.793758e-16	2.948613e-17	0	-6.439755e-17
1.8000000000002833e-10	1.089688e-08	-9.106028e-09	0.07898496	0.05279863	9.5912035e-17	-3.313852e-16	4.607039e-16	3.0809096e-17	0	-6.421581e-17
1.9000000000003657e-10	1.7240746e-08	-4.0066523e-09	0.07781977	0.055701293	9.191471e-17	-3.202856e-16	4.4491766e-16	3.160271e-17	0	-6.4320036e-17
2.000000000000448e-10	2.4222034e-08	2.4282742e-09	0.07446958	0.05755268	8.780535e-17	-3.0908253e-16	4.289626e-16	3.223407e-17	0	-6.430881e-17
2.1000000000005304e-10	3.1840745e-08	1.0320165e-08	0.071296416	0.058816873	8.333714e-17	-2.9563427e-16	4.099283e-16	3.303561e-17	0	-6.399254e-17
2.2000000000006128e-10	4.003617e-08	1.851559e-08	0.069939815	0.05980924	7.830123e-17	-2.7946955e-16	3.871066e-16	3.400502e-17	0	-6.334083e-17
2.3000000000006952e-10	4.996174e-08	2.7500205e-08	0.07074219	0.060085986	7.271993e-17	-2.6187972e-16	3.622252e-16	3.469064e-17	0	-6.231622e-17
2.4000000000005925e-10	6.293783e-08	4.0855713e-08	0.07299188	0.059306514	6.676353e-17	-2.4469665e-16	3.3788795e-16	3.4478562e-17	0	-6.090631e-17
2.5000000000004163e-10	7.88582e-08	6.192099e-08	0.07576925	0.057454202	6.0598405e-17	-2.2873654e-16	3.154347e-16	3.3157743e-17	0	-5.9257505e-17
2.60000000000024e-10	9.524906e-08	9.221371e-08	0.07887095	0.05493289	5.4364394e-17	-2.1318627e-16	2.939134e-16	3.1278108e-17	0	-5.7640877e-17
2.700000000000064e-10	1.098187e-07	1.274844e-07	0.08242211	0.05249754	4.817901e-17	-1.963034e-16	2.7089884e-16	2.9803887e-17	0	-5.622034e-17
2.800099999999888e-10	1.2262784e-07	1.6753575e-07	0.085489795	0.05092626	4.2167626e-17	-1.7710574e-16	2.449795e-16	2.9216843e-17	0	-5.4922976e-17
2.9000999999997117e-10	1.3525487e-07	2.0679126e-07	0.08664802	0.05034166	3.656025e-17	-1.5786764e-16	2.1911154e-16	2.8961072e-17	0	-5.364473e-17
3.0000999999995355e-10	1.4569645e-07	2.416588e-07	0.08602393	0.049416196	3.1541118e-17	-1.4315073e-16	1.9917546e-16	2.792923e-17	0	-5.2412827e-17
3.1000999999993594e-10	1.5422576e-07	2.662299e-07	0.08489562	0.04768148	2.7102272e-17	-1.3486837e-16	1.8772448e-16	2.5631194e-17	0	-5.138506e-17
3.2000999999991833e-10	1.620266e-07	2.7312012e-07	0.08423071	0.04510043	2.3003861e-17	-1.3099285e-16	1.8224073e-16	2.2712297e-17	0	-5.0956328e-17
3.300099999999007e-10	1.7553387e-07	2.5800412e-07	0.08468632	0.04242833	1.8923427e-17	-1.2806914e-16	1.7822482e-16	2.0348373e-17	0	-5.158062e-17
3.400099999998831e-10	1.9462617e-07	2.2297627e-07	0.08637084	0.0407355	1.4598542e-17	-1.237526e-16	1.7254716e-16	1.9127374e-17	0	-5.332339e-17
3.500099999998655e-10	2.1380954e-07	1.785085e-07	0.08839582	0.040564965	9.8498475e-18	-1.1705605e-16	1.6364171e-16	1.8849969e-17	0	-5.558578e-17
3.600099999998479e-10	2.2419042e-07	1.3495134e-07	0.08925081	0.041495707	4.591561e-18	-1.0751178e-16	1.5061232e-16	1.8773962e-17	0	-5.7282926e-17
3.7000999999983027e-10	2.2564737e-07	9.3943854e-08	0.08769961	0.04255087	-1.1612734e-18	-9.5123415e-17	1.3354605e-16	1.818871e-17	0	-5.777262e-17
3.8000999999981266e-10	2.2334052e-07	5.0083155e-08	0.083215974	0.04332682	-7.158215e-18	-8.07419e-17	1.139612e-16	1.7205339e-17	0	-5.758287e-17
3.9000999999979505e-10	2.2060871e-07	7.52765e-09	0.07575563	0.043961015	-1.2845781e-17	-6.6443197e-17	9.4695637e-17	1.665205e-17	0	-5.775028e-17
4.0000999999977743e-10	2.1374883e-07	-2.1034925e-08	0.066052	0.04460696	-1.7756648e-17	-5.646708e-17	8.079553e-17	1.6816704e-17	0	-5.890179e-17
4.100099999997598e-10	2.0355009e-07	-2.4404155e-08	0.055556085	0.04516914	-2.2075755e-17	-5.166062e-17	7.3274914e-17	1.7068238e-17	0	-6.075829e-17
4.200099999997422e-10	1.9426193e-07	-1.5480248e-08	0.04551185	0.045497745	-2.5870496e-17	-4.9293516e-17	6.8973635e-17	1.6772351e-17	0	-6.232296e-17
4.300099999997246e-10	1.9171225e-07	-9.713097e-09	0.036632504	0.045425452	-2.9276284e-17	-4.7771103e-17	6.598524e-17	1.5520686e-17	0	-6.3011105e-17
4.40009999999707e-10	2.0150122e-07	-1.2900206e-08	0.029262157	0.04486422	-3.242002e-17	-4.6941646e-17	6.416098e-17	1.3633839e-17	0	-6.327319e-17
4.5000999999968937e-10	2.2982097e-07	-2.0488564e-08	0.023459006	0.043745525	-3.5387756e-17	-4.6416787e-17	6.3088986e-17	1.18489925e-17	0	-6.390895e-17
4.6000999999967176e-10	2.6723157e-07	-2.7955506e-08	0.019024512	0.04232368	-3.8194952e-17	-4.5906837e-17	6.2378305e-17	1.05761e-17	0	-6.524252e-17
4.700099999996541e-10	2.9898126e-07	-2.7135963e-08	0.015556549	0.04075387	-4.087635e-17	-4.5368454e-17	6.18264e-17	9.750546e-18	0	-6.708483e-17
4.800099999996365e-10	3.0398957e-07	-7.193762e-09	0.012590465	0.039094377	-4.351685e-17	-4.4766707e-17	6.121382e-17	9.098243e-18	0	-6.9062216e-17
4.900099999996189e-10	2.6692803e-07	4.2373383e-08	0.009704331	0.037389085	-4.6190748e-17	-4.3795236e-17	6.000604e-17	8.397543e-18	0	-7.07991e-17
5.000099999996013e-10	1.8148314e-07	1.16648216e-07	0.0066527445	0.03571361	-4.887292e-17	-4.1677604e-17	5.713643e-17	7.6543745e-18	0	-7.1986134e-17
5.100099999995837e-10	6.691413e-08	1.9474759e-07	0.0035236487	0.03415988	-5.1431093e-17	-3.805769e-17	5.2157136e-17	6.978007e-18	0	-7.250855e-17
5.200099999995661e-10	-4.982515e-08	2.5905132e-07	0.00060991413	0.03275225	-5.3727608e-17	-3.3837868e-17	4.631355e-17	6.3280405e-18	0	-7.253133e-17
5.300099999995485e-10	-1.4399666e-07	3.1155517e-07	-0.0018213802	0.03147271	-5.57053e-17	-3.0265563e-17	4.1325874e-17	5.609518e-18	0	-7.2375134e-17
5.400099999995309e-10	-2.054927e-07	3.6454466e-07	-0.0035565458	0.030386653	-5.7373896e-17	-2.791531e-17	3.800381e-17	4.850863e-18	0	-7.231324e-17
5.500099999995133e-10	-2.4261493e-07	4.110385e-07	-0.0044101467	0.029657394	-5.8770766e-17	-2.6533621e-17	3.6023954e-17	4.1891996e-18	0	-7.2450295e-17
5.600099999994956e-10	-2.6252678e-07	4.213824e-07	-0.0042728945	0.029300654	-5.9942715e-17	-2.5382742e-17	3.4420044e-17	3.7571883e-18	0	-7.27372e-17
5.70009999999478e-10	-2.565168e-07	3.6972182e-07	-0.003274407	0.029183032	-6.093047e-17	-2.3996093e-17	3.2570445e-17	3.5539017e-18	0	-7.305872e-17
5.800099999994604e-10	-2.2179249e-07	2.573743e-07	-0.0018110481	0.02914951	-6.175991e-17	-2.2514991e-17	3.0627428e-17	3.4442421e-18	0	-7.331659e-17
5.900099999994428e-10	-1.652137e-07	1.11715785e-07	-0.00032162978	0.029103577	-6.2454174e-17	-2.1245524e-17	2.8965565e-17	3.3066555e-18	0	-7.348088e-17
6.000099999994252e-10	-9.552223e-08	-3.362401e-08	0.0009033353	0.029035715	-6.303907e-17	-2.0329965e-17	2.776139e-17	3.1112556e-18	0	-7.3581746e-17
6.100099999994076e-10	-1.763534e-08	-1.4774531e-07	0.0017521215	0.02894111	-6.3538595e-17	-1.974006e-17	2.6980387e-17	2.8823704e-18	0	-7.3661294e-17
6.2000999999939e-10	6.723284e-08	-2.1182139e-07	0.0022433575	0.02880907	-6.397339e-17	-1.9358367e-17	2.6473318e-17	2.650016e-18	0	-7.3738354e-17
6.300099999993724e-10	1.5616838e-07	-2.2396276e-07	0.0024611338	0.028628824	-6.43608e-17	-1.903521e-17	2.6044728e-17	2.4360645e-18	0	-7.380638e-17
6.400099999993547e-10	2.3903323e-07	-1.9298709e-07	0.0025039306	0.0284054	-6.471437e-17	-1.8637873e-17	2.5518805e-17	2.2543002e-18	0	-7.38496e-17
6.500099999993371e-10	3.072374e-07	-1.3601371e-07	0.0024594683	0.028149	-6.504499e-17	-1.8090435e-17	2.4794082e-17	2.1093153e-18	0	-7.385795e-17
6.600099999993195e-10	3.490037e-07	-6.3893964e-08	0.0024003934	0.027869161	-6.536311e-17	-1.7386592e-17	2.3860683e-17	1.9981766e-18	0	-7.383538e-17
6.700099999993019e-10	3.5738125e-07	1.8363822e-08	0.0023869108	0.027570201	-6.5678055e-17	-1.6594494e-17	2.2806236e-17	1.9138625e-18	0	-7.380366e-17
6.800099999992843e-10	3.3315922e-07	1.1491807e-07	0.002468329	0.027254695	-6.599481e-17	-1.5832275e-17	2.1785739e-17	1.8462733e-18	0	-7.379455e-17
6.900099999992667e-10	2.8671846e-07	2.2176214e-07	0.0026748874	0.026922788	-6.6316155e-17	-1.5187334e-17	2.0917302e-17	1.7848103e-18	0	-7.383093e-17
7.000099999992491e-10	2.329929e-07	3.3370557e-07	0.0030049714	0.026572082	-6.66445e-17	-1.4668169e-17	2.021598e-17	1.7230249e-18	0	-7.391534e-17
7.100099999992315e-10	1.9238001e-07	4.3715005e-07	0.0034256275	0.026205298	-6.6976986e-17	-1.423043e-17	1.962489e-17	1.659667e-18	0	-7.403111e-17
7.200099999992138e-10	1.807243e-07	5.17101e-07	0.003886857	0.025843188	-6.730347e-17	-1.3818257e-17	1.9069749e-17	1.5968087e-18	0	-7.415177e-17
7.300099999991962e-10	2.1024302e-07	5.6521117e-07	0.0043387203	0.025503304	-6.761141e-17	-1.3395019e-17	1.850083e-17	1.5375609e-18	0	-7.425478e-17
7.400099999991786e-10	2.7714196e-07	5.7516706e-07	0.0047426857	0.025189394	-6.789205e-17	-1.2955019e-17	1.7909421e-17	1.4847298e-18	0	-7.4331184e-17
7.50009999999161e-10	3.6632034e-07	5.5137e-07	0.0050759306	0.024898123	-6.8143007e-17	-1.2511552e-17	1.7312554e-17	1.4405409e-18	0	-7.438455e-17
7.600099999991434e-10	4.6026418e-07	5.031384e-07	0.005330936	0.024619592	-6.836691e-17	-1.2080301e-17	1.6730754e-17	1.4059748e-18	0	-7.442334e-17
7.700099999991258e-10	5.4142924e-07	4.4768268e-07	0.0055123097	0.024348283	-6.85686e-17	-1.1671281e-17	1.617698e-17	1.3802579e-18	0	-7.445455e-17
7.800099999991082e-10	6.018781e-07	4.00301e-07	0.005631705	0.024083482	-6.875271e-17	-1.1286186e-17	1.565346e-17	1.3618123e-18	0	-7.44818e-17
7.900099999990906e-10	6.404421e-07	3.712831e-07	0.005703148	0.023832014	-6.8922475e-17	-1.0920777e-17	1.5155148e-17	1.3493259e-18	0	-7.4506176e-17
8.00009999999073e-10	6.618261e-07	3.6730682e-07	0.0057398877	0.023599997	-6.9079765e-17	-1.0570684e-17	1.467716e-17	1.3416845e-18	0	-7.452792e-17
8.100099999990553e-10	6.720401e-07	3.8773467e-07	0.0057525793	0.02338949	-6.922564e-17	-1.0235259e-17	1.4219364e-17	1.3374773e-18	0	-7.4547224e-17
8.200099999990377e-10	6.755459e-07	4.288939e-07	0.005748543	0.023200655	-6.936112e-17	-9.9169195e-18	1.3785241e-17	1.3350788e-18	0	-7.4564515e-17
8.300099999990201e-10	6.768966e-07	4.878403e-07	0.0057322173	0.023026593	-6.9487446e-17	-9.6182436e-18	1.3377939e-17	1.333279e-18	0	-7.4580424e-17
8.400099999990025e-10	6.7732157e-07	5.586245e-07	0.005706798	0.022858253	-6.960621e-17	-9.340203e-18	1.2997999e-17	1.3316811e-18	0	-7.459569e-17
8.500099999989849e-10	6.759708e-07	6.3587396e-07	0.0056759994	0.022692196	-6.971908e-17	-9.081755e-18	1.2643094e-17	1.3305906e-18	0	-7.4611016e-17
8.600099999989673e-10	6.749388e-07	7.133359e-07	0.005644854	0.022527449	-6.9827636e-17	-8.840011e-18	1.2308688e-17	1.330628e-18	0	-7.462694e-17
8.700099999989497e-10	6.739371e-07	7.8830885e-07	0.0056191306	0.022363616	-6.9933264e-17	-8.611553e-18	1.19900905e-17	1.3322272e-18	0	-7.464403e-17
8.800099999989321e-10	6.735274e-07	8.551471e-07	0.005603828	0.022200236	-7.003705e-17	-8.39419e-18	1.16848485e-17	1.3352038e-18	0	-7.466291e-17
8.900099999989144e-10	6.735274e-07	9.1124025e-07	0.005601605	0.022035772	-7.013984e-17	-8.1875975e-18	1.13933905e-17	1.3386853e-18	0	-7.468432e-17
9.000099999988968e-10	6.7512093e-07	9.540386e-07	0.0056118863	0.021869091	-7.024221e-17	-7.992603e-18	1.1117805e-17	1.3413822e-18	0	-7.4708796e-17
9.100099999988792e-10	6.792642e-07	9.808406e-07	0.0056309216	0.021699578	-7.0344445e-17	-7.810118e-18	1.08601916e-17	1.3419587e-18	0	-7.4736476e-17
9.200099999988616e-10	6.84485e-07	9.901895e-07	0.0056528463	0.021527544	-7.044656e-17	-7.64062e-18	1.0621743e-17	1.3393012e-18	0	-7.476698e-17
9.30009999998844e-10	6.882488e-07	9.815084e-07	0.005671137	0.021354506	-7.054834e-17	-7.4842135e-18	1.0402765e-17	1.3326408e-18	0	-7.479953e-17
9.400099999989161e-10	6.8978164e-07	9.558901e-07	0.005680054	0.021182617	-7.064947e-17	-7.340828e-18	1.0202974e-17	1.3215652e-18	0	-7.4833184e-17
9.50009999999002e-10	6.879908e-07	9.165521e-07	0.0056755827	0.021013021	-7.074963e-17	-7.2102075e-18	1.00216215e-17	1.3060024e-18	0	-7.4867045e-17
9.600099999990877e-10	6.8330115e-07	8.651637e-07	0.0056557525	0.02084635	-7.084855e-17	-7.091656e-18	9.857303e-18	1.2861955e-18	0	-7.490039e-17
9.700099999991735e-10	6.7732157e-07	8.0664233e-07	0.005620403	0.020682694	-7.094608e-17	-6.983782e-18	9.707739e-18	1.2626797e-18	0	-7.493271e-17
9.800099999992593e-10	6.731176e-07	7.436893e-07	0.0055707297	0.0205212	-7.1042215e-17	-6.884364e-18	9.569629e-18	1.2362354e-18	0	-7.496371e-17
9.90009999999345e-10	6.7184277e-07	6.807667e-07	0.0055087195	0.020361533	-7.113718e-17	-6.790314e-18	9.4386205e-18	1.2078288e-18	0	-7.499332e-17
1.0000099999994308e-09	6.778148e-07	6.2303445e-07	0.005436623	0.020203019	-7.1231355e-17	-6.697671e-18	9.309295e-18	1.1785543e-18	0	-7.5021536e-17
1.0100099999995166e-09	6.862682e-07	5.709176e-07	0.0053564715	0.020045295	-7.132526e-17	-6.6016983e-18	9.175296e-18	1.1495703e-18	0	-7.504843e-17
1.0200099999996024e-09	6.9998794e-07	5.308966e-07	0.005269624	0.01988787	-7.1419476e-17	-6.49717e-18	9.029731e-18	1.1220317e-18	0	-7.5074065e-17
1.0300099999996882e-09	7.130703e-07	5.0244785e-07	0.005176454	0.019730315	-7.151446e-17	-6.378961e-18	8.865961e-18	1.097008e-18	0	-7.509847e-17
1.040009999999774e-09	7.208787e-07	4.873015e-07	0.00507634	0.019572254	-7.161046e-17	-6.242949e-18	8.67877e-18	1.0753833e-18	0	-7.5121665e-17
1.0500099999998598e-09	7.164016e-07	4.862733e-07	0.004967982	0.01941346	-7.170726e-17	-6.0870778e-18	8.465742e-18	1.0577358e-18	0	-7.514366e-17
1.0600099999999456e-09	6.9570814e-07	4.95588e-07	0.0048499727	0.019253923	-7.180414e-17	-5.912234e-18	8.22833e-18	1.0442249e-18	0	-7.516446e-17
1.0700000000000313e-09	6.54344e-07	5.1229944e-07	0.00472158	0.01909401	-7.189987e-17	-5.722631e-18	7.97232e-18	1.0345401e-18	0	-7.5184094e-17
1.080000000000117e-09	5.9375856e-07	5.3122386e-07	0.0045826514	0.018934079	-7.1993215e-17	-5.5242728e-18	7.7057185e-18	1.0279148e-18	0	-7.5202576e-17
1.0900000000002028e-09	5.1880835e-07	5.486942e-07	0.0044344277	0.018774975	-7.2082775e-17	-5.3246017e-18	7.43834e-18	1.0233491e-18	0	-7.521986e-17
1.1000000000002886e-09	4.373094e-07	5.5818816e-07	0.004278718	0.018617881	-7.2167485e-17	-5.130167e-18	7.178714e-18	1.019801e-18	0	-7.5235835e-17
1.1100000000003744e-09	3.5543104e-07	5.5687536e-07	0.004117587	0.018463809	-7.224674e-17	-4.9457836e-18	6.9330366e-18	1.0164044e-18	0	-7.52504e-17
1.1200000000004602e-09	2.8038977e-07	5.414444e-07	0.0039530266	0.01831329	-7.232033e-17	-4.774269e-18	6.7048345e-18	1.0125834e-18	0	-7.5263476e-17
1.130000000000546e-09	2.1555486e-07	5.12639e-07	0.0037867916	0.018165128	-7.23883e-17	-4.616701e-18	6.495343e-18	1.008069e-18	0	-7.527501e-17
1.1400000000006318e-09	1.6465216e-07	4.7259147e-07	0.0036203582	0.018018782	-7.2451e-17	-4.472844e-18	6.304078e-18	1.0028605e-18	0	-7.5285096e-17
1.1500000000007175e-09	1.265738e-07	4.2316282e-07	0.0034549176	0.017874166	-7.250882e-17	-4.3416618e-18	6.1295225e-18	9.971302e-19	0	-7.529381e-17
1.1600000000008033e-09	9.931641e-08	3.6949226e-07	0.0032914397	0.017731113	-7.256224e-17	-4.221703e-18	5.9696475e-18	9.911366e-19	0	-7.530133e-17
1.1700000000008891e-09	8.110435e-08	3.1572685e-07	0.0031306935	0.017589446	-7.261173e-17	-4.1113834e-18	5.822283e-18	9.851511e-19	0	-7.530778e-17
1.1800000000009749e-09	6.950935e-08	2.6575847e-07	0.0029732354	0.017449066	-7.265775e-17	-4.009211e-18	5.685415e-18	9.793943e-19	0	-7.5313346e-17
1.1900000000010607e-09	6.13291e-08	2.2209888e-07	0.0028194478	0.01730982	-7.270069e-17	-3.9138985e-18	5.557325e-18	9.740115e-19	0	-7.531813e-17
1.2000000000011465e-09	5.3938038e-08	1.8564535e-07	0.002669563	0.017171735	-7.2740986e-17	-3.824398e-18	5.4366342e-18	9.690682e-19	0	-7.532229e-17
1.2100000000012322e-09	4.7594174e-08	1.5698697e-07	0.0025236309	0.017034687	-7.277894e-17	-3.7399226e-18	5.3223307e-18	9.64554e-19	0	-7.53259e-17
1.220000000001318e-09	4.0430763e-08	1.3554512e-07	0.0023815806	0.016898746	-7.281484e-17	-3.659908e-18	5.2136995e-18	9.604038e-19	0	-7.532903e-17
1.2300000000014038e-09	3.1840745e-08	1.1978315e-07	0.0022432434	0.016764006	-7.284896e-17	-3.5839565e-18	5.110256e-18	9.565174e-19	0	-7.533178e-17
1.2400000000014896e-09	2.3448022e-08	1.0830482e-07	0.0021083693	0.016630819	-7.288153e-17	-3.511794e-18	5.0116814e-18	9.527767e-19	0	-7.5334184e-17
1.2500000000015754e-09	1.5465071e-08	9.811935e-08	0.0019766677	0.016499564	-7.291272e-17	-3.4432185e-18	4.9177467e-18	9.490623e-19	0	-7.533631e-17
1.2600000000016612e-09	7.967775e-09	8.969627e-08	0.0018478159	0.016370652	-7.294272e-17	-3.3780557e-18	4.8282594e-18	9.452663e-19	0	-7.533819e-17
1.270000000001747e-09	1.912266e-09	8.2779486e-08	0.00172148	0.016244397	-7.297166e-17	-3.31614e-18	4.7430292e-18	9.412972e-19	0	-7.5339835e-17
1.2800000000018327e-09	-2.6255713e-09	7.510386e-08	0.0015973166	0.01612074	-7.299966e-17	-3.2573095e-18	4.6618675e-18	9.370798e-19	0	-7.53413e-17
1.2900000000019185e-09	-6.9054047e-09	6.717782e-08	0.0014750102	0.015999688	-7.302686e-17	-3.2013904e-18	4.5845654e-18	9.325577e-19	0	-7.5342595e-17
1.3000000000020043e-09	-9.6827435e-09	5.88036e-08	0.0013542776	0.015881164	-7.305335e-17	-3.148194e-18	4.51089e-18	9.276925e-19	0	-7.534374e-17
1.3100000000020901e-09	-1.2019957e-08	5.0902695e-08	0.0012348446	0.015765423	-7.3079223e-17	-3.0975443e-18	4.4406215e-18	9.224532e-19	0	-7.534476e-17
1.3200000000021759e-09	-1.293056e-08	4.224533e-08	0.0011164704	0.015652325	-7.3104555e-17	-3.049274e-18	4.373552e-18	9.16816e-19	0	-7.534565e-17
1.3300000000022617e-09	-1.205031e-08	3.508382e-08	0.0009989515	0.015542172	-7.3129417e-17	-3.0032302e-18	4.3094886e-18	9.107595e-19	0	-7.534644e-17
1.3400000000023475e-09	-1.1579832e-08	2.7710781e-08	0.00088210515	0.015434703	-7.315388e-17	-2.9592862e-18	4.248275e-18	9.042611e-19	0	-7.5347134e-17
1.3500000000024332e-09	-1.0304988e-08	2.1676142e-08	0.000765787	0.015329966	-7.3178015e-17	-2.9173384e-18	4.1897848e-18	8.972948e-19	0	-7.5347756e-17
1.360000000002519e-09	-9.333679e-09	1.6316864e-08	0.00064988015	0.015227861	-7.320184e-17	-2.8773107e-18	4.1339286e-18	8.898311e-19	0	-7.5348286e-17
1.3700000000026048e-09	-8.028481e-09	1.26251285e-08	0.0005342844	0.0151283685	-7.3225436e-17	-2.8391519e-18	4.080653e-18	8.818347e-19	0	-7.534877e-17
1.3800000000026906e-09	-7.3910593e-09	9.9066e-09	0.00041891655	0.015031479	-7.3248815e-17	-2.8028376e-18	4.029937e-18	8.732667e-19	0	-7.534918e-17
1.3900000000027764e-09	-6.814344e-09	8.925805e-09	0.0003037185	0.014936719	-7.327203e-17	-2.7683518e-18	3.9817733e-18	8.6408755e-19	0	-7.534954e-17
1.4000000000028622e-09	-6.404573e-09	7.193762e-09	0.00018863409	0.014843871	-7.329512e-17	-2.7356995e-18	3.9361786e-18	8.5425697e-19	0	-7.5349854e-17
1.410000000002948e-09	-5.994802e-09	5.1942304e-09	7.3626696e-05	0.014752783	-7.33181e-17	-2.7048878e-18	3.8931744e-18	8.437366e-19	0	-7.5350125e-17
1.4200000000030337e-09	-6.101039e-09	5.4370575e-09	-4.13209e-05	0.014663464	-7.3341e-17	-2.6759336e-18	3.8527926e-18	8.324884e-19	0	-7.535035e-17
1.4300000000031195e-09	-4.704781e-09	4.716164e-09	-0.0001562124	0.014575579	-7.3363846e-17	-2.648852e-18	3.815061e-18	8.204784e-19	0	-7.535054e-17
1.4400000000032053e-09	-3.3085235e-09	5.8430345e-09	-0.0002710273	0.014489106	-7.338666e-17	-2.623657e-18	3.780007e-18	8.076772e-19	0	-7.535069e-17
1.450000000003291e-09	-2.534511e-09	5.2207896e-09	-0.00038572043	0.014404003	-7.3409454e-17	-2.600362e-18	3.7476547e-18	7.940577e-19	0	-7.53508e-17
1.4600000000033769e-09	-1.8970892e-09	4.8034297e-09	-0.0005002212	0.014320223	-7.343225e-17	-2.578971e-18	3.7180172e-18	7.795987e-19	0	-7.535089e-17
1.4700000000034627e-09	-1.4721412e-09	4.484719e-09	-0.0006144366	0.01423771	-7.345504e-17	-2.5594939e-18	3.691113e-18	7.642788e-19	0	-7.535094e-17
1.4800000000035485e-09	-6.9812883e-10	3.7182948e-09	-0.00072824187	0.014156309	-7.347787e-17	-2.5419254e-18	3.6669434e-18	7.4808353e-19	0	-7.535097e-17
1.4900000000036342e-09	6.0706856e-11	2.9708416e-09	-0.0008414839	0.014075951	-7.350073e-17	-2.5262582e-18	3.6455045e-18	7.3100174e-19	0	-7.5350966e-17
1.50000000000372e-09	1.912266e-09	1.2179312e-09	-0.0009539984	0.013996606	-7.352362e-17	-2.5124798e-18	3.6267875e-18	7.1302436e-19	0	-7.535095e-17
1.5100000000038058e-09	2.0488564e-09	6.488045e-10	-0.0010655988	0.013918185	-7.354657e-17	-2.5005711e-18	3.6107737e-18	6.9414784e-19	0	-7.535092e-17
1.5200000000038916e-09	2.9746359e-09	3.642411e-10	-0.0011760984	0.013840631	-7.356955e-17	-2.4905089e-18	3.5974366e-18	6.743717e-19	0	-7.535085e-17
1.5300000000039774e-09	2.488981e-09	7.284822e-10	-0.001285295	0.013764064	-7.359259e-17	-2.4822679e-18	3.586751e-18	6.5369695e-19	0	-7.535077e-17
1.5400000000040632e-09	1.8363823e-09	1.3734925e-09	-0.0013929841	0.013688444	-7.361568e-17	-2.4758231e-18	3.578689e-18	6.3212625e-19	0	-7.5350675e-17
1.550000000004149e-09	1.851559e-09	2.3751556e-09	-0.0014989735	0.013613831	-7.363883e-17	-2.4711431e-18	3.573212e-18	6.09668e-19	0	-7.535056e-17
1.5600000000042347e-09	1.6087316e-09	2.9746359e-09	-0.0016030703	0.013540183	-7.366202e-17	-2.4681955e-18	3.5702815e-18	5.863318e-19	0	-7.535044e-17
1.5700000000043205e-09	2.6711016e-09	3.0960496e-09	-0.0017050843	0.0134676	-7.3685275e-17	-2.4669485e-18	3.569858e-18	5.6212883e-19	0	-7.535031e-17
1.5800000000044063e-09	2.9746359e-09	4.1356545e-09	-0.0018048391	0.013395967	-7.370857e-17	-2.4673627e-18	3.5718908e-18	5.370754e-19	0	-7.535017e-17
1.590000000004492e-09	3.6120578e-09	4.833783e-09	-0.001902169	0.013325266	-7.373191e-17	-2.4694009e-18	3.576332e-18	5.1118785e-19	0	-7.5350026e-17
1.6000000000045779e-09	3.725883e-09	5.1980242e-09	-0.0019969244	0.013255594	-7.375529e-17	-2.473024e-18	3.5831272e-18	4.844863e-19	0	-7.5349874e-17
1.6100000000046637e-09	3.824532e-09	5.44844e-09	-0.0020889603	0.013186914	-7.37787e-17	-2.478187e-18	3.592216e-18	4.569936e-19	0	-7.534972e-17
1.6200000000047495e-09	3.892827e-09	6.8522863e-09	-0.0021781432	0.01311927	-7.380213e-17	-2.4848501e-18	3.603543e-18	4.2873255e-19	0	-7.5349556e-17
1.6300000000048352e-09	3.2705818e-09	7.1558204e-09	-0.0022643602	0.013052711	-7.38256e-17	-2.4929669e-18	3.617043e-18	3.997294e-19	0	-7.5349404e-17
1.640000000004921e-09	2.701455e-09	7.4290014e-09	-0.0023474994	0.012987276	-7.384908e-17	-2.5024927e-18	3.63265e-18	3.7001125e-19	0	-7.5349245e-17
1.6500000000050068e-09	2.1095632e-09	7.884303e-09	-0.0024274734	0.012922775	-7.3872556e-17	-2.51338e-18	3.650298e-18	3.396064e-19	0	-7.534908e-17
1.6600000000050926e-09	2.488981e-09	7.823596e-09	-0.0025041946	0.012859124	-7.389605e-17	-2.525584e-18	3.669918e-18	3.0854418e-19	0	-7.534893e-17
1.6700000000051784e-09	2.9442824e-09	8.278898e-09	-0.002577585	0.012796425	-7.391952e-17	-2.5390584e-18	3.691444e-18	2.7685446e-19	0	-7.534877e-17
1.6800000000052642e-09	3.3312886e-09	8.590019e-09	-0.0026475831	0.012734732	-7.3943e-17	-2.553756e-18	3.714804e-18	2.4456856e-19	0	-7.5348617e-17
1.69000000000535e-09	3.5361742e-09	8.536901e-09	-0.0027141247	0.0126740225	-7.3966444e-17	-2.5696258e-18	3.7399255e-18	2.1171836e-19	0	-7.534846e-17
1.7000000000054357e-09	2.8456337e-09	9.5613295e-09	-0.0027771525	0.0126142735	-7.398986e-17	-2.5866231e-18	3.7667394e-18	1.7833479e-19	0	-7.534831e-17
1.7100000000055215e-09	3.1112262e-09	1.00697495e-08	-0.00283662	0.01255548	-7.401324e-17	-2.6047012e-18	3.7951745e-18	1.4445024e-19	0	-7.5348167e-17
1.7200000000056073e-09	2.4586275e-09	9.523387e-09	-0.0028924616	0.01249761	-7.4036576e-17	-2.6238026e-18	3.8251495e-18	1.1010013e-19	0	-7.534803e-17
1.730000000005693e-09	1.7756755e-09	1.0229105e-08	-0.0029446303	0.012440385	-7.405985e-17	-2.643876e-18	3.856585e-18	7.5319053e-20	0	-7.534789e-17
1.7400000000057789e-09	1.3507275e-09	1.0153221e-08	-0.0029930784	0.01238381	-7.408307e-17	-2.66487e-18	3.8894057e-18	4.0141553e-20	0	-7.534775e-17
1.7500000000058647e-09	1.2672555e-09	1.0388461e-08	-0.003037749	0.012327899	-7.410622e-17	-2.6867267e-18	3.9235253e-18	4.604992e-21	0	-7.5347624e-17
1.7600000000059504e-09	6.2983363e-10	1.0593346e-08	-0.0030785962	0.012272595	-7.412928e-17	-2.7093881e-18	3.9588587e-18	-3.125235e-20	0	-7.53475e-17
1.7700000000060362e-09	-5.387733e-10	1.0980352e-08	-0.003115564	0.012217805	-7.415226e-17	-2.7327905e-18	3.995313e-18	-6.739038e-20	0	-7.534739e-17
1.780000000006122e-09	-1.1079001e-09	9.295737e-09	-0.0031485981	0.012163459	-7.417513e-17	-2.756868e-18	4.032792e-18	-1.03767384e-19	0	-7.534729e-17
1.7900000000062078e-09	-1.7301454e-09	8.552078e-09	-0.0031776433	0.012109493	-7.419788e-17	-2.781552e-18	4.071196e-18	-1.4034021e-19	0	-7.534719e-17
1.8000000000062936e-09	-2.0792097e-09	8.984614e-09	-0.0032026432	0.012055839	-7.4220534e-17	-2.8067723e-18	4.1104234e-18	-1.7706355e-19	0	-7.534712e-17
1.8100000000063794e-09	-2.5117461e-09	8.354781e-09	-0.0032235438	0.012002571	-7.4243047e-17	-2.83245e-18	4.1503605e-18	-2.1388912e-19	0	-7.534707e-17
1.8200000000064652e-09	-3.5892926e-09	8.984614e-09	-0.00324029	0.011949664	-7.42654e-17	-2.8585042e-18	4.19089e-18	-2.5076595e-19	0	-7.5347015e-17
1.830000000006551e-09	-4.7503113e-09	1.0593346e-08	-0.003252827	0.0118971085	-7.428759e-17	-2.8848542e-18	4.2318957e-18	-2.876432e-19	0	-7.5346975e-17
1.8400000000066367e-09	-5.0993756e-09	1.1170061e-08	-0.00326111	0.0118449945	-7.430959e-17	-2.911416e-18	4.2732564e-18	-3.244665e-19	0	-7.534697e-17
1.8500000000067225e-09	-6.2224523e-09	9.849687e-09	-0.003265111	0.011793204	-7.433142e-17	-2.9381017e-18	4.3148446e-18	-3.6117996e-19	0	-7.534698e-17
1.8600000000068083e-09	-6.4994277e-09	1.1458418e-08	-0.0032648	0.011741706	-7.4353035e-17	-2.9648196e-18	4.3565295e-18	-3.9772627e-19	0	-7.5347015e-17
1.870000000006742e-09	-7.588357e-09	1.1245945e-08	-0.0032601606	0.011690509	-7.437442e-17	-2.9914751e-18	4.3981756e-18	-4.3404597e-19	0	-7.5347075e-17
1.880000000006621e-09	-9.098439e-09	1.06388764e-08	-0.0032511908	0.011639615	-7.439557e-17	-3.0179772e-18	4.43965e-18	-4.7007976e-19	0	-7.534717e-17
1.8900000000065e-09	-1.1264915e-08	1.0259458e-08	-0.0032378992	0.011589026	-7.4416463e-17	-3.0442325e-18	4.4808184e-18	-5.057674e-19	0	-7.534728e-17
1.900000000006379e-09	-1.2482847e-08	1.0775467e-08	-0.003220315	0.011538756	-7.443708e-17	-3.0701532e-18	4.521552e-18	-5.410496e-19	0	-7.5347425e-17
1.910000000006258e-09	-1.4304052e-08	9.9483355e-09	-0.0031984886	0.0114887655	-7.44574e-17	-3.0956544e-18	4.5617253e-18	-5.758675e-19	0	-7.53476e-17
1.920000000006137e-09	-1.5681339e-08	9.394386e-09	-0.0031724842	0.011439135	-7.4477403e-17	-3.1206567e-18	4.601219e-18	-6.101647e-19	0	-7.5347796e-17
1.930000000006016e-09	-1.6481911e-08	8.719022e-09	-0.0031423979	0.011389858	-7.449709e-17	-3.1450846e-18	4.6399216e-18	-6.438865e-19	0	-7.534804e-17
1.940000000005895e-09	-1.7422867e-08	8.074012e-09	-0.0031083396	0.01134087	-7.4516427e-17	-3.1688683e-18	4.677726e-18	-6.7698136e-19	0	-7.5348306e-17
1.950000000005774e-09	-1.8067878e-08	7.907068e-09	-0.0030704425	0.011292229	-7.453542e-17	-3.1919485e-18	4.714541e-18	-7.0940235e-19	0	-7.534861e-17
1.960000000005653e-09	-1.8481442e-08	7.823596e-09	-0.0030288643	0.011243945	-7.455404e-17	-3.2142698e-18	4.7502786e-18	-7.4110415e-19	0	-7.534894e-17
1.9700000000055318e-09	-1.8826713e-08	7.1178787e-09	-0.0029837782	0.011196053	-7.4572265e-17	-3.2357837e-18	4.784863e-18	-7.720471e-19	0	-7.5349305e-17
1.9800000000054108e-09	-1.9054363e-08	7.3075874e-09	-0.0029353714	0.011148497	-7.45901e-17	-3.2564544e-18	4.818233e-18	-8.0219635e-19	0	-7.534968e-17
1.9900000000052898e-09	-1.885517e-08	6.3438663e-09	-0.0028838483	0.011101341	-7.460753e-17	-3.276251e-18	4.850336e-18	-8.3152207e-19	0	-7.535009e-17
2.0000000000051688e-09	-1.869771e-08	6.2224523e-09	-0.0028294316	0.011054575	-7.462454e-17	-3.295155e-18	4.8811345e-18	-8.5999973e-19	0	-7.535052e-17
2.0100000000050478e-09	-1.9796126e-08	5.129729e-09	-0.0027723568	0.011008247	-7.4641145e-17	-3.3131495e-18	4.910597e-18	-8.876095e-19	0	-7.5350986e-17
2.0200000000049267e-09	-1.9921334e-08	4.461954e-09	-0.002712854	0.010962312	-7.465732e-17	-3.3302277e-18	4.938707e-18	-9.14337e-19	0	-7.5351455e-17
2.0300000000048057e-09	-2.0562549e-08	3.680353e-09	-0.0026511678	0.010916823	-7.467305e-17	-3.346391e-18	4.9654548e-18	-9.401734e-19	0	-7.535194e-17
2.0400000000046847e-09	-2.110322e-08	3.2174632e-09	-0.0025875345	0.0108718015	-7.468836e-17	-3.3616446e-18	4.99084e-18	-9.651136e-19	0	-7.535244e-17
2.0500000000045637e-09	-2.0864187e-08	2.3599789e-09	-0.0025221948	0.010827228	-7.470324e-17	-3.375999e-18	5.0148735e-18	-9.891575e-19	0	-7.535296e-17
2.0600000000044427e-09	-2.1069072e-08	2.1475048e-09	-0.0024553912	0.010783105	-7.471769e-17	-3.38947e-18	5.037568e-18	-1.0123083e-18	0	-7.535348e-17
2.0700000000043217e-09	-2.0778817e-08	2.1854467e-09	-0.0023873558	0.010739527	-7.473171e-17	-3.4020783e-18	5.0589485e-18	-1.0345746e-18	0	-7.5354e-17
2.0800000000042007e-09	-2.0213486e-08	9.0301444e-10	-0.0023183068	0.0106964	-7.474531e-17	-3.413845e-18	5.0790416e-18	-1.0559672e-18	0	-7.535454e-17
2.0900000000040797e-09	-1.9480261e-08	5.084199e-10	-0.0022484644	0.010653792	-7.475849e-17	-3.4247966e-18	5.09788e-18	-1.0765006e-18	0	-7.535508e-17
2.1000000000039587e-09	-1.8716682e-08	9.106028e-11	-0.0021780306	0.010611715	-7.4771264e-17	-3.4349612e-18	5.1155016e-18	-1.096191e-18	0	-7.535561e-17
2.1100000000038377e-09	-1.792939e-08	6.146569e-10	-0.0021071956	0.010570125	-7.478362e-17	-3.4443687e-18	5.131946e-18	-1.1150582e-18	0	-7.5356134e-17
2.1200000000037166e-09	-1.6487602e-08	1.5935549e-10	-0.0020361375	0.010529006	-7.479557e-17	-3.4530454e-18	5.147251e-18	-1.1331219e-18	0	-7.535665e-17
2.1300000000035956e-09	-1.5124543e-08	-3.7941783e-10	-0.0019650224	0.010488464	-7.4807144e-17	-3.4610238e-18	5.1614594e-18	-1.1504044e-18	0	-7.535717e-17
2.1400000000034746e-09	-1.4360016e-08	-3.9459455e-10	-0.001894005	0.010448462	-7.481834e-17	-3.4683336e-18	5.1746177e-18	-1.166929e-18	0	-7.535769e-17
2.1500000000033536e-09	-1.3980599e-08	-5.1600824e-10	-0.0018232237	0.010408996	-7.482916e-17	-3.4750048e-18	5.186766e-18	-1.18272e-18	0	-7.53582e-17
2.1600000000032326e-09	-1.3802272e-08	-5.994802e-10	-0.0017528039	0.01037007	-7.4839616e-17	-3.4810713e-18	5.197955e-18	-1.1978025e-18	0	-7.53587e-17
2.1700000000031116e-09	-1.3143034e-08	-1.5783782e-09	-0.0016828523	0.010331657	-7.484973e-17	-3.486557e-18	5.2082207e-18	-1.2122003e-18	0	-7.535919e-17
2.1800000000029906e-09	-1.257201e-08	-1.9881494e-09	-0.0016134775	0.01029375	-7.485949e-17	-3.4914942e-18	5.2176117e-18	-1.2259388e-18	0	-7.535967e-17
2.1900000000028696e-09	-1.2054104e-08	-1.8667357e-09	-0.001544759	0.010256405	-7.4868925e-17	-3.4959072e-18	5.2261635e-18	-1.2390423e-18	0	-7.5360144e-17
2.2000000000027486e-09	-1.1458418e-08	-1.5707898e-09	-0.0014767811	0.010219562	-7.487803e-17	-3.4998247e-18	5.2339216e-18	-1.2515352e-18	0	-7.5360594e-17
2.2100000000026276e-09	-1.1447036e-08	-1.2293138e-09	-0.0014096071	0.010183232	-7.488683e-17	-3.503275e-18	5.240927e-18	-1.2634431e-18	0	-7.5361044e-17
2.2200000000025065e-09	-1.1143502e-08	-1.1306651e-09	-0.0013432967	0.0101474365	-7.489533e-17	-3.5062825e-18	5.247218e-18	-1.2747888e-18	0	-7.5361474e-17
2.2300000000023855e-09	-1.1158678e-08	-1.2672555e-09	-0.0012778906	0.010112174	-7.490354e-17	-3.508874e-18	5.252836e-18	-1.2855968e-18	0	-7.5361904e-17
2.2400000000022645e-09	-1.0870321e-08	-1.61632e-09	-0.001213429	0.010077446	-7.491147e-17	-3.51107e-18	5.2578114e-18	-1.2958889e-18	0	-7.536233e-17
2.2500000000021435e-09	-1.0134251e-08	-1.6087316e-09	-0.0011499568	0.0100432085	-7.491913e-17	-3.5128963e-18	5.262185e-18	-1.3056874e-18	0	-7.536273e-17
2.2600000000020225e-09	-9.4399155e-09	-2.8001037e-09	-0.0010874865	0.010009527	-7.492652e-17	-3.514372e-18	5.2659865e-18	-1.3150139e-18	0	-7.536312e-17
2.2700000000019015e-09	-8.88976e-09	-3.7790016e-09	-0.0010260455	0.009976369	-7.4933656e-17	-3.5155176e-18	5.2692505e-18	-1.3238888e-18	0	-7.53635e-17
2.2800000000017805e-09	-8.620373e-09	-2.17027e-09	-0.0009656462	0.009943711	-7.494056e-17	-3.5163535e-18	5.272005e-18	-1.3323316e-18	0	-7.5363876e-17
2.2900000000016595e-09	-8.586226e-09	-3.5665277e-09	-0.00090630737	0.009911573	-7.4947216e-17	-3.5168994e-18	5.274283e-18	-1.3403621e-18	0	-7.536424e-17
2.3000000000015385e-09	-7.421413e-09	-2.701455e-09	-0.0008480256	0.00987996	-7.495365e-17	-3.5171703e-18	5.276108e-18	-1.3479984e-18	0	-7.536459e-17
2.3100000000014175e-09	-6.252806e-09	-2.2158002e-09	-0.00079080375	0.009848892	-7.495986e-17	-3.517183e-18	5.2775066e-18	-1.3552576e-18	0	-7.5364935e-17
2.3200000000012965e-09	-6.950935e-09	-2.230977e-09	-0.00073464285	0.009818294	-7.496588e-17	-3.516954e-18	5.278505e-18	-1.3621571e-18	0	-7.536527e-17
2.3300000000011754e-09	-6.780197e-09	-2.1399167e-09	-0.00067954557	0.009788267	-7.4971674e-17	-3.516499e-18	5.2791275e-18	-1.3687129e-18	0	-7.536559e-17
2.3400000000010544e-09	-6.5791053e-09	-1.2900206e-09	-0.00062550284	0.009758708	-7.4977285e-17	-3.5158303e-18	5.279394e-18	-1.3749401e-18	0	-7.536591e-17
2.3500000000009334e-09	-6.931964e-09	-1.8819124e-09	-0.0005725087	0.009729654	-7.49827e-17	-3.5149605e-18	5.279327e-18	-1.3808541e-18	0	-7.536621e-17
2.3600000000008124e-09	-7.694593e-09	-7.284822e-10	-0.00052054314	0.009701084	-7.498794e-17	-3.513904e-18	5.278946e-18	-1.3864682e-18	0	-7.536652e-17
2.3700000000006914e-09	-7.508679e-09	-1.3810809e-09	-0.0004695998	0.009673008	-7.4993e-17	-3.5126717e-18	5.2782693e-18	-1.3917967e-18	0	-7.53668e-17
2.3800000000005704e-09	-7.034407e-09	-6.7536376e-10	-0.00041968154	0.0096454285	-7.499789e-17	-3.5112783e-18	5.277321e-18	-1.3968525e-18	0	-7.536708e-17
2.3900000000004494e-09	-6.4994277e-09	-7.133055e-10	-0.00037076106	0.009618324	-7.500262e-17	-3.5097306e-18	5.276112e-18	-1.401648e-18	0	-7.536735e-17
2.4000000000003284e-09	-5.2587312e-09	-7.512473e-10	-0.00032282568	0.009591689	-7.50072e-17	-3.5080436e-18	5.274665e-18	-1.4061956e-18	0	-7.536763e-17
2.4100000000002074e-09	-5.1411115e-09	-6.677754e-10	-0.0002758529	0.009565564	-7.501163e-17	-3.506222e-18	5.2729898e-18	-1.410506e-18	0	-7.536789e-17
2.4200000000000864e-09	-5.122141e-09	-8.8783775e-10	-0.00022983566	0.009539862	-7.5015905e-17	-3.5042766e-18	5.2711017e-18	-1.4145897e-18	0	-7.5368145e-17
2.4300099999999652e-09	-4.4164237e-09	-9.333678e-10	-0.0001847126	0.009514632	-7.502004e-17	-3.502217e-18	5.2690177e-18	-1.4184616e-18	0	-7.536838e-17
2.4400099999998442e-09	-4.0749475e-09	-1.7301454e-09	-0.00014055139	0.009489848	-7.502405e-17	-3.5000514e-18	5.2667504e-18	-1.4221231e-18	0	-7.536863e-17
2.450009999999723e-09	-4.336746e-09	-1.722557e-09	-9.730741e-05	0.009465511	-7.502792e-17	-3.4977924e-18	5.2643164e-18	-1.4255887e-18	0	-7.536886e-17
2.460009999999602e-09	-4.128066e-09	-2.3675673e-09	-5.4943892e-05	0.0094416505	-7.5031674e-17	-3.495439e-18	5.2617195e-18	-1.4288659e-18	0	-7.5369084e-17
2.470009999999481e-09	-3.976299e-09	-1.6922035e-09	-1.3451345e-05	0.009418188	-7.5035294e-17	-3.4930013e-18	5.2589732e-18	-1.4319635e-18	0	-7.536931e-17
2.48000999999936e-09	-3.3237002e-09	-2.0109145e-09	2.7190603e-05	0.009395195	-7.503881e-17	-3.490484e-18	5.256088e-18	-1.4348896e-18	0	-7.536952e-17
2.490009999999239e-09	-3.3540537e-09	-1.3127857e-09	6.699632e-05	0.009372613	-7.504221e-17	-3.4878972e-18	5.253076e-18	-1.4376522e-18	0	-7.536973e-17
2.500009999999118e-09	-2.8380454e-09	-1.6087316e-09	0.00010598799	0.009350453	-7.50455e-17	-3.4852424e-18	5.2499437e-18	-1.4402591e-18	0	-7.536994e-17
2.510009999998997e-09	-3.445114e-09	-7.0571715e-10	0.00014417525	0.009328709	-7.504868e-17	-3.4825296e-18	5.2467032e-18	-1.442717e-18	0	-7.5370136e-17
2.520009999998876e-09	-2.8987523e-09	-4.4771303e-10	0.0001815732	0.009307368	-7.505176e-17	-3.47976e-18	5.24336e-18	-1.4450328e-18	0	-7.537032e-17
2.530009999998755e-09	-3.1188145e-09	-6.2224526e-10	0.00021820526	0.009286424	-7.505474e-17	-3.4769383e-18	5.239923e-18	-1.4472126e-18	0	-7.5370514e-17
2.540009999998634e-09	-3.0277543e-09	-2.276507e-10	0.00025408602	0.009265898	-7.505765e-17	-3.474076e-18	5.2364028e-18	-1.4492631e-18	0	-7.537071e-17
2.550009999998513e-09	-4.0521826e-09	-1.8212055e-10	0.00028923148	0.009245738	-7.506044e-17	-3.4711696e-18	5.232803e-18	-1.4511898e-18	0	-7.5370884e-17
2.560009999998392e-09	-3.703118e-09	-4.553014e-10	0.00032366018	0.00922596	-7.506315e-17	-3.4682273e-18	5.229132e-18	-1.4529987e-18	0	-7.537106e-17
2.570009999998271e-09	-3.74106e-09	-6.829521e-10	0.0003573809	0.009206581	-7.506579e-17	-3.4652544e-18	5.225398e-18	-1.4546951e-18	0	-7.5371235e-17
2.58000999999815e-09	-3.3995837e-09	-1.1534302e-09	0.00039042337	0.009187565	-7.506832e-17	-3.462248e-18	5.2216004e-18	-1.4562841e-18	0	-7.537139e-17
2.590009999998029e-09	-3.2629934e-09	-2.5800412e-10	0.0004227903	0.009168882	-7.5070796e-17	-3.45922e-18	5.2177536e-18	-1.4577703e-18	0	-7.537156e-17
2.600009999997908e-09	-2.9518707e-09	-9.106028e-11	0.00045450177	0.009150556	-7.5073185e-17	-3.4561724e-18	5.213863e-18	-1.4591595e-18	0	-7.537172e-17
2.610009999997787e-09	-3.1567564e-09	-5.8430344e-10	0.0004855599	0.009132581	-7.50755e-17	-3.4531064e-18	5.20993e-18	-1.4604558e-18	0	-7.537187e-17
2.620009999997666e-09	-2.3372138e-09	-9.78898e-10	0.0005159937	0.0091149695	-7.5077745e-17	-3.4500245e-18	5.2059596e-18	-1.461663e-18	0	-7.537202e-17
2.630009999997545e-09	-2.2233886e-09	-6.9812883e-10	0.0005458131	0.0090976525	-7.5079935e-17	-3.4469303e-18	5.201957e-18	-1.4627852e-18	0	-7.5372175e-17
2.640009999997424e-09	-1.7377337e-09	-8.1954254e-10	0.00057503243	0.009080686	-7.508204e-17	-3.4438234e-18	5.1979244e-18	-1.4638261e-18	0	-7.5372314e-17
2.650009999997303e-09	-1.1003117e-09	-1.085135e-09	0.00060366053	0.009064012	-7.5084084e-17	-3.4407099e-18	5.1938683e-18	-1.4647896e-18	0	-7.537245e-17
2.660009999997182e-09	-2.2158002e-09	-1.593555e-09	0.0006317127	0.009047655	-7.5086076e-17	-3.4375906e-18	5.18979e-18	-1.4656787e-18	0	-7.537259e-17
2.670009999997061e-09	-2.67869e-09	-1.2065487e-09	0.00065921433	0.009031634	-7.5088e-17	-3.4344653e-18	5.185692e-18	-1.4664977e-18	0	-7.537273e-17
2.68000999999694e-09	-2.3979208e-09	-1.5707898e-09	0.0006861728	0.009015921	-7.508987e-17	-3.4313383e-18	5.1815814e-18	-1.4672496e-18	0	-7.537286e-17
2.690009999996819e-09	-2.5648645e-09	-1.085135e-09	0.0007125883	0.009000468	-7.5091674e-17	-3.4282134e-18	5.1774608e-18	-1.4679373e-18	0	-7.537299e-17
2.700009999996698e-09	-2.1095632e-09	-1.8060289e-09	0.00073848036	0.008985306	-7.509342e-17	-3.4250919e-18	5.173334e-18	-1.468564e-18	0	-7.53731e-17
2.710009999996577e-09	-2.0488564e-09	-1.3507275e-09	0.0007638716	0.008970445	-7.509513e-17	-3.4219744e-18	5.1692043e-18	-1.4691334e-18	0	-7.537323e-17
2.720009999996456e-09	-1.8363823e-09	-1.0471932e-09	0.00078877487	0.008955847	-7.5096776e-17	-3.4188593e-18	5.165068e-18	-1.4696463e-18	0	-7.537334e-17
2.730009999996335e-09	-2.1019748e-09	-8.043658e-10	0.0008131795	0.008941545	-7.5098384e-17	-3.415753e-18	5.1609337e-18	-1.4701062e-18	0	-7.537346e-17
2.740009999996214e-09	-2.1475048e-09	-1.3127857e-09	0.0008370998	0.008927465	-7.5099946e-17	-3.4126585e-18	5.1568073e-18	-1.4705163e-18	0	-7.537358e-17
2.750009999996093e-09	-2.041268e-09	-2.3144489e-09	0.00086055574	0.008913708	-7.5101455e-17	-3.4095742e-18	5.152686e-18	-1.4708791e-18	0	-7.5373683e-17
2.760009999995972e-09	-2.3523905e-09	-1.957796e-09	0.0008835608	0.008900154	-7.5102924e-17	-3.4065014e-18	5.148573e-18	-1.4711961e-18	0	-7.5373796e-17
2.770009999995851e-09	-2.6179832e-09	-1.3810809e-09	0.0009061295	0.008886853	-7.510435e-17	-3.4034381e-18	5.1444645e-18	-1.4714689e-18	0	-7.53739e-17
2.78000999999573e-09	-1.8819124e-09	-3.9459455e-10	0.0009282506	0.008873819	-7.510572e-17	-3.4003906e-18	5.140372e-18	-1.4717005e-18	0	-7.5374e-17
2.790009999995609e-09	-1.7604987e-09	3.9459455e-10	0.00094994856	0.008861046	-7.510706e-17	-3.3973608e-18	5.136296e-18	-1.4718932e-18	0	-7.53741e-17
2.800009999995488e-09	-2.2461535e-09	6.2983363e-10	0.0009712315	0.008848474	-7.510837e-17	-3.3943427e-18	5.1322293e-18	-1.472048e-18	0	-7.53742e-17
2.810009999995367e-09	-2.0943864e-09	5.31185e-10	0.0009921099	0.008836127	-7.510963e-17	-3.3913435e-18	5.128183e-18	-1.4721677e-18	0	-7.5374305e-17
2.820009999995246e-09	-1.980561e-09	3.642411e-10	0.0010125892	0.008824033	-7.511086e-17	-3.388361e-18	5.1241535e-18	-1.4722531e-18	0	-7.53744e-17
2.830009999995125e-09	-1.957796e-09	-1.1989604e-09	0.0010326699	0.008812139	-7.5112056e-17	-3.3853963e-18	5.120143e-18	-1.4723062e-18	0	-7.537449e-17
2.840009999995004e-09	-2.1171516e-09	-1.2141371e-10	0.0010523704	0.008800452	-7.51132e-17	-3.3824517e-18	5.116154e-18	-1.4723292e-18	0	-7.537458e-17
2.850009999994883e-09	-1.61632e-09	-8.3471924e-10	0.0010716959	0.008789026	-7.511433e-17	-3.3795246e-18	5.1121846e-18	-1.472322e-18	0	-7.5374676e-17
2.860009999994762e-09	-1.4797296e-09	-1.7832639e-09	0.0010906695	0.008777744	-7.511543e-17	-3.3766133e-18	5.1082328e-18	-1.4722865e-18	0	-7.537476e-17
2.870009999994641e-09	-1.1610186e-09	-1.2596673e-09	0.0011092937	0.008766694	-7.511648e-17	-3.3737231e-18	5.104306e-18	-1.4722254e-18	0	-7.5374835e-17
2.8800099999945198e-09	-1.0016631e-09	-1.3886693e-09	0.0011275621	0.008755814	-7.5117516e-17	-3.3708561e-18	5.100405e-18	-1.4721391e-18	0	-7.537493e-17
2.8900099999943988e-09	-1.2217254e-09	-1.1989604e-09	0.0011455008	0.008745139	-7.511852e-17	-3.3680108e-18	5.0965302e-18	-1.4720294e-18	0	-7.537501e-17
2.9000099999942778e-09	-1.9502078e-09	-1.2596673e-09	0.0011631149	0.008734666	-7.511949e-17	-3.3651901e-18	5.0926863e-18	-1.4718984e-18	0	-7.5375086e-17
2.9100099999941568e-09	-2.0488564e-09	-6.9812883e-10	0.0011804021	0.008724386	-7.512044e-17	-3.362391e-18	5.0888677e-18	-1.4717458e-18	0	-7.537517e-17
2.9200099999940357e-09	-2.2461535e-09	-1.1458419e-09	0.001197369	0.008714295	-7.512136e-17	-3.3596141e-18	5.0850754e-18	-1.471573e-18	0	-7.5375245e-17
2.9300099999939147e-09	-2.0033262e-09	-1.5176714e-10	0.0012140214	0.008704331	-7.512226e-17	-3.3568623e-18	5.0813143e-18	-1.4713816e-18	0	-7.537533e-17
2.9400099999937937e-09	-1.510083e-09	-1.085135e-09	0.0012303763	0.0086945975	-7.512312e-17	-3.3541322e-18	5.0775804e-18	-1.4711718e-18	0	-7.53754e-17
2.9500099999936727e-09	-1.6542617e-09	-8.3471924e-11	0.0012464327	0.008685016	-7.512396e-17	-3.3514259e-18	5.073876e-18	-1.4709452e-18	0	-7.537547e-17
2.9600099999935517e-09	-1.2369021e-09	-3.7941783e-10	0.001262199	0.008675581	-7.512479e-17	-3.348742e-18	5.0702e-18	-1.4707015e-18	0	-7.537554e-17
2.9700099999934307e-09	-1.8667357e-09	-7.284822e-10	0.0012776869	0.008666315	-7.512558e-17	-3.3460819e-18	5.066553e-18	-1.4704433e-18	0	-7.537561e-17
2.9800099999933097e-09	-1.8819124e-09	7.208939e-10	0.0012928885	0.008657192	-7.512635e-17	-3.343445e-18	5.062936e-18	-1.4701697e-18	0	-7.5375675e-17
2.9900099999931887e-09	-1.912266e-09	-1.2900206e-10	0.0013078137	0.008648258	-7.512711e-17	-3.3408342e-18	5.0593514e-18	-1.4698834e-18	0	-7.537575e-17
3.0000099999930677e-09	-1.7604987e-09	-2.4282742e-10	0.0013224796	0.00863948	-7.5127845e-17	-3.3382485e-18	5.0557995e-18	-1.4695848e-18	0	-7.5375814e-17
