# t (s)	mx ()	my ()	mz ()	spinAngle (rad)	E_total (J)	E_anis (J)	E_demag (J)	E_exch (J)	E_therm (J)	E_custom (J)
0	0	0	0	0.0015184365	-3.0864647e-16	-5.02704e-16	2.6594315e-16	3.520001e-18	0	-7.54056e-17
1.0000000000000124e-11	2.9689445e-10	-6.9812883e-10	0.0006738698	0.0069146273	-3.2029164e-16	-4.9216685e-16	2.6100036e-16	-1.390544e-17	0	-7.5219695e-17
2.0009999999999403e-11	9.276766e-10	4.0597709e-10	0.0013505889	0.007844333	-3.2128455e-16	-4.8762866e-16	2.5875914e-16	-1.7051761e-17	0	-7.5363254e-17
3.000999999999824e-11	1.4949063e-09	2.128534e-09	0.0017177408	0.007844027	-3.215672e-16	-4.876305e-16	2.5875348e-16	-1.7315673e-17	0	-7.537448e-17
4.000000000000001e-11	1.1667098e-09	1.6314967e-09	0.0015362889	0.0071753287	-3.2182673e-16	-4.901758e-16	2.6000065e-16	-1.6289191e-17	0	-7.536242e-17
5.0000000000001785e-11	2.2954778e-10	-7.6642404e-10	0.00092391414	0.0065402784	-3.2206458e-16	-4.9248936e-16	2.6113033e-16	-1.5328984e-17	0	-7.537661e-17
6.00000000000024e-11	-2.3713614e-10	-2.8683989e-09	0.00052182825	0.0063949013	-3.2223666e-16	-4.9289096e-16	2.613232e-16	-1.5283808e-17	0	-7.5385145e-17
7.000999999999771e-11	-4.382276e-10	-2.0336797e-09	0.00054137106	0.0065937857	-3.2237587e-16	-4.921336e-16	2.6094322e-16	-1.5798417e-17	0	-7.5387104e-17
8.000999999999302e-11	-5.880976e-11	4.2494797e-10	0.00069828285	0.0068168575	-3.2249713e-16	-4.914454e-16	2.6059448e-16	-1.6258184e-17	0	-7.5388057e-17
9.000999999998834e-11	4.1546253e-10	1.6428793e-09	0.00074829033	0.0069269426	-3.2260698e-16	-4.912196e-16	2.6047385e-16	-1.6472594e-17	0	-7.538866e-17
1.0000999999998365e-10	5.5395005e-10	1.5119801e-09	0.0006999936	0.0069756517	-3.2270867e-16	-4.912014e-16	2.6045668e-16	-1.6574196e-17	0	-7.538977e-17
1.1000999999997896e-10	5.425675e-10	1.0016631e-09	0.0006558958	0.007029271	-3.2280402e-16	-4.9111817e-16	2.6040808e-16	-1.6703266e-17	0	-7.5390664e-17
1.2000999999997891e-10	3.9080036e-10	8.3471924e-10	0.00065621076	0.007105945	-3.2289433e-16	-4.909319e-16	2.6030876e-16	-1.6880103e-17	0	-7.539111e-17
1.3000999999998715e-10	4.2494797e-10	1.2312109e-09	0.0006741414	0.00718908	-3.2298023e-16	-4.907252e-16	2.6019963e-16	-1.7063318e-17	0	-7.539134e-17
1.400099999999954e-10	3.300935e-10	1.6713355e-09	0.00068084913	0.007264387	-3.230625e-16	-4.9055225e-16	2.6010746e-16	-1.7226193e-17	0	-7.539151e-17
1.5000000000000362e-10	6.3742195e-10	1.7548075e-09	0.00067573274	0.00733044	-3.231415e-16	-4.904073e-16	2.600294e-16	-1.7371977e-17	0	-7.539163e-17
1.6000000000001186e-10	6.525987e-10	2.201572e-09	0.00067063625	0.00739146	-3.2321785e-16	-4.90267e-16	2.5995383e-16	-1.7512998e-17	0	-7.539165e-17
1.700000000000201e-10	8.72661e-10	2.297375e-09	0.0006705449	0.0074505596	-3.2329178e-16	-4.901231e-16	2.598766e-16	-1.7653768e-17	0	-7.53915e-17
1.8000000000002833e-10	6.2983363e-10	1.5897608e-09	0.0006725186	0.007507608	-3.233637e-16	-4.8997965e-16	2.5979972e-16	-1.7792516e-17	0	-7.5391206e-17
1.9000000000003657e-10	7.588357e-12	1.4645528e-09	0.00067331194	0.0075616343	-3.2343376e-16	-4.898408e-16	2.5972524e-16	-1.792747e-17	0	-7.5390737e-17
2.000000000000448e-10	3.7941783e-10	2.0792097e-09	0.0006728572	0.007611892	-3.2350232e-16	-4.8970585e-16	2.596528e-16	-1.8059168e-17	0	-7.539009e-17
2.1000000000005304e-10	6.0706856e-10	1.9957378e-09	0.00067242817	0.007658806	-3.235696e-16	-4.8957266e-16	2.595813e-16	-1.8189025e-17	0	-7.5389215e-17
2.2000000000006128e-10	6.525987e-10	1.4873179e-09	0.000672499	0.0077032745	-3.2363596e-16	-4.8944004e-16	2.5951006e-16	-1.8317971e-17	0	-7.538804e-17
2.3000000000006952e-10	1.06237e-09	1.4114343e-09	0.0006727105	0.0077455156	-3.2370163e-16	-4.893075e-16	2.5943894e-16	-1.8446511e-17	0	-7.5386554e-17
2.4000000000005925e-10	1.2179312e-09	1.8060289e-09	0.0006728157	0.007786212	-3.23767e-16	-4.8917455e-16	2.5936752e-16	-1.8575308e-17	0	-7.5384675e-17
2.5000000000004163e-10	5.3497917e-10	1.9274426e-09	0.0006728554	0.007826789	-3.2383234e-16	-4.890402e-16	2.5929537e-16	-1.870525e-17	0	-7.538234e-17
2.60000000000024e-10	2.2006234e-10	1.828794e-09	0.0006729744	0.007868688	-3.2389823e-16	-4.8890313e-16	2.5922173e-16	-1.8837407e-17	0	-7.5379474e-17
2.700000000000064e-10	3.9838874e-10	1.938825e-09	0.00067314174	0.007912727	-3.239651e-16	-4.887621e-16	2.5914592e-16	-1.8972959e-17	0	-7.537599e-17
2.800099999999888e-10	4.382276e-10	2.0602389e-09	0.00067334523	0.007967202	-3.240335e-16	-4.886154e-16	2.590671e-16	-1.9113449e-17	0	-7.537179e-17
2.9000999999997117e-10	2.5041577e-10	2.2252855e-09	0.0006735825	0.008042045	-3.24104e-16	-4.8846145e-16	2.5898437e-16	-1.9260176e-17	0	-7.536676e-17
3.0000999999995355e-10	1.9824582e-10	2.5439966e-09	0.00067383406	0.008134295	-3.2417748e-16	-4.8829814e-16	2.5889657e-16	-1.9415118e-17	0	-7.5360806e-17
3.1000999999993594e-10	-6.450103e-11	2.5914237e-09	0.0006740906	0.008243111	-3.2425461e-16	-4.8812285e-16	2.5880242e-16	-1.9580394e-17	0	-7.5353765e-17
3.2000999999991833e-10	1.1572244e-10	2.6103948e-09	0.00067433174	0.008368971	-3.2433662e-16	-4.8793306e-16	2.5870043e-16	-1.9758475e-17	0	-7.534551e-17
3.300099999999007e-10	1.8970892e-10	2.4510391e-09	0.0006745217	0.008511849	-3.244245e-16	-4.8772533e-16	2.5858886e-16	-1.9952205e-17	0	-7.533585e-17
3.400099999998831e-10	4.4581595e-11	2.8228686e-09	0.0006746128	0.008671709	-3.245199e-16	-4.8749615e-16	2.5846572e-16	-2.0164893e-17	0	-7.532458e-17
3.500099999998655e-10	-2.940488e-11	3.3995837e-09	0.0006745373	0.008849134	-3.2462427e-16	-4.872413e-16	2.5832882e-16	-2.0400373e-17	0	-7.531143e-17
3.600099999998479e-10	-1.8212055e-10	3.6424113e-09	0.0006742091	0.009043697	-3.247396e-16	-4.8695596e-16	2.5817554e-16	-2.0663116e-17	0	-7.5296074e-17
3.7000999999983027e-10	2.276507e-11	3.657588e-09	0.0006735397	0.009256127	-3.2486824e-16	-4.8663483e-16	2.5800293e-16	-2.0958267e-17	0	-7.5278075e-17
3.8000999999981266e-10	1.6220113e-10	3.961122e-09	0.0006724472	0.009486023	-3.250129e-16	-4.86272e-16	2.578078e-16	-2.1291728e-17	0	-7.525698e-17
3.9000999999979505e-10	3.0732844e-10	3.9459453e-09	0.0006708516	0.009732711	-3.2517682e-16	-4.8586106e-16	2.5758664e-16	-2.1670074e-17	0	-7.523229e-17
4.0000999999977743e-10	2.893061e-10	3.6879413e-09	0.00066870445	0.009996446	-3.2536362e-16	-4.8539535e-16	2.5733565e-16	-2.2100315e-17	0	-7.520362e-17
4.100099999997598e-10	5.947375e-10	3.338877e-09	0.0006659937	0.010275336	-3.255772e-16	-4.848681e-16	2.5705126e-16	-2.2589532e-17	0	-7.517084e-17
4.200099999997422e-10	7.498245e-10	3.126403e-09	0.00066275115	0.010568995	-3.258215e-16	-4.84273e-16	2.5673002e-16	-2.3144292e-17	0	-7.513424e-17
4.300099999997246e-10	3.6234404e-10	2.3068605e-09	0.00065906113	0.010875008	-3.2610033e-16	-4.8360483e-16	2.563691e-16	-2.377e-17	0	-7.509461e-17
4.40009999999707e-10	5.0272864e-10	1.5024946e-09	0.0006551492	0.011192161	-3.264168e-16	-4.828599e-16	2.559667e-16	-2.4470292e-17	0	-7.505335e-17
4.5000999999968937e-10	8.2286244e-10	1.2293138e-09	0.0006515295	0.011529505	-3.267732e-16	-4.820372e-16	2.5552266e-16	-2.5246327e-17	0	-7.501235e-17
4.6000999999967176e-10	1.064267e-09	1.4873179e-09	0.00064919365	0.011968241	-3.2717076e-16	-4.811405e-16	2.550391e-16	-2.6095547e-17	0	-7.4973864e-17
4.700099999996541e-10	1.0894035e-09	1.3051974e-09	0.0006500456	0.012481525	-3.2760836e-16	-4.8018187e-16	2.5452302e-16	-2.7008865e-17	0	-7.4940644e-17
4.800099999996365e-10	1.1344593e-09	1.7604987e-09	0.0006576563	0.013039055	-3.2808053e-16	-4.791892e-16	2.5398947e-16	-2.7964366e-17	0	-7.491641e-17
4.900099999996189e-10	1.3089916e-09	2.6711016e-09	0.000677809	0.013618182	-3.2857139e-16	-4.7821246e-16	2.5346564e-16	-2.8917516e-17	0	-7.490707e-17
5.000099999996013e-10	1.1970632e-09	3.6424113e-09	0.00071432954	0.014196804	-3.2905052e-16	-4.7731064e-16	2.5298344e-16	-2.9803046e-17	0	-7.492026e-17
5.100099999995837e-10	1.0225311e-09	4.977962e-09	0.0007549286	0.014755127	-3.2948798e-16	-4.7650225e-16	2.525531e-16	-3.0581218e-17	0	-7.495768e-17
5.200099999995661e-10	1.2587187e-09	5.8278578e-09	0.0007697749	0.015273845	-3.2988535e-16	-4.7576125e-16	2.5216044e-16	-3.127992e-17	0	-7.5004595e-17
5.300099999995485e-10	1.7595502e-09	4.7351345e-09	0.000743505	0.015745146	-3.3025632e-16	-4.750806e-16	2.518004e-16	-3.1932593e-17	0	-7.504352e-17
5.400099999995309e-10	2.6360054e-09	2.6103948e-09	0.000691613	0.016164726	-3.3059397e-16	-4.744516e-16	2.5146714e-16	-3.2536825e-17	0	-7.507272e-17
5.500099999995133e-10	3.5020267e-09	2.0943864e-09	0.00064472033	0.016540663	-3.308933e-16	-4.738367e-16	2.5114045e-16	-3.310517e-17	0	-7.50919e-17
5.600099999994956e-10	3.2155663e-09	4.4316004e-09	0.00062238064	0.016898375	-3.3116995e-16	-4.732041e-16	2.5080317e-16	-3.3678685e-17	0	-7.509031e-17
5.70009999999478e-10	3.9146437e-09	6.1313923e-09	0.00062138756	0.017254546	-3.314411e-16	-4.7253607e-16	2.5044535e-16	-3.4288248e-17	0	-7.5062134e-17
5.800099999994604e-10	5.087993e-09	5.1600826e-09	0.0006281367	0.017657464	-3.3171446e-16	-4.718187e-16	2.500598e-16	-3.4942207e-17	0	-7.5013364e-17
5.900099999994428e-10	7.125467e-09	2.0943864e-09	0.00063174486	0.018141385	-3.3199496e-16	-4.7104693e-16	2.496442e-16	-3.5640718e-17	0	-7.4951484e-17
6.000099999994252e-10	8.3747e-09	-6.677754e-10	0.00062739995	0.018698703	-3.322888e-16	-4.702173e-16	2.4919696e-16	-3.6388913e-17	0	-7.48796e-17
6.100099999994076e-10	9.331782e-09	-2.595218e-09	0.000614584	0.01931851	-3.326033e-16	-4.6932195e-16	2.4871402e-16	-3.719714e-17	0	-7.479824e-17
6.2000999999939e-10	1.0221516e-08	-3.4716732e-09	0.00059489056	0.019994874	-3.3294443e-16	-4.683546e-16	2.4819188e-16	-3.8073473e-17	0	-7.470822e-17
6.300099999993724e-10	9.5158e-09	-2.682484e-09	0.0005713359	0.020722695	-3.3331575e-16	-4.6731665e-16	2.4763122e-16	-3.9017636e-17	0	-7.461263e-17
6.400099999993547e-10	7.798934e-09	-8.574843e-10	0.0005492232	0.021479618	-3.3371767e-16	-4.6621795e-16	2.4703737e-16	-4.0020186e-17	0	-7.451692e-17
6.500099999993371e-10	5.0140065e-09	2.2537419e-09	0.00053677376	0.022245878	-3.3414793e-16	-4.6507366e-16	2.4641861e-16	-4.1065673e-17	0	-7.442716e-17
6.600099999993195e-10	1.7595502e-09	7.1178787e-09	0.00054344296	0.02300652	-3.346019e-16	-4.6390147e-16	2.4578445e-16	-4.2138172e-17	0	-7.4346676e-17
6.700099999993019e-10	-7.3701917e-10	1.3112681e-08	0.000575932	0.023763482	-3.350738e-16	-4.6271875e-16	2.4514446e-16	-4.3225517e-17	0	-7.4273996e-17
6.800099999992843e-10	-1.9881494e-09	1.7491162e-08	0.00063448114	0.024535477	-3.355577e-16	-4.6154396e-16	2.4450832e-16	-4.4317528e-17	0	-7.4204526e-17
6.900099999992667e-10	-8.7740376e-10	1.814376e-08	0.00071283925	0.025311062	-3.3604563e-16	-4.603952e-16	2.43886e-16	-4.539983e-17	0	-7.4136526e-17
7.000099999992491e-10	3.2089262e-09	1.5062888e-08	0.0008014998	0.02608588	-3.3652974e-16	-4.592838e-16	2.4328422e-16	-4.6453755e-17	0	-7.4076386e-17
7.100099999992315e-10	8.831899e-09	9.65239e-09	0.00088915933	0.026841268	-3.3700826e-16	-4.5820306e-16	2.427006e-16	-4.7468858e-17	0	-7.403695e-17
7.200099999992138e-10	1.4589564e-08	3.976299e-09	0.00096246344	0.027569389	-3.374895e-16	-4.571282e-16	2.4212297e-16	-4.8456565e-17	0	-7.402768e-17
7.300099999991962e-10	1.9758184e-08	5.463617e-10	0.0010115405	0.028290361	-3.3798714e-16	-4.560304e-16	2.4153542e-16	-4.9446882e-17	0	-7.404526e-17
7.400099999991786e-10	2.460904e-08	-1.4569644e-09	0.001036019	0.029022783	-3.3850901e-16	-4.5488623e-16	2.4092396e-16	-5.047237e-17	0	-7.4074375e-17
7.50009999999161e-10	2.8384248e-08	-2.8228686e-09	0.0010430486	0.029766692	-3.3905487e-16	-4.5367926e-16	2.4027823e-16	-5.1557066e-17	0	-7.409679e-17
7.600099999991434e-10	3.187015e-08	-4.188773e-09	0.0010419047	0.030540679	-3.3962292e-16	-4.5239887e-16	2.3959158e-16	-5.2716604e-17	0	-7.409903e-17
7.700099999991258e-10	3.4302218e-08	-5.9796252e-09	0.0010404749	0.0313491	-3.4021507e-16	-4.510365e-16	2.3885927e-16	-5.396318e-17	0	-7.407465e-17
7.800099999991082e-10	3.4889368e-08	-8.529313e-09	0.0010439325	0.032196462	-3.4083777e-16	-4.4958497e-16	2.380777e-16	-5.530794e-17	0	-7.402257e-17
7.900099999990906e-10	3.359745e-08	-8.68108e-09	0.0010546058	0.03310161	-3.4149907e-16	-4.4804295e-16	2.3724644e-16	-5.6757256e-17	0	-7.39453e-17
8.00009999999073e-10	2.6953844e-08	-5.645737e-09	0.0010715087	0.03406998	-3.4220308e-16	-4.4642263e-16	2.3637243e-16	-5.830374e-17	0	-7.3849137e-17
8.100099999990553e-10	1.6178376e-08	2.7621618e-09	0.001088318	0.035085186	-3.4294548e-16	-4.447521e-16	2.3547122e-16	-5.991923e-17	0	-7.3745335e-17
8.200099999990377e-10	2.3751556e-09	1.5965902e-08	0.0010905205	0.036138695	-3.437142e-16	-4.4306353e-16	2.3456084e-16	-6.156258e-17	0	-7.3648906e-17
8.300099999990201e-10	-8.6051966e-09	3.108191e-08	0.0010574622	0.03724701	-3.4449894e-16	-4.413769e-16	2.3365324e-16	-6.32021e-17	0	-7.357327e-17
8.400099999990025e-10	-1.5267773e-08	4.1553843e-08	0.0009828096	0.03836946	-3.452981e-16	-4.3970094e-16	2.3275407e-16	-6.482488e-17	0	-7.35263e-17
8.500099999989849e-10	-1.5707899e-08	4.1675253e-08	0.0009032877	0.03948454	-3.461091e-16	-4.3804687e-16	2.318696e-16	-6.6418024e-17	0	-7.351383e-17
8.600099999989673e-10	-1.0259458e-08	2.992848e-08	0.00087167224	0.040571142	-3.4692098e-16	-4.3643373e-16	2.3101037e-16	-6.7953284e-17	0	-7.3544344e-17
8.700099999989497e-10	3.9459455e-10	1.2718086e-08	0.0008888865	0.041625388	-3.4772029e-16	-4.348803e-16	2.3018623e-16	-6.9402485e-17	0	-7.362374e-17
8.800099999989321e-10	8.802494e-09	-4.613721e-09	0.00090632343	0.042652693	-3.4849903e-16	-4.3340225e-16	2.2940458e-16	-7.075691e-17	0	-7.3744435e-17
8.900099999989144e-10	1.5905195e-08	-1.8940538e-08	0.00088911346	0.043623537	-3.4924873e-16	-4.3200975e-16	2.2866877e-16	-7.20249e-17	0	-7.388288e-17
9.000099999988968e-10	2.34632e-08	-2.7227024e-08	0.0008418318	0.044521604	-3.4995743e-16	-4.3070098e-16	2.279757e-16	-7.322426e-17	0	-7.400789e-17
9.100099999988792e-10	3.440561e-08	-3.334324e-08	0.00079030823	0.045347188	-3.5061862e-16	-4.2946278e-16	2.2731778e-16	-7.437876e-17	0	-7.409486e-17
9.200099999988616e-10	4.498378e-08	-3.6075047e-08	0.0007553837	0.046101604	-3.5123876e-16	-4.2827746e-16	2.2668619e-16	-7.550946e-17	0	-7.4138e-17
9.30009999998844e-10	5.4704465e-08	-3.8495735e-08	0.0007401711	0.046799574	-3.5183141e-16	-4.2712314e-16	2.2606984e-16	-7.663007e-17	0	-7.414809e-17
9.400099999989161e-10	5.960654e-08	-4.2927333e-08	0.0007358101	0.047466073	-3.5241078e-16	-4.259722e-16	2.254544e-16	-7.7753866e-17	0	-7.413909e-17
9.50009999999002e-10	5.5971718e-08	-4.9163067e-08	0.00073179085	0.048141338	-3.5298904e-16	-4.2479602e-16	2.2482457e-16	-7.889884e-17	0	-7.4118745e-17
9.600099999990877e-10	4.2259558e-08	-5.4116366e-08	0.00072098675	0.04886396	-3.5357614e-16	-4.23569e-16	2.241669e-16	-8.0085714e-17	0	-7.408833e-17
9.700099999991735e-10	2.3106546e-08	-5.693544e-08	0.0006995172	0.049651414	-3.5418127e-16	-4.2227038e-16	2.2347032e-16	-8.133464e-17	0	-7.404658e-17
9.800099999992593e-10	4.408835e-09	-5.4514754e-08	0.00066447293	0.050507594	-3.5481318e-16	-4.2088572e-16	2.2272708e-16	-8.266173e-17	0	-7.399283e-17
9.90009999999345e-10	-6.970854e-09	-4.880831e-08	0.00061450154	0.051434807	-3.5547913e-16	-4.1940916e-16	2.2193403e-16	-8.407516e-17	0	-7.392885e-17
1.0000099999994308e-09	-1.1374946e-08	-4.1166835e-08	0.00055429275	0.052430574	-3.5618257e-16	-4.178447e-16	2.2109332e-16	-8.557233e-17	0	-7.3858825e-17
1.0100099999995166e-09	-1.1951662e-08	-4.0574943e-08	0.0004973267	0.053467307	-3.5692208e-16	-4.1620494e-16	2.2021156e-16	-8.7140917e-17	0	-7.3787786e-17
1.0200099999996024e-09	-1.8470061e-08	-5.3179203e-08	0.00045862552	0.05452357	-3.576919e-16	-4.1450812e-16	2.1929864e-16	-8.8763766e-17	0	-7.371866e-17
1.0300099999996882e-09	-3.817323e-08	-8.098294e-08	0.0004424908	0.05561511	-3.5848303e-16	-4.1277557e-16	2.1836609e-16	-9.042313e-17	0	-7.3650415e-17
1.040009999999774e-09	-7.270025e-08	-1.1790789e-07	0.0004412078	0.056746297	-3.5928472e-16	-4.1102634e-16	2.1742405e-16	-9.210325e-17	0	-7.3579185e-17
1.0500099999998598e-09	-1.12467035e-07	-1.5144842e-07	0.0004457977	0.057888173	-3.6008797e-16	-4.092693e-16	2.1647732e-16	-9.379525e-17	0	-7.3500715e-17
1.0600099999999456e-09	-1.4421482e-07	-1.7331807e-07	0.0004544884	0.059028607	-3.6088993e-16	-4.074995e-16	2.15523e-16	-9.550216e-17	0	-7.341127e-17
1.0700000000000313e-09	-1.6069768e-07	-1.8351682e-07	0.00047112172	0.060159497	-3.6169374e-16	-4.0570295e-16	2.1455352e-16	-9.7236113e-17	0	-7.330825e-17
1.080000000000117e-09	-1.642054e-07	-1.8348646e-07	0.0005010849	0.06127144	-3.625091e-16	-4.0385816e-16	2.1355715e-16	-9.9016894e-17	0	-7.3191184e-17
1.0900000000002028e-09	-1.6121085e-07	-1.736216e-07	0.00055450964	0.062386878	-3.6334235e-16	-4.019547e-16	2.1252802e-16	-1.00851746e-16	0	-7.3063924e-17
1.1000000000002886e-09	-1.5893434e-07	-1.5510601e-07	0.00065044174	0.06352497	-3.641975e-16	-3.9998902e-16	2.1146429e-16	-1.0273806e-16	0	-7.293471e-17
1.1100000000003744e-09	-1.5728386e-07	-1.3737962e-07	0.0008037124	0.0646979	-3.6507499e-16	-3.979655e-16	2.1036872e-16	-1.04663884e-16	0	-7.281429e-17
1.1200000000004602e-09	-1.4789707e-07	-1.2888066e-07	0.0009987134	0.065916754	-3.6597382e-16	-3.9589563e-16	2.0924771e-16	-1.0661445e-16	0	-7.271141e-17
1.130000000000546e-09	-1.2243623e-07	-1.3042867e-07	0.0011834168	0.06716106	-3.6689237e-16	-3.9379695e-16	2.0811071e-16	-1.0857816e-16	0	-7.262795e-17
1.1400000000006318e-09	-8.1374694e-08	-1.3642348e-07	0.0012995959	0.06839861	-3.6782747e-16	-3.9169228e-16	2.0697001e-16	-1.1054722e-16	0	-7.255798e-17
1.1500000000007175e-09	-2.6394202e-08	-1.295579e-07	0.0013198156	0.06963621	-3.6877247e-16	-3.8960432e-16	2.058382e-16	-1.1251419e-16	0	-7.2492177e-17
1.1600000000008033e-09	3.1020253e-08	-9.878523e-08	0.0012568263	0.07085883	-3.697172e-16	-3.875472e-16	2.0472361e-16	-1.144698e-16	0	-7.242382e-17
1.1700000000008891e-09	7.444937e-08	-3.9231804e-08	0.0011428171	0.07206734	-3.7065114e-16	-3.855232e-16	2.0362827e-16	-1.16404e-16	0	-7.235217e-17
1.1800000000009749e-09	8.7660695e-08	3.6758e-08	0.0010038619	0.07328053	-3.7156818e-16	-3.8352625e-16	2.0254957e-16	-1.1831093e-16	0	-7.228058e-17
1.1900000000010607e-09	7.017712e-08	1.0994011e-07	0.000853256	0.07453666	-3.7246998e-16	-3.815465e-16	2.0148275e-16	-1.2019398e-16	0	-7.221225e-17
1.2000000000011465e-09	4.2821096e-08	1.6791516e-07	0.0007007001	0.07583847	-3.7336418e-16	-3.7957195e-16	2.0042143e-16	-1.2206506e-16	0	-7.2148625e-17
1.2100000000012322e-09	2.1717877e-08	2.0931724e-07	0.00056081946	0.077145316	-3.7426172e-16	-3.7758603e-16	1.9935642e-16	-1.2394113e-16	0	-7.209102e-17
1.220000000001318e-09	1.8394177e-08	2.3687814e-07	0.00045527786	0.07847339	-3.751758e-16	-3.7556305e-16	1.9827359e-16	-1.2584488e-16	0	-7.204145e-17
1.2300000000014038e-09	3.4056544e-08	2.550295e-07	0.0004085	0.07984253	-3.76123e-16	-3.7346797e-16	1.9715373e-16	-1.2780817e-16	0	-7.200061e-17
1.2400000000014896e-09	6.538128e-08	2.7208813e-07	0.0004376884	0.0812645	-3.7712265e-16	-3.7126256e-16	1.9597608e-16	-1.2986982e-16	0	-7.196638e-17
1.2500000000015754e-09	1.06540526e-07	2.968565e-07	0.0005430683	0.0827729	-3.781931e-16	-3.689147e-16	1.947234e-16	-1.3206543e-16	0	-7.193635e-17
1.2600000000016612e-09	1.528295e-07	3.3255213e-07	0.0007093074	0.08435287	-3.793492e-16	-3.6640398e-16	1.9338487e-16	-1.3441768e-16	0	-7.191241e-17
1.270000000001747e-09	1.9784363e-07	3.816033e-07	0.00091655133	0.08599746	-3.8060163e-16	-3.6372532e-16	1.9195793e-16	-1.3693258e-16	0	-7.190166e-17
1.2800000000018327e-09	2.3420704e-07	4.3945693e-07	0.0011373303	0.08768553	-3.8195458e-16	-3.608944e-16	1.9045046e-16	-1.3959746e-16	0	-7.1913177e-17
1.2900000000019185e-09	2.665031e-07	4.9907106e-07	0.0013102063	0.089400604	-3.833994e-16	-3.579496e-16	1.8888213e-16	-1.4237986e-16	0	-7.1952054e-17
1.3000000000020043e-09	2.9776712e-07	5.4794003e-07	0.0013484508	0.09112965	-3.8491414e-16	-3.5494333e-16	1.8727979e-16	-1.4523616e-16	0	-7.201442e-17
1.3100000000020901e-09	3.3965483e-07	5.750153e-07	0.0012308286	0.09286525	-3.8647006e-16	-3.5193107e-16	1.8567275e-16	-1.4812197e-16	0	-7.208976e-17
1.3200000000021759e-09	3.9753883e-07	5.823001e-07	0.001037733	0.09457328	-3.8803715e-16	-3.489728e-16	1.8409311e-16	-1.5098927e-16	0	-7.2168167e-17
1.3300000000022617e-09	4.658644e-07	5.732548e-07	0.0008618479	0.09621027	-3.895861e-16	-3.4612638e-16	1.8257218e-16	-1.5378814e-16	0	-7.224377e-17
1.3400000000023475e-09	5.233234e-07	5.4235505e-07	0.00074645085	0.097777374	-3.9109287e-16	-3.4343435e-16	1.8113328e-16	-1.564772e-16	0	-7.2314584e-17
1.3500000000024332e-09	5.4183903e-07	4.8237666e-07	0.0006941735	0.09923893	-3.9254077e-16	-3.409127e-16	1.7978534e-16	-1.5903173e-16	0	-7.238169e-17
1.360000000002519e-09	5.0544526e-07	3.870669e-07	0.00067725574	0.10058637	-3.939222e-16	-3.385469e-16	1.7852092e-16	-1.6144834e-16	0	-7.244791e-17
1.3700000000026048e-09	4.189987e-07	2.7330225e-07	0.0006464727	0.1018534	-3.9523775e-16	-3.3630572e-16	1.7732348e-16	-1.6374046e-16	0	-7.2515046e-17
1.3800000000026906e-09	3.1971265e-07	1.5401329e-07	0.00055993977	0.1030658	-3.9649176e-16	-3.3415902e-16	1.7617647e-16	-1.6592744e-16	0	-7.258177e-17
1.3900000000027764e-09	2.7322636e-07	3.4420786e-08	0.0004202172	0.10424622	-3.9768872e-16	-3.3208464e-16	1.7506763e-16	-1.680283e-16	0	-7.2643405e-17
1.4000000000028622e-09	3.2478167e-07	-7.1269845e-08	0.0002849553	0.10541615	-3.9883332e-16	-3.3007045e-16	1.7398982e-16	-1.7005989e-16	0	-7.2692784e-17
1.410000000002948e-09	4.525696e-07	-1.3956506e-07	0.00021966756	0.10658328	-3.999316e-16	-3.281111e-16	1.7293982e-16	-1.7203763e-16	0	-7.272266e-17
1.4200000000030337e-09	5.907384e-07	-1.5116007e-07	0.00023560938	0.10773568	-4.0099048e-16	-3.2620107e-16	1.7191487e-16	-1.7397445e-16	0	-7.272977e-17
1.4300000000031195e-09	6.8466704e-07	-9.9619946e-08	0.00029367238	0.108875535	-4.020168e-16	-3.243355e-16	1.7091279e-16	-1.7587711e-16	0	-7.2716984e-17
1.4400000000032053e-09	7.1244045e-07	3.0353426e-09	0.0003588633	0.11003133	-4.0301613e-16	-3.2251343e-16	1.6993313e-16	-1.7774448e-16	0	-7.269135e-17
1.450000000003291e-09	6.962469e-07	1.2335633e-07	0.00042222784	0.111224726	-4.0399197e-16	-3.2073747e-16	1.6897705e-16	-1.7957097e-16	0	-7.26606e-17
1.4600000000033769e-09	6.5775873e-07	2.2352263e-07	0.00047949672	0.11244644	-4.049465e-16	-3.190102e-16	1.6804567e-16	-1.813513e-16	0	-7.2630666e-17
1.4700000000034627e-09	6.147631e-07	2.87022e-07	0.0005159302	0.11368803	-4.0588125e-16	-3.173324e-16	1.6713908e-16	-1.8308274e-16	0	-7.260519e-17
1.4800000000035485e-09	5.6815543e-07	3.0918e-07	0.0005139312	0.114960216	-4.0679708e-16	-3.157032e-16	1.6625654e-16	-1.8476408e-16	0	-7.258633e-17
1.4900000000036342e-09	5.176625e-07	2.9637087e-07	0.00046546967	0.11627324	-4.076937e-16	-3.1412246e-16	1.6539797e-16	-1.8639294e-16	0	-7.2576284e-17
1.50000000000372e-09	4.7014422e-07	2.5642575e-07	0.0003750711	0.11760039	-4.085695e-16	-3.1259362e-16	1.6456519e-16	-1.8796302e-16	0	-7.257806e-17
1.5100000000038058e-09	4.3303717e-07	1.9116588e-07	0.00025501504	0.1189262	-4.0942015e-16	-3.1112338e-16	1.6376183e-16	-1.8946311e-16	0	-7.259549e-17
1.5200000000038916e-09	4.1330745e-07	1.0556922e-07	0.00012230512	0.120245196	-4.102394e-16	-3.09718e-16	1.6299149e-16	-1.9088061e-16	0	-7.2632294e-17
1.5300000000039774e-09	4.0549142e-07	-6.0706856e-10	4.8759745e-07	0.121546604	-4.110203e-16	-3.0837764e-16	1.6225472e-16	-1.92207e-16	0	-7.269034e-17
1.5400000000040632e-09	4.045201e-07	-1.2754509e-07	-8.2139406e-05	0.12280449	-4.1175735e-16	-3.07096e-16	1.6154885e-16	-1.9344168e-16	0	-7.2768534e-17
1.550000000004149e-09	3.9656751e-07	-2.7111682e-07	-0.000104453124	0.12401336	-4.1244745e-16	-3.0586773e-16	1.6087202e-16	-1.9458863e-16	0	-7.286311e-17
1.5600000000042347e-09	3.4108146e-07	-4.4680243e-07	-6.613744e-05	0.12516017	-4.1308947e-16	-3.0469782e-16	1.6022757e-16	-1.9564956e-16	0	-7.2969685e-17
1.5700000000043205e-09	1.9139354e-07	-6.626153e-07	1.063918e-05	0.12622032	-4.136816e-16	-3.0360477e-16	1.5962587e-16	-1.9661691e-16	0	-7.3085814e-17
1.5800000000044063e-09	-6.787026e-08	-9.187375e-07	9.4070914e-05	0.1271884	-4.142188e-16	-3.0261536e-16	1.5908159e-16	-1.9747315e-16	0	-7.321189e-17
1.590000000004492e-09	-3.7471307e-07	-1.1598652e-06	0.00015885745	0.12803155	-4.1469425e-16	-3.0175186e-16	1.5860656e-16	-1.9820065e-16	0	-7.334828e-17
1.6000000000045779e-09	-5.840606e-07	-1.299157e-06	0.00019287174	0.12874359	-4.1510432e-16	-3.0102047e-16	1.5820393e-16	-1.987984e-16	0	-7.348939e-17
1.6100000000046637e-09	-5.9324253e-07	-1.2579977e-06	0.00019483379	0.12932855	-4.154517e-16	-3.0041463e-16	1.578698e-16	-1.9928585e-16	0	-7.362096e-17
1.6200000000047495e-09	-4.2934923e-07	-1.078609e-06	0.00017363556	0.12979503	-4.1574293e-16	-2.999241e-16	1.575984e-16	-1.9968971e-16	0	-7.3727495e-17
1.6300000000048352e-09	-2.3135382e-07	-9.1011714e-07	0.00014675906	0.13014975	-4.1598664e-16	-2.9953997e-16	1.5738521e-16	-2.000293e-16	0	-7.3802596e-17
1.640000000004921e-09	-7.855467e-08	-8.3836164e-07	0.0001279763	0.1304043	-4.1619226e-16	-2.992534e-16	1.5722604e-16	-2.0031466e-16	0	-7.3850235e-17
1.6500000000050068e-09	3.01106e-08	-8.289824e-07	0.00011520977	0.13058285	-4.1636892e-16	-2.9905276e-16	1.571149e-16	-2.0055245e-16	0	-7.387861e-17
1.6600000000050926e-09	1.0347483e-07	-8.145342e-07	9.642495e-05	0.13070168	-4.1652483e-16	-2.9892195e-16	1.5704311e-16	-2.0075092e-16	0	-7.389505e-17
1.6700000000051784e-09	1.4789707e-07	-7.711288e-07	6.554914e-05	0.1307795	-4.1666654e-16	-2.9884236e-16	1.570005e-16	-2.0092053e-16	0	-7.3904154e-17
1.6800000000052642e-09	1.7521516e-07	-6.890835e-07	2.7982704e-05	0.13082898	-4.167993e-16	-2.9879564e-16	1.5697674e-16	-2.0107195e-16	0	-7.3908455e-17
1.69000000000535e-09	1.9829893e-07	-5.8952423e-07	-7.444603e-06	0.13086618	-4.169266e-16	-2.9876567e-16	1.5696267e-16	-2.0121392e-16	0	-7.39097e-17
1.7000000000054357e-09	2.2242992e-07	-4.794931e-07	-3.755235e-05	0.13090818	-4.1705046e-16	-2.987394e-16	1.5695082e-16	-2.013521e-16	0	-7.390977e-17
1.7100000000055215e-09	2.728925e-07	-3.6466608e-07	-6.555988e-05	0.13095893	-4.1717154e-16	-2.9870702e-16	1.5693554e-16	-2.0148942e-16	0	-7.391059e-17
1.7200000000056073e-09	3.3859249e-07	-2.4534674e-07	-9.574818e-05	0.13101971	-4.172891e-16	-2.9866196e-16	1.5691305e-16	-2.0162665e-16	0	-7.39135e-17
1.730000000005693e-09	4.1761763e-07	-1.2790935e-07	-0.0001287675	0.13109034	-4.1740198e-16	-2.9860077e-16	1.5688138e-16	-2.0176391e-16	0	-7.3918686e-17
1.7400000000057789e-09	4.85154e-07	-1.8758417e-08	-0.00016116534	0.13117212	-4.175088e-16	-2.985229e-16	1.5684022e-16	-2.0190076e-16	0	-7.3925396e-17
1.7500000000058647e-09	5.4051867e-07	7.776548e-08	-0.00018833809	0.13126822	-4.1760852e-16	-2.9843033e-16	1.5679067e-16	-2.0203605e-16	0	-7.39328e-17
1.7600000000059504e-09	5.8928146e-07	1.6075175e-07	-0.00020710054	0.13137883	-4.177002e-16	-2.983269e-16	1.5673483e-16	-2.021676e-16	0	-7.394052e-17
1.7700000000060362e-09	6.3425006e-07	2.3165735e-07	-0.00021603808	0.13150367	-4.1778315e-16	-2.9821748e-16	1.5667527e-16	-2.0229225e-16	0	-7.394871e-17
1.780000000006122e-09	6.777313e-07	2.8319747e-07	-0.00021495963	0.13163844	-4.178565e-16	-2.981065e-16	1.566146e-16	-2.0240702e-16	0	-7.395759e-17
1.7900000000062078e-09	7.028943e-07	3.2447812e-07	-0.00020507061	0.13177846	-4.179203e-16	-2.9799776e-16	1.5655489e-16	-2.0251038e-16	0	-7.396703e-17
1.8000000000062936e-09	6.7512093e-07	3.4557377e-07	-0.00018918648	0.13191462	-4.1797505e-16	-2.9789376e-16	1.5649754e-16	-2.0260249e-16	0	-7.397633e-17
1.8100000000063794e-09	5.752885e-07	3.5458874e-07	-0.00017104544	0.13203934	-4.1802225e-16	-2.9779624e-16	1.5644361e-16	-2.0268499e-16	0	-7.398461e-17
1.8200000000064652e-09	4.236883e-07	3.624199e-07	-0.00015386735	0.13214906	-4.180632e-16	-2.9770646e-16	1.5639385e-16	-2.0275936e-16	0	-7.399126e-17
1.830000000006551e-09	2.4481557e-07	3.729829e-07	-0.00013949124	0.13224582	-4.1809967e-16	-2.9762551e-16	1.563489e-16	-2.0282672e-16	0	-7.3996315e-17
1.8400000000066367e-09	6.5973175e-08	3.9514092e-07	-0.00012863704	0.13233025	-4.181325e-16	-2.9755397e-16	1.5630916e-16	-2.0288757e-16	0	-7.4000114e-17
1.8500000000067225e-09	-8.664386e-08	4.2862075e-07	-0.000121403566	0.13240328	-4.1816262e-16	-2.9749192e-16	1.5627467e-16	-2.029423e-16	0	-7.400305e-17
1.8600000000068083e-09	-2.0420268e-07	4.6040077e-07	-0.000117510375	0.13246785	-4.1819057e-16	-2.9743888e-16	1.5624526e-16	-2.0299155e-16	0	-7.400538e-17
1.870000000006742e-09	-2.9916336e-07	4.7147978e-07	-0.000116517665	0.1325261	-4.1821672e-16	-2.9739398e-16	1.562204e-16	-2.0303595e-16	0	-7.4007214e-17
1.880000000006621e-09	-3.7504694e-07	4.6340577e-07	-0.00011788002	0.13258001	-4.1824152e-16	-2.9735597e-16	1.5619945e-16	-2.0307631e-16	0	-7.4008663e-17
1.8900000000065e-09	-4.376509e-07	4.3344693e-07	-0.00012105007	0.13262972	-4.1826503e-16	-2.973234e-16	1.5618156e-16	-2.0311339e-16	0	-7.4009815e-17
1.900000000006379e-09	-4.934405e-07	3.9277333e-07	-0.00012553051	0.13267523	-4.1828742e-16	-2.972947e-16	1.5616593e-16	-2.0314792e-16	0	-7.401073e-17
1.910000000006258e-09	-5.386064e-07	3.3965483e-07	-0.00013085772	0.13271843	-4.1830892e-16	-2.9726865e-16	1.5615178e-16	-2.0318056e-16	0	-7.4011496e-17
1.920000000006137e-09	-5.7651783e-07	2.7630725e-07	-0.00013660599	0.13276024	-4.1832948e-16	-2.972441e-16	1.561385e-16	-2.0321175e-16	0	-7.401215e-17
1.930000000006016e-09	-5.9882757e-07	2.2170143e-07	-0.00014243157	0.13280116	-4.1834923e-16	-2.9722016e-16	1.5612564e-16	-2.0324197e-16	0	-7.401274e-17
1.940000000005895e-09	-6.1134836e-07	1.6903823e-07	-0.0001480648	0.13284104	-4.1836818e-16	-2.9719625e-16	1.5611278e-16	-2.0327144e-16	0	-7.401327e-17
1.950000000005774e-09	-6.101646e-07	1.1549479e-07	-0.00015326282	0.13287966	-4.1838647e-16	-2.97172e-16	1.5609973e-16	-2.033004e-16	0	-7.401377e-17
1.960000000005653e-09	-6.028494e-07	7.503367e-08	-0.00015788357	0.13291806	-4.1840405e-16	-2.9714713e-16	1.5608639e-16	-2.0332905e-16	0	-7.401423e-17
1.9700000000055318e-09	-5.922561e-07	2.9321411e-08	-0.00016188933	0.13295586	-4.18421e-16	-2.971217e-16	1.5607266e-16	-2.0335732e-16	0	-7.401464e-17
1.9800000000054108e-09	-5.772311e-07	-1.0077338e-08	-0.00016532015	0.13299301	-4.184373e-16	-2.970956e-16	1.5605862e-16	-2.0338529e-16	0	-7.401501e-17
1.9900000000052898e-09	-5.545875e-07	-3.703118e-08	-0.0001683341	0.1330296	-4.1845302e-16	-2.9706899e-16	1.5604423e-16	-2.0341295e-16	0	-7.401533e-17
2.0000000000051688e-09	-5.3053236e-07	-6.325654e-08	-0.0001710735	0.1330659	-4.184682e-16	-2.97042e-16	1.5602961e-16	-2.0344025e-16	0	-7.401558e-17
2.0100000000050478e-09	-5.1151596e-07	-8.7296456e-08	-0.00017368255	0.13310137	-4.1848282e-16	-2.9701472e-16	1.5601485e-16	-2.0346716e-16	0	-7.401579e-17
2.0200000000049267e-09	-4.854879e-07	-1.02169636e-07	-0.00017629698	0.1331365	-4.184969e-16	-2.969873e-16	1.5599998e-16	-2.0349364e-16	0	-7.401595e-17
2.0300000000048057e-09	-4.6706336e-07	-1.1573761e-07	-0.0001790305	0.13317147	-4.1851054e-16	-2.9695988e-16	1.5598507e-16	-2.0351965e-16	0	-7.401608e-17
2.0400000000046847e-09	-4.536168e-07	-1.2029064e-07	-0.00018198612	0.13320611	-4.1852358e-16	-2.969325e-16	1.5597019e-16	-2.0354513e-16	0	-7.401616e-17
2.0500000000045637e-09	-4.3708934e-07	-1.3492098e-07	-0.00018513044	0.13323998	-4.185362e-16	-2.9690535e-16	1.559554e-16	-2.0357004e-16	0	-7.4016234e-17
2.0600000000044427e-09	-4.2989558e-07	-1.4515008e-07	-0.00018847745	0.133273	-4.1854836e-16	-2.968784e-16	1.5594074e-16	-2.0359441e-16	0	-7.4016273e-17
2.0700000000043217e-09	-4.1423323e-07	-1.4302535e-07	-0.00019200899	0.13330485	-4.1856014e-16	-2.9685185e-16	1.5592627e-16	-2.0361822e-16	0	-7.401632e-17
2.0800000000042007e-09	-4.0924007e-07	-1.4739624e-07	-0.00019570766	0.13333559	-4.1857157e-16	-2.9682578e-16	1.5591203e-16	-2.036415e-16	0	-7.4016326e-17
2.0900000000040797e-09	-4.0163656e-07	-1.541347e-07	-0.00019950066	0.13336505	-4.1858264e-16	-2.9680013e-16	1.5589804e-16	-2.0366421e-16	0	-7.4016326e-17
2.1000000000039587e-09	-3.9640057e-07	-1.532848e-07	-0.00020333071	0.1333934	-4.1859347e-16	-2.9677507e-16	1.5588436e-16	-2.0368642e-16	0	-7.401632e-17
2.1100000000038377e-09	-3.9659787e-07	-1.6667066e-07	-0.00020713883	0.13342045	-4.1860397e-16	-2.9675048e-16	1.5587092e-16	-2.0370817e-16	0	-7.401627e-17
2.1200000000037166e-09	-3.9413925e-07	-1.6800622e-07	-0.00021088686	0.13344665	-4.186143e-16	-2.9672644e-16	1.5585781e-16	-2.0372946e-16	0	-7.4016214e-17
2.1300000000035956e-09	-3.9778166e-07	-1.7510892e-07	-0.00021455495	0.13347225	-4.1862446e-16	-2.9670296e-16	1.55845e-16	-2.0375037e-16	0	-7.401612e-17
2.1400000000034746e-09	-3.993752e-07	-1.8794842e-07	-0.00021806733	0.13349736	-4.1863441e-16	-2.9667993e-16	1.5583245e-16	-2.037709e-16	0	-7.401601e-17
2.1500000000033536e-09	-4.0854195e-07	-1.9326026e-07	-0.00022141094	0.1335215	-4.186443e-16	-2.9665738e-16	1.5582014e-16	-2.0379118e-16	0	-7.4015876e-17
2.1600000000032326e-09	-4.0854195e-07	-2.0764779e-07	-0.0002245753	0.13354495	-4.1865405e-16	-2.9663528e-16	1.5580808e-16	-2.0381116e-16	0	-7.401571e-17
2.1700000000031116e-09	-4.1279142e-07	-2.0943864e-07	-0.00022756468	0.1335679	-4.1866374e-16	-2.9661352e-16	1.5579623e-16	-2.0383092e-16	0	-7.401554e-17
2.1800000000029906e-09	-4.2279288e-07	-2.20548e-07	-0.00023041062	0.13359009	-4.1867332e-16	-2.9659203e-16	1.5578453e-16	-2.0385048e-16	0	-7.4015354e-17
2.1900000000028696e-09	-4.3032054e-07	-2.1807419e-07	-0.00023304226	0.13361146	-4.1868293e-16	-2.9657083e-16	1.5577297e-16	-2.0386995e-16	0	-7.4015155e-17
2.2000000000027486e-09	-4.3584487e-07	-2.2068458e-07	-0.00023546729	0.13363194	-4.1869254e-16	-2.965498e-16	1.5576151e-16	-2.0388931e-16	0	-7.401494e-17
2.2100000000026276e-09	-4.4464736e-07	-2.2450912e-07	-0.00023774905	0.13365167	-4.187021e-16	-2.965289e-16	1.5575016e-16	-2.0390858e-16	0	-7.4014725e-17
2.2200000000025065e-09	-4.4765233e-07	-2.2871308e-07	-0.00023986328	0.13367088	-4.1871168e-16	-2.9650817e-16	1.5573884e-16	-2.0392784e-16	0	-7.4014507e-17
2.2300000000023855e-09	-4.5665212e-07	-2.3023074e-07	-0.00024180845	0.13368979	-4.1872126e-16	-2.964874e-16	1.5572755e-16	-2.0394708e-16	0	-7.4014295e-17
2.2400000000022645e-09	-4.5898935e-07	-2.212006e-07	-0.0002435963	0.1337084	-4.1873076e-16	-2.9646667e-16	1.5571627e-16	-2.0396629e-16	0	-7.401408e-17
2.2500000000021435e-09	-4.5780556e-07	-2.0667649e-07	-0.0002452776	0.13372694	-4.1874035e-16	-2.9644594e-16	1.5570498e-16	-2.0398554e-16	0	-7.401387e-17
2.2600000000020225e-09	-4.598696e-07	-2.0245736e-07	-0.00024680578	0.13374521	-4.1874993e-16	-2.9642514e-16	1.5569368e-16	-2.0400481e-16	0	-7.401367e-17
2.2700000000019015e-09	-4.6222198e-07	-1.8529249e-07	-0.00024820387	0.13376395	-4.1875956e-16	-2.9640428e-16	1.5568231e-16	-2.0402412e-16	0	-7.401347e-17
2.2800000000017805e-09	-4.6401283e-07	-1.7729437e-07	-0.00024949326	0.133783	-4.1876917e-16	-2.9638334e-16	1.5567092e-16	-2.0404349e-16	0	-7.4013296e-17
2.2900000000016595e-09	-4.6530286e-07	-1.696453e-07	-0.00025070985	0.13380222	-4.187788e-16	-2.9636232e-16	1.5565947e-16	-2.0406285e-16	0	-7.401312e-17
2.3000000000015385e-09	-4.678829e-07	-1.479426e-07	-0.00025183236	0.133822	-4.187884e-16	-2.9634117e-16	1.5564798e-16	-2.0408225e-16	0	-7.401295e-17
2.3100000000014175e-09	-4.671696e-07	-1.3829022e-07	-0.00025287186	0.13384257	-4.1879797e-16	-2.9631994e-16	1.5563643e-16	-2.0410163e-16	0	-7.401282e-17
2.3200000000012965e-09	-4.6329953e-07	-1.21095e-07	-0.0002538272	0.13386393	-4.1880747e-16	-2.962986e-16	1.5562485e-16	-2.0412102e-16	0	-7.401269e-17
2.3300000000011754e-09	-4.6096233e-07	-1.0622182e-07	-0.00025470628	0.13388559	-4.1881695e-16	-2.9627725e-16	1.5561321e-16	-2.0414033e-16	0	-7.401258e-17
2.3400000000010544e-09	-4.5480056e-07	-8.955779e-08	-0.0002555572	0.1339075	-4.1882632e-16	-2.962558e-16	1.5560157e-16	-2.041596e-16	0	-7.4012495e-17
2.3500000000009334e-09	-4.5103675e-07	-7.82056e-08	-0.0002563501	0.13392943	-4.1883566e-16	-2.9623442e-16	1.5558992e-16	-2.0417872e-16	0	-7.4012435e-17
2.3600000000008124e-09	-4.5200807e-07	-6.480457e-08	-0.00025711727	0.1339513	-4.188448e-16	-2.9621303e-16	1.555783e-16	-2.0419771e-16	0	-7.4012376e-17
2.3700000000006914e-09	-4.470301e-07	-5.6062778e-08	-0.000257831	0.13397266	-4.1885385e-16	-2.961917e-16	1.555667e-16	-2.0421653e-16	0	-7.401235e-17
2.3800000000005704e-09	-4.4563384e-07	-4.5150724e-08	-0.00025851803	0.1339937	-4.1886274e-16	-2.9617052e-16	1.5555518e-16	-2.042351e-16	0	-7.401234e-17
2.3900000000004494e-09	-4.4051927e-07	-3.1385444e-08	-0.00025918466	0.13401435	-4.1887142e-16	-2.9614945e-16	1.5554377e-16	-2.0425339e-16	0	-7.401234e-17
2.4000000000003284e-09	-4.4229495e-07	-2.294719e-08	-0.00025983527	0.13403454	-4.1887992e-16	-2.9612865e-16	1.5553245e-16	-2.0427143e-16	0	-7.401235e-17
2.4100000000002074e-09	-4.4030682e-07	-2.0488564e-08	-0.0002605135	0.13405468	-4.188883e-16	-2.961081e-16	1.5552132e-16	-2.0428913e-16	0	-7.401238e-17
2.4200000000000864e-09	-4.3513154e-07	-1.7073802e-08	-0.00026118426	0.13407461	-4.1889644e-16	-2.9608788e-16	1.5551034e-16	-2.0430648e-16	0	-7.401241e-17
2.4300099999999652e-09	-4.3540473e-07	-2.0670683e-08	-0.00026182373	0.13409443	-4.1890433e-16	-2.9606798e-16	1.5549957e-16	-2.0432347e-16	0	-7.401243e-17
2.4400099999998442e-09	-4.3772675e-07	-1.1200415e-08	-0.00026247502	0.1341141	-4.1891203e-16	-2.9604855e-16	1.55489e-16	-2.0434004e-16	0	-7.401246e-17
2.450009999999723e-09	-4.369831e-07	-7.4365896e-09	-0.000263139	0.13413358	-4.1891952e-16	-2.9602954e-16	1.5547871e-16	-2.0435623e-16	0	-7.401248e-17
2.460009999999602e-09	-4.3472178e-07	-1.5905195e-08	-0.00026386336	0.13415301	-4.1892685e-16	-2.9601102e-16	1.5546866e-16	-2.0437199e-16	0	-7.40125e-17
2.470009999999481e-09	-4.3472178e-07	-1.6565382e-08	-0.00026453935	0.1341721	-4.1893395e-16	-2.9599296e-16	1.5545887e-16	-2.0438733e-16	0	-7.4012515e-17
2.48000999999936e-09	-4.4306898e-07	-1.9244073e-08	-0.0002652511	0.13419084	-4.1894085e-16	-2.959754e-16	1.5544937e-16	-2.044023e-16	0	-7.401252e-17
2.490009999999239e-09	-4.4876023e-07	-2.7302907e-08	-0.0002659988	0.13420911	-4.1894758e-16	-2.9595834e-16	1.554401e-16	-2.0441683e-16	0	-7.4012515e-17
2.500009999999118e-09	-4.6823197e-07	-2.8001036e-08	-0.0002667172	0.13422713	-4.1895414e-16	-2.9594177e-16	1.5543114e-16	-2.0443102e-16	0	-7.4012515e-17
2.510009999998997e-09	-4.600669e-07	-3.472432e-08	-0.00026744252	0.13424528	-4.1896057e-16	-2.959257e-16	1.5542245e-16	-2.0444478e-16	0	-7.40125e-17
2.520009999998876e-09	-4.7079683e-07	-4.0233466e-08	-0.00026821307	0.13426328	-4.189668e-16	-2.959101e-16	1.5541399e-16	-2.044582e-16	0	-7.4012495e-17
2.530009999998755e-09	-4.6914258e-07	-5.4878996e-08	-0.00026902132	0.13428132	-4.1897288e-16	-2.9589505e-16	1.5540581e-16	-2.0447124e-16	0	-7.401246e-17
2.540009999998634e-09	-4.8116254e-07	-5.914365e-08	-0.00026983226	0.13429925	-4.1897892e-16	-2.9588033e-16	1.5539786e-16	-2.0448397e-16	0	-7.4012435e-17
2.550009999998513e-09	-5.0083156e-07	-7.2081804e-08	-0.00027061094	0.13431698	-4.189847e-16	-2.9586607e-16	1.5539013e-16	-2.0449637e-16	0	-7.40124e-17
2.560009999998392e-09	-5.060827e-07	-8.103986e-08	-0.00027140268	0.13433431	-4.1899038e-16	-2.9585217e-16	1.5538262e-16	-2.0450851e-16	0	-7.401237e-17
2.570009999998271e-09	-5.088145e-07	-9.4975874e-08	-0.0002722147	0.13435155	-4.18996e-16	-2.9583864e-16	1.5537534e-16	-2.0452033e-16	0	-7.401233e-17
2.58000999999815e-09	-5.2884775e-07	-9.876246e-08	-0.0002730208	0.13436861	-4.1900147e-16	-2.9582546e-16	1.553682e-16	-2.045319e-16	0	-7.401229e-17
2.590009999998029e-09	-5.3341597e-07	-1.0588793e-07	-0.00027384018	0.13438551	-4.1900676e-16	-2.958126e-16	1.5536125e-16	-2.0454318e-16	0	-7.401223e-17
2.600009999997908e-09	-5.3851534e-07	-1.2433902e-07	-0.00027465646	0.13440241	-4.19012e-16	-2.9580008e-16	1.5535446e-16	-2.0455422e-16	0	-7.401217e-17
2.610009999997787e-09	-5.469991e-07	-1.2620575e-07	-0.00027546598	0.13441932	-4.1901717e-16	-2.957878e-16	1.5534783e-16	-2.0456509e-16	0	-7.401212e-17
2.620009999997666e-09	-5.525386e-07	-1.4213371e-07	-0.00027626407	0.13443612	-4.1902217e-16	-2.9577575e-16	1.5534136e-16	-2.045757e-16	0	-7.401205e-17
2.630009999997545e-09	-5.663494e-07	-1.554323e-07	-0.0002770327	0.13445306	-4.1902715e-16	-2.9576397e-16	1.5533496e-16	-2.0458614e-16	0	-7.4011985e-17
2.640009999997424e-09	-5.825733e-07	-1.6074037e-07	-0.00027786518	0.13446999	-4.1903194e-16	-2.957524e-16	1.5532874e-16	-2.0459635e-16	0	-7.401191e-17
2.650009999997303e-09	-5.962324e-07	-1.7789006e-07	-0.00027870358	0.1344872	-4.1903673e-16	-2.9574105e-16	1.5532264e-16	-2.0460646e-16	0	-7.4011826e-17
2.660009999997182e-09	-5.921802e-07	-1.7866786e-07	-0.00027949514	0.13450453	-4.1904133e-16	-2.9572988e-16	1.5531662e-16	-2.0461632e-16	0	-7.4011754e-17
2.670009999997061e-09	-5.9639933e-07	-1.8949265e-07	-0.0002803074	0.1345218	-4.1904602e-16	-2.95719e-16	1.5531072e-16	-2.0462605e-16	0	-7.401167e-17
2.68000999999694e-09	-6.075997e-07	-1.9158514e-07	-0.00028117318	0.13453925	-4.1905047e-16	-2.9570823e-16	1.5530493e-16	-2.0463559e-16	0	-7.4011575e-17
2.690009999996819e-09	-6.2919617e-07	-2.1209837e-07	-0.0002820534	0.13455708	-4.1905494e-16	-2.9569764e-16	1.5529923e-16	-2.0464501e-16	0	-7.4011476e-17
2.700009999996698e-09	-6.415652e-07	-2.2784326e-07	-0.00028292902	0.13457496	-4.1905925e-16	-2.9568724e-16	1.5529363e-16	-2.0465429e-16	0	-7.4011377e-17
2.710009999996577e-09	-6.465432e-07	-2.3619519e-07	-0.00028383217	0.1345929	-4.190636e-16	-2.95677e-16	1.5528811e-16	-2.0466342e-16	0	-7.401127e-17
2.720009999996456e-09	-6.6216e-07	-2.4468466e-07	-0.0002847374	0.13461107	-4.1906778e-16	-2.956669e-16	1.552827e-16	-2.0467242e-16	0	-7.4011165e-17
2.730009999996335e-09	-6.722373e-07	-2.57269e-07	-0.000285685	0.13462907	-4.1907199e-16	-2.9565698e-16	1.5527733e-16	-2.046813e-16	0	-7.401105e-17
2.740009999996214e-09	-6.8220845e-07	-2.7325672e-07	-0.00028665017	0.13464688	-4.1907614e-16	-2.956472e-16	1.5527206e-16	-2.0469006e-16	0	-7.401095e-17
2.750009999996093e-09	-6.9471406e-07	-2.8684747e-07	-0.00028767792	0.13466442	-4.190801e-16	-2.9563747e-16	1.5526687e-16	-2.0469867e-16	0	-7.401082e-17
2.760009999995972e-09	-7.075384e-07	-2.9736492e-07	-0.00028878328	0.13468191	-4.190841e-16	-2.9562792e-16	1.5526171e-16	-2.0470723e-16	0	-7.4010695e-17
2.770009999995851e-09	-7.2807245e-07	-3.1313922e-07	-0.00028992462	0.13469933	-4.1908813e-16	-2.9561852e-16	1.5525665e-16	-2.047157e-16	0	-7.401057e-17
2.78000999999573e-09	-7.3707224e-07	-3.2888696e-07	-0.00029104127	0.13471673	-4.1909197e-16	-2.9560918e-16	1.5525164e-16	-2.0472403e-16	0	-7.401043e-17
2.790009999995609e-09	-7.5995877e-07	-3.3481726e-07	-0.0002921964	0.13473417	-4.1909584e-16	-2.9559994e-16	1.5524669e-16	-2.0473227e-16	0	-7.401029e-17
2.800009999995488e-09	-7.748319e-07	-3.5164825e-07	-0.00029343533	0.13475174	-4.190996e-16	-2.9559083e-16	1.5524179e-16	-2.0474042e-16	0	-7.4010146e-17
2.810009999995367e-09	-7.8533424e-07	-3.622511e-07	-0.00029475114	0.1347692	-4.191034e-16	-2.955818e-16	1.5523692e-16	-2.0474854e-16	0	-7.401e-17
2.820009999995246e-09	-8.1294064e-07	-3.7507255e-07	-0.00029613078	0.13478695	-4.1910714e-16	-2.9557286e-16	1.5523214e-16	-2.0475657e-16	0	-7.400985e-17
2.830009999995125e-09	-8.137147e-07	-3.920866e-07	-0.00029754208	0.1348048	-4.1911082e-16	-2.9556394e-16	1.5522738e-16	-2.0476452e-16	0	-7.400969e-17
2.840009999995004e-09	-8.319571e-07	-4.1193394e-07	-0.00029901534	0.13482274	-4.1911442e-16	-2.9555513e-16	1.5522264e-16	-2.0477243e-16	0	-7.4009524e-17
2.850009999994883e-09	-8.573174e-07	-4.253862e-07	-0.00030054117	0.13484077	-4.1911812e-16	-2.9554644e-16	1.5521795e-16	-2.0478027e-16	0	-7.400935e-17
2.860009999994762e-09	-8.7621237e-07	-4.4360394e-07	-0.00030218842	0.13485922	-4.1912164e-16	-2.9553774e-16	1.552133e-16	-2.0478804e-16	0	-7.400917e-17
2.870009999994641e-09	-8.8540946e-07	-4.6568798e-07	-0.00030382597	0.13487789	-4.1912524e-16	-2.9552916e-16	1.5520868e-16	-2.0479576e-16	0	-7.4009e-17
2.8800099999945198e-09	-9.0677827e-07	-4.7500836e-07	-0.00030555113	0.13489655	-4.1912876e-16	-2.9552056e-16	1.5520406e-16	-2.0480343e-16	0	-7.4008816e-17
2.8900099999943988e-09	-9.2444395e-07	-4.9653084e-07	-0.00030736226	0.13491513	-4.1913226e-16	-2.9551206e-16	1.5519949e-16	-2.048111e-16	0	-7.400862e-17
2.9000099999942778e-09	-9.43946e-07	-5.060846e-07	-0.00030928606	0.1349335	-4.1913575e-16	-2.9550354e-16	1.5519494e-16	-2.0481871e-16	0	-7.400842e-17
2.9100099999941568e-09	-9.676218e-07	-5.2916835e-07	-0.00031124288	0.13495167	-4.1913922e-16	-2.954951e-16	1.5519041e-16	-2.0482632e-16	0	-7.4008213e-17
2.9200099999940357e-09	-9.847107e-07	-5.4584376e-07	-0.00031328315	0.13496983	-4.1914266e-16	-2.9548668e-16	1.5518587e-16	-2.0483384e-16	0	-7.4008e-17
2.9300099999939147e-09	-1.0065348e-06	-5.6860125e-07	-0.00031541663	0.134988	-4.1914605e-16	-2.9547829e-16	1.5518139e-16	-2.0484134e-16	0	-7.400779e-17
2.9400099999937937e-09	-1.0257637e-06	-5.859995e-07	-0.0003176495	0.13500613	-4.1914944e-16	-2.9546992e-16	1.5517687e-16	-2.0484886e-16	0	-7.400756e-17
2.9500099999936727e-09	-1.0383148e-06	-6.0360827e-07	-0.00031997793	0.13502419	-4.1915282e-16	-2.9546156e-16	1.551724e-16	-2.0485635e-16	0	-7.400733e-17
2.9600099999935517e-09	-1.0627039e-06	-6.383174e-07	-0.00032238412	0.13504222	-4.1915616e-16	-2.9545322e-16	1.5516793e-16	-2.0486381e-16	0	-7.4007095e-17
2.9700099999934307e-09	-1.089339e-06	-6.4786735e-07	-0.0003248937	0.13506016	-4.191595e-16	-2.9544488e-16	1.5516348e-16	-2.0487122e-16	0	-7.400686e-17
2.9800099999933097e-09	-1.1146082e-06	-6.6826107e-07	-0.00032748873	0.13507815	-4.1916286e-16	-2.954366e-16	1.5515902e-16	-2.0487867e-16	0	-7.400659e-17
2.9900099999931887e-09	-1.1310598e-06	-6.963152e-07	-0.00033019052	0.13509606	-4.1916622e-16	-2.9542826e-16	1.5515453e-16	-2.0488615e-16	0	-7.400634e-17
3.0000099999930677e-09	-1.1493933e-06	-7.2592115e-07	-0.00033303647	0.13511391	-4.1916953e-16	-2.9541997e-16	1.5515009e-16	-2.0489355e-16	0	-7.400608e-17
