# t (s)	mx ()	my ()	mz ()	spinAngle (rad)	E_total (J)	E_anis (J)	E_demag (J)	E_exch (J)	E_therm (J)	E_custom (J)
0	0	0	0	0.0042178794	4.7429266e-17	-1.8097601e-16	2.4934368e-16	6.2080004e-18	0	-2.7146398e-17
1.0000000000000124e-11	1.6862776e-10	-3.9522133e-10	0.0006691683	0.008160583	4.2113638e-17	-1.7827144e-16	2.459699e-16	1.3783731e-18	0	-2.6963175e-17
2.0009999999999403e-11	3.1617706e-10	-5.8492755e-10	0.0022996261	0.010704794	4.1105933e-17	-1.7603798e-16	2.4296714e-16	9.416507e-19	0	-2.6764866e-17
3.000999999999824e-11	5.2169213e-10	-2.107847e-11	0.004902925	0.013194341	4.0421517e-17	-1.7357457e-16	2.396535e-16	9.147408e-19	0	-2.6572155e-17
4.000000000000001e-11	1.0117666e-09	1.0539235e-09	0.008330564	0.015988026	3.994629e-17	-1.7057062e-16	2.3559231e-16	1.2236155e-18	0	-2.6299015e-17
5.0000000000001785e-11	2.2764748e-09	2.6558873e-09	0.012154403	0.01922159	3.95612e-17	-1.6702223e-16	2.3078577e-16	1.7143229e-18	0	-2.5916667e-17
6.00000000000024e-11	3.4568692e-09	4.173537e-09	0.016298424	0.022872861	3.9232498e-17	-1.6301353e-16	2.2535947e-16	2.3731121e-18	0	-2.548655e-17
7.000999999999771e-11	5.016676e-09	6.0284426e-09	0.020843958	0.02694423	3.893179e-17	-1.5852701e-16	2.1929167e-16	3.2185192e-18	0	-2.5051395e-17
8.000999999999302e-11	6.450012e-09	7.377465e-09	0.025817506	0.03138069	3.863545e-17	-1.5351694e-16	2.1251994e-16	4.2562545e-18	0	-2.4623817e-17
9.000999999998834e-11	7.799034e-09	7.335308e-09	0.03130288	0.03619208	3.8320022e-17	-1.4791903e-16	2.0495352e-16	5.4907116e-18	0	-2.4205146e-17
1.0000999999998365e-10	8.53678e-09	7.0823662e-09	0.03755564	0.041301865	3.796284e-17	-1.4166683e-16	1.9649564e-16	6.9301506e-18	0	-2.3796122e-17
1.1000999999997896e-10	8.578938e-09	6.2813843e-09	0.04508695	0.04647058	3.7542644e-17	-1.3473188e-16	1.8709775e-16	8.562278e-18	0	-2.3385501e-17
1.2000999999997891e-10	7.672563e-09	5.901972e-09	0.05463774	0.051440474	3.7037806e-17	-1.2719146e-16	1.7685448e-16	1.03239486e-17	0	-2.2949158e-17
1.3000999999998715e-10	6.492169e-09	7.124523e-09	0.06697357	0.056051586	3.641511e-17	-1.1921297e-16	1.6598681e-16	1.2097162e-17	0	-2.2455896e-17
1.400099999999954e-10	3.8152033e-09	1.032845e-08	0.08232809	0.060376544	3.5601423e-17	-1.1088155e-16	1.5460465e-16	1.3745465e-17	0	-2.1867145e-17
1.5000000000000362e-10	9.274527e-10	1.4586302e-08	0.099344805	0.064776935	3.445726e-17	-1.02051575e-16	1.4249954e-16	1.5188694e-17	0	-2.11794e-17
1.6000000000001186e-10	-7.3247686e-10	1.6441208e-08	0.11448372	0.06966746	3.282547e-17	-9.264636e-17	1.2956294e-16	1.6435756e-17	0	-2.0526862e-17
1.700000000000201e-10	-1.7073561e-09	1.4291203e-08	0.12346548	0.07484945	3.0709448e-17	-8.3350305e-17	1.1673925e-16	1.7481767e-17	0	-2.0161257e-17
1.8000000000002833e-10	-3.3936338e-09	7.588249e-09	0.12426513	0.07951126	2.8318115e-17	-7.5170826e-17	1.0540974e-16	1.8307555e-17	0	-2.0228348e-17
1.9000000000003657e-10	-6.534326e-09	-4.848048e-10	0.11799928	0.082661904	2.5855194e-17	-6.845003e-17	9.6002754e-17	1.896598e-17	0	-2.0663508e-17
2.000000000000448e-10	-1.0834333e-08	-7.706816e-09	0.10783925	0.08410524	2.333494e-17	-6.285933e-17	8.796218e-17	1.9453503e-17	0	-2.122142e-17
2.1000000000005304e-10	-1.8970624e-08	-1.4227967e-08	0.09775442	0.08458849	2.0624483e-17	-5.789001e-17	8.0464934e-17	1.9643121e-17	0	-2.159357e-17
2.2000000000006128e-10	-3.195496e-08	-1.846474e-08	0.09077938	0.08446009	1.7697779e-17	-5.327788e-17	7.332287e-17	1.9363726e-17	0	-2.1710938e-17
2.3000000000006952e-10	-4.805891e-08	-1.9898076e-08	0.087969095	0.08346448	1.4773509e-17	-4.8828303e-17	6.67487e-17	1.8548316e-17	0	-2.16952e-17
2.4000000000005925e-10	-7.014915e-08	-2.217455e-08	0.08933965	0.08113769	1.2061319e-17	-4.4442522e-17	6.057668e-17	1.7462742e-17	0	-2.1535578e-17
2.5000000000004163e-10	-9.717175e-08	-3.2039274e-08	0.09441161	0.076007105	9.5195196e-18	-4.0894512e-17	5.5548963e-17	1.601341e-17	0	-2.1148336e-17
2.60000000000024e-10	-1.299277e-07	-5.3202058e-08	0.10240006	0.06857146	6.90986e-18	-3.901647e-17	5.2762377e-17	1.371581e-17	0	-2.0551857e-17
2.700000000000064e-10	-1.6449638e-07	-8.3660446e-08	0.11148653	0.06078298	4.142681e-18	-3.7818694e-17	5.107668e-17	1.0859722e-17	0	-1.997502e-17
2.800099999999888e-10	-1.9721017e-07	-1.17030304e-07	0.118377745	0.05464282	1.3972967e-18	-3.464256e-17	4.7120297e-17	8.540049e-18	0	-1.962049e-17
2.9000999999997117e-10	-2.1660236e-07	-1.4850836e-07	0.12006753	0.050579563	-1.1039365e-18	-2.9321207e-17	4.0503468e-17	7.128866e-18	0	-1.9415064e-17
3.0000999999995355e-10	-2.177406e-07	-1.7979936e-07	0.11563863	0.047787294	-3.28796e-18	-2.428385e-17	3.4089036e-17	6.061801e-18	0	-1.9154945e-17
3.1000999999993594e-10	-1.9636703e-07	-2.1230235e-07	0.106587544	0.045236032	-5.2278497e-18	-2.0536024e-17	2.911536e-17	5.0231254e-18	0	-1.883031e-17
3.2000999999991833e-10	-1.6196697e-07	-2.486838e-07	0.09544325	0.042446714	-6.985635e-18	-1.78073e-17	2.5353147e-17	4.103984e-18	0	-1.8635466e-17
3.300099999999007e-10	-1.2545905e-07	-2.8540248e-07	0.084320165	0.039297033	-8.582491e-18	-1.5978858e-17	2.2760263e-17	3.364833e-18	0	-1.872873e-17
3.400099999998831e-10	-9.063742e-08	-3.1845354e-07	0.074771635	0.03607336	-1.0065847e-17	-1.4927538e-17	2.1239331e-17	2.8001673e-18	0	-1.9177809e-17
3.500099999998655e-10	-5.581579e-08	-3.338408e-07	0.0676617	0.033604737	-1.1478709e-17	-1.444881e-17	2.0535313e-17	2.4207155e-18	0	-1.9985926e-17
3.600099999998479e-10	-1.8380426e-08	-3.2226873e-07	0.06307486	0.0321957	-1.28240945e-17	-1.4408338e-17	2.0443099e-17	2.1849703e-18	0	-2.1043827e-17
3.7000999999983027e-10	2.5715734e-08	-2.798167e-07	0.060547046	0.031270895	-1.4081099e-17	-1.4720036e-17	2.0816218e-17	1.9835684e-18	0	-2.216085e-17
3.8000999999981266e-10	7.723152e-08	-2.1200725e-07	0.05931688	0.030544112	-1.5226016e-17	-1.5188465e-17	2.138737e-17	1.736962e-18	0	-2.3161884e-17
3.9000999999979505e-10	1.3228848e-07	-1.3169829e-07	0.058529396	0.029925238	-1.6241155e-17	-1.5506477e-17	2.1760157e-17	1.4555955e-18	0	-2.395043e-17
4.0000999999977743e-10	1.8270818e-07	-5.733344e-08	0.057481434	0.029363642	-1.7118528e-17	-1.5464181e-17	2.1662682e-17	1.1954991e-18	0	-2.4512528e-17
4.100099999997598e-10	2.2123963e-07	-2.9931428e-09	0.05575883	0.02892421	-1.7860042e-17	-1.5056562e-17	2.1085927e-17	9.984019e-19	0	-2.488781e-17
4.200099999997422e-10	2.4349848e-07	2.2132394e-08	0.053199843	0.02867073	-1.8476078e-17	-1.4369456e-17	2.0140296e-17	8.815135e-19	0	-2.5128432e-17
4.300099999997246e-10	2.4619652e-07	1.6862776e-08	0.049803324	0.028621176	-1.8985597e-17	-1.3495257e-17	1.8944815e-17	8.421161e-19	0	-2.5277271e-17
4.40009999999707e-10	2.3354946e-07	-1.2351983e-08	0.045664135	0.028739264	-1.9414761e-17	-1.2540089e-17	1.7638882e-17	8.5974273e-19	0	-2.5373294e-17
4.5000999999968937e-10	2.1044745e-07	-5.2696176e-08	0.041072905	0.028883392	-1.9892958e-17	-1.16320164e-17	1.6407687e-17	7.875681e-19	0	-2.5456195e-17
4.6000999999967176e-10	1.8759839e-07	-9.400998e-08	0.03587547	0.028960614	-2.0355146e-17	-1.0708927e-17	1.5091687e-17	8.2533243e-19	0	-2.5563241e-17
4.700099999996541e-10	1.6997679e-07	-1.2613357e-07	0.030383686	0.029112129	-2.0703444e-17	-9.9243194e-18	1.3957177e-17	9.713931e-19	0	-2.5707695e-17
4.800099999996365e-10	1.6112382e-07	-1.4759145e-07	0.025170768	0.02922908	-2.1022684e-17	-9.405121e-18	1.3176439e-17	1.0905289e-18	0	-2.5884531e-17
4.900099999996189e-10	1.567395e-07	-1.5446304e-07	0.020502346	0.029249001	-2.1334553e-17	-9.047208e-18	1.2617383e-17	1.1728847e-18	0	-2.6077612e-17
5.000099999996013e-10	1.4898264e-07	-1.4754929e-07	0.016592035	0.029197266	-2.1637147e-17	-8.741351e-18	1.2149418e-17	1.2119774e-18	0	-2.6257193e-17
5.100099999995837e-10	1.3355319e-07	-1.2984337e-07	0.0136261685	0.029092517	-2.1916815e-17	-8.451566e-18	1.1734183e-17	1.1977585e-18	0	-2.6397193e-17
5.200099999995661e-10	1.10071774e-07	-1.0497078e-07	0.011685923	0.028946185	-2.216115e-17	-8.221363e-18	1.14269244e-17	1.1261269e-18	0	-2.6492838e-17
5.300099999995485e-10	8.296486e-08	-8.127858e-08	0.010685243	0.028756045	-2.2366183e-17	-8.101659e-18	1.128652e-17	1.004164e-18	0	-2.6555206e-17
5.400099999995309e-10	5.990501e-08	-6.534326e-08	0.010413019	0.028524153	-2.2536468e-17	-8.088707e-18	1.1299073e-17	8.499033e-19	0	-2.6596737e-17
5.500099999995133e-10	4.371675e-08	-5.64903e-08	0.01062974	0.028243609	-2.2680707e-17	-8.133946e-18	1.1391427e-17	6.8791607e-19	0	-2.6626104e-17
5.600099999994956e-10	3.5917715e-08	-5.444569e-08	0.011123804	0.027925387	-2.2807183e-17	-8.179829e-18	1.1480703e-17	5.411568e-19	0	-2.6649215e-17
5.70009999999478e-10	3.5032418e-08	-5.6869712e-08	0.011724017	0.027585853	-2.2922253e-17	-8.186676e-18	1.15109825e-17	4.232348e-19	0	-2.6669795e-17
5.800099999994604e-10	4.080792e-08	-6.342512e-08	0.012300257	0.027232604	-2.303066e-17	-8.1361245e-18	1.1456839e-17	3.3827807e-19	0	-2.668965e-17
5.900099999994428e-10	5.2527547e-08	-7.00016e-08	0.012763591	0.02687117	-2.3135795e-17	-8.0231656e-18	1.1312267e-17	2.8470887e-19	0	-2.6709604e-17
6.000099999994252e-10	6.55962e-08	-7.630406e-08	0.013061114	0.026504595	-2.3240194e-17	-7.8522725e-18	1.10851524e-17	2.5756445e-19	0	-2.6730638e-17
6.100099999994076e-10	7.921289e-08	-8.089917e-08	0.013165658	0.026147636	-2.334601e-17	-7.636545e-18	1.0795133e-17	2.498544e-19	0	-2.6754454e-17
6.2000999999939e-10	9.110115e-08	-8.203741e-08	0.013065947	0.025821747	-2.3454961e-17	-7.3951e-18	1.0469085e-17	2.5410133e-19	0	-2.6783048e-17
6.300099999993724e-10	1.01345286e-07	-7.887564e-08	0.012760024	0.025539294	-2.3567825e-17	-7.1469695e-18	1.0132663e-17	2.639048e-19	0	-2.6817424e-17
6.400099999993547e-10	1.085752e-07	-7.2467785e-08	0.012252941	0.025293969	-2.3683784e-17	-6.9052533e-18	9.802953e-18	2.749664e-19	0	-2.685645e-17
6.500099999993371e-10	1.096502e-07	-6.3045704e-08	0.011557897	0.025072943	-2.3800031e-17	-6.676848e-18	9.488633e-18	2.850598e-19	0	-2.6896876e-17
6.600099999993195e-10	1.0753182e-07	-5.141039e-08	0.010699274	0.02485926	-2.3912175e-17	-6.467232e-18	9.19664e-18	2.930957e-19	0	-2.693468e-17
6.700099999993019e-10	1.00718204e-07	-3.8257422e-08	0.009714456	0.024642885	-2.401559e-17	-6.2839484e-18	8.9370645e-18	2.9814203e-19	0	-2.6966847e-17
6.800099999992843e-10	8.93187e-08	-2.4893673e-08	0.008650666	0.024429047	-2.4107016e-17	-6.1347006e-18	8.72087e-18	2.9916972e-19	0	-2.6992356e-17
6.900099999992667e-10	7.546224e-08	-1.336375e-08	0.0075577535	0.024239898	-2.4185266e-17	-6.023328e-18	8.554529e-18	2.9538092e-19	0	-2.7011846e-17
7.000099999992491e-10	5.986813e-08	-2.866672e-09	0.0064809937	0.024093447	-2.4250843e-17	-5.9484684e-18	8.437832e-18	2.864622e-19	0	-2.7026669e-17
7.100099999992315e-10	4.394861e-08	5.2274607e-09	0.0054570567	0.024004994	-2.4305132e-17	-5.904988e-18	8.365387e-18	2.7255244e-19	0	-2.7038082e-17
7.200099999992138e-10	3.020545e-08	1.0707863e-08	0.004513753	0.02395097	-2.4349762e-17	-5.8859683e-18	8.3290115e-18	2.5416427e-19	0	-2.7046968e-17
7.300099999991962e-10	2.2005922e-08	1.2099042e-08	0.0036717558	0.023919737	-2.4386333e-17	-5.884143e-18	8.31956e-18	2.3219697e-19	0	-2.7053946e-17
7.400099999991786e-10	1.460738e-08	1.2668161e-08	0.002946229	0.023901755	-2.441628e-17	-5.8928434e-18	8.32815e-18	2.0793138e-19	0	-2.7059518e-17
7.50009999999161e-10	1.4459831e-08	1.3574535e-08	0.0023463499	0.02388619	-2.4440868e-17	-5.906453e-18	8.3467735e-18	1.8293632e-19	0	-2.7064125e-17
7.600099999991434e-10	1.6567677e-08	1.557699e-08	0.001873639	0.023863666	-2.4461188e-17	-5.9205626e-18	8.36867e-18	1.5882988e-19	0	-2.7068126e-17
7.700099999991258e-10	1.9350036e-08	1.7263268e-08	0.0015208275	0.023830147	-2.4478175e-17	-5.932007e-18	8.388579e-18	1.3699003e-19	0	-2.7071737e-17
7.800099999991082e-10	2.1879453e-08	1.859121e-08	0.0012729899	0.023784459	-2.4492593e-17	-5.9387664e-18	8.402835e-18	1.1837959e-19	0	-2.7075041e-17
7.900099999990906e-10	2.2912298e-08	1.7547826e-08	0.001110629	0.023731051	-2.4505044e-17	-5.939821e-18	8.4092984e-18	1.0353173e-19	0	-2.7078055e-17
8.00009999999073e-10	2.23221e-08	1.5050029e-08	0.0010130081	0.023675688	-2.4515953e-17	-5.9351226e-18	8.407375e-18	9.2559824e-20	0	-2.7080765e-17
8.100099999990553e-10	2.0340725e-08	1.48814e-08	0.0009607157	0.023623953	-2.4525622e-17	-5.925596e-18	8.397996e-18	8.514112e-20	0	-2.7083164e-17
8.200099999990377e-10	1.555591e-08	1.3015955e-08	0.000937094	0.023580084	-2.4534273e-17	-5.9128545e-18	8.383239e-18	8.056466e-20	0	-2.7085222e-17
8.300099999990201e-10	8.347074e-09	9.411537e-09	0.00092873134	0.023545269	-2.4542128e-17	-5.8987093e-18	8.365621e-18	7.7900607e-20	0	-2.708694e-17
8.400099999990025e-10	2.3397102e-09	7.970296e-09	0.00092550885	0.023517765	-2.4549374e-17	-5.884707e-18	8.34744e-18	7.6223905e-20	0	-2.708833e-17
8.500099999989849e-10	-5.817658e-09	4.682055e-09	0.0009204209	0.02349535	-2.4556162e-17	-5.8718628e-18	8.33035e-18	7.4810305e-20	0	-2.7089462e-17
8.600099999989673e-10	-1.0117666e-08	1.785083e-09	0.0009092366	0.023475077	-2.4562597e-17	-5.8606483e-18	8.315259e-18	7.321642e-20	0	-2.7090423e-17
8.700099999989497e-10	-1.1466688e-08	1.4254316e-09	0.00089005125	0.023454899	-2.4568712e-17	-5.8511146e-18	8.302429e-18	7.1263187e-20	0	-2.7091292e-17
8.800099999989321e-10	-9.632861e-09	-2.1842566e-09	0.00086256885	0.0234326	-2.4574532e-17	-5.8430496e-18	8.291673e-18	6.89528e-20	0	-2.7092109e-17
8.900099999989144e-10	-8.41031e-09	-4.3052775e-09	0.00082742475	0.023407962	-2.458007e-17	-5.836106e-18	8.282537e-18	6.638067e-20	0	-2.7092883e-17
9.000099999988968e-10	-9.400998e-09	-5.108894e-09	0.00078556093	0.023381334	-2.4585341e-17	-5.8298945e-18	8.2744605e-18	6.3678225e-20	0	-2.7093586e-17
9.100099999988792e-10	-7.0191306e-09	-6.231323e-09	0.00073777005	0.023353621	-2.4590394e-17	-5.8240327e-18	8.2668695e-18	6.098176e-20	0	-2.7094213e-17
9.200099999988616e-10	-3.983831e-09	-8.278569e-09	0.00068451406	0.023325484	-2.4595246e-17	-5.818204e-18	8.259298e-18	5.840987e-20	0	-2.7094751e-17
9.30009999998844e-10	-3.4779477e-09	-6.8136154e-09	0.0006259888	0.023297707	-2.4599928e-17	-5.8122106e-18	8.251454e-18	5.604195e-20	0	-2.7095214e-17
9.400099999989161e-10	-1.6441207e-09	-4.921823e-09	0.000562244	0.023271067	-2.4604453e-17	-5.806018e-18	8.243285e-18	5.3902336e-20	0	-2.7095621e-17
9.50009999999002e-10	-2.6558873e-09	-4.579298e-09	0.00049348234	0.02324578	-2.460883e-17	-5.7997334e-18	8.234947e-18	5.195877e-20	0	-2.7096003e-17
9.600099999990877e-10	-1.3068652e-09	-6.3235412e-09	0.00042020465	0.023221906	-2.4613054e-17	-5.793571e-18	8.226746e-18	5.0134625e-20	0	-2.7096362e-17
9.700099999991735e-10	1.9602977e-09	-7.3405775e-09	0.00034327043	0.02319974	-2.4617135e-17	-5.7877803e-18	8.2190436e-18	4.83296e-20	0	-2.7096728e-17
9.800099999992593e-10	3.0352998e-09	-8.073054e-09	0.00026389738	0.02317914	-2.4621066e-17	-5.782588e-18	8.212168e-18	4.6446863e-20	0	-2.7097092e-17
9.90009999999345e-10	4.4475574e-09	-8.557859e-09	0.000183477	0.023160016	-2.4624854e-17	-5.778155e-18	8.206348e-18	4.441149e-20	0	-2.7097459e-17
1.0000099999994308e-09	4.7215774e-09	-7.85173e-09	0.00010339756	0.023142494	-2.4628509e-17	-5.7745458e-18	8.201683e-18	4.2183504e-20	0	-2.709783e-17
1.0100099999995166e-09	4.300008e-09	-8.399771e-09	2.4842517e-05	0.023126466	-2.4632037e-17	-5.7717375e-18	8.198143e-18	3.9758785e-20	0	-2.7098202e-17
1.0200099999996024e-09	3.7519676e-09	-6.7082233e-09	-5.1405532e-05	0.02311165	-2.4635447e-17	-5.7696406e-18	8.195606e-18	3.7162175e-20	0	-2.7098574e-17
1.0300099999996882e-09	5.3117746e-09	-6.660797e-09	-0.00012490865	0.023097973	-2.4638743e-17	-5.768116e-18	8.1938774e-18	3.443984e-20	0	-2.7098943e-17
1.040009999999774e-09	6.3024626e-09	-6.3130017e-09	-0.00019563864	0.023085074	-2.4641939e-17	-5.766996e-18	8.1927186e-18	3.1650993e-20	0	-2.7099312e-17
1.0500099999998598e-09	8.304918e-09	-5.2274607e-09	-0.000263855	0.023072518	-2.4645036e-17	-5.7660978e-18	8.191881e-18	2.885888e-20	0	-2.7099674e-17
1.0600099999999456e-09	8.578938e-09	-5.733344e-09	-0.00032998234	0.02306015	-2.4648038e-17	-5.765249e-18	8.191121e-18	2.6124112e-20	0	-2.7100035e-17
1.0700000000000313e-09	7.693641e-09	-4.6688813e-09	-0.00039443522	0.02304793	-2.4650955e-17	-5.7642958e-18	8.1902254e-18	2.3500768e-20	0	-2.7100386e-17
1.080000000000117e-09	8.009819e-09	-4.82697e-09	-0.000457696	0.02303548	-2.465379e-17	-5.763115e-18	8.189034e-18	2.1021008e-20	0	-2.710073e-17
1.0900000000002028e-09	9.211291e-09	-5.338123e-09	-0.0005199841	0.02302259	-2.465655e-17	-5.76163e-18	8.187435e-18	1.8711168e-20	0	-2.7101067e-17
1.1000000000002886e-09	1.129806e-08	-6.0179035e-09	-0.0005814531	0.023009311	-2.4659237e-17	-5.7598017e-18	8.1853765e-18	1.6579905e-20	0	-2.7101392e-17
1.1100000000003744e-09	1.3426986e-08	-5.338123e-09	-0.00064211	0.022995641	-2.4661859e-17	-5.7576262e-18	8.182853e-18	1.4623695e-20	0	-2.7101708e-17
1.1200000000004602e-09	1.6146108e-08	-7.3616557e-09	-0.00070186367	0.02298165	-2.4664418e-17	-5.755137e-18	8.1799055e-18	1.2827536e-20	0	-2.7102014e-17
1.130000000000546e-09	1.7537287e-08	-6.9242776e-09	-0.0007606663	0.022967467	-2.466692e-17	-5.7523898e-18	8.176609e-18	1.1168864e-20	0	-2.7102308e-17
1.1400000000006318e-09	1.6630914e-08	-7.2720723e-09	-0.0008183939	0.022953058	-2.4669368e-17	-5.7494495e-18	8.1730466e-18	9.6232e-21	0	-2.7102591e-17
1.1500000000007175e-09	1.6167187e-08	-7.3405775e-09	-0.0008749888	0.022938615	-2.4671777e-17	-5.7463927e-18	8.169311e-18	8.163968e-21	0	-2.7102859e-17
1.1600000000008033e-09	1.707356e-08	-7.7621465e-09	-0.0009304326	0.022923745	-2.4674134e-17	-5.7432813e-18	8.165488e-18	6.767904e-21	0	-2.7103109e-17
1.1700000000008891e-09	1.7284346e-08	-7.140332e-09	-0.0009847182	0.022908663	-2.4676459e-17	-5.7401715e-18	8.161644e-18	5.415248e-21	0	-2.7103347e-17
1.1800000000009749e-09	1.6441208e-08	-8.726487e-09	-0.001037901	0.022893393	-2.4678745e-17	-5.7370902e-18	8.1578165e-18	4.09312e-21	0	-2.7103565e-17
1.1900000000010607e-09	1.5619147e-08	-8.157368e-09	-0.0010900528	0.022878023	-2.4681005e-17	-5.734062e-18	8.154033e-18	2.79192e-21	0	-2.7103767e-17
1.2000000000011465e-09	1.6609835e-08	-8.399771e-09	-0.0011412528	0.022862494	-2.4683235e-17	-5.7310936e-18	8.150303e-18	1.50512e-21	0	-2.7103951e-17
1.2100000000012322e-09	1.6968169e-08	-7.693641e-09	-0.0011915583	0.022846604	-2.4685443e-17	-5.728178e-18	8.146622e-18	2.31552e-22	0	-2.710412e-17
1.220000000001318e-09	1.8169642e-08	-6.2181487e-09	-0.0012410338	0.022830633	-2.4687632e-17	-5.7253083e-18	8.14298e-18	-1.031392e-21	0	-2.7104272e-17
1.2300000000014038e-09	1.7874543e-08	-5.3539315e-09	-0.0012897676	0.022814427	-2.4689801e-17	-5.722465e-18	8.139356e-18	-2.281696e-21	0	-2.7104412e-17
1.2400000000014896e-09	1.9054937e-08	-4.700499e-09	-0.001337764	0.022798005	-2.4691962e-17	-5.719638e-18	8.135738e-18	-3.52032e-21	0	-2.7104541e-17
1.2500000000015754e-09	1.9265721e-08	-3.0985352e-09	-0.001385048	0.022781175	-2.4694106e-17	-5.71681e-18	8.132108e-18	-4.747168e-21	0	-2.7104656e-17
1.2600000000016612e-09	1.9687292e-08	-4.837509e-09	-0.0014316457	0.022764087	-2.4696238e-17	-5.713974e-18	8.1284566e-18	-5.96256e-21	0	-2.710476e-17
1.270000000001747e-09	2.0488272e-08	-5.4277063e-09	-0.0014775741	0.022746734	-2.4698366e-17	-5.711117e-18	8.124774e-18	-7.168528e-21	0	-2.7104854e-17
1.2800000000018327e-09	2.0699058e-08	-6.091678e-09	-0.0015228232	0.022729017	-2.4700492e-17	-5.7082423e-18	8.121059e-18	-8.366464e-21	0	-2.7104943e-17
1.2900000000019185e-09	2.0361803e-08	-6.766189e-09	-0.001567377	0.022710985	-2.4702616e-17	-5.705344e-18	8.117309e-18	-9.558528e-21	0	-2.7105021e-17
1.3000000000020043e-09	2.0783371e-08	-7.1139836e-09	-0.0016112649	0.022692619	-2.4704738e-17	-5.702422e-18	8.113524e-18	-1.0747648e-20	0	-2.7105094e-17
1.3100000000020901e-09	2.0446116e-08	-7.567171e-09	-0.0016544233	0.022674004	-2.4706867e-17	-5.699479e-18	8.109708e-18	-1.1936048e-20	0	-2.7105159e-17
1.3200000000021759e-09	1.9834841e-08	-9.1480565e-09	-0.0016969008	0.022655072	-2.4708997e-17	-5.6965087e-18	8.105852e-18	-1.312504e-20	0	-2.7105215e-17
1.3300000000022617e-09	2.0614744e-08	-9.949038e-09	-0.0017386768	0.02263589	-2.4711139e-17	-5.6935148e-18	8.1019595e-18	-1.4316624e-20	0	-2.7105268e-17
1.3400000000023475e-09	2.1152244e-08	-9.580165e-09	-0.0017797605	0.022616506	-2.4713286e-17	-5.69049e-18	8.098025e-18	-1.55124e-20	0	-2.7105309e-17
1.3500000000024332e-09	2.1984844e-08	-8.452466e-09	-0.0018201562	0.022596639	-2.4715449e-17	-5.6874387e-18	8.094053e-18	-1.6716112e-20	0	-2.710535e-17
1.360000000002519e-09	2.2279943e-08	-8.304918e-09	-0.0018598428	0.022576464	-2.4717627e-17	-5.6843604e-18	8.0900415e-18	-1.7928784e-20	0	-2.7105379e-17
1.3700000000026048e-09	2.4061073e-08	-7.862269e-09	-0.0018988397	0.022556137	-2.4719823e-17	-5.6812493e-18	8.085987e-18	-1.915216e-20	0	-2.7105407e-17
1.3800000000026906e-09	2.3934604e-08	-7.893887e-09	-0.0019371826	0.022535454	-2.4722035e-17	-5.6781015e-18	8.081881e-18	-2.0387185e-20	0	-2.7105425e-17
1.3900000000027764e-09	2.50623e-08	-7.514474e-09	-0.001974935	0.022514416	-2.472427e-17	-5.6749214e-18	8.0777305e-18	-2.1636544e-20	0	-2.7105441e-17
1.4000000000028622e-09	2.5462793e-08	-6.9769737e-09	-0.0020120777	0.022493012	-2.4726523e-17	-5.6717057e-18	8.073533e-18	-2.2901552e-20	0	-2.710545e-17
1.410000000002948e-09	2.6917206e-08	-5.8914327e-09	-0.002048659	0.022471178	-2.4728804e-17	-5.668454e-18	8.069287e-18	-2.4184911e-20	0	-2.7105451e-17
1.4200000000030337e-09	2.6527255e-08	-6.75565e-09	-0.0020847018	0.02244904	-2.4731115e-17	-5.6651677e-18	8.064991e-18	-2.5487936e-20	0	-2.7105451e-17
1.4300000000031195e-09	2.6938284e-08	-7.124523e-09	-0.0021202355	0.02242644	-2.4733456e-17	-5.661843e-18	8.060645e-18	-2.6812032e-20	0	-2.7105448e-17
1.4400000000032053e-09	2.657995e-08	-6.9980524e-09	-0.0021552814	0.022403385	-2.4735827e-17	-5.658477e-18	8.056243e-18	-2.8158016e-20	0	-2.7105436e-17
1.450000000003291e-09	2.5989754e-08	-7.588249e-09	-0.002189888	0.022379948	-2.4738232e-17	-5.655065e-18	8.0517786e-18	-2.9526273e-20	0	-2.710542e-17
1.4600000000033769e-09	2.6158382e-08	-8.41031e-09	-0.0022241028	0.022356043	-2.474067e-17	-5.6516023e-18	8.0472464e-18	-3.091779e-20	0	-2.7105395e-17
1.4700000000034627e-09	2.619e-08	-8.273299e-09	-0.0022579674	0.022331746	-2.4743144e-17	-5.6480835e-18	8.042639e-18	-3.233293e-20	0	-2.7105365e-17
1.4800000000035485e-09	2.6769657e-08	-8.020358e-09	-0.0022914947	0.022306876	-2.474566e-17	-5.6445035e-18	8.037947e-18	-3.377072e-20	0	-2.7105334e-17
1.4900000000036342e-09	2.8318926e-08	-8.41031e-09	-0.002324753	0.022281386	-2.474822e-17	-5.6408606e-18	8.033171e-18	-3.5234288e-20	0	-2.7105296e-17
1.50000000000372e-09	2.9151524e-08	-1.005443e-08	-0.0023577479	0.022255339	-2.475082e-17	-5.637155e-18	8.02831e-18	-3.6725217e-20	0	-2.7105251e-17
1.5100000000038058e-09	2.9467701e-08	-9.864724e-09	-0.0023905179	0.022228716	-2.4753469e-17	-5.6333767e-18	8.023351e-18	-3.8243584e-20	0	-2.71052e-17
1.5200000000038916e-09	3.034246e-08	-9.8963415e-09	-0.0024230755	0.02220169	-2.4756166e-17	-5.629526e-18	8.018293e-18	-3.9790512e-20	0	-2.7105142e-17
1.5300000000039774e-09	3.0811453e-08	-9.822568e-09	-0.0024554103	0.022174193	-2.4758917e-17	-5.6256003e-18	8.013133e-18	-4.136845e-20	0	-2.7105079e-17
1.5400000000040632e-09	3.130153e-08	-1.0138744e-08	-0.0024875586	0.022146132	-2.476172e-17	-5.6215993e-18	8.007869e-18	-4.2979985e-20	0	-2.710501e-17
1.550000000004149e-09	3.157555e-08	-1.1867179e-08	-0.002519595	0.022117425	-2.476458e-17	-5.6175146e-18	8.002494e-18	-4.4627137e-20	0	-2.7104932e-17
1.5600000000042347e-09	3.2608394e-08	-1.2373063e-08	-0.0025515133	0.022087948	-2.47675e-17	-5.613345e-18	7.997002e-18	-4.6310657e-20	0	-2.7104846e-17
1.5700000000043205e-09	3.444222e-08	-1.2499533e-08	-0.0025833056	0.022057652	-2.4770484e-17	-5.609085e-18	7.991389e-18	-4.8032847e-20	0	-2.7104757e-17
1.5800000000044063e-09	3.3852025e-08	-1.3005416e-08	-0.0026150052	0.022026861	-2.4773533e-17	-5.6047293e-18	7.985646e-18	-4.979584e-20	0	-2.7104656e-17
1.590000000004492e-09	3.598095e-08	-1.1940953e-08	-0.0026466257	0.021995494	-2.4776653e-17	-5.600275e-18	7.9797675e-18	-5.160189e-20	0	-2.7104545e-17
1.6000000000045779e-09	3.7530217e-08	-1.199365e-08	-0.0026781987	0.021963332	-2.4779848e-17	-5.5957168e-18	7.973749e-18	-5.345429e-20	0	-2.7104426e-17
1.6100000000046637e-09	3.8404973e-08	-1.1877718e-08	-0.0027097447	0.021930281	-2.4783117e-17	-5.5910486e-18	7.967584e-18	-5.5354914e-20	0	-2.7104297e-17
1.6200000000047495e-09	3.9216495e-08	-1.0528696e-08	-0.0027412786	0.021896264	-2.4786469e-17	-5.5862667e-18	7.961261e-18	-5.7306414e-20	0	-2.7104156e-17
1.6300000000048352e-09	3.9453628e-08	-1.0476e-08	-0.0027728213	0.021861281	-2.4789906e-17	-5.581363e-18	7.954773e-18	-5.9311377e-20	0	-2.7104005e-17
1.640000000004921e-09	3.855252e-08	-1.0244136e-08	-0.002804389	0.021825653	-2.4793434e-17	-5.5763314e-18	7.948114e-18	-6.1373254e-20	0	-2.7103842e-17
1.6500000000050068e-09	4.0973912e-08	-1.0265215e-08	-0.002836003	0.021789098	-2.479706e-17	-5.5711677e-18	7.941271e-18	-6.3496297e-20	0	-2.7103666e-17
1.6600000000050926e-09	4.2109516e-08	-1.0602471e-08	-0.0028677138	0.02175137	-2.480078e-17	-5.565863e-18	7.9342395e-18	-6.568511e-20	0	-2.7103471e-17
1.6700000000051784e-09	4.3379494e-08	-1.1045119e-08	-0.0028995494	0.0217127	-2.4804612e-17	-5.560407e-18	7.927004e-18	-6.7942845e-20	0	-2.7103268e-17
1.6800000000052642e-09	4.4696897e-08	-1.1108354e-08	-0.002931515	0.021672918	-2.4808558e-17	-5.5547953e-18	7.919555e-18	-7.027413e-20	0	-2.710304e-17
1.69000000000535e-09	4.51817e-08	-1.1930414e-08	-0.002963615	0.02163184	-2.4812618e-17	-5.54902e-18	7.911885e-18	-7.268524e-20	0	-2.7102798e-17
1.7000000000054357e-09	4.670462e-08	-1.254169e-08	-0.002995917	0.02158942	-2.4816806e-17	-5.5430763e-18	7.903985e-18	-7.518331e-20	0	-2.7102531e-17
1.7100000000055215e-09	4.9007443e-08	-1.3911791e-08	-0.003028423	0.021545641	-2.4821131e-17	-5.5369535e-18	7.8958434e-18	-7.7775864e-20	0	-2.7102245e-17
1.7200000000056073e-09	5.2843724e-08	-1.3806398e-08	-0.0030611854	0.021500561	-2.4825596e-17	-5.530643e-18	7.887446e-18	-8.047018e-20	0	-2.710193e-17
1.730000000005693e-09	5.55365e-08	-1.5092185e-08	-0.0030942392	0.021454178	-2.483022e-17	-5.5241355e-18	7.878783e-18	-8.3276654e-20	0	-2.710159e-17
1.7400000000057789e-09	5.8249036e-08	-1.5345126e-08	-0.003127657	0.021406112	-2.4835006e-17	-5.5174212e-18	7.86984e-18	-8.620602e-20	0	-2.710122e-17
1.7500000000058647e-09	6.064671e-08	-1.585101e-08	-0.0031614585	0.021356346	-2.4839969e-17	-5.510495e-18	7.86061e-18	-8.927049e-20	0	-2.7100813e-17
1.7600000000059504e-09	6.301672e-08	-1.6736305e-08	-0.0031956732	0.021304892	-2.4845119e-17	-5.5033455e-18	7.8510764e-18	-9.248397e-20	0	-2.7100368e-17
1.7700000000060362e-09	6.607837e-08	-1.6651992e-08	-0.0032303412	0.021251576	-2.4850473e-17	-5.4959646e-18	7.8412305e-18	-9.586365e-20	0	-2.7099875e-17
1.780000000006122e-09	6.8894984e-08	-1.5829931e-08	-0.0032655427	0.021196268	-2.4856048e-17	-5.4883463e-18	7.831062e-18	-9.94294e-20	0	-2.7099335e-17
1.7900000000062078e-09	7.3685065e-08	-1.612503e-08	-0.003301324	0.021139007	-2.486186e-17	-5.4804752e-18	7.820554e-18	-1.03202834e-19	0	-2.7098736e-17
1.8000000000062936e-09	7.7297386e-08	-1.6188265e-08	-0.0033377486	0.021079259	-2.4867934e-17	-5.472341e-18	7.80969e-18	-1.0720973e-19	0	-2.7098073e-17
1.8100000000063794e-09	7.997962e-08	-1.8296113e-08	-0.0033748928	0.02101697	-2.4874287e-17	-5.463935e-18	7.79846e-18	-1.114811e-19	0	-2.7097332e-17
1.8200000000064652e-09	8.3800096e-08	-2.0319645e-08	-0.0034128495	0.020952268	-2.488095e-17	-5.4552454e-18	7.786849e-18	-1.1605349e-19	0	-2.70965e-17
1.830000000006551e-09	8.871665e-08	-2.2343178e-08	-0.0034517064	0.020884614	-2.4887955e-17	-5.4462634e-18	7.774844e-18	-1.2097032e-19	0	-2.7095567e-17
1.8400000000066367e-09	9.5290495e-08	-2.4029456e-08	-0.0034915595	0.020813838	-2.4895337e-17	-5.436981e-18	7.762435e-18	-1.2628396e-19	0	-2.7094508e-17
1.8500000000067225e-09	1.04604545e-07	-2.6137304e-08	-0.0035324846	0.02073956	-2.4903144e-17	-5.4273868e-18	7.749604e-18	-1.3205679e-19	0	-2.7093303e-17
1.8600000000068083e-09	1.1228106e-07	-2.8498093e-08	-0.0035746202	0.020661615	-2.4911418e-17	-5.417466e-18	7.7363316e-18	-1.3836391e-19	0	-2.7091919e-17
1.870000000006742e-09	1.2292041e-07	-3.2039274e-08	-0.00361814	0.020579657	-2.4920225e-17	-5.407203e-18	7.722598e-18	-1.4529904e-19	0	-2.7090322e-17
1.880000000006621e-09	1.342356e-07	-3.5622616e-08	-0.0036632374	0.02049329	-2.492964e-17	-5.396573e-18	7.7083654e-18	-1.5297443e-19	0	-2.7088458e-17
1.8900000000065e-09	1.4884561e-07	-3.9332427e-08	-0.003710074	0.020401914	-2.4939749e-17	-5.3855447e-18	7.693586e-18	-1.6153087e-19	0	-2.708626e-17
1.900000000006379e-09	1.6556612e-07	-4.4264787e-08	-0.0037588854	0.02030517	-2.4950667e-17	-5.3740696e-18	7.678191e-18	-1.7114395e-19	0	-2.708364e-17
1.910000000006258e-09	1.8403613e-07	-4.8733423e-08	-0.003809962	0.020202335	-2.4962534e-17	-5.3620635e-18	7.66205e-18	-1.8203395e-19	0	-2.7080487e-17
1.920000000006137e-09	2.0673764e-07	-5.109421e-08	-0.003863679	0.020092519	-2.4975542e-17	-5.349377e-18	7.644943e-18	-1.9447789e-19	0	-2.707663e-17
1.930000000006016e-09	2.3514087e-07	-5.7502067e-08	-0.003920494	0.019974729	-2.498993e-17	-5.335747e-18	7.626483e-18	-2.0882512e-19	0	-2.707184e-17
1.940000000005895e-09	2.7181216e-07	-6.390992e-08	-0.0039809877	0.019848242	-2.500603e-17	-5.320697e-18	7.605969e-18	-2.2551412e-19	0	-2.7065788e-17
1.950000000005774e-09	3.158609e-07	-7.478641e-08	-0.004046022	0.019710986	-2.5024306e-17	-5.3033477e-18	7.5821286e-18	-2.4508886e-19	0	-2.7058e-17
1.960000000005653e-09	3.7397422e-07	-8.6084476e-08	-0.004116818	0.019562287	-2.5045418e-17	-5.282054e-18	7.552596e-18	-2.6819574e-19	0	-2.7047762e-17
1.9700000000055318e-09	4.482969e-07	-9.890018e-08	-0.004195213	0.019400524	-2.5070347e-17	-5.253705e-18	7.512943e-18	-2.955368e-19	0	-2.7034049e-17
1.9800000000054108e-09	5.471549e-07	-1.1432962e-07	-0.004284057	0.019222567	-2.51006e-17	-5.2124398e-18	7.4549016e-18	-3.2770125e-19	0	-2.701536e-17
1.9900000000052898e-09	6.727826e-07	-1.3077083e-07	-0.004387795	0.019024797	-2.51385e-17	-5.1473803e-18	7.363278e-18	-3.6471114e-19	0	-2.6989689e-17
2.0000000000051688e-09	8.2184954e-07	-1.4501988e-07	-0.0045129205	0.018804353	-2.5187635e-17	-5.0396285e-18	7.211952e-18	-4.0506324e-19	0	-2.6954895e-17
2.0100000000050478e-09	9.71591e-07	-1.4476693e-07	-0.0046671317	0.018558763	-2.525305e-17	-4.861318e-18	6.962815e-18	-4.4425157e-19	0	-2.6910295e-17
2.0200000000049267e-09	1.0606686e-06	-1.1643747e-07	-0.0048549664	0.018284965	-2.5340423e-17	-4.585395e-18	6.5793115e-18	-4.740362e-19	0	-2.6860303e-17
2.0300000000048057e-09	9.8369e-07	-3.8953015e-08	-0.005071003	0.017981237	-2.5452796e-17	-4.2134206e-18	6.0639755e-18	-4.85541e-19	0	-2.6817811e-17
2.0400000000046847e-09	6.524419e-07	9.3925664e-08	-0.0053005856	0.01764727	-2.558667e-17	-3.797422e-18	5.4875455e-18	-4.763494e-19	0	-2.6800443e-17
2.0500000000045637e-09	7.10687e-08	2.5614557e-07	-0.005532546	0.017280962	-2.5732396e-17	-3.4117226e-18	4.9512777e-18	-4.5369766e-19	0	-2.6818253e-17
2.0600000000044427e-09	-6.3669626e-07	4.0276743e-07	-0.0057652295	0.016889617	-2.5879095e-17	-3.0990229e-18	4.5148126e-18	-4.2942495e-19	0	-2.686546e-17
2.0700000000043217e-09	-1.287083e-06	4.918029e-07	-0.005998584	0.016501889	-2.6018132e-17	-2.8576327e-18	4.178037e-18	-4.134627e-19	0	-2.692507e-17
2.0800000000042007e-09	-1.7275862e-06	5.039441e-07	-0.006228774	0.016123787	-2.6143662e-17	-2.6686151e-18	3.916265e-18	-4.109966e-19	0	-2.6980315e-17
2.0900000000040797e-09	-1.8850424e-06	4.4475573e-07	-0.00645061	0.01575921	-2.625249e-17	-2.5189678e-18	3.7113398e-18	-4.225991e-19	0	-2.7022262e-17
2.1000000000039587e-09	-1.7747861e-06	3.371712e-07	-0.0066611953	0.015415246	-2.634396e-17	-2.404302e-18	3.5560726e-18	-4.4562267e-19	0	-2.705011e-17
2.1100000000038377e-09	-1.4637207e-06	2.0732783e-07	-0.006860882	0.015094405	-2.6419484e-17	-2.3221493e-18	3.4459476e-18	-4.7590606e-19	0	-2.7067376e-17
2.1200000000037166e-09	-1.0391791e-06	8.1531525e-08	-0.007051859	0.014796703	-2.6481607e-17	-2.267452e-18	3.3733335e-18	-5.0924325e-19	0	-2.7078244e-17
2.1300000000035956e-09	-5.871408e-07	-2.0319645e-08	-0.0072365683	0.014515177	-2.6533137e-17	-2.232551e-18	3.3274504e-18	-5.4230437e-19	0	-2.7085731e-17
2.1400000000034746e-09	-1.7728047e-07	-8.8529575e-08	-0.007416413	0.014247736	-2.6576549e-17	-2.2092044e-18	3.2969767e-18	-5.72939e-19	0	-2.7091383e-17
2.1500000000033536e-09	1.4388164e-07	-1.2065317e-07	-0.00759128	0.013995912	-2.6613798e-17	-2.1904444e-18	3.2725017e-18	-6.0006174e-19	0	-2.7095793e-17
2.1600000000032326e-09	3.5184183e-07	-1.2090611e-07	-0.0077600945	0.013760583	-2.6646325e-17	-2.171662e-18	3.2479338e-18	-6.2339934e-19	0	-2.7099193e-17
2.1700000000031116e-09	4.4730623e-07	-9.7466845e-08	-0.0079224	0.013540822	-2.6675177e-17	-2.1510664e-18	3.2209305e-18	-6.432666e-19	0	-2.7101774e-17
2.1800000000029906e-09	4.4452386e-07	-5.8682463e-08	-0.0080792885	0.013335351	-2.6701145e-17	-2.1295227e-18	3.192443e-18	-6.6036103e-19	0	-2.7103704e-17
2.1900000000028696e-09	3.6916833e-07	-9.78041e-09	-0.008232854	0.013144304	-2.6724826e-17	-2.1094967e-18	3.1653036e-18	-6.755329e-19	0	-2.7105099e-17
2.2000000000027486e-09	2.4862055e-07	3.6760852e-08	-0.008384244	0.012968697	-2.6746672e-17	-2.0934723e-18	3.1424316e-18	-6.895979e-19	0	-2.7106034e-17
2.2100000000026276e-09	1.14940896e-07	7.41119e-08	-0.008532346	0.012809278	-2.6767022e-17	-2.0828007e-18	3.1256351e-18	-7.0326617e-19	0	-2.7106591e-17
2.2200000000025065e-09	-1.0033352e-08	9.687665e-08	-0.008673919	0.012664987	-2.6786128e-17	-2.0775092e-18	3.115381e-18	-7.1713654e-19	0	-2.7106861e-17
2.2300000000023855e-09	-1.0927079e-07	1.04549216e-07	-0.008804905	0.012534687	-2.6804187e-17	-2.076735e-18	3.1111572e-18	-7.3165836e-19	0	-2.7106955e-17
2.2400000000022645e-09	-1.7575229e-07	1.0345313e-07	-0.008921745	0.0124185085	-2.6821391e-17	-2.079296e-18	3.1119552e-18	-7.4705793e-19	0	-2.7106992e-17
2.2500000000021435e-09	-2.0829745e-07	9.578057e-08	-0.009021833	0.012315868	-2.6837872e-17	-2.0841051e-18	3.1166507e-18	-7.633093e-19	0	-2.7107107e-17
2.2600000000020225e-09	-2.0876116e-07	8.6000156e-08	-0.00910347	0.0122242	-2.68537e-17	-2.0903094e-18	3.1241723e-18	-7.8016997e-19	0	-2.7107394e-17
2.2700000000019015e-09	-1.8310867e-07	7.7062886e-08	-0.009165688	0.012143673	-2.6868886e-17	-2.097236e-18	3.1335097e-18	-7.9725984e-19	0	-2.71079e-17
2.2800000000017805e-09	-1.4122575e-07	7.267857e-08	-0.009208121	0.012073127	-2.688338e-17	-2.1043194e-18	3.143708e-18	-8.1414854e-19	0	-2.7108621e-17
2.2900000000016595e-09	-9.2534485e-08	7.377464e-08	-0.009231063	0.012011439	-2.689713e-17	-2.1110685e-18	3.1539011e-18	-8.3043567e-19	0	-2.7109526e-17
2.3000000000015385e-09	-4.5677044e-08	7.630406e-08	-0.009235575	0.011957225	-2.6910066e-17	-2.1170701e-18	3.163361e-18	-8.458016e-19	0	-2.7110555e-17
2.3100000000014175e-09	-2.4029456e-09	8.203741e-08	-0.009223459	0.011909039	-2.6922163e-17	-2.1220125e-18	3.1715395e-18	-8.600332e-19	0	-2.7111654e-17
2.3200000000012965e-09	3.1617706e-08	8.583153e-08	-0.009197133	0.011865222	-2.6933413e-17	-2.1257158e-18	3.178108e-18	-8.730242e-19	0	-2.711278e-17
2.3300000000011754e-09	5.3244218e-08	8.74335e-08	-0.009159389	0.011824616	-2.694383e-17	-2.1281496e-18	3.1829647e-18	-8.847638e-19	0	-2.7113882e-17
2.3400000000010544e-09	5.994717e-08	8.903546e-08	-0.0091130985	0.011786249	-2.695346e-17	-2.129411e-18	3.186202e-18	-8.953129e-19	0	-2.7114939e-17
2.3500000000009334e-09	5.636383e-08	8.970997e-08	-0.009060965	0.011749462	-2.6962341e-17	-2.1297086e-18	3.188074e-18	-9.047802e-19	0	-2.7115925e-17
2.3600000000008124e-09	4.6794206e-08	8.68433e-08	-0.009005368	0.011714149	-2.6970535e-17	-2.129319e-18	3.188932e-18	-9.13301e-19	0	-2.7116847e-17
2.3700000000006914e-09	3.4231437e-08	8.2206036e-08	-0.008948201	0.011680113	-2.6978084e-17	-2.128543e-18	3.1891673e-18	-9.210174e-19	0	-2.711769e-17
2.3800000000005704e-09	2.1795138e-08	7.723152e-08	-0.0088908505	0.011647444	-2.6985049e-17	-2.127661e-18	3.1891465e-18	-9.280643e-19	0	-2.711847e-17
2.3900000000004494e-09	1.03706075e-08	6.9643264e-08	-0.008834239	0.011616276	-2.6991466e-17	-2.1268972e-18	3.189167e-18	-9.345587e-19	0	-2.7119178e-17
2.4000000000003284e-09	1.3068652e-09	6.3066786e-08	-0.008778848	0.011586583	-2.6997385e-17	-2.1264061e-18	3.1894376e-18	-9.405944e-19	0	-2.7119823e-17
2.4100000000002074e-09	-3.8362815e-09	5.6996186e-08	-0.008724821	0.011558274	-2.7002846e-17	-2.1262649e-18	3.1900677e-18	-9.462409e-19	0	-2.712041e-17
2.4200000000000864e-09	-5.016676e-09	5.0925586e-08	-0.008672071	0.011531447	-2.7007892e-17	-2.1264783e-18	3.1910738e-18	-9.51544e-19	0	-2.7120944e-17
2.4300099999999652e-09	-1.9813762e-09	4.6119695e-08	-0.008620341	0.011505976	-2.7012564e-17	-2.1269992e-18	3.192406e-18	-9.565367e-19	0	-2.7121432e-17
2.4400099999998442e-09	2.3186317e-09	4.13138e-08	-0.008569453	0.011482059	-2.701688e-17	-2.1277468e-18	3.1939722e-18	-9.612251e-19	0	-2.7121879e-17
2.450009999999723e-09	7.6304065e-09	3.8784385e-08	-0.008519053	0.011459365	-2.7020879e-17	-2.1286275e-18	3.1956624e-18	-9.656235e-19	0	-2.712229e-17
2.460009999999602e-09	1.46284584e-08	3.4653006e-08	-0.008468901	0.0114379795	-2.7024591e-17	-2.1295552e-18	3.1973786e-18	-9.697408e-19	0	-2.7122673e-17
2.470009999999481e-09	2.0319645e-08	3.2882415e-08	-0.008418787	0.011417841	-2.7028036e-17	-2.1304638e-18	3.1990443e-18	-9.735883e-19	0	-2.7123027e-17
2.48000999999936e-09	2.3270632e-08	3.27981e-08	-0.008368578	0.011398916	-2.7031238e-17	-2.1313127e-18	3.2006188e-18	-9.77183e-19	0	-2.7123361e-17
2.490009999999239e-09	2.6095146e-08	3.0774565e-08	-0.008318215	0.011381147	-2.703422e-17	-2.1320893e-18	3.2020935e-18	-9.80547e-19	0	-2.7123677e-17
2.500009999999118e-09	2.617946e-08	3.060594e-08	-0.008267694	0.0113644805	-2.7036999e-17	-2.1327988e-18	3.203482e-18	-9.837064e-19	0	-2.7123977e-17
2.510009999998997e-09	2.4619654e-08	2.8835348e-08	-0.00821706	0.011348895	-2.703959e-17	-2.1334671e-18	3.2048236e-18	-9.866893e-19	0	-2.7124256e-17
2.520009999998876e-09	2.3523572e-08	2.9172604e-08	-0.008166384	0.0113343345	-2.7042015e-17	-2.1341252e-18	3.2061614e-18	-9.89523e-19	0	-2.7124528e-17
2.530009999998755e-09	1.9476508e-08	2.7570639e-08	-0.008115742	0.011320747	-2.7044283e-17	-2.1348076e-18	3.2075434e-18	-9.92235e-19	0	-2.7124783e-17
2.540009999998634e-09	1.6862776e-08	2.5041222e-08	-0.008065262	0.011308116	-2.704641e-17	-2.1355442e-18	3.2090087e-18	-9.948475e-19	0	-2.7125027e-17
2.550009999998513e-09	1.336375e-08	2.192161e-08	-0.008014993	0.01129639	-2.7048409e-17	-2.136354e-18	3.2105822e-18	-9.973778e-19	0	-2.7125259e-17
2.560009999998392e-09	9.6117825e-09	2.2005922e-08	-0.007965023	0.011285528	-2.7050285e-17	-2.1372515e-18	3.212282e-18	-9.998404e-19	0	-2.7125476e-17
2.570009999998271e-09	8.557859e-09	1.9476508e-08	-0.007915417	0.011275527	-2.7052057e-17	-2.13824e-18	3.2141108e-18	-1.0022439e-18	0	-2.7125683e-17
2.58000999999815e-09	8.8529575e-09	1.694709e-08	-0.007866194	0.0112663265	-2.7053734e-17	-2.1393186e-18	3.2160637e-18	-1.004594e-18	0	-2.7125881e-17
2.590009999998029e-09	9.485312e-09	1.500787e-08	-0.007817394	0.011257891	-2.7055314e-17	-2.1404682e-18	3.2181164e-18	-1.0068926e-18	0	-2.712607e-17
2.600009999997908e-09	1.0244136e-08	1.34059075e-08	-0.007768996	0.011250155	-2.7056818e-17	-2.1416802e-18	3.2202522e-18	-1.0091404e-18	0	-2.712625e-17
2.610009999997787e-09	1.020198e-08	1.0876491e-08	-0.007720985	0.011243144	-2.7058241e-17	-2.1429381e-18	3.2224496e-18	-1.0113365e-18	0	-2.7126415e-17
2.620009999997666e-09	9.738254e-09	1.0960805e-08	-0.007673316	0.011236773	-2.7059596e-17	-2.1442337e-18	3.224696e-18	-1.0134824e-18	0	-2.7126576e-17
2.630009999997545e-09	1.0454921e-08	1.0792177e-08	-0.0076259687	0.011230996	-2.7060886e-17	-2.1455533e-18	3.2269722e-18	-1.0155785e-18	0	-2.7126726e-17
2.640009999997424e-09	9.991195e-09	1.03706075e-08	-0.007578915	0.011225769	-2.7062117e-17	-2.1468881e-18	3.2292647e-18	-1.017625e-18	0	-2.7126869e-17
2.650009999997303e-09	9.65394e-09	1.0286294e-08	-0.0075321496	0.0112210335	-2.7063293e-17	-2.1482346e-18	3.2315686e-18	-1.019624e-18	0	-2.7127003e-17
2.660009999997182e-09	9.316684e-09	8.768644e-09	-0.0074856435	0.011216771	-2.706442e-17	-2.1495988e-18	3.2338911e-18	-1.0215803e-18	0	-2.7127132e-17
2.670009999997061e-09	9.949038e-09	8.768644e-09	-0.007439405	0.01121291	-2.7065499e-17	-2.1509713e-18	3.2362188e-18	-1.0234938e-18	0	-2.7127253e-17
2.68000999999694e-09	9.400998e-09	9.274527e-09	-0.0073933783	0.011209475	-2.7066534e-17	-2.1523603e-18	3.2385602e-18	-1.0253684e-18	0	-2.7127365e-17
2.690009999996819e-09	9.569626e-09	8.26276e-09	-0.0073476178	0.011206335	-2.7067528e-17	-2.15376e-18	3.2409083e-18	-1.0272053e-18	0	-2.7127474e-17
2.700009999996698e-09	8.726487e-09	7.925505e-09	-0.007302105	0.01120354	-2.7068488e-17	-2.1551831e-18	3.2432767e-18	-1.0290085e-18	0	-2.7127572e-17
2.710009999996577e-09	8.68433e-09	7.0823662e-09	-0.0072568674	0.011201034	-2.7069408e-17	-2.1566224e-18	3.2456572e-18	-1.0307783e-18	0	-2.7127664e-17
2.720009999996456e-09	7.503935e-09	4.4686357e-09	-0.007211868	0.01119876	-2.7070298e-17	-2.1580793e-18	3.2480485e-18	-1.0325155e-18	0	-2.712775e-17
2.730009999996335e-09	7.208837e-09	4.215694e-09	-0.0071671037	0.011196737	-2.7071153e-17	-2.1595523e-18	3.2504476e-18	-1.0342196e-18	0	-2.7127833e-17
2.740009999996214e-09	7.419622e-09	4.8058912e-09	-0.007122635	0.011194903	-2.7071984e-17	-2.1610319e-18	3.252843e-18	-1.035891e-18	0	-2.7127904e-17
2.750009999996093e-09	7.6304065e-09	5.3960885e-09	-0.0070784376	0.011193278	-2.7072784e-17	-2.1625113e-18	3.2552258e-18	-1.0375276e-18	0	-2.7127972e-17
2.760009999995972e-09	7.0402093e-09	6.3235412e-09	-0.007034484	0.011191814	-2.7073559e-17	-2.1639959e-18	3.2576014e-18	-1.0391319e-18	0	-2.7128033e-17
2.770009999995851e-09	5.3117746e-09	5.3960885e-09	-0.0069907764	0.011190584	-2.707431e-17	-2.1654877e-18	3.2599726e-18	-1.0407042e-18	0	-2.7128091e-17
2.78000999999573e-09	4.5529496e-09	5.2274607e-09	-0.006947341	0.011189461	-2.7075036e-17	-2.1669748e-18	3.2623246e-18	-1.042244e-18	0	-2.712814e-17
2.790009999995609e-09	4.5107926e-09	4.215694e-09	-0.006904194	0.011188461	-2.7075739e-17	-2.1684476e-18	3.2646476e-18	-1.0437506e-18	0	-2.7128189e-17
2.800009999995488e-09	5.9441287e-09	2.0235331e-09	-0.0068613477	0.011187564	-2.7076426e-17	-2.1699071e-18	3.266942e-18	-1.0452238e-18	0	-2.7128235e-17
2.810009999995367e-09	4.300008e-09	2.6980442e-09	-0.0068187793	0.011186816	-2.7077086e-17	-2.1713526e-18	3.2692066e-18	-1.0466649e-18	0	-2.7128275e-17
2.820009999995246e-09	3.8784385e-09	8.4313884e-10	-0.0067765117	0.01118614	-2.7077728e-17	-2.172781e-18	3.2714383e-18	-1.0480738e-18	0	-2.7128311e-17
2.830009999995125e-09	4.300008e-09	7.5882495e-10	-0.00673457	0.011185557	-2.707836e-17	-2.1741942e-18	3.2736407e-18	-1.0494526e-18	0	-2.712835e-17
2.840009999995004e-09	2.6137303e-09	1.6019638e-09	-0.0066929674	0.011185054	-2.7078962e-17	-2.1755899e-18	3.2758108e-18	-1.0508015e-18	0	-2.712838e-17
2.850009999994883e-09	2.0235331e-09	1.6019638e-09	-0.00665169	0.01118461	-2.7079554e-17	-2.176967e-18	3.2779472e-18	-1.0521205e-18	0	-2.7128414e-17
2.860009999994762e-09	1.3068652e-09	8.4313884e-10	-0.0066107414	0.011184279	-2.7080126e-17	-2.1783233e-18	3.280048e-18	-1.0534099e-18	0	-2.7128444e-17
2.870009999994641e-09	1.6862777e-09	-1.6019638e-09	-0.0065701134	0.011183969	-2.7080687e-17	-2.17966e-18	3.2821145e-18	-1.0546709e-18	0	-2.7128472e-17
2.8800099999945198e-09	1.6019638e-09	-3.3725553e-10	-0.0065298714	0.011183707	-2.7081228e-17	-2.1809746e-18	3.2841444e-18	-1.0559034e-18	0	-2.7128493e-17
2.8900099999943988e-09	1.0960804e-09	9.274527e-10	-0.0064900103	0.011183521	-2.7081754e-17	-2.1822687e-18	3.28614e-18	-1.0571087e-18	0	-2.7128516e-17
2.9000099999942778e-09	1.2647082e-09	3.3725553e-10	-0.0064504957	0.011183328	-2.7082267e-17	-2.183541e-18	3.2880994e-18	-1.0582868e-18	0	-2.712854e-17
2.9100099999941568e-09	2.192161e-09	2.5294164e-10	-0.0064113564	0.011183199	-2.7082767e-17	-2.1847912e-18	3.290022e-18	-1.0594382e-18	0	-2.712856e-17
2.9200099999940357e-09	-4.2156942e-10	-5.9019717e-10	-0.006372594	0.011183103	-2.7083253e-17	-2.1860185e-18	3.2919071e-18	-1.0605633e-18	0	-2.7128578e-17
2.9300099999939147e-09	-3.3725553e-10	-6.7451106e-10	-0.0063341996	0.011183059	-2.7083726e-17	-2.1872246e-18	3.2937581e-18	-1.0616631e-18	0	-2.7128594e-17
2.9400099999937937e-09	-6.7451106e-10	-9.274527e-10	-0.006296201	0.011182998	-2.7084185e-17	-2.1884047e-18	3.2955678e-18	-1.0627366e-18	0	-2.712861e-17
2.9500099999936727e-09	-9.274527e-10	-1.3490221e-09	-0.0062585855	0.011182978	-2.7084635e-17	-2.1895628e-18	3.2973423e-18	-1.0637854e-18	0	-2.7128627e-17
2.9600099999935517e-09	-5.9019717e-10	-2.3607887e-09	-0.006221362	0.011183006	-2.7085071e-17	-2.1906987e-18	3.2990802e-18	-1.0648094e-18	0	-2.7128644e-17
2.9700099999934307e-09	-8.4313884e-10	-2.7823581e-09	-0.006184535	0.011183035	-2.7085495e-17	-2.1918115e-18	3.3007815e-18	-1.0658092e-18	0	-2.7128659e-17
2.9800099999933097e-09	-1.8549055e-09	-3.0352998e-09	-0.0061481143	0.011183066	-2.708591e-17	-2.192905e-18	3.3024508e-18	-1.0667863e-18	0	-2.712867e-17
2.9900099999931887e-09	-1.0960804e-09	-3.1196137e-09	-0.0061120833	0.011183127	-2.7086312e-17	-2.1939748e-18	3.3040834e-18	-1.0677398e-18	0	-2.712868e-17
3.0000099999930677e-09	-1.6862776e-10	-1.8549055e-09	-0.0060764356	0.011183183	-2.7086702e-17	-2.1950201e-18	3.3056778e-18	-1.06867e-18	0	-2.712869e-17
