# t (s)	mx ()	my ()	mz ()	spinAngle (rad)	E_total (J)	E_anis (J)	E_demag (J)	E_exch (J)	E_therm (J)	E_custom (J)
0	0	0	0	0.016871518	-2.548262e-17	-4.5216002e-17	2.0211778e-17	6.3040005e-18	0	-6.7824004e-18
1.0000000000000124e-11	-4.6401352e-10	-1.8982371e-10	-0.00011439966	0.015941646	-3.068745e-17	-4.301323e-17	1.9317586e-17	-2.6722737e-19	0	-6.7245784e-18
2.0009999999999403e-11	-5.061966e-10	-4.2183045e-11	-0.0011024796	0.013021841	-3.1065767e-17	-4.393164e-17	1.972772e-17	-1.2996706e-19	0	-6.7318754e-18
3.000999999999824e-11	2.425525e-10	-4.0073894e-10	-0.0013923994	0.01061821	-3.1235217e-17	-4.4429214e-17	1.9949767e-17	-1.4566428e-20	0	-6.7412056e-18
4.000000000000001e-11	5.9056265e-10	2.1091523e-10	-0.0008637539	0.008543386	-3.1355002e-17	-4.4729282e-17	2.0086692e-17	3.557012e-20	0	-6.7479823e-18
5.0000000000001785e-11	-1.6873218e-10	6.28791e-10	2.9179953e-05	0.0064971712	-3.186933e-17	-4.495557e-17	2.0194498e-17	-3.291344e-19	0	-6.779125e-18
6.00000000000024e-11	0	2.6891692e-10	0.0002840417	0.0054623475	-3.197617e-17	-4.5021184e-17	2.0222518e-17	-3.9608887e-19	0	-6.781412e-18
7.000999999999771e-11	2.0036947e-10	-3.1109998e-10	0.00029933028	0.0049795075	-3.198374e-17	-4.5032854e-17	2.0227668e-17	-3.964236e-19	0	-6.782131e-18
8.000999999999302e-11	-4.481949e-11	1.5818642e-10	0.0003072298	0.004742161	-3.198508e-17	-4.5033026e-17	2.0227711e-17	-3.9756177e-19	0	-6.7822036e-18
9.000999999998834e-11	-1.0545761e-11	1.4764066e-10	0.00031357637	0.004651925	-3.198537e-17	-4.502988e-17	2.022647e-17	-3.9973738e-19	0	-6.7822242e-18
1.0000999999998365e-10	1.8455083e-10	1.5818643e-11	0.00030986036	0.0045906752	-3.198545e-17	-4.503244e-17	2.0227514e-17	-3.982897e-19	0	-6.7822338e-18
1.1000999999997896e-10	-4.6137707e-12	6.0638126e-11	0.00030959945	0.004577566	-3.198547e-17	-4.503292e-17	2.0227703e-17	-3.9801734e-19	0	-6.7822346e-18
1.2000999999997891e-10	-4.481949e-11	8.436609e-11	0.00031128814	0.004587947	-3.1985473e-17	-4.503162e-17	2.0227175e-17	-3.9879685e-19	0	-6.7822346e-18
1.3000999999998715e-10	1.10730494e-10	2.3200676e-10	0.00031067562	0.004581743	-3.198547e-17	-4.5032163e-17	2.02274e-17	-3.9847446e-19	0	-6.7822346e-18
1.400099999999954e-10	-7.7774995e-11	-3.9019318e-10	0.0003104641	0.004580752	-3.1985476e-17	-4.5032328e-17	2.0227464e-17	-3.983734e-19	0	-6.782235e-18
1.5000000000000362e-10	-5.3783383e-10	-4.7455928e-11	0.00031060516	0.0045835893	-3.1985473e-17	-4.503205e-17	2.0227355e-17	-3.985419e-19	0	-6.782235e-18
1.6000000000001186e-10	2.9594044e-10	3.1637284e-10	0.0003107209	0.0045816153	-3.1985476e-17	-4.5032163e-17	2.0227395e-17	-3.9847555e-19	0	-6.7822346e-18
1.700000000000201e-10	9.557097e-11	-5.800169e-11	0.00031060888	0.0045819934	-3.1985473e-17	-4.503218e-17	2.0227403e-17	-3.9846502e-19	0	-6.782235e-18
1.8000000000002833e-10	-8.3047874e-11	3.981025e-10	0.0003105973	0.004582195	-3.1985473e-17	-4.5032146e-17	2.022739e-17	-3.9848744e-19	0	-6.782235e-18
1.9000000000003657e-10	4.626953e-10	4.165576e-10	0.00031065333	0.0045817383	-3.1985476e-17	-4.5032153e-17	2.0227392e-17	-3.9847986e-19	0	-6.782235e-18
2.000000000000448e-10	7.7774995e-11	6.327457e-11	0.00031065266	0.0045818174	-3.198547e-17	-4.5032153e-17	2.0227395e-17	-3.9847857e-19	0	-6.782235e-18
2.1000000000005304e-10	-3.9348874e-10	-3.6910167e-10	0.00031064128	0.0045819217	-3.1985473e-17	-4.5032153e-17	2.0227395e-17	-3.9847898e-19	0	-6.782235e-18
2.2000000000006128e-10	-1.6148198e-10	-3.2164574e-10	0.00031063776	0.0045817923	-3.1985473e-17	-4.5032153e-17	2.0227395e-17	-3.9847903e-19	0	-6.7822346e-18
2.3000000000006952e-10	5.1410588e-11	-4.0864825e-10	0.00031063732	0.0045819446	-3.1985473e-17	-4.5032153e-17	2.0227395e-17	-3.9847903e-19	0	-6.7822346e-18
2.4000000000005925e-10	-1.305038e-10	-3.9546605e-10	0.00031063726	0.0045819883	-3.1985473e-17	-4.5032153e-17	2.0227395e-17	-3.984791e-19	0	-6.7822346e-18
2.5000000000004163e-10	-9.095719e-11	-3.2164574e-10	0.00031063706	0.0045817983	-3.1985473e-17	-4.5032153e-17	2.0227395e-17	-3.9847906e-19	0	-6.7822346e-18
2.60000000000024e-10	-3.6910166e-11	-3.2955505e-10	0.00031063706	0.0045818803	-3.198547e-17	-4.5032153e-17	2.0227393e-17	-3.9847906e-19	0	-6.7822346e-18
2.700000000000064e-10	-1.5884553e-10	-3.981025e-10	0.00031063706	0.0045818933	-3.1985473e-17	-4.5032153e-17	2.0227393e-17	-3.984791e-19	0	-6.7822346e-18
2.800099999999888e-10	-2.5375738e-10	-3.6910167e-10	0.0003106368	0.0045816535	-3.1985473e-17	-4.5032153e-17	2.0227393e-17	-3.9847906e-19	0	-6.782235e-18
2.9000999999997117e-10	-3.117591e-10	-4.0073894e-10	0.00031063688	0.0045816535	-3.1985473e-17	-4.5032153e-17	2.0227395e-17	-3.9847916e-19	0	-6.782235e-18
3.0000999999995355e-10	-2.8341735e-10	-5.3783383e-10	0.00031063688	0.0045816535	-3.1985473e-17	-4.5032153e-17	2.0227395e-17	-3.984791e-19	0	-6.782235e-18
3.1000999999993594e-10	-2.0498324e-10	-4.2710335e-10	0.00031063688	0.004581654	-3.1985473e-17	-4.5032153e-17	2.0227395e-17	-3.984791e-19	0	-6.782235e-18
3.2000999999991833e-10	-2.287112e-10	-4.4292198e-10	0.00031063688	0.004581654	-3.1985473e-17	-4.5032153e-17	2.0227393e-17	-3.984791e-19	0	-6.782235e-18
3.300099999999007e-10	-2.9264488e-10	-4.3237622e-10	0.00031063688	0.004581654	-3.1985473e-17	-4.5032153e-17	2.0227395e-17	-3.984791e-19	0	-6.782235e-18
3.400099999998831e-10	-2.5243918e-10	-4.165576e-10	0.00031063688	0.004581654	-3.1985473e-17	-4.5032153e-17	2.0227393e-17	-3.984791e-19	0	-6.782235e-18
3.500099999998655e-10	-2.8803113e-10	-4.376491e-10	0.00031063688	0.004581654	-3.1985473e-17	-4.5032153e-17	2.0227395e-17	-3.984791e-19	0	-6.782235e-18
3.600099999998479e-10	-2.7550803e-10	-4.5874063e-10	0.00031063688	0.004581654	-3.1985473e-17	-4.5032153e-17	2.0227393e-17	-3.984791e-19	0	-6.782235e-18
3.7000999999983027e-10	-2.801218e-10	-4.2710335e-10	0.00031063688	0.004581654	-3.1985473e-17	-4.5032153e-17	2.0227395e-17	-3.9847906e-19	0	-6.782235e-18
3.8000999999981266e-10	-2.550756e-10	-4.1392115e-10	0.00031063688	0.004581654	-3.1985473e-17	-4.5032153e-17	2.0227393e-17	-3.984791e-19	0	-6.782235e-18
3.9000999999979505e-10	-2.5705293e-10	-4.5083132e-10	0.00031063688	0.004581654	-3.1985473e-17	-4.5032153e-17	2.0227395e-17	-3.984791e-19	0	-6.782235e-18
4.0000999999977743e-10	-2.5837116e-10	-4.5610418e-10	0.00031063688	0.004581654	-3.1985473e-17	-4.5032153e-17	2.0227393e-17	-3.9847906e-19	0	-6.782235e-18
4.100099999997598e-10	-2.6298494e-10	-4.5610418e-10	0.00031063688	0.004581654	-3.1985473e-17	-4.5032153e-17	2.0227395e-17	-3.984791e-19	0	-6.782235e-18
4.200099999997422e-10	-2.550756e-10	-4.376491e-10	0.00031063688	0.004581654	-3.1985473e-17	-4.5032153e-17	2.0227395e-17	-3.984791e-19	0	-6.782235e-18
4.300099999997246e-10	-2.675987e-10	-4.3501266e-10	0.00031063688	0.004581654	-3.1985473e-17	-4.5032153e-17	2.0227395e-17	-3.984791e-19	0	-6.782235e-18
4.40009999999707e-10	-2.7682626e-10	-4.3501266e-10	0.00031063688	0.004581654	-3.1985473e-17	-4.5032153e-17	2.0227393e-17	-3.9847906e-19	0	-6.782235e-18
4.5000999999968937e-10	-2.6496227e-10	-4.5610418e-10	0.0003106368	0.004581654	-3.1985473e-17	-4.5032153e-17	2.0227395e-17	-3.9847906e-19	0	-6.782235e-18
4.6000999999967176e-10	-2.7155336e-10	-4.5346776e-10	0.00031063688	0.004581654	-3.1985473e-17	-4.5032153e-17	2.0227393e-17	-3.984791e-19	0	-6.782235e-18
4.700099999996541e-10	-2.675987e-10	-4.1392115e-10	0.00031063688	0.004581654	-3.1985473e-17	-4.5032153e-17	2.0227393e-17	-3.984791e-19	0	-6.782235e-18
4.800099999996365e-10	-2.682578e-10	-4.5083132e-10	0.00031063688	0.004581654	-3.1985473e-17	-4.5032153e-17	2.0227393e-17	-3.984791e-19	0	-6.782235e-18
4.900099999996189e-10	-2.5112096e-10	-4.5874063e-10	0.00031063688	0.004581654	-3.1985473e-17	-4.5032153e-17	2.0227395e-17	-3.9847916e-19	0	-6.782235e-18
5.000099999996013e-10	-2.3925698e-10	-4.5083132e-10	0.0003106368	0.004581654	-3.1985473e-17	-4.5032153e-17	2.0227393e-17	-3.984791e-19	0	-6.782235e-18
5.100099999995837e-10	-2.6166672e-10	-4.5346776e-10	0.00031063688	0.004581654	-3.1985473e-17	-4.5032153e-17	2.0227395e-17	-3.9847906e-19	0	-6.782235e-18
5.200099999995661e-10	-2.5243918e-10	-4.5083132e-10	0.00031063688	0.004581654	-3.1985473e-17	-4.5032153e-17	2.0227393e-17	-3.9847906e-19	0	-6.782235e-18
5.300099999995485e-10	-2.4387073e-10	-4.4819487e-10	0.00031063688	0.004581654	-3.1985476e-17	-4.5032153e-17	2.0227395e-17	-3.984791e-19	0	-6.782235e-18
5.400099999995309e-10	-2.5112096e-10	-4.1392115e-10	0.00031063688	0.004581654	-3.1985473e-17	-4.5032153e-17	2.0227393e-17	-3.984791e-19	0	-6.782235e-18
5.500099999995133e-10	-2.5243918e-10	-4.112847e-10	0.00031063688	0.004581654	-3.1985473e-17	-4.5032153e-17	2.0227395e-17	-3.9847916e-19	0	-6.782235e-18
5.600099999994956e-10	-2.5046185e-10	-4.4819487e-10	0.00031063688	0.004581654	-3.1985473e-17	-4.5032153e-17	2.0227393e-17	-3.9847906e-19	0	-6.782235e-18
5.70009999999478e-10	-2.484845e-10	-4.0601184e-10	0.00031063688	0.004581654	-3.1985473e-17	-4.5032153e-17	2.0227395e-17	-3.984791e-19	0	-6.782235e-18
5.800099999994604e-10	-2.6430316e-10	-4.0864825e-10	0.00031063688	0.004581654	-3.1985473e-17	-4.5032153e-17	2.0227393e-17	-3.9847916e-19	0	-6.782235e-18
5.900099999994428e-10	-2.5771205e-10	-4.5083132e-10	0.00031063688	0.004581654	-3.1985473e-17	-4.5032153e-17	2.0227395e-17	-3.984791e-19	0	-6.782235e-18
6.000099999994252e-10	-2.4980273e-10	-4.1392115e-10	0.00031063688	0.004581654	-3.1985473e-17	-4.5032153e-17	2.0227395e-17	-3.9847906e-19	0	-6.782235e-18
6.100099999994076e-10	-2.4584806e-10	-4.5610418e-10	0.00031063688	0.004581654	-3.1985473e-17	-4.5032153e-17	2.0227395e-17	-3.984791e-19	0	-6.782235e-18
6.2000999999939e-10	-2.3925698e-10	-4.5346776e-10	0.00031063688	0.004581654	-3.1985473e-17	-4.5032153e-17	2.0227395e-17	-3.984791e-19	0	-6.782235e-18
6.300099999993724e-10	-2.3925698e-10	-4.112847e-10	0.00031063688	0.004581654	-3.1985473e-17	-4.5032153e-17	2.0227395e-17	-3.9847914e-19	0	-6.782235e-18
6.400099999993547e-10	-2.3662053e-10	-4.5874063e-10	0.00031063688	0.004581654	-3.1985473e-17	-4.5032153e-17	2.0227395e-17	-3.984791e-19	0	-6.782235e-18
6.500099999993371e-10	-2.4650718e-10	-4.5874063e-10	0.00031063688	0.004581654	-3.1985473e-17	-4.5032153e-17	2.0227393e-17	-3.9847906e-19	0	-6.782235e-18
6.600099999993195e-10	-2.4518895e-10	-4.3237622e-10	0.00031063688	0.004581654	-3.1985473e-17	-4.5032153e-17	2.0227395e-17	-3.984791e-19	0	-6.782235e-18
6.700099999993019e-10	-2.5639382e-10	-4.5874063e-10	0.0003106368	0.004581654	-3.1985473e-17	-4.5032153e-17	2.0227395e-17	-3.984791e-19	0	-6.782235e-18
6.800099999992843e-10	-2.5837116e-10	-4.3237622e-10	0.00031063688	0.004581654	-3.1985473e-17	-4.5032153e-17	2.0227395e-17	-3.984791e-19	0	-6.782235e-18
6.900099999992667e-10	-2.3859786e-10	-4.165576e-10	0.00031063688	0.004581654	-3.1985473e-17	-4.5032153e-17	2.0227395e-17	-3.9847916e-19	0	-6.782235e-18
7.000099999992491e-10	-2.5178007e-10	-4.0601184e-10	0.00031063688	0.004581654	-3.1985473e-17	-4.5032153e-17	2.0227395e-17	-3.984791e-19	0	-6.782235e-18
7.100099999992315e-10	-2.346432e-10	-4.0601184e-10	0.00031063688	0.004581654	-3.1985473e-17	-4.5032153e-17	2.0227395e-17	-3.984791e-19	0	-6.782235e-18
7.200099999992138e-10	-2.4650718e-10	-4.112847e-10	0.00031063688	0.004581654	-3.1985473e-17	-4.5032153e-17	2.0227395e-17	-3.984791e-19	0	-6.782235e-18
7.300099999991962e-10	-2.4584806e-10	-4.0601184e-10	0.00031063688	0.004581654	-3.1985473e-17	-4.5032153e-17	2.0227395e-17	-3.984791e-19	0	-6.782235e-18
7.400099999991786e-10	-2.471663e-10	-4.0864825e-10	0.00031063688	0.004581654	-3.1985473e-17	-4.5032153e-17	2.0227395e-17	-3.9847906e-19	0	-6.782235e-18
7.50009999999161e-10	-2.4518895e-10	-4.5346776e-10	0.00031063688	0.004581654	-3.1985473e-17	-4.5032153e-17	2.0227395e-17	-3.984791e-19	0	-6.782235e-18
7.600099999991434e-10	-2.425525e-10	-4.112847e-10	0.00031063688	0.004581654	-3.1985473e-17	-4.5032153e-17	2.0227395e-17	-3.984791e-19	0	-6.782235e-18
7.700099999991258e-10	-2.425525e-10	-4.112847e-10	0.00031063688	0.004581654	-3.1985473e-17	-4.5032153e-17	2.0227393e-17	-3.9847916e-19	0	-6.782235e-18
7.800099999991082e-10	-2.5837116e-10	-4.0601184e-10	0.00031063688	0.004581654	-3.1985473e-17	-4.5032153e-17	2.0227395e-17	-3.984791e-19	0	-6.782235e-18
7.900099999990906e-10	-2.5903027e-10	-4.0864825e-10	0.00031063688	0.004581654	-3.1985473e-17	-4.5032153e-17	2.0227395e-17	-3.9847916e-19	0	-6.782235e-18
8.00009999999073e-10	-2.418934e-10	-4.3237622e-10	0.00031063688	0.004581654	-3.1985473e-17	-4.5032153e-17	2.0227395e-17	-3.984791e-19	0	-6.782235e-18
8.100099999990553e-10	-2.4518895e-10	-4.5610418e-10	0.00031063688	0.004581654	-3.1985473e-17	-4.5032153e-17	2.0227393e-17	-3.984791e-19	0	-6.782235e-18
8.200099999990377e-10	-2.484845e-10	-4.0864825e-10	0.00031063688	0.004581654	-3.1985473e-17	-4.5032153e-17	2.0227395e-17	-3.984791e-19	0	-6.782235e-18
8.300099999990201e-10	-2.346432e-10	-4.3501266e-10	0.00031063688	0.004581654	-3.1985473e-17	-4.5032153e-17	2.0227395e-17	-3.9847906e-19	0	-6.782235e-18
8.400099999990025e-10	-2.4584806e-10	-4.1392115e-10	0.00031063688	0.004581654	-3.1985473e-17	-4.5032153e-17	2.0227395e-17	-3.984791e-19	0	-6.782235e-18
8.500099999989849e-10	-2.4584806e-10	-4.3501266e-10	0.00031063688	0.004581654	-3.1985473e-17	-4.5032153e-17	2.0227393e-17	-3.984791e-19	0	-6.782235e-18
8.600099999989673e-10	-2.3859786e-10	-4.1392115e-10	0.00031063688	0.004581654	-3.1985476e-17	-4.5032153e-17	2.0227395e-17	-3.984791e-19	0	-6.782235e-18
8.700099999989497e-10	-2.3662053e-10	-4.1392115e-10	0.00031063688	0.004581654	-3.1985473e-17	-4.5032153e-17	2.0227395e-17	-3.984791e-19	0	-6.782235e-18
8.800099999989321e-10	-2.4321162e-10	-4.4819487e-10	0.00031063688	0.004581654	-3.1985473e-17	-4.5032153e-17	2.0227395e-17	-3.984791e-19	0	-6.782235e-18
8.900099999989144e-10	-2.478254e-10	-4.376491e-10	0.0003106368	0.004581654	-3.1985473e-17	-4.5032153e-17	2.0227393e-17	-3.984791e-19	0	-6.782235e-18
9.000099999988968e-10	-2.4321162e-10	-4.112847e-10	0.00031063688	0.004581654	-3.1985473e-17	-4.5032153e-17	2.0227393e-17	-3.984791e-19	0	-6.782235e-18
9.100099999988792e-10	-2.3002943e-10	-4.165576e-10	0.00031063688	0.004581654	-3.1985473e-17	-4.5032153e-17	2.0227393e-17	-3.9847914e-19	0	-6.782235e-18
9.200099999988616e-10	-2.5046185e-10	-4.5610418e-10	0.00031063688	0.004581654	-3.1985473e-17	-4.5032153e-17	2.0227395e-17	-3.984791e-19	0	-6.782235e-18
9.30009999998844e-10	-2.418934e-10	-4.0601184e-10	0.00031063688	0.004581654	-3.1985473e-17	-4.5032153e-17	2.0227395e-17	-3.984791e-19	0	-6.782235e-18
9.400099999989161e-10	-2.3596142e-10	-4.5346776e-10	0.00031063688	0.004581654	-3.1985473e-17	-4.5032153e-17	2.0227395e-17	-3.984791e-19	0	-6.782235e-18
9.50009999999002e-10	-2.4452984e-10	-4.112847e-10	0.00031063688	0.004581654	-3.1985476e-17	-4.5032153e-17	2.0227392e-17	-3.9847906e-19	0	-6.782235e-18
9.600099999990877e-10	-2.4650718e-10	-4.376491e-10	0.0003106368	0.004581654	-3.1985473e-17	-4.5032153e-17	2.0227395e-17	-3.984791e-19	0	-6.782235e-18
9.700099999991735e-10	-2.399161e-10	-4.5874063e-10	0.00031063688	0.004581654	-3.1985473e-17	-4.5032153e-17	2.0227395e-17	-3.9847916e-19	0	-6.782235e-18
9.800099999992593e-10	-2.3925698e-10	-4.0864825e-10	0.00031063688	0.004581654	-3.1985473e-17	-4.5032153e-17	2.0227395e-17	-3.984791e-19	0	-6.782235e-18
9.90009999999345e-10	-2.405752e-10	-4.5874063e-10	0.00031063688	0.004581654	-3.1985473e-17	-4.5032153e-17	2.0227395e-17	-3.9847906e-19	0	-6.782235e-18
1.0000099999994308e-09	-2.4914362e-10	-4.165576e-10	0.00031063688	0.004581654	-3.1985473e-17	-4.5032153e-17	2.0227393e-17	-3.984791e-19	0	-6.782235e-18
1.0100099999995166e-09	-2.4452984e-10	-4.112847e-10	0.00031063688	0.004581654	-3.1985473e-17	-4.5032153e-17	2.0227395e-17	-3.984791e-19	0	-6.782235e-18
1.0200099999996024e-09	-2.4650718e-10	-4.5083132e-10	0.00031063688	0.004581654	-3.1985473e-17	-4.5032153e-17	2.0227395e-17	-3.984791e-19	0	-6.782235e-18
1.0300099999996882e-09	-2.3925698e-10	-4.112847e-10	0.00031063688	0.004581654	-3.1985473e-17	-4.5032153e-17	2.0227393e-17	-3.9847906e-19	0	-6.782235e-18
1.040009999999774e-09	-2.3266587e-10	-4.376491e-10	0.00031063688	0.004581654	-3.1985473e-17	-4.5032153e-17	2.0227393e-17	-3.984791e-19	0	-6.782235e-18
1.0500099999998598e-09	-2.3727964e-10	-4.112847e-10	0.00031063688	0.004581654	-3.1985473e-17	-4.5032153e-17	2.0227393e-17	-3.9847916e-19	0	-6.782235e-18
1.0600099999999456e-09	-2.471663e-10	-4.112847e-10	0.0003106368	0.004581654	-3.1985473e-17	-4.5032153e-17	2.0227393e-17	-3.9847916e-19	0	-6.782235e-18
1.0700000000000313e-09	-2.221201e-10	-4.5610418e-10	0.00031063706	0.0045818924	-3.1985473e-17	-4.5032153e-17	2.0227395e-17	-3.9847906e-19	0	-6.7822346e-18
1.080000000000117e-09	-2.0432413e-10	-4.5610418e-10	0.00031063706	0.0045818924	-3.1985473e-17	-4.5032153e-17	2.0227395e-17	-3.9847906e-19	0	-6.7822346e-18
1.0900000000002028e-09	-2.1025612e-10	-4.6137708e-10	0.00031063706	0.004581893	-3.198547e-17	-4.5032153e-17	2.0227393e-17	-3.9847906e-19	0	-6.7822346e-18
1.1000000000002886e-09	-2.1025612e-10	-4.5346776e-10	0.00031063706	0.0045818924	-3.1985473e-17	-4.5032153e-17	2.0227395e-17	-3.9847906e-19	0	-6.7822346e-18
1.1100000000003744e-09	-2.2277921e-10	-4.5874063e-10	0.00031063706	0.0045818924	-3.198547e-17	-4.5032153e-17	2.0227393e-17	-3.9847906e-19	0	-6.7822346e-18
1.1200000000004602e-09	-2.1091523e-10	-4.5874063e-10	0.00031063706	0.0045818924	-3.198547e-17	-4.5032153e-17	2.0227395e-17	-3.9847906e-19	0	-6.7822346e-18
1.130000000000546e-09	-2.1355168e-10	-4.5874063e-10	0.00031063706	0.0045818924	-3.198547e-17	-4.5032153e-17	2.0227393e-17	-3.9847906e-19	0	-6.7822346e-18
1.1400000000006318e-09	-2.2080189e-10	-4.5346776e-10	0.00031063706	0.0045818924	-3.198547e-17	-4.5032153e-17	2.0227395e-17	-3.9847906e-19	0	-6.7822346e-18
1.1500000000007175e-09	-2.016877e-10	-4.19194e-10	0.00031063697	0.004581893	-3.198547e-17	-4.5032153e-17	2.0227395e-17	-3.9847906e-19	0	-6.7822346e-18
1.1600000000008033e-09	-2.2607477e-10	-4.6137708e-10	0.00031063706	0.0045818924	-3.1985473e-17	-4.5032153e-17	2.0227395e-17	-3.9847906e-19	0	-6.7822346e-18
1.1700000000008891e-09	-2.148699e-10	-4.5874063e-10	0.00031063706	0.004581893	-3.198547e-17	-4.5032153e-17	2.0227393e-17	-3.9847906e-19	0	-6.7822346e-18
1.1800000000009749e-09	-2.0630146e-10	-4.5874063e-10	0.00031063706	0.0045818924	-3.198547e-17	-4.5032153e-17	2.0227395e-17	-3.9847906e-19	0	-6.7822346e-18
1.1900000000010607e-09	-2.221201e-10	-4.6401352e-10	0.00031063706	0.004581893	-3.1985473e-17	-4.5032153e-17	2.0227395e-17	-3.9847906e-19	0	-6.7822346e-18
1.2000000000011465e-09	-2.2805209e-10	-4.5874063e-10	0.00031063706	0.0045818924	-3.1985473e-17	-4.5032153e-17	2.0227395e-17	-3.9847906e-19	0	-6.7822346e-18
1.2100000000012322e-09	-2.1750633e-10	-4.6401352e-10	0.00031063706	0.004581893	-3.1985473e-17	-4.5032153e-17	2.0227393e-17	-3.9847906e-19	0	-6.7822346e-18
1.220000000001318e-09	-2.2409744e-10	-4.6137708e-10	0.00031063706	0.0045818924	-3.1985473e-17	-4.5032153e-17	2.0227395e-17	-3.9847906e-19	0	-6.7822346e-18
1.2300000000014038e-09	-2.221201e-10	-4.824686e-10	0.00031063706	0.004581893	-3.198547e-17	-4.5032153e-17	2.0227395e-17	-3.9847906e-19	0	-6.7822346e-18
1.2400000000014896e-09	-2.1289256e-10	-4.5346776e-10	0.00031063706	0.0045818924	-3.198547e-17	-4.5032153e-17	2.0227395e-17	-3.9847906e-19	0	-6.7822346e-18
1.2500000000015754e-09	-2.15529e-10	-4.85105e-10	0.00031063706	0.0045818924	-3.198547e-17	-4.5032153e-17	2.0227393e-17	-3.9847906e-19	0	-6.7822346e-18
1.2600000000016612e-09	-2.3068854e-10	-4.6137708e-10	0.00031063706	0.0045818924	-3.198547e-17	-4.5032153e-17	2.0227395e-17	-3.9847906e-19	0	-6.7822346e-18
1.270000000001747e-09	-2.1684722e-10	-4.6137708e-10	0.00031063706	0.0045818924	-3.198547e-17	-4.5032153e-17	2.0227395e-17	-3.9847906e-19	0	-6.7822346e-18
1.2800000000018327e-09	-2.2146099e-10	-4.6401352e-10	0.00031063697	0.0045818924	-3.1985473e-17	-4.5032153e-17	2.0227395e-17	-3.9847906e-19	0	-6.7822346e-18
1.2900000000019185e-09	-2.2937031e-10	-4.798322e-10	0.00031063697	0.004581893	-3.198547e-17	-4.5032153e-17	2.0227395e-17	-3.9847906e-19	0	-6.7822346e-18
1.3000000000020043e-09	-2.3002943e-10	-4.5874063e-10	0.00031063706	0.0045818924	-3.198547e-17	-4.5032153e-17	2.0227395e-17	-3.9847906e-19	0	-6.7822346e-18
1.3100000000020901e-09	-2.1882456e-10	-4.5874063e-10	0.00031063697	0.0045818924	-3.1985473e-17	-4.5032153e-17	2.0227393e-17	-3.9847906e-19	0	-6.7822346e-18
1.3200000000021759e-09	-2.1618811e-10	-4.6401352e-10	0.00031063706	0.0045818924	-3.198547e-17	-4.5032153e-17	2.0227395e-17	-3.9847906e-19	0	-6.7822346e-18
1.3300000000022617e-09	-2.1684722e-10	-4.6401352e-10	0.00031063706	0.004581893	-3.198547e-17	-4.5032153e-17	2.0227393e-17	-3.9847906e-19	0	-6.7822346e-18
1.3400000000023475e-09	-2.1223345e-10	-4.5874063e-10	0.00031063706	0.0045818924	-3.198547e-17	-4.5032153e-17	2.0227395e-17	-3.9847906e-19	0	-6.7822346e-18
1.3500000000024332e-09	-2.082788e-10	-4.5874063e-10	0.00031063706	0.0045818924	-3.1985473e-17	-4.5032153e-17	2.0227395e-17	-3.9847906e-19	0	-6.7822346e-18
1.360000000002519e-09	-2.1882456e-10	-4.6137708e-10	0.00031063706	0.0045818924	-3.198547e-17	-4.5032153e-17	2.0227395e-17	-3.9847906e-19	0	-6.7822346e-18
1.3700000000026048e-09	-2.1684722e-10	-4.6401352e-10	0.00031063706	0.004581893	-3.198547e-17	-4.5032153e-17	2.0227393e-17	-3.9847906e-19	0	-6.7822346e-18
1.3800000000026906e-09	-2.2541566e-10	-4.6137708e-10	0.00031063706	0.0045818924	-3.1985473e-17	-4.5032153e-17	2.0227395e-17	-3.9847906e-19	0	-6.7822346e-18
1.3900000000027764e-09	-2.1355168e-10	-4.5874063e-10	0.00031063706	0.0045818924	-3.198547e-17	-4.5032153e-17	2.0227393e-17	-3.9847906e-19	0	-6.7822346e-18
1.4000000000028622e-09	-2.1618811e-10	-4.85105e-10	0.00031063706	0.0045818924	-3.1985473e-17	-4.5032153e-17	2.0227395e-17	-3.9847906e-19	0	-6.7822346e-18
1.410000000002948e-09	-2.0366502e-10	-4.6137708e-10	0.00031063697	0.0045818924	-3.198547e-17	-4.5032153e-17	2.0227393e-17	-3.9847906e-19	0	-6.7822346e-18
1.4200000000030337e-09	-2.2277921e-10	-4.5874063e-10	0.00031063706	0.0045818924	-3.198547e-17	-4.5032153e-17	2.0227395e-17	-3.9847906e-19	0	-6.7822346e-18
1.4300000000031195e-09	-2.3596142e-10	-4.5874063e-10	0.00031063706	0.004581893	-3.1985473e-17	-4.5032153e-17	2.0227393e-17	-3.9847906e-19	0	-6.7822346e-18
1.4400000000032053e-09	-2.3200676e-10	-4.5874063e-10	0.00031063706	0.0045818924	-3.1985473e-17	-4.5032153e-17	2.0227395e-17	-3.9847906e-19	0	-6.7822346e-18
1.450000000003291e-09	-2.1882456e-10	-4.6401352e-10	0.00031063706	0.0045818924	-3.1985473e-17	-4.5032153e-17	2.0227395e-17	-3.9847906e-19	0	-6.7822346e-18
1.4600000000033769e-09	-2.1289256e-10	-4.5874063e-10	0.00031063706	0.0045818924	-3.198547e-17	-4.5032153e-17	2.0227395e-17	-3.9847906e-19	0	-6.7822346e-18
1.4700000000034627e-09	-2.1882456e-10	-4.5874063e-10	0.00031063697	0.0045818924	-3.198547e-17	-4.5032153e-17	2.0227393e-17	-3.9847906e-19	0	-6.7822346e-18
1.4800000000035485e-09	-2.2673388e-10	-4.6401352e-10	0.00031063706	0.0045818924	-3.1985473e-17	-4.5032153e-17	2.0227395e-17	-3.9847906e-19	0	-6.7822346e-18
1.4900000000036342e-09	-2.2673388e-10	-4.5874063e-10	0.00031063706	0.0045818924	-3.1985473e-17	-4.5032153e-17	2.0227395e-17	-3.9847906e-19	0	-6.7822346e-18
1.50000000000372e-09	-2.2673388e-10	-4.5874063e-10	0.00031063706	0.0045818924	-3.1985473e-17	-4.5032153e-17	2.0227395e-17	-3.9847906e-19	0	-6.7822346e-18
1.5100000000038058e-09	-2.221201e-10	-4.5874063e-10	0.00031063706	0.0045818924	-3.198547e-17	-4.5032153e-17	2.0227395e-17	-3.9847906e-19	0	-6.7822346e-18
1.5200000000038916e-09	-2.15529e-10	-4.5874063e-10	0.00031063706	0.0045818924	-3.198547e-17	-4.5032153e-17	2.0227393e-17	-3.9847906e-19	0	-6.7822346e-18
1.5300000000039774e-09	-2.2343832e-10	-4.5874063e-10	0.00031063706	0.004581893	-3.198547e-17	-4.5032153e-17	2.0227395e-17	-3.9847906e-19	0	-6.7822346e-18
1.5400000000040632e-09	-2.346432e-10	-4.5874063e-10	0.00031063706	0.0045818924	-3.1985473e-17	-4.5032153e-17	2.0227393e-17	-3.9847906e-19	0	-6.7822346e-18
1.550000000004149e-09	-2.1948367e-10	-4.798322e-10	0.00031063706	0.0045818924	-3.198547e-17	-4.5032153e-17	2.0227395e-17	-3.9847906e-19	0	-6.7822346e-18
1.5600000000042347e-09	-2.221201e-10	-4.5874063e-10	0.00031063706	0.0045818924	-3.198547e-17	-4.5032153e-17	2.0227393e-17	-3.9847906e-19	0	-6.7822346e-18
1.5700000000043205e-09	-2.1223345e-10	-4.5874063e-10	0.00031063706	0.0045818924	-3.198547e-17	-4.5032153e-17	2.0227395e-17	-3.9847906e-19	0	-6.7822346e-18
1.5800000000044063e-09	-2.1750633e-10	-4.798322e-10	0.00031063706	0.0045818924	-3.198547e-17	-4.5032153e-17	2.0227395e-17	-3.9847906e-19	0	-6.7822346e-18
1.590000000004492e-09	-2.1948367e-10	-4.5874063e-10	0.00031063706	0.004581893	-3.198547e-17	-4.5032153e-17	2.0227395e-17	-3.9847906e-19	0	-6.7822346e-18
1.6000000000045779e-09	-2.2409744e-10	-4.5346776e-10	0.00031063706	0.0045818924	-3.198547e-17	-4.5032153e-17	2.0227395e-17	-3.9847906e-19	0	-6.7822346e-18
1.6100000000046637e-09	-2.148699e-10	-4.5610418e-10	0.00031063706	0.0045818924	-3.198547e-17	-4.5032153e-17	2.0227395e-17	-3.9847906e-19	0	-6.7822346e-18
1.6200000000047495e-09	-2.2673388e-10	-4.5874063e-10	0.00031063697	0.004581893	-3.1985473e-17	-4.5032153e-17	2.0227393e-17	-3.9847906e-19	0	-6.7822346e-18
1.6300000000048352e-09	-2.1157434e-10	-4.5610418e-10	0.00031063706	0.004581893	-3.198547e-17	-4.5032153e-17	2.0227395e-17	-3.9847906e-19	0	-6.7822346e-18
1.640000000004921e-09	-2.0761969e-10	-4.5874063e-10	0.00031063706	0.004581893	-3.1985473e-17	-4.5032153e-17	2.0227393e-17	-3.9847906e-19	0	-6.7822346e-18
1.6500000000050068e-09	-2.2146099e-10	-4.5874063e-10	0.00031063706	0.004581893	-3.198547e-17	-4.5032153e-17	2.0227395e-17	-3.9847906e-19	0	-6.7822346e-18
1.6600000000050926e-09	-2.2409744e-10	-4.5610418e-10	0.00031063697	0.004581893	-3.198547e-17	-4.5032153e-17	2.0227393e-17	-3.9847906e-19	0	-6.7822346e-18
1.6700000000051784e-09	-2.2475655e-10	-4.5610418e-10	0.00031063697	0.0045818924	-3.198547e-17	-4.5032153e-17	2.0227395e-17	-3.9847906e-19	0	-6.7822346e-18
1.6800000000052642e-09	-2.15529e-10	-4.5874063e-10	0.00031063697	0.004581893	-3.1985473e-17	-4.5032153e-17	2.0227393e-17	-3.9847906e-19	0	-6.7822346e-18
1.69000000000535e-09	-2.1618811e-10	-4.5874063e-10	0.00031063697	0.004581893	-3.198547e-17	-4.5032153e-17	2.0227395e-17	-3.9847906e-19	0	-6.7822346e-18
1.7000000000054357e-09	-2.15529e-10	-4.5874063e-10	0.00031063706	0.0045818924	-3.1985473e-17	-4.5032153e-17	2.0227393e-17	-3.9847906e-19	0	-6.7822346e-18
1.7100000000055215e-09	-2.1289256e-10	-4.6401352e-10	0.00031063706	0.0045818924	-3.1985473e-17	-4.5032153e-17	2.0227395e-17	-3.9847906e-19	0	-6.7822346e-18
1.7200000000056073e-09	-2.1157434e-10	-4.5610418e-10	0.00031063706	0.0045818924	-3.1985473e-17	-4.5032153e-17	2.0227395e-17	-3.9847906e-19	0	-6.7822346e-18
1.730000000005693e-09	-2.2475655e-10	-4.5874063e-10	0.00031063706	0.004581893	-3.198547e-17	-4.5032153e-17	2.0227395e-17	-3.9847906e-19	0	-6.7822346e-18
1.7400000000057789e-09	-2.1223345e-10	-4.5874063e-10	0.00031063706	0.004581893	-3.1985473e-17	-4.5032153e-17	2.0227393e-17	-3.9847906e-19	0	-6.7822346e-18
1.7500000000058647e-09	-2.2080189e-10	-4.6401352e-10	0.00031063706	0.004581893	-3.198547e-17	-4.5032153e-17	2.0227393e-17	-3.9847906e-19	0	-6.7822346e-18
1.7600000000059504e-09	-2.2475655e-10	-4.5874063e-10	0.00031063706	0.004581893	-3.1985473e-17	-4.5032153e-17	2.0227393e-17	-3.9847906e-19	0	-6.7822346e-18
1.7700000000060362e-09	-2.2146099e-10	-4.798322e-10	0.00031063706	0.0045818924	-3.198547e-17	-4.5032153e-17	2.0227393e-17	-3.9847906e-19	0	-6.7822346e-18
1.780000000006122e-09	-2.1421079e-10	-4.5874063e-10	0.00031063706	0.0045818924	-3.198547e-17	-4.5032153e-17	2.0227395e-17	-3.9847906e-19	0	-6.7822346e-18
1.7900000000062078e-09	-2.2475655e-10	-4.5874063e-10	0.00031063706	0.004581893	-3.198547e-17	-4.5032153e-17	2.0227395e-17	-3.9847906e-19	0	-6.7822346e-18
1.8000000000062936e-09	-2.3134765e-10	-4.5874063e-10	0.00031063697	0.004581893	-3.1985473e-17	-4.5032153e-17	2.0227395e-17	-3.9847906e-19	0	-6.7822346e-18
1.8100000000063794e-09	-2.2607477e-10	-4.165576e-10	0.00031063706	0.0045818924	-3.198547e-17	-4.5032153e-17	2.0227395e-17	-3.9847906e-19	0	-6.7822346e-18
1.8200000000064652e-09	-2.3398408e-10	-4.5874063e-10	0.00031063706	0.0045818924	-3.1985473e-17	-4.5032153e-17	2.0227395e-17	-3.9847906e-19	0	-6.7822346e-18
1.830000000006551e-09	-2.1750633e-10	-4.5874063e-10	0.00031063706	0.004581893	-3.198547e-17	-4.5032153e-17	2.0227395e-17	-3.9847906e-19	0	-6.7822346e-18
1.8400000000066367e-09	-2.2080189e-10	-4.6137708e-10	0.00031063706	0.0045818924	-3.198547e-17	-4.5032153e-17	2.0227393e-17	-3.9847906e-19	0	-6.7822346e-18
1.8500000000067225e-09	-2.2541566e-10	-4.5874063e-10	0.00031063706	0.0045818924	-3.198547e-17	-4.5032153e-17	2.0227395e-17	-3.9847906e-19	0	-6.7822346e-18
1.8600000000068083e-09	-2.2475655e-10	-4.5874063e-10	0.00031063706	0.0045818924	-3.1985473e-17	-4.5032153e-17	2.0227395e-17	-3.9847906e-19	0	-6.7822346e-18
1.870000000006742e-09	-2.2739298e-10	-4.5874063e-10	0.00031063706	0.0045818924	-3.198547e-17	-4.5032153e-17	2.0227395e-17	-3.9847906e-19	0	-6.7822346e-18
1.880000000006621e-09	-2.1948367e-10	-4.5874063e-10	0.00031063706	0.0045818924	-3.198547e-17	-4.5032153e-17	2.0227395e-17	-3.9847906e-19	0	-6.7822346e-18
1.8900000000065e-09	-2.2937031e-10	-4.5346776e-10	0.00031063706	0.0045818924	-3.198547e-17	-4.5032153e-17	2.0227393e-17	-3.9847906e-19	0	-6.7822346e-18
1.900000000006379e-09	-2.2475655e-10	-4.5346776e-10	0.00031063706	0.0045818924	-3.1985473e-17	-4.5032153e-17	2.0227393e-17	-3.9847906e-19	0	-6.7822346e-18
1.910000000006258e-09	-2.2409744e-10	-4.5874063e-10	0.00031063706	0.004581893	-3.198547e-17	-4.5032153e-17	2.0227395e-17	-3.9847906e-19	0	-6.7822346e-18
1.920000000006137e-09	-2.3068854e-10	-4.5874063e-10	0.00031063706	0.0045818924	-3.1985473e-17	-4.5032153e-17	2.0227393e-17	-3.9847906e-19	0	-6.7822346e-18
1.930000000006016e-09	-2.3134765e-10	-4.5874063e-10	0.00031063706	0.0045818924	-3.1985473e-17	-4.5032153e-17	2.0227395e-17	-3.9847906e-19	0	-6.7822346e-18
1.940000000005895e-09	-2.2805209e-10	-4.6137708e-10	0.00031063697	0.0045818924	-3.1985473e-17	-4.5032153e-17	2.0227395e-17	-3.9847906e-19	0	-6.7822346e-18
1.950000000005774e-09	-2.3332497e-10	-4.5874063e-10	0.00031063706	0.0045818924	-3.1985473e-17	-4.5032153e-17	2.0227395e-17	-3.9847906e-19	0	-6.7822346e-18
1.960000000005653e-09	-2.2080189e-10	-4.4819487e-10	0.00031063706	0.0045818924	-3.1985473e-17	-4.5032153e-17	2.0227393e-17	-3.9847906e-19	0	-6.7822346e-18
1.9700000000055318e-09	-2.3134765e-10	-4.5610418e-10	0.00031063706	0.0045818924	-3.1985473e-17	-4.5032153e-17	2.0227395e-17	-3.9847906e-19	0	-6.7822346e-18
1.9800000000054108e-09	-2.2277921e-10	-4.6401352e-10	0.00031063706	0.0045818924	-3.198547e-17	-4.5032153e-17	2.0227395e-17	-3.9847906e-19	0	-6.7822346e-18
1.9900000000052898e-09	-2.3134765e-10	-4.6137708e-10	0.00031063697	0.004581893	-3.198547e-17	-4.5032153e-17	2.0227393e-17	-3.9847906e-19	0	-6.7822346e-18
2.0000000000051688e-09	-2.1223345e-10	-4.4819487e-10	0.00031063706	0.0045818924	-3.198547e-17	-4.5032153e-17	2.0227395e-17	-3.9847906e-19	0	-6.7822346e-18
2.0100000000050478e-09	-2.2673388e-10	-4.5874063e-10	0.00031063706	0.004581893	-3.1985473e-17	-4.5032153e-17	2.0227395e-17	-3.9847906e-19	0	-6.7822346e-18
2.0200000000049267e-09	-2.2739298e-10	-4.6137708e-10	0.00031063706	0.0045818924	-3.1985473e-17	-4.5032153e-17	2.0227395e-17	-3.9847906e-19	0	-6.7822346e-18
2.0300000000048057e-09	-2.0696057e-10	-4.7192283e-10	0.00031063706	0.004581893	-3.1985473e-17	-4.5032153e-17	2.0227395e-17	-3.9847906e-19	0	-6.7822346e-18
2.0400000000046847e-09	-2.2277921e-10	-4.5874063e-10	0.00031063706	0.0045818924	-3.198547e-17	-4.5032153e-17	2.0227395e-17	-3.9847906e-19	0	-6.7822346e-18
2.0500000000045637e-09	-2.1289256e-10	-4.5874063e-10	0.00031063706	0.0045818924	-3.198547e-17	-4.5032153e-17	2.0227395e-17	-3.9847906e-19	0	-6.7822346e-18
2.0600000000044427e-09	-2.1289256e-10	-4.6137708e-10	0.00031063706	0.0045818924	-3.1985473e-17	-4.5032153e-17	2.0227395e-17	-3.9847906e-19	0	-6.7822346e-18
2.0700000000043217e-09	-2.3200676e-10	-4.6137708e-10	0.00031063706	0.0045818924	-3.198547e-17	-4.5032153e-17	2.0227393e-17	-3.9847906e-19	0	-6.7822346e-18
2.0800000000042007e-09	-2.0761969e-10	-4.5874063e-10	0.00031063706	0.0045818924	-3.198547e-17	-4.5032153e-17	2.0227395e-17	-3.9847906e-19	0	-6.7822346e-18
2.0900000000040797e-09	-2.1816544e-10	-4.5874063e-10	0.00031063706	0.0045818924	-3.1985473e-17	-4.5032153e-17	2.0227393e-17	-3.9847906e-19	0	-6.7822346e-18
2.1000000000039587e-09	-2.1355168e-10	-4.6401352e-10	0.00031063706	0.0045818924	-3.1985473e-17	-4.5032153e-17	2.0227395e-17	-3.9847906e-19	0	-6.7822346e-18
2.1100000000038377e-09	-2.1091523e-10	-4.5874063e-10	0.00031063706	0.004581893	-3.198547e-17	-4.5032153e-17	2.0227395e-17	-3.9847906e-19	0	-6.7822346e-18
2.1200000000037166e-09	-2.2277921e-10	-4.5874063e-10	0.00031063706	0.0045818924	-3.198547e-17	-4.5032153e-17	2.0227395e-17	-3.9847906e-19	0	-6.7822346e-18
2.1300000000035956e-09	-2.2673388e-10	-4.5874063e-10	0.00031063706	0.004581893	-3.1985473e-17	-4.5032153e-17	2.0227393e-17	-3.9847906e-19	0	-6.7822346e-18
2.1400000000034746e-09	-2.2673388e-10	-4.6137708e-10	0.00031063706	0.0045818924	-3.198547e-17	-4.5032153e-17	2.0227395e-17	-3.9847906e-19	0	-6.7822346e-18
2.1500000000033536e-09	-2.2541566e-10	-4.6401352e-10	0.00031063706	0.0045818924	-3.1985473e-17	-4.5032153e-17	2.0227395e-17	-3.9847906e-19	0	-6.7822346e-18
2.1600000000032326e-09	-2.2080189e-10	-4.5874063e-10	0.00031063706	0.0045818924	-3.198547e-17	-4.5032153e-17	2.0227395e-17	-3.9847906e-19	0	-6.7822346e-18
2.1700000000031116e-09	-2.2014278e-10	-4.5874063e-10	0.00031063706	0.0045818924	-3.198547e-17	-4.5032153e-17	2.0227395e-17	-3.9847906e-19	0	-6.7822346e-18
2.1800000000029906e-09	-2.3200676e-10	-4.5874063e-10	0.00031063706	0.0045818924	-3.1985473e-17	-4.5032153e-17	2.0227395e-17	-3.9847906e-19	0	-6.7822346e-18
2.1900000000028696e-09	-2.1223345e-10	-4.6137708e-10	0.00031063706	0.004581893	-3.1985473e-17	-4.5032153e-17	2.0227395e-17	-3.9847906e-19	0	-6.7822346e-18
2.2000000000027486e-09	-2.1948367e-10	-4.6401352e-10	0.00031063706	0.0045818924	-3.1985473e-17	-4.5032153e-17	2.0227395e-17	-3.9847906e-19	0	-6.7822346e-18
2.2100000000026276e-09	-2.2409744e-10	-4.6401352e-10	0.00031063706	0.0045818924	-3.198547e-17	-4.5032153e-17	2.0227393e-17	-3.9847906e-19	0	-6.7822346e-18
2.2200000000025065e-09	-2.0696057e-10	-4.5874063e-10	0.00031063706	0.0045818924	-3.198547e-17	-4.5032153e-17	2.0227395e-17	-3.9847906e-19	0	-6.7822346e-18
2.2300000000023855e-09	-2.2146099e-10	-4.5874063e-10	0.00031063706	0.0045818924	-3.198547e-17	-4.5032153e-17	2.0227393e-17	-3.9847906e-19	0	-6.7822346e-18
2.2400000000022645e-09	-2.2146099e-10	-4.6401352e-10	0.00031063706	0.0045818924	-3.198547e-17	-4.5032153e-17	2.0227395e-17	-3.9847906e-19	0	-6.7822346e-18
2.2500000000021435e-09	-2.2146099e-10	-4.4819487e-10	0.00031063706	0.004581893	-3.198547e-17	-4.5032153e-17	2.0227395e-17	-3.9847906e-19	0	-6.7822346e-18
2.2600000000020225e-09	-2.1684722e-10	-4.6401352e-10	0.00031063706	0.0045818924	-3.198547e-17	-4.5032153e-17	2.0227395e-17	-3.9847906e-19	0	-6.7822346e-18
2.2700000000019015e-09	-2.1157434e-10	-4.6401352e-10	0.00031063706	0.004581893	-3.198547e-17	-4.5032153e-17	2.0227395e-17	-3.9847906e-19	0	-6.7822346e-18
2.2800000000017805e-09	-2.0498324e-10	-4.4292198e-10	0.00031063706	0.0045818924	-3.1985473e-17	-4.5032153e-17	2.0227395e-17	-3.9847906e-19	0	-6.7822346e-18
2.2900000000016595e-09	-2.1355168e-10	-4.692864e-10	0.00031063706	0.004581893	-3.198547e-17	-4.5032153e-17	2.0227393e-17	-3.9847906e-19	0	-6.7822346e-18
2.3000000000015385e-09	-2.1157434e-10	-4.692864e-10	0.00031063706	0.0045818924	-3.198547e-17	-4.5032153e-17	2.0227395e-17	-3.9847906e-19	0	-6.7822346e-18
2.3100000000014175e-09	-2.1157434e-10	-4.6137708e-10	0.00031063706	0.0045818924	-3.1985473e-17	-4.5032153e-17	2.0227393e-17	-3.9847906e-19	0	-6.7822346e-18
2.3200000000012965e-09	-2.1355168e-10	-4.692864e-10	0.00031063706	0.0045818924	-3.1985473e-17	-4.5032153e-17	2.0227395e-17	-3.9847906e-19	0	-6.7822346e-18
2.3300000000011754e-09	-2.1157434e-10	-4.5874063e-10	0.00031063706	0.0045818924	-3.198547e-17	-4.5032153e-17	2.0227393e-17	-3.9847906e-19	0	-6.7822346e-18
2.3400000000010544e-09	-2.1618811e-10	-4.5874063e-10	0.00031063706	0.0045818924	-3.198547e-17	-4.5032153e-17	2.0227395e-17	-3.9847906e-19	0	-6.7822346e-18
2.3500000000009334e-09	-2.1750633e-10	-4.5874063e-10	0.00031063706	0.004581893	-3.198547e-17	-4.5032153e-17	2.0227393e-17	-3.9847906e-19	0	-6.7822346e-18
2.3600000000008124e-09	-2.1882456e-10	-4.165576e-10	0.00031063706	0.0045818924	-3.1985473e-17	-4.5032153e-17	2.0227395e-17	-3.9847906e-19	0	-6.7822346e-18
2.3700000000006914e-09	-2.0630146e-10	-4.5874063e-10	0.00031063706	0.004581893	-3.198547e-17	-4.5032153e-17	2.0227393e-17	-3.9847906e-19	0	-6.7822346e-18
2.3800000000005704e-09	-2.2146099e-10	-4.5874063e-10	0.00031063706	0.0045818924	-3.198547e-17	-4.5032153e-17	2.0227395e-17	-3.9847906e-19	0	-6.7822346e-18
2.3900000000004494e-09	-2.0564235e-10	-4.5874063e-10	0.00031063706	0.004581893	-3.198547e-17	-4.5032153e-17	2.0227395e-17	-3.9847906e-19	0	-6.7822346e-18
2.4000000000003284e-09	-2.1618811e-10	-4.5610418e-10	0.00031063706	0.004581893	-3.198547e-17	-4.5032153e-17	2.0227395e-17	-3.9847906e-19	0	-6.7822346e-18
2.4100000000002074e-09	-2.2805209e-10	-4.5610418e-10	0.00031063706	0.004581893	-3.198547e-17	-4.5032153e-17	2.0227395e-17	-3.9847906e-19	0	-6.7822346e-18
2.4200000000000864e-09	-2.221201e-10	-4.5874063e-10	0.00031063706	0.0045818924	-3.198547e-17	-4.5032153e-17	2.0227395e-17	-3.9847906e-19	0	-6.7822346e-18
2.4300099999999652e-09	-2.4980273e-10	-4.4819487e-10	0.00031063688	0.004581654	-3.1985473e-17	-4.5032153e-17	2.0227395e-17	-3.984791e-19	0	-6.782235e-18
2.4400099999998442e-09	-2.4452984e-10	-4.376491e-10	0.00031063688	0.004581654	-3.1985473e-17	-4.5032153e-17	2.0227393e-17	-3.984791e-19	0	-6.782235e-18
2.450009999999723e-09	-2.399161e-10	-4.165576e-10	0.00031063688	0.004581654	-3.1985473e-17	-4.5032153e-17	2.0227395e-17	-3.984791e-19	0	-6.782235e-18
2.460009999999602e-09	-2.5046185e-10	-4.5610418e-10	0.00031063688	0.004581654	-3.1985473e-17	-4.5032153e-17	2.0227395e-17	-3.984791e-19	0	-6.782235e-18
2.470009999999481e-09	-2.405752e-10	-4.5346776e-10	0.00031063688	0.004581654	-3.1985473e-17	-4.5032153e-17	2.0227395e-17	-3.984791e-19	0	-6.782235e-18
2.48000999999936e-09	-2.412343e-10	-4.4819487e-10	0.00031063688	0.004581654	-3.1985473e-17	-4.5032153e-17	2.0227395e-17	-3.9847916e-19	0	-6.782235e-18
2.490009999999239e-09	-2.557347e-10	-4.112847e-10	0.00031063688	0.004581654	-3.1985476e-17	-4.5032153e-17	2.0227395e-17	-3.984791e-19	0	-6.782235e-18
2.500009999999118e-09	-2.412343e-10	-4.5346776e-10	0.00031063688	0.004581654	-3.1985473e-17	-4.5032153e-17	2.0227393e-17	-3.9847916e-19	0	-6.782235e-18
2.510009999998997e-09	-2.3859786e-10	-4.297398e-10	0.00031063688	0.004581654	-3.1985473e-17	-4.5032153e-17	2.0227393e-17	-3.9847914e-19	0	-6.782235e-18
2.520009999998876e-09	-2.425525e-10	-4.112847e-10	0.00031063688	0.004581654	-3.1985473e-17	-4.5032153e-17	2.0227395e-17	-3.9847916e-19	0	-6.782235e-18
2.530009999998755e-09	-2.4452984e-10	-4.3237622e-10	0.00031063688	0.004581654	-3.1985473e-17	-4.5032153e-17	2.0227395e-17	-3.9847916e-19	0	-6.782235e-18
2.540009999998634e-09	-2.425525e-10	-4.376491e-10	0.00031063688	0.004581654	-3.1985473e-17	-4.5032153e-17	2.0227395e-17	-3.9847906e-19	0	-6.782235e-18
2.550009999998513e-09	-2.5178007e-10	-4.165576e-10	0.00031063688	0.004581654	-3.1985473e-17	-4.5032153e-17	2.0227395e-17	-3.984791e-19	0	-6.782235e-18
2.560009999998392e-09	-2.4518895e-10	-4.376491e-10	0.00031063688	0.004581654	-3.1985473e-17	-4.5032153e-17	2.0227395e-17	-3.984791e-19	0	-6.782235e-18
2.570009999998271e-09	-2.4387073e-10	-4.5874063e-10	0.00031063688	0.004581654	-3.1985473e-17	-4.5032153e-17	2.0227395e-17	-3.984791e-19	0	-6.782235e-18
2.58000999999815e-09	-2.5178007e-10	-4.2183046e-10	0.00031063688	0.004581654	-3.1985473e-17	-4.5032153e-17	2.0227395e-17	-3.9847914e-19	0	-6.782235e-18
2.590009999998029e-09	-2.4387073e-10	-4.4292198e-10	0.00031063688	0.004581654	-3.1985473e-17	-4.5032153e-17	2.0227395e-17	-3.9847916e-19	0	-6.782235e-18
2.600009999997908e-09	-2.4980273e-10	-4.165576e-10	0.0003106368	0.004581654	-3.1985473e-17	-4.5032153e-17	2.0227393e-17	-3.9847916e-19	0	-6.782235e-18
2.610009999997787e-09	-2.425525e-10	-4.376491e-10	0.00031063688	0.004581654	-3.1985473e-17	-4.5032153e-17	2.0227395e-17	-3.9847916e-19	0	-6.782235e-18
2.620009999997666e-09	-2.399161e-10	-4.3501266e-10	0.00031063688	0.004581654	-3.1985473e-17	-4.5032153e-17	2.0227393e-17	-3.9847916e-19	0	-6.782235e-18
2.630009999997545e-09	-2.5243918e-10	-4.112847e-10	0.00031063688	0.004581654	-3.1985473e-17	-4.5032153e-17	2.0227395e-17	-3.984791e-19	0	-6.782235e-18
2.640009999997424e-09	-2.405752e-10	-4.376491e-10	0.00031063688	0.004581654	-3.1985473e-17	-4.5032153e-17	2.0227395e-17	-3.9847916e-19	0	-6.782235e-18
2.650009999997303e-09	-2.3793875e-10	-4.0864825e-10	0.00031063688	0.004581654	-3.1985473e-17	-4.5032153e-17	2.0227395e-17	-3.984791e-19	0	-6.782235e-18
2.660009999997182e-09	-2.399161e-10	-4.5610418e-10	0.00031063688	0.004581654	-3.1985473e-17	-4.5032153e-17	2.0227393e-17	-3.9847916e-19	0	-6.782235e-18
2.670009999997061e-09	-2.3398408e-10	-4.1392115e-10	0.00031063688	0.004581654	-3.1985473e-17	-4.5032153e-17	2.0227395e-17	-3.984791e-19	0	-6.782235e-18
2.68000999999694e-09	-2.5046185e-10	-4.112847e-10	0.00031063688	0.004581654	-3.1985473e-17	-4.5032153e-17	2.0227393e-17	-3.9847914e-19	0	-6.782235e-18
2.690009999996819e-09	-2.3859786e-10	-4.165576e-10	0.00031063688	0.004581654	-3.1985473e-17	-4.5032153e-17	2.0227395e-17	-3.984791e-19	0	-6.782235e-18
2.700009999996698e-09	-2.3727964e-10	-4.165576e-10	0.00031063688	0.004581654	-3.1985473e-17	-4.5032153e-17	2.0227393e-17	-3.9847916e-19	0	-6.782235e-18
2.710009999996577e-09	-2.418934e-10	-4.1392115e-10	0.0003106368	0.004581654	-3.1985473e-17	-4.5032153e-17	2.0227395e-17	-3.984791e-19	0	-6.782235e-18
2.720009999996456e-09	-2.4321162e-10	-4.112847e-10	0.0003106368	0.004581654	-3.1985473e-17	-4.5032153e-17	2.0227395e-17	-3.9847914e-19	0	-6.782235e-18
2.730009999996335e-09	-2.418934e-10	-4.0601184e-10	0.00031063688	0.004581654	-3.1985473e-17	-4.5032153e-17	2.0227395e-17	-3.984791e-19	0	-6.782235e-18
2.740009999996214e-09	-2.4387073e-10	-4.376491e-10	0.00031063688	0.004581654	-3.1985473e-17	-4.5032153e-17	2.0227393e-17	-3.9847914e-19	0	-6.782235e-18
2.750009999996093e-09	-2.3596142e-10	-4.376491e-10	0.00031063688	0.004581654	-3.1985473e-17	-4.5032153e-17	2.0227395e-17	-3.9847914e-19	0	-6.782235e-18
2.760009999995972e-09	-2.3925698e-10	-4.5610418e-10	0.00031063688	0.004581654	-3.1985473e-17	-4.5032153e-17	2.0227395e-17	-3.9847906e-19	0	-6.782235e-18
2.770009999995851e-09	-2.399161e-10	-4.3237622e-10	0.00031063688	0.004581654	-3.1985473e-17	-4.5032153e-17	2.0227395e-17	-3.984791e-19	0	-6.782235e-18
2.78000999999573e-09	-2.3793875e-10	-4.165576e-10	0.00031063688	0.004581654	-3.1985473e-17	-4.5032153e-17	2.0227395e-17	-3.9847906e-19	0	-6.782235e-18
2.790009999995609e-09	-2.544165e-10	-4.112847e-10	0.00031063688	0.004581654	-3.1985473e-17	-4.5032153e-17	2.0227395e-17	-3.984791e-19	0	-6.782235e-18
2.800009999995488e-09	-2.4980273e-10	-4.033754e-10	0.00031063688	0.004581654	-3.1985473e-17	-4.5032153e-17	2.0227395e-17	-3.9847916e-19	0	-6.782235e-18
2.810009999995367e-09	-2.412343e-10	-4.112847e-10	0.0003106368	0.004581654	-3.1985473e-17	-4.5032153e-17	2.0227395e-17	-3.984791e-19	0	-6.782235e-18
2.820009999995246e-09	-2.4650718e-10	-4.1392115e-10	0.00031063688	0.004581654	-3.1985473e-17	-4.5032153e-17	2.0227393e-17	-3.984791e-19	0	-6.782235e-18
2.830009999995125e-09	-2.3727964e-10	-4.0864825e-10	0.00031063688	0.004581654	-3.1985473e-17	-4.5032153e-17	2.0227395e-17	-3.9847906e-19	0	-6.782235e-18
2.840009999995004e-09	-2.5705293e-10	-4.376491e-10	0.00031063688	0.004581654	-3.1985473e-17	-4.5032153e-17	2.0227395e-17	-3.984791e-19	0	-6.782235e-18
2.850009999994883e-09	-2.530983e-10	-4.165576e-10	0.0003106368	0.004581654	-3.1985473e-17	-4.5032153e-17	2.0227395e-17	-3.984791e-19	0	-6.782235e-18
2.860009999994762e-09	-2.3793875e-10	-4.0864825e-10	0.00031063688	0.004581654	-3.1985473e-17	-4.5032153e-17	2.0227395e-17	-3.984791e-19	0	-6.782235e-18
2.870009999994641e-09	-2.4584806e-10	-4.1392115e-10	0.00031063688	0.004581654	-3.1985473e-17	-4.5032153e-17	2.0227395e-17	-3.9847906e-19	0	-6.782235e-18
2.8800099999945198e-09	-2.412343e-10	-4.4819487e-10	0.00031063688	0.004581654	-3.1985473e-17	-4.5032153e-17	2.0227395e-17	-3.984791e-19	0	-6.782235e-18
2.8900099999943988e-09	-2.5178007e-10	-4.3237622e-10	0.0003106368	0.004581654	-3.1985473e-17	-4.5032153e-17	2.0227395e-17	-3.984791e-19	0	-6.782235e-18
2.9000099999942778e-09	-2.5243918e-10	-4.165576e-10	0.0003106368	0.004581654	-3.1985476e-17	-4.5032153e-17	2.0227395e-17	-3.984791e-19	0	-6.782235e-18
2.9100099999941568e-09	-2.3332497e-10	-4.376491e-10	0.00031063688	0.004581654	-3.1985473e-17	-4.5032153e-17	2.0227393e-17	-3.984791e-19	0	-6.782235e-18
2.9200099999940357e-09	-2.6496227e-10	-4.244669e-10	0.00031063688	0.004581654	-3.1985473e-17	-4.5032153e-17	2.0227395e-17	-3.984791e-19	0	-6.782235e-18
2.9300099999939147e-09	-2.530983e-10	-4.3237622e-10	0.00031063688	0.004581654	-3.1985473e-17	-4.5032153e-17	2.0227393e-17	-3.984791e-19	0	-6.782235e-18
2.9400099999937937e-09	-2.3332497e-10	-4.112847e-10	0.00031063688	0.004581654	-3.1985473e-17	-4.5032153e-17	2.0227395e-17	-3.984791e-19	0	-6.782235e-18
2.9500099999936727e-09	-2.3332497e-10	-4.165576e-10	0.00031063688	0.004581654	-3.1985473e-17	-4.5032153e-17	2.0227395e-17	-3.984791e-19	0	-6.782235e-18
2.9600099999935517e-09	-2.4452984e-10	-4.165576e-10	0.00031063688	0.004581654	-3.1985473e-17	-4.5032153e-17	2.0227395e-17	-3.9847914e-19	0	-6.782235e-18
2.9700099999934307e-09	-2.5903027e-10	-4.165576e-10	0.00031063688	0.004581654	-3.1985473e-17	-4.5032153e-17	2.0227393e-17	-3.984791e-19	0	-6.782235e-18
2.9800099999933097e-09	-2.4650718e-10	-4.112847e-10	0.00031063688	0.004581654	-3.1985473e-17	-4.5032153e-17	2.0227395e-17	-3.984791e-19	0	-6.782235e-18
2.9900099999931887e-09	-2.3925698e-10	-4.165576e-10	0.00031063688	0.004581654	-3.1985473e-17	-4.5032153e-17	2.0227393e-17	-3.984791e-19	0	-6.782235e-18
3.0000099999930677e-09	-2.484845e-10	-4.2183046e-10	0.00031063688	0.004581654	-3.1985473e-17	-4.5032153e-17	2.0227395e-17	-3.984791e-19	0	-6.782235e-18
