# t (s)	mx ()	my ()	mz ()	spinAngle (rad)	E_total (J)	E_anis (J)	E_demag (J)	E_exch (J)	E_therm (J)	E_custom (J)
0	0	0	0	0.0015184366	-3.463872e-16	-5.02704e-16	2.2660244e-16	5.120001e-18	0	-7.54056e-17
1.0000000000000124e-11	2.7887212e-10	-5.0083154e-10	0.0003018188	0.0046119676	-3.5439162e-16	-4.9712967e-16	2.2438737e-16	-6.301395e-18	0	-7.5347935e-17
2.0009999999999403e-11	2.997401e-10	-4.553014e-11	0.0002578001	0.0041636606	-3.5483708e-16	-4.98052e-16	2.247817e-16	-6.1727162e-18	0	-7.539407e-17
3.000999999999824e-11	-2.8076919e-10	-6.0706856e-11	0.000121227255	0.003722729	-3.549547e-16	-4.9936425e-16	2.2532662e-16	-5.5168174e-18	0	-7.540026e-17
4.000000000000001e-11	-2.6559248e-11	-3.5665276e-10	0.00014343103	0.003734902	-3.549844e-16	-4.9918743e-16	2.2525597e-16	-5.6492763e-18	0	-7.540368e-17
5.0000000000001785e-11	2.3713614e-10	9.864864e-11	0.00019243722	0.0037114208	-3.5499458e-16	-4.9890145e-16	2.2513741e-16	-5.826132e-18	0	-7.540441e-17
6.00000000000024e-11	1.8401765e-10	1.3659042e-10	0.00019191577	0.003640124	-3.5499765e-16	-4.9899224e-16	2.2517434e-16	-5.775074e-18	0	-7.540466e-17
7.000999999999771e-11	8.536901e-12	4.553014e-11	0.00018170183	0.0036329976	-3.5499897e-16	-4.990547e-16	2.251997e-16	-5.739156e-18	0	-7.540482e-17
8.000999999999302e-11	1.04339905e-10	-7.588357e-12	0.00018070514	0.0036505312	-3.549996e-16	-4.989997e-16	2.251763e-16	-5.7714e-18	0	-7.5404805e-17
9.000999999998834e-11	2.0488564e-10	0	0.00017762955	0.0036559226	-3.5499995e-16	-4.9896567e-16	2.2516147e-16	-5.7909554e-18	0	-7.540481e-17
1.0000999999998365e-10	1.1382535e-10	7.588357e-12	0.0001721864	0.003656863	-3.550003e-16	-4.989661e-16	2.2516097e-16	-5.7904475e-18	0	-7.5404805e-17
1.1000999999997896e-10	1.6030403e-10	-1.5176714e-11	0.0001706172	0.003663091	-3.5500053e-16	-4.989563e-16	2.251564e-16	-5.7958043e-18	0	-7.540482e-17
1.2000999999997891e-10	1.1572244e-10	1.4417878e-10	0.00017237323	0.0036702876	-3.5500075e-16	-4.989379e-16	2.251482e-16	-5.806233e-18	0	-7.540482e-17
1.3000999999998715e-10	2.8076919e-10	1.0623699e-10	0.00017416879	0.0036756338	-3.550009e-16	-4.9892496e-16	2.2514234e-16	-5.8134593e-18	0	-7.540482e-17
1.400099999999954e-10	-1.00545725e-10	4.553014e-11	0.0001750754	0.0036808557	-3.550011e-16	-4.989155e-16	2.2513792e-16	-5.818692e-18	0	-7.540482e-17
1.5000000000000362e-10	8.631756e-11	2.3523905e-10	0.0001753376	0.0036862376	-3.5500125e-16	-4.989051e-16	2.2513318e-16	-5.8244608e-18	0	-7.540484e-17
1.6000000000001186e-10	3.2819641e-10	2.3523905e-10	0.00017500998	0.0036906088	-3.5500133e-16	-4.988948e-16	2.251285e-16	-5.8301824e-18	0	-7.540484e-17
1.700000000000201e-10	2.2006234e-10	1.4417878e-10	0.00017434557	0.0036949285	-3.5500146e-16	-4.988858e-16	2.2512436e-16	-5.8351967e-18	0	-7.540484e-17
1.8000000000002833e-10	1.1003117e-10	-3.7941785e-11	0.00017376458	0.0036991115	-3.5500151e-16	-4.988776e-16	2.251206e-16	-5.8397454e-18	0	-7.540484e-17
1.9000000000003657e-10	3.4811587e-10	1.5935549e-10	0.00017348173	0.0037028855	-3.550017e-16	-4.988698e-16	2.25117e-16	-5.8440616e-18	0	-7.540484e-17
2.000000000000448e-10	2.3713614e-10	2.4282742e-10	0.0001734524	0.0037063037	-3.5500175e-16	-4.988625e-16	2.2511367e-16	-5.8480888e-18	0	-7.540484e-17
2.1000000000005304e-10	1.1572244e-10	1.8212055e-10	0.00017354821	0.0037094934	-3.550018e-16	-4.9885566e-16	2.2511055e-16	-5.8518417e-18	0	-7.540484e-17
2.2000000000006128e-10	-2.0867981e-11	6.0706856e-11	0.00017364163	0.0037125123	-3.5500186e-16	-4.988493e-16	2.2510763e-16	-5.8553477e-18	0	-7.540484e-17
2.3000000000006952e-10	1.3469333e-10	8.3471924e-11	0.00017366343	0.0037153834	-3.5500188e-16	-4.988433e-16	2.2510488e-16	-5.8586275e-18	0	-7.540484e-17
2.4000000000005925e-10	1.5366422e-10	1.2900206e-10	0.00017360598	0.003717968	-3.5500196e-16	-4.9883777e-16	2.2510234e-16	-5.861699e-18	0	-7.540484e-17
2.5000000000004163e-10	1.5745841e-10	2.7318084e-10	0.00017350484	0.003720413	-3.5500196e-16	-4.988325e-16	2.2509996e-16	-5.864578e-18	0	-7.540484e-17
2.60000000000024e-10	1.1192826e-10	2.8076919e-10	0.00017340078	0.0037227392	-3.5500202e-16	-4.988276e-16	2.2509768e-16	-5.8672822e-18	0	-7.540484e-17
2.700000000000064e-10	1.7453221e-10	2.959459e-10	0.0001733188	0.0037249061	-3.5500207e-16	-4.98823e-16	2.250956e-16	-5.869822e-18	0	-7.540484e-17
2.800099999999888e-10	1.7263511e-10	2.276507e-10	0.00017326558	0.0037269786	-3.550021e-16	-4.988186e-16	2.2509358e-16	-5.872214e-18	0	-7.540484e-17
2.9000999999997117e-10	1.7927493e-10	2.5041577e-10	0.00017323511	0.0037289043	-3.550021e-16	-4.988145e-16	2.250917e-16	-5.874464e-18	0	-7.540484e-17
3.0000999999995355e-10	1.7832638e-10	2.7318084e-10	0.00017321407	0.0037306643	-3.5500212e-16	-4.9881066e-16	2.2508993e-16	-5.8765835e-18	0	-7.5404845e-17
3.1000999999993594e-10	2.3523905e-10	2.276507e-10	0.00017319016	0.003732474	-3.5500212e-16	-4.9880696e-16	2.2508829e-16	-5.8785824e-18	0	-7.540484e-17
3.2000999999991833e-10	2.0204e-10	1.9729728e-10	0.00017315875	0.0037341106	-3.5500212e-16	-4.988035e-16	2.250867e-16	-5.8804675e-18	0	-7.5404845e-17
3.300099999999007e-10	1.4417878e-10	2.3523905e-10	0.0001731235	0.0037356915	-3.5500215e-16	-4.988003e-16	2.250852e-16	-5.8822476e-18	0	-7.540484e-17
3.400099999998831e-10	1.7358366e-10	2.276507e-10	0.00017308706	0.0037371032	-3.5500215e-16	-4.9879716e-16	2.2508379e-16	-5.8839305e-18	0	-7.540484e-17
3.500099999998655e-10	2.912032e-10	3.0353428e-10	0.00017305274	0.003738535	-3.5500218e-16	-4.9879425e-16	2.2508244e-16	-5.8855208e-18	0	-7.540484e-17
3.600099999998479e-10	3.0543135e-10	1.9729728e-10	0.00017302202	0.0037398818	-3.5500225e-16	-4.9879155e-16	2.2508117e-16	-5.887026e-18	0	-7.540485e-17
3.7000999999983027e-10	1.6125258e-10	1.6694385e-10	0.00017299558	0.0037411118	-3.550022e-16	-4.987889e-16	2.2508e-16	-5.8884486e-18	0	-7.540484e-17
3.8000999999981266e-10	1.6220113e-10	2.5041577e-10	0.00017297211	0.00374234	-3.5500225e-16	-4.987865e-16	2.2507884e-16	-5.889796e-18	0	-7.540484e-17
3.9000999999979505e-10	1.9255456e-10	2.3523905e-10	0.00017294985	0.003743429	-3.5500225e-16	-4.9878414e-16	2.2507778e-16	-5.8910736e-18	0	-7.540484e-17
4.0000999999977743e-10	2.276507e-10	1.4417878e-10	0.00017292793	0.003744551	-3.5500225e-16	-4.987819e-16	2.2507674e-16	-5.8922834e-18	0	-7.540484e-17
4.100099999997598e-10	1.9065746e-10	6.829521e-11	0.00017290862	0.0037455198	-3.5500228e-16	-4.987798e-16	2.2507582e-16	-5.8934294e-18	0	-7.540484e-17
4.200099999997422e-10	1.2236225e-10	1.9729728e-10	0.00017289144	0.0037464628	-3.5500228e-16	-4.9877784e-16	2.2507492e-16	-5.8945176e-18	0	-7.540484e-17
4.300099999997246e-10	1.0718554e-10	2.276507e-10	0.00017287287	0.0037473703	-3.5500228e-16	-4.9877593e-16	2.2507404e-16	-5.89555e-18	0	-7.540484e-17
4.40009999999707e-10	1.7548075e-10	1.5176714e-10	0.00017285296	0.003748244	-3.5500225e-16	-4.9877413e-16	2.250732e-16	-5.896529e-18	0	-7.540484e-17
4.5000999999968937e-10	1.9729728e-10	1.8970892e-10	0.0001728358	0.003749053	-3.550023e-16	-4.987724e-16	2.2507243e-16	-5.8974582e-18	0	-7.5404845e-17
4.6000999999967176e-10	2.3523905e-10	1.1382535e-10	0.00017282044	0.0037497685	-3.5500228e-16	-4.987708e-16	2.2507166e-16	-5.8983404e-18	0	-7.5404845e-17
4.700099999996541e-10	1.8022348e-10	1.8970892e-10	0.00017280481	0.0037505317	-3.550023e-16	-4.987692e-16	2.2507095e-16	-5.899179e-18	0	-7.5404845e-17
4.800099999996365e-10	2.0488564e-10	2.0488564e-10	0.00017278886	0.0037511894	-3.5500228e-16	-4.987678e-16	2.250703e-16	-5.8999757e-18	0	-7.5404845e-17
4.900099999996189e-10	1.5461277e-10	1.8970892e-10	0.00017277678	0.0037518684	-3.5500228e-16	-4.987664e-16	2.2506968e-16	-5.9007314e-18	0	-7.5404845e-17
5.000099999996013e-10	2.2006234e-10	1.5935549e-10	0.00017276545	0.0037525706	-3.550023e-16	-4.987651e-16	2.2506907e-16	-5.9014506e-18	0	-7.5404845e-17
5.100099999995837e-10	9.485446e-11	2.5800412e-10	0.00017275292	0.0037531885	-3.5500233e-16	-4.9876386e-16	2.2506849e-16	-5.9021343e-18	0	-7.5404845e-17
5.200099999995661e-10	1.8022348e-10	2.5041577e-10	0.00017273826	0.0037537643	-3.5500228e-16	-4.987626e-16	2.2506796e-16	-5.9027857e-18	0	-7.5404845e-17
5.300099999995485e-10	2.3049633e-10	2.655925e-10	0.00017272748	0.0037543438	-3.550023e-16	-4.987615e-16	2.250674e-16	-5.9034036e-18	0	-7.5404845e-17
5.400099999995309e-10	1.8212055e-10	1.9729728e-10	0.00017272084	0.0037548472	-3.550023e-16	-4.987604e-16	2.2506692e-16	-5.9039917e-18	0	-7.5404845e-17
5.500099999995133e-10	2.3144488e-10	1.5935549e-10	0.0001727104	0.0037553273	-3.550023e-16	-4.9875936e-16	2.2506642e-16	-5.904552e-18	0	-7.5404845e-17
5.600099999994956e-10	1.7263511e-10	2.4282742e-10	0.00017270177	0.0037557948	-3.550023e-16	-4.987584e-16	2.25066e-16	-5.9050844e-18	0	-7.5404845e-17
5.70009999999478e-10	1.4228169e-10	1.9729728e-10	0.00017269142	0.0037562172	-3.5500233e-16	-4.9875746e-16	2.250656e-16	-5.9055906e-18	0	-7.5404845e-17
5.800099999994604e-10	2.191138e-10	1.7453221e-10	0.00017268247	0.0037566558	-3.5500233e-16	-4.9875656e-16	2.2506515e-16	-5.906072e-18	0	-7.5404845e-17
5.900099999994428e-10	1.7168657e-10	1.7453221e-10	0.00017267322	0.0037570947	-3.5500233e-16	-4.987557e-16	2.250648e-16	-5.9065324e-18	0	-7.5404845e-17
6.000099999994252e-10	1.2615643e-10	2.4282742e-10	0.00017266677	0.0037574517	-3.550023e-16	-4.987549e-16	2.250644e-16	-5.906969e-18	0	-7.5404845e-17
6.100099999994076e-10	1.2805353e-10	2.5800412e-10	0.00017266045	0.003757872	-3.5500225e-16	-4.987541e-16	2.2506407e-16	-5.907386e-18	0	-7.5404845e-17
6.2000999999939e-10	9.5803004e-11	1.6694385e-10	0.00017265287	0.0037582428	-3.5500228e-16	-4.987534e-16	2.2506372e-16	-5.9077827e-18	0	-7.5404845e-17
6.300099999993724e-10	2.1152544e-10	2.276507e-10	0.00017264432	0.003758582	-3.5500228e-16	-4.987527e-16	2.250634e-16	-5.9081594e-18	0	-7.5404845e-17
6.400099999993547e-10	2.8361483e-10	1.5176714e-10	0.0001726384	0.0037588754	-3.550023e-16	-4.9875206e-16	2.250631e-16	-5.90852e-18	0	-7.5404845e-17
6.500099999993371e-10	2.0867981e-10	1.5935549e-10	0.00017263585	0.003759206	-3.5500236e-16	-4.987514e-16	2.2506282e-16	-5.9088625e-18	0	-7.5404845e-17
6.600099999993195e-10	1.2520789e-10	1.5176714e-10	0.0001726298	0.0037595008	-3.5500236e-16	-4.987509e-16	2.2506256e-16	-5.90919e-18	0	-7.5404845e-17
6.700099999993019e-10	1.318477e-10	1.8970892e-10	0.00017262352	0.0037597637	-3.5500228e-16	-4.987502e-16	2.250623e-16	-5.9095e-18	0	-7.5404845e-17
6.800099999992843e-10	1.2236225e-10	1.5176714e-10	0.0001726152	0.0037600321	-3.550023e-16	-4.9874973e-16	2.2506203e-16	-5.909798e-18	0	-7.5404845e-17
6.900099999992667e-10	1.6504675e-10	1.2141371e-10	0.00017261284	0.003760285	-3.5500233e-16	-4.987492e-16	2.250618e-16	-5.910081e-18	0	-7.5404845e-17
7.000099999992491e-10	1.849662e-10	1.5935549e-10	0.00017261234	0.0037605327	-3.550023e-16	-4.9874867e-16	2.2506158e-16	-5.9103502e-18	0	-7.5404845e-17
7.100099999992315e-10	1.5461277e-10	1.3659042e-10	0.00017260434	0.003760754	-3.5500233e-16	-4.9874825e-16	2.2506137e-16	-5.9106087e-18	0	-7.5404845e-17
7.200099999992138e-10	1.5461277e-10	1.7453221e-10	0.00017259199	0.0037609749	-3.5500233e-16	-4.9874777e-16	2.2506115e-16	-5.910852e-18	0	-7.5404845e-17
7.300099999991962e-10	1.7453221e-10	1.4417878e-10	0.00017259028	0.0037611953	-3.5500233e-16	-4.987474e-16	2.2506097e-16	-5.911086e-18	0	-7.5404845e-17
7.400099999991786e-10	2.1247398e-10	8.3471924e-11	0.00017258673	0.0037613683	-3.5500233e-16	-4.987469e-16	2.2506076e-16	-5.911309e-18	0	-7.5404845e-17
7.50009999999161e-10	2.2575361e-10	1.3659042e-10	0.0001725853	0.003761561	-3.5500228e-16	-4.987465e-16	2.250606e-16	-5.9115207e-18	0	-7.5404845e-17
7.600099999991434e-10	1.935031e-10	1.8212055e-10	0.00017258804	0.0037617537	-3.550023e-16	-4.9874613e-16	2.250604e-16	-5.9117234e-18	0	-7.5404845e-17
7.700099999991258e-10	1.2805353e-10	1.6694385e-10	0.00017258729	0.0037619262	-3.5500233e-16	-4.987458e-16	2.2506025e-16	-5.9119165e-18	0	-7.5404845e-17
7.800099999991082e-10	2.2480506e-10	2.0488564e-10	0.00017258136	0.003762107	-3.5500233e-16	-4.987455e-16	2.250601e-16	-5.912101e-18	0	-7.5404845e-17
7.900099999990906e-10	1.5176714e-10	9.864864e-11	0.00017257877	0.003762271	-3.5500233e-16	-4.987451e-16	2.2505994e-16	-5.9122763e-18	0	-7.5404845e-17
8.00009999999073e-10	2.0109145e-10	1.3659042e-10	0.00017257329	0.003762404	-3.5500228e-16	-4.987448e-16	2.250598e-16	-5.912444e-18	0	-7.5404845e-17
8.100099999990553e-10	2.5705557e-10	1.4417878e-10	0.00017257054	0.0037625239	-3.550023e-16	-4.9874454e-16	2.2505967e-16	-5.9126026e-18	0	-7.5404845e-17
8.200099999990377e-10	1.830691e-10	2.276507e-10	0.00017256984	0.00376267	-3.5500233e-16	-4.987443e-16	2.2505954e-16	-5.912754e-18	0	-7.5404845e-17
8.300099999990201e-10	2.1816525e-10	1.5176714e-10	0.00017256485	0.0037627725	-3.5500233e-16	-4.98744e-16	2.250594e-16	-5.9129e-18	0	-7.5404845e-17
8.400099999990025e-10	2.3144488e-10	9.106028e-11	0.00017255826	0.0037628864	-3.550023e-16	-4.9874375e-16	2.2505933e-16	-5.913039e-18	0	-7.5404845e-17
8.500099999989849e-10	1.8876037e-10	1.6694385e-10	0.00017255082	0.0037629898	-3.550023e-16	-4.9874353e-16	2.2505917e-16	-5.91317e-18	0	-7.5404845e-17
8.600099999989673e-10	2.0678272e-10	1.1382535e-10	0.00017255015	0.003763118	-3.5500233e-16	-4.9874327e-16	2.250591e-16	-5.9132962e-18	0	-7.5404845e-17
8.700099999989497e-10	2.2859925e-10	1.5176714e-10	0.00017255152	0.0037632165	-3.5500228e-16	-4.98743e-16	2.2505898e-16	-5.9134166e-18	0	-7.5404845e-17
8.800099999989321e-10	1.5935549e-10	1.8212055e-10	0.00017254979	0.00376332	-3.5500236e-16	-4.9874285e-16	2.2505888e-16	-5.9135307e-18	0	-7.5404845e-17
8.900099999989144e-10	1.3469333e-10	1.6694385e-10	0.00017254782	0.003763424	-3.550023e-16	-4.9874263e-16	2.2505882e-16	-5.9136408e-18	0	-7.5404845e-17
9.000099999988968e-10	1.2710498e-10	1.0623699e-10	0.00017254864	0.0037635164	-3.5500233e-16	-4.987424e-16	2.2505872e-16	-5.913746e-18	0	-7.5404845e-17
9.100099999988792e-10	2.1342253e-10	2.276507e-11	0.00017255067	0.003763599	-3.5500233e-16	-4.9874226e-16	2.250586e-16	-5.913846e-18	0	-7.5404845e-17
9.200099999988616e-10	1.935031e-10	7.588357e-11	0.00017255051	0.0037636866	-3.550023e-16	-4.9874205e-16	2.2505853e-16	-5.9139427e-18	0	-7.5404845e-17
9.30009999998844e-10	1.2425934e-10	1.2900206e-10	0.00017255101	0.0037637737	-3.5500236e-16	-4.9874195e-16	2.2505848e-16	-5.9140337e-18	0	-7.5404845e-17
9.400099999989161e-10	1.489215e-10	1.8212055e-10	0.00017254576	0.00376385	-3.550023e-16	-4.9874173e-16	2.250584e-16	-5.914122e-18	0	-7.5404845e-17
9.50009999999002e-10	2.1437108e-10	1.8212055e-10	0.00017253855	0.0037639344	-3.5500236e-16	-4.9874163e-16	2.2505832e-16	-5.9142053e-18	0	-7.5404845e-17
9.600099999990877e-10	1.7927493e-10	1.7453221e-10	0.0001725324	0.0037639989	-3.5500236e-16	-4.9874147e-16	2.2505827e-16	-5.9142847e-18	0	-7.5404845e-17
9.700099999991735e-10	1.6694385e-10	2.1247398e-10	0.00017253206	0.0037640717	-3.550023e-16	-4.9874126e-16	2.250582e-16	-5.91436e-18	0	-7.5404845e-17
9.800099999992593e-10	1.2141371e-10	2.276507e-10	0.00017253662	0.0037641034	-3.5500233e-16	-4.987412e-16	2.2505814e-16	-5.9144315e-18	0	-7.5404845e-17
9.90009999999345e-10	1.4512733e-10	1.7453221e-10	0.0001725392	0.0037641716	-3.550023e-16	-4.987411e-16	2.2505808e-16	-5.9145006e-18	0	-7.5404845e-17
1.0000099999994308e-09	1.5935549e-10	2.2006234e-10	0.00017253868	0.00376425	-3.5500233e-16	-4.9874094e-16	2.25058e-16	-5.914567e-18	0	-7.5404845e-17
1.0100099999995166e-09	1.2710498e-10	2.276507e-10	0.00017253726	0.003764303	-3.550023e-16	-4.987408e-16	2.2505795e-16	-5.91463e-18	0	-7.5404845e-17
1.0200099999996024e-09	1.4323023e-10	2.1247398e-10	0.00017253975	0.0037643749	-3.5500228e-16	-4.987407e-16	2.250579e-16	-5.9146913e-18	0	-7.5404845e-17
1.0300099999996882e-09	2.1152544e-10	1.8212055e-10	0.00017253452	0.0037644415	-3.5500233e-16	-4.9874057e-16	2.2505787e-16	-5.9147496e-18	0	-7.5404845e-17
1.040009999999774e-09	1.7832638e-10	2.2006234e-10	0.00017252773	0.0037644813	-3.550023e-16	-4.987405e-16	2.2505785e-16	-5.914806e-18	0	-7.5404845e-17
1.0500099999998598e-09	1.7358366e-10	2.1247398e-10	0.00017252636	0.003764521	-3.5500236e-16	-4.987404e-16	2.250578e-16	-5.914859e-18	0	-7.5404845e-17
1.0600099999999456e-09	2.2954778e-10	1.6694385e-10	0.00017252546	0.0037645781	-3.5500233e-16	-4.987403e-16	2.250577e-16	-5.9149097e-18	0	-7.5404845e-17
1.0700000000000313e-09	2.447245e-10	1.8212055e-10	0.00017252541	0.0037646678	-3.550023e-16	-4.9874025e-16	2.2505769e-16	-5.914959e-18	0	-7.5404845e-17
1.080000000000117e-09	2.105769e-10	1.4417878e-10	0.00017252684	0.0037647118	-3.5500233e-16	-4.9874015e-16	2.2505766e-16	-5.9150035e-18	0	-7.5404845e-17
1.0900000000002028e-09	1.9065746e-10	1.7453221e-10	0.00017252688	0.003764753	-3.5500233e-16	-4.9874004e-16	2.250576e-16	-5.9150478e-18	0	-7.5404845e-17
1.1000000000002886e-09	1.1477389e-10	1.5176714e-10	0.00017252602	0.003764787	-3.550023e-16	-4.9873993e-16	2.2505758e-16	-5.91509e-18	0	-7.5404845e-17
1.1100000000003744e-09	1.9729728e-10	1.8212055e-10	0.00017252458	0.0037648147	-3.550023e-16	-4.987399e-16	2.2505753e-16	-5.9151305e-18	0	-7.5404845e-17
1.1200000000004602e-09	1.7358366e-10	1.3659042e-10	0.00017252465	0.0037648461	-3.5500233e-16	-4.9873983e-16	2.2505753e-16	-5.9151677e-18	0	-7.5404845e-17
1.130000000000546e-09	8.7266104e-11	1.4417878e-10	0.0001725232	0.00376488	-3.550023e-16	-4.987397e-16	2.2505747e-16	-5.915205e-18	0	-7.5404845e-17
1.1400000000006318e-09	1.4228169e-10	1.4417878e-10	0.00017252263	0.0037649048	-3.550023e-16	-4.9873967e-16	2.2505745e-16	-5.9152405e-18	0	-7.5404845e-17
1.1500000000007175e-09	1.6978949e-10	1.6694385e-10	0.00017252249	0.0037649383	-3.550023e-16	-4.987396e-16	2.2505742e-16	-5.9152736e-18	0	-7.5404845e-17
1.1600000000008033e-09	2.0962836e-10	1.5176714e-10	0.00017252167	0.0037649672	-3.5500236e-16	-4.9873956e-16	2.2505737e-16	-5.915306e-18	0	-7.5404845e-17
1.1700000000008891e-09	1.5271567e-10	2.276507e-10	0.00017252317	0.0037649968	-3.5500236e-16	-4.987395e-16	2.2505734e-16	-5.915337e-18	0	-7.5404845e-17
1.1800000000009749e-09	1.7168657e-10	1.8212055e-10	0.00017252499	0.0037650152	-3.550023e-16	-4.9873946e-16	2.2505734e-16	-5.915367e-18	0	-7.5404845e-17
1.1900000000010607e-09	1.470244e-10	9.106028e-11	0.00017252302	0.003765027	-3.550023e-16	-4.987394e-16	2.2505732e-16	-5.9153952e-18	0	-7.5404845e-17
1.2000000000011465e-09	1.5461277e-10	1.1382535e-10	0.00017252011	0.00376505	-3.5500233e-16	-4.987394e-16	2.2505732e-16	-5.915423e-18	0	-7.5404845e-17
1.2100000000012322e-09	1.5461277e-10	1.2900206e-10	0.00017251917	0.0037650845	-3.550023e-16	-4.987393e-16	2.2505726e-16	-5.915449e-18	0	-7.5404845e-17
1.220000000001318e-09	1.9160601e-10	2.3523905e-10	0.00017251576	0.0037651167	-3.5500228e-16	-4.987392e-16	2.2505726e-16	-5.9154754e-18	0	-7.5404845e-17
1.2300000000014038e-09	2.0393709e-10	1.8212055e-10	0.00017251527	0.0037651476	-3.550023e-16	-4.987392e-16	2.2505724e-16	-5.915499e-18	0	-7.5404845e-17
1.2400000000014896e-09	1.489215e-10	1.6694385e-10	0.0001725173	0.0037651772	-3.5500233e-16	-4.987392e-16	2.2505718e-16	-5.915522e-18	0	-7.5404845e-17
1.2500000000015754e-09	1.5176714e-10	1.9729728e-10	0.00017251914	0.0037651877	-3.5500236e-16	-4.9873914e-16	2.2505718e-16	-5.915544e-18	0	-7.5404845e-17
1.2600000000016612e-09	2.1247398e-10	1.8970892e-10	0.00017251585	0.0037651998	-3.5500236e-16	-4.9873914e-16	2.2505716e-16	-5.9155656e-18	0	-7.5404845e-17
1.270000000001747e-09	2.599012e-10	1.8970892e-10	0.00017251376	0.0037652112	-3.5500233e-16	-4.9873903e-16	2.2505716e-16	-5.915585e-18	0	-7.5404845e-17
1.2800000000018327e-09	2.0678272e-10	1.2900206e-10	0.00017251467	0.003765214	-3.5500228e-16	-4.98739e-16	2.2505716e-16	-5.915603e-18	0	-7.5404845e-17
1.2900000000019185e-09	1.8117202e-10	1.5935549e-10	0.00017251507	0.003765219	-3.550023e-16	-4.98739e-16	2.2505716e-16	-5.9156198e-18	0	-7.5404845e-17
1.3000000000020043e-09	2.1437108e-10	9.864864e-11	0.00017251619	0.0037652373	-3.5500228e-16	-4.9873893e-16	2.250571e-16	-5.9156363e-18	0	-7.5404845e-17
1.3100000000020901e-09	2.532614e-10	1.2141371e-10	0.0001725189	0.0037652494	-3.5500233e-16	-4.9873893e-16	2.250571e-16	-5.9156504e-18	0	-7.5404845e-17
1.3200000000021759e-09	1.3943606e-10	6.0706856e-11	0.00017252172	0.0037652582	-3.5500233e-16	-4.987389e-16	2.2505708e-16	-5.9156665e-18	0	-7.5404845e-17
1.3300000000022617e-09	1.3753897e-10	6.0706856e-11	0.00017252313	0.0037652699	-3.550023e-16	-4.987389e-16	2.2505705e-16	-5.9156806e-18	0	-7.5404845e-17
1.3400000000023475e-09	1.5650986e-10	-5.3118496e-11	0.0001725239	0.003765277	-3.5500236e-16	-4.987389e-16	2.2505705e-16	-5.9156967e-18	0	-7.5404845e-17
1.3500000000024332e-09	2.0678272e-10	7.588357e-12	0.00017252029	0.0037652827	-3.5500233e-16	-4.987388e-16	2.2505705e-16	-5.9157116e-18	0	-7.5404845e-17
1.360000000002519e-09	1.9160601e-10	6.0706856e-11	0.00017251521	0.0037652918	-3.5500233e-16	-4.9873877e-16	2.2505702e-16	-5.915725e-18	0	-7.5404845e-17
1.3700000000026048e-09	1.7927493e-10	6.829521e-11	0.0001725085	0.0037652995	-3.5500233e-16	-4.9873877e-16	2.2505702e-16	-5.9157385e-18	0	-7.5404845e-17
1.3800000000026906e-09	1.4797295e-10	6.829521e-11	0.00017250297	0.003765309	-3.5500233e-16	-4.9873877e-16	2.2505702e-16	-5.9157505e-18	0	-7.5404845e-17
1.3900000000027764e-09	9.770009e-11	1.7453221e-10	0.00017250348	0.0037653155	-3.5500236e-16	-4.9873877e-16	2.2505702e-16	-5.9157612e-18	0	-7.5404845e-17
1.4000000000028622e-09	4.4581595e-11	1.1382535e-10	0.000172503	0.00376532	-3.550023e-16	-4.987387e-16	2.2505702e-16	-5.9157716e-18	0	-7.5404845e-17
1.410000000002948e-09	8.631756e-11	7.588357e-11	0.00017250497	0.003765324	-3.550023e-16	-4.987387e-16	2.25057e-16	-5.9157786e-18	0	-7.5404845e-17
1.4200000000030337e-09	1.4038459e-10	1.0623699e-10	0.00017250828	0.0037653325	-3.5500228e-16	-4.987387e-16	2.2505697e-16	-5.9157873e-18	0	-7.5404845e-17
1.4300000000031195e-09	8.536901e-11	1.1382535e-10	0.00017251076	0.0037653383	-3.5500228e-16	-4.987386e-16	2.2505697e-16	-5.9157943e-18	0	-7.5404845e-17
1.4400000000032053e-09	1.489215e-10	1.4417878e-10	0.00017251249	0.003765346	-3.550023e-16	-4.987386e-16	2.2505697e-16	-5.9158018e-18	0	-7.5404845e-17
1.450000000003291e-09	1.6409821e-10	1.7453221e-10	0.00017251383	0.003765354	-3.5500228e-16	-4.987386e-16	2.2505697e-16	-5.9158096e-18	0	-7.5404845e-17
1.4600000000033769e-09	1.1856807e-10	1.2141371e-10	0.00017251569	0.0037653588	-3.5500233e-16	-4.987386e-16	2.2505695e-16	-5.915817e-18	0	-7.5404845e-17
1.4700000000034627e-09	1.9824582e-10	3.7941785e-11	0.00017251643	0.0037653663	-3.5500236e-16	-4.987386e-16	2.2505692e-16	-5.9158245e-18	0	-7.5404845e-17
1.4800000000035485e-09	2.2670216e-10	1.0623699e-10	0.0001725173	0.0037653733	-3.5500236e-16	-4.987386e-16	2.2505692e-16	-5.915831e-18	0	-7.5404845e-17
1.4900000000036342e-09	2.1816525e-10	7.588357e-11	0.00017251656	0.0037653788	-3.5500233e-16	-4.987386e-16	2.2505692e-16	-5.9158386e-18	0	-7.5404845e-17
1.50000000000372e-09	1.299506e-10	8.3471924e-11	0.00017251316	0.003765384	-3.5500236e-16	-4.987386e-16	2.2505695e-16	-5.9158456e-18	0	-7.5404845e-17
1.5100000000038058e-09	-9.485446e-12	1.6694385e-10	0.00017250981	0.0037653875	-3.5500228e-16	-4.987386e-16	2.2505695e-16	-5.9158506e-18	0	-7.5404845e-17
1.5200000000038916e-09	-1.7073802e-11	9.864864e-11	0.00017250894	0.003765396	-3.5500236e-16	-4.987386e-16	2.2505692e-16	-5.9158555e-18	0	-7.5404845e-17
1.5300000000039774e-09	5.596413e-11	1.4417878e-10	0.00017251018	0.003765399	-3.5500233e-16	-4.987385e-16	2.2505692e-16	-5.9158593e-18	0	-7.5404845e-17
1.5400000000040632e-09	7.778066e-11	1.2141371e-10	0.00017251106	0.0037654005	-3.550023e-16	-4.987385e-16	2.2505692e-16	-5.915863e-18	0	-7.5404845e-17
1.550000000004149e-09	9.675155e-11	1.5176714e-10	0.00017251208	0.0037654042	-3.5500233e-16	-4.987385e-16	2.2505692e-16	-5.915867e-18	0	-7.5404845e-17
1.5600000000042347e-09	1.08134085e-10	1.2141371e-10	0.00017251127	0.0037654126	-3.5500233e-16	-4.987385e-16	2.250569e-16	-5.91587e-18	0	-7.5404845e-17
1.5700000000043205e-09	5.880976e-11	8.3471924e-11	0.00017251074	0.0037654168	-3.5500233e-16	-4.987385e-16	2.250569e-16	-5.915873e-18	0	-7.5404845e-17
1.5800000000044063e-09	-1.8022348e-11	7.588357e-11	0.00017251115	0.003765419	-3.5500233e-16	-4.987385e-16	2.2505692e-16	-5.915874e-18	0	-7.5404845e-17
1.590000000004492e-09	6.734666e-11	1.5176714e-10	0.00017251195	0.0037654194	-3.5500236e-16	-4.987385e-16	2.2505692e-16	-5.9158762e-18	0	-7.5404845e-17
1.6000000000045779e-09	1.5366422e-10	2.276507e-10	0.00017251188	0.0037654205	-3.5500233e-16	-4.987385e-16	2.2505692e-16	-5.9158783e-18	0	-7.5404845e-17
1.6100000000046637e-09	1.0149427e-10	8.3471924e-11	0.00017251197	0.0037654222	-3.5500236e-16	-4.987385e-16	2.250569e-16	-5.91588e-18	0	-7.5404845e-17
1.6200000000047495e-09	7.208939e-11	-1.5176714e-11	0.00017251165	0.0037654222	-3.5500236e-16	-4.987385e-16	2.2505692e-16	-5.9158803e-18	0	-7.5404845e-17
1.6300000000048352e-09	4.553014e-11	5.3118496e-11	0.00017251218	0.003765421	-3.5500228e-16	-4.9873845e-16	2.2505692e-16	-5.9158803e-18	0	-7.5404845e-17
1.640000000004921e-09	-1.8970893e-11	1.1382535e-10	0.00017251229	0.0037654224	-3.5500228e-16	-4.9873845e-16	2.250569e-16	-5.9158808e-18	0	-7.5404845e-17
1.6500000000050068e-09	3.4147605e-11	2.4282742e-10	0.00017251207	0.0037654222	-3.5500228e-16	-4.9873845e-16	2.2505692e-16	-5.9158816e-18	0	-7.5404845e-17
1.6600000000050926e-09	1.5176714e-10	2.2006234e-10	0.0001725124	0.0037654224	-3.5500228e-16	-4.9873845e-16	2.250569e-16	-5.9158808e-18	0	-7.5404845e-17
1.6700000000051784e-09	1.2425934e-10	2.4282742e-10	0.00017251227	0.0037654215	-3.5500228e-16	-4.9873845e-16	2.250569e-16	-5.9158808e-18	0	-7.5404845e-17
1.6800000000052642e-09	1.3469333e-10	2.655925e-10	0.00017251227	0.0037654226	-3.550023e-16	-4.9873845e-16	2.250569e-16	-5.9158808e-18	0	-7.5404845e-17
1.69000000000535e-09	1.2900206e-10	2.4282742e-10	0.00017251227	0.0037654222	-3.5500228e-16	-4.9873845e-16	2.250569e-16	-5.9158816e-18	0	-7.5404845e-17
1.7000000000054357e-09	1.3089915e-10	2.3523905e-10	0.00017251227	0.0037654226	-3.5500228e-16	-4.9873845e-16	2.250569e-16	-5.9158816e-18	0	-7.5404845e-17
1.7100000000055215e-09	1.4323023e-10	2.5800412e-10	0.00017251227	0.0037654222	-3.5500228e-16	-4.9873845e-16	2.2505692e-16	-5.9158816e-18	0	-7.5404845e-17
1.7200000000056073e-09	1.3089915e-10	2.2006234e-10	0.00017251227	0.0037654226	-3.5500228e-16	-4.9873845e-16	2.250569e-16	-5.9158816e-18	0	-7.5404845e-17
1.730000000005693e-09	1.12876805e-10	2.3523905e-10	0.00017251227	0.0037654215	-3.5500228e-16	-4.9873845e-16	2.250569e-16	-5.9158816e-18	0	-7.5404845e-17
1.7400000000057789e-09	1.1761953e-10	2.655925e-10	0.00017251227	0.0037654215	-3.5500228e-16	-4.9873845e-16	2.250569e-16	-5.9158808e-18	0	-7.5404845e-17
1.7500000000058647e-09	1.3469333e-10	2.7318084e-10	0.00017251227	0.003765423	-3.5500228e-16	-4.9873845e-16	2.2505692e-16	-5.9158816e-18	0	-7.5404845e-17
1.7600000000059504e-09	1.2425934e-10	2.5041577e-10	0.00017251227	0.0037654215	-3.5500228e-16	-4.9873845e-16	2.2505692e-16	-5.9158816e-18	0	-7.5404845e-17
1.7700000000060362e-09	1.3469333e-10	2.7318084e-10	0.00017251227	0.0037654215	-3.5500228e-16	-4.9873845e-16	2.250569e-16	-5.9158816e-18	0	-7.5404845e-17
1.780000000006122e-09	1.1667098e-10	2.8076919e-10	0.00017251227	0.0037654222	-3.5500228e-16	-4.9873845e-16	2.2505692e-16	-5.9158808e-18	0	-7.5404845e-17
1.7900000000062078e-09	1.1667098e-10	2.4282742e-10	0.00017251227	0.0037654226	-3.5500228e-16	-4.9873845e-16	2.2505692e-16	-5.9158816e-18	0	-7.5404845e-17
1.8000000000062936e-09	1.1382535e-10	2.3523905e-10	0.00017251227	0.0037654222	-3.5500228e-16	-4.9873845e-16	2.2505692e-16	-5.9158816e-18	0	-7.5404845e-17
1.8100000000063794e-09	1.1382535e-10	2.4282742e-10	0.00017251227	0.003765423	-3.5500228e-16	-4.9873845e-16	2.250569e-16	-5.9158816e-18	0	-7.5404845e-17
1.8200000000064652e-09	1.04339905e-10	2.4282742e-10	0.00017251227	0.003765423	-3.5500228e-16	-4.9873845e-16	2.250569e-16	-5.9158808e-18	0	-7.5404845e-17
1.830000000006551e-09	1.1951662e-10	2.655925e-10	0.00017251227	0.0037654226	-3.5500228e-16	-4.9873845e-16	2.2505692e-16	-5.9158816e-18	0	-7.5404845e-17
1.8400000000066367e-09	1.1003117e-10	2.7318084e-10	0.00017251227	0.0037654222	-3.5500228e-16	-4.9873845e-16	2.250569e-16	-5.9158816e-18	0	-7.5404845e-17
1.8500000000067225e-09	1.1003117e-10	2.4282742e-10	0.00017251227	0.0037654215	-3.5500228e-16	-4.9873845e-16	2.250569e-16	-5.9158816e-18	0	-7.5404845e-17
1.8600000000068083e-09	1.1761953e-10	2.655925e-10	0.00017251227	0.0037654215	-3.5500228e-16	-4.9873845e-16	2.250569e-16	-5.9158808e-18	0	-7.5404845e-17
1.870000000006742e-09	1.1477389e-10	2.8835756e-10	0.00017251227	0.0037654215	-3.5500228e-16	-4.9873845e-16	2.250569e-16	-5.9158816e-18	0	-7.5404845e-17
1.880000000006621e-09	1.3659042e-10	2.7318084e-10	0.00017251227	0.0037654215	-3.5500228e-16	-4.9873845e-16	2.250569e-16	-5.9158808e-18	0	-7.5404845e-17
1.8900000000065e-09	1.09082625e-10	2.4282742e-10	0.00017251227	0.0037654224	-3.5500228e-16	-4.9873845e-16	2.250569e-16	-5.9158816e-18	0	-7.5404845e-17
1.900000000006379e-09	1.04339905e-10	2.8835756e-10	0.00017251227	0.0037654222	-3.5500228e-16	-4.9873845e-16	2.250569e-16	-5.9158816e-18	0	-7.5404845e-17
1.910000000006258e-09	1.1856807e-10	2.5041577e-10	0.00017251227	0.0037654212	-3.5500228e-16	-4.9873845e-16	2.250569e-16	-5.9158816e-18	0	-7.5404845e-17
1.920000000006137e-09	1.09082625e-10	2.655925e-10	0.00017251227	0.0037654222	-3.5500228e-16	-4.9873845e-16	2.2505692e-16	-5.9158808e-18	0	-7.5404845e-17
1.930000000006016e-09	1.1572244e-10	2.655925e-10	0.00017251227	0.0037654215	-3.5500228e-16	-4.9873845e-16	2.2505692e-16	-5.9158816e-18	0	-7.5404845e-17
1.940000000005895e-09	1.2141371e-10	2.655925e-10	0.00017251227	0.0037654222	-3.5500228e-16	-4.9873845e-16	2.250569e-16	-5.9158816e-18	0	-7.5404845e-17
1.950000000005774e-09	1.1192826e-10	2.4282742e-10	0.00017251227	0.0037654222	-3.5500228e-16	-4.9873845e-16	2.250569e-16	-5.9158816e-18	0	-7.5404845e-17
1.960000000005653e-09	1.1003117e-10	2.655925e-10	0.00017251227	0.0037654222	-3.5500228e-16	-4.9873845e-16	2.2505692e-16	-5.9158816e-18	0	-7.5404845e-17
1.9700000000055318e-09	1.2141371e-10	2.7318084e-10	0.00017251227	0.0037654212	-3.5500228e-16	-4.9873845e-16	2.250569e-16	-5.9158816e-18	0	-7.5404845e-17
1.9800000000054108e-09	1.1477389e-10	2.5800412e-10	0.00017251227	0.0037654215	-3.5500228e-16	-4.9873845e-16	2.2505692e-16	-5.9158808e-18	0	-7.5404845e-17
1.9900000000052898e-09	1.1097972e-10	2.5800412e-10	0.00017251227	0.0037654222	-3.5500228e-16	-4.9873845e-16	2.2505692e-16	-5.9158816e-18	0	-7.5404845e-17
2.0000000000051688e-09	1.09082625e-10	2.8835756e-10	0.00017251227	0.0037654215	-3.5500228e-16	-4.9873845e-16	2.250569e-16	-5.9158808e-18	0	-7.5404845e-17
2.0100000000050478e-09	1.2046517e-10	2.5041577e-10	0.00017251227	0.0037654212	-3.5500228e-16	-4.9873845e-16	2.2505692e-16	-5.9158816e-18	0	-7.5404845e-17
2.0200000000049267e-09	1.1856807e-10	2.8076919e-10	0.00017251227	0.0037654222	-3.5500228e-16	-4.9873845e-16	2.250569e-16	-5.9158808e-18	0	-7.5404845e-17
2.0300000000048057e-09	1.1667098e-10	2.3523905e-10	0.00017251227	0.0037654224	-3.5500228e-16	-4.9873845e-16	2.2505692e-16	-5.9158816e-18	0	-7.5404845e-17
2.0400000000046847e-09	1.1477389e-10	2.7318084e-10	0.00017251227	0.0037654222	-3.5500228e-16	-4.9873845e-16	2.2505692e-16	-5.9158808e-18	0	-7.5404845e-17
2.0500000000045637e-09	1.2331079e-10	2.7318084e-10	0.00017251227	0.0037654222	-3.550023e-16	-4.9873845e-16	2.250569e-16	-5.9158816e-18	0	-7.5404845e-17
2.0600000000044427e-09	1.12876805e-10	3.1112263e-10	0.00017251227	0.0037654215	-3.550023e-16	-4.9873845e-16	2.250569e-16	-5.9158816e-18	0	-7.5404845e-17
2.0700000000043217e-09	1.1572244e-10	2.959459e-10	0.00017251227	0.0037654215	-3.5500228e-16	-4.9873845e-16	2.250569e-16	-5.9158816e-18	0	-7.5404845e-17
2.0800000000042007e-09	1.1572244e-10	2.8076919e-10	0.00017251227	0.0037654222	-3.5500228e-16	-4.9873845e-16	2.2505692e-16	-5.9158808e-18	0	-7.5404845e-17
2.0900000000040797e-09	1.12876805e-10	2.655925e-10	0.00017251227	0.0037654222	-3.5500228e-16	-4.9873845e-16	2.2505692e-16	-5.9158816e-18	0	-7.5404845e-17
2.1000000000039587e-09	1.1477389e-10	2.5041577e-10	0.00017251227	0.0037654222	-3.5500228e-16	-4.9873845e-16	2.2505692e-16	-5.9158808e-18	0	-7.5404845e-17
2.1100000000038377e-09	1.0718554e-10	2.8076919e-10	0.00017251227	0.0037654215	-3.5500228e-16	-4.9873845e-16	2.250569e-16	-5.9158808e-18	0	-7.5404845e-17
2.1200000000037166e-09	1.1761953e-10	2.3523905e-10	0.00017251227	0.0037654212	-3.5500228e-16	-4.9873845e-16	2.250569e-16	-5.9158808e-18	0	-7.5404845e-17
2.1300000000035956e-09	1.0528845e-10	2.655925e-10	0.00017251227	0.0037654212	-3.5500228e-16	-4.9873845e-16	2.2505692e-16	-5.9158816e-18	0	-7.5404845e-17
2.1400000000034746e-09	1.2331079e-10	2.959459e-10	0.00017251227	0.0037654215	-3.5500228e-16	-4.9873845e-16	2.250569e-16	-5.9158808e-18	0	-7.5404845e-17
2.1500000000033536e-09	1.1097972e-10	2.655925e-10	0.00017251227	0.0037654222	-3.5500228e-16	-4.9873845e-16	2.2505692e-16	-5.9158816e-18	0	-7.5404845e-17
2.1600000000032326e-09	1.1761953e-10	2.655925e-10	0.00017251227	0.0037654212	-3.5500228e-16	-4.9873845e-16	2.250569e-16	-5.9158808e-18	0	-7.5404845e-17
2.1700000000031116e-09	1.1761953e-10	3.0353428e-10	0.00017251227	0.0037654215	-3.5500228e-16	-4.9873845e-16	2.2505692e-16	-5.9158816e-18	0	-7.5404845e-17
2.1800000000029906e-09	1.1856807e-10	2.655925e-10	0.00017251227	0.0037654215	-3.5500228e-16	-4.9873845e-16	2.250569e-16	-5.9158808e-18	0	-7.5404845e-17
2.1900000000028696e-09	1.1667098e-10	2.5800412e-10	0.00017251227	0.0037654222	-3.5500228e-16	-4.9873845e-16	2.2505692e-16	-5.9158816e-18	0	-7.5404845e-17
2.2000000000027486e-09	1.2236225e-10	2.655925e-10	0.00017251227	0.0037654222	-3.5500228e-16	-4.9873845e-16	2.2505692e-16	-5.9158808e-18	0	-7.5404845e-17
2.2100000000026276e-09	1.0718554e-10	2.8835756e-10	0.00017251227	0.0037654212	-3.5500228e-16	-4.9873845e-16	2.2505692e-16	-5.9158816e-18	0	-7.5404845e-17
2.2200000000025065e-09	1.2141371e-10	2.655925e-10	0.00017251227	0.0037654224	-3.5500228e-16	-4.9873845e-16	2.250569e-16	-5.9158816e-18	0	-7.5404845e-17
2.2300000000023855e-09	1.1097972e-10	2.8076919e-10	0.00017251227	0.0037654222	-3.5500228e-16	-4.9873845e-16	2.2505692e-16	-5.9158816e-18	0	-7.5404845e-17
2.2400000000022645e-09	1.08134085e-10	2.3523905e-10	0.00017251227	0.0037654229	-3.5500228e-16	-4.9873845e-16	2.250569e-16	-5.9158808e-18	0	-7.5404845e-17
2.2500000000021435e-09	1.1761953e-10	2.655925e-10	0.00017251227	0.0037654224	-3.5500228e-16	-4.9873845e-16	2.250569e-16	-5.9158816e-18	0	-7.5404845e-17
2.2600000000020225e-09	1.1572244e-10	2.5041577e-10	0.00017251227	0.0037654222	-3.5500228e-16	-4.9873845e-16	2.2505692e-16	-5.9158816e-18	0	-7.5404845e-17
2.2700000000019015e-09	1.3848751e-10	2.8076919e-10	0.00017251227	0.0037654229	-3.5500228e-16	-4.9873845e-16	2.250569e-16	-5.9158816e-18	0	-7.5404845e-17
2.2800000000017805e-09	1.08134085e-10	2.7318084e-10	0.00017251227	0.0037654215	-3.5500228e-16	-4.9873845e-16	2.250569e-16	-5.9158808e-18	0	-7.5404845e-17
2.2900000000016595e-09	1.1192826e-10	2.7318084e-10	0.00017251227	0.0037654215	-3.5500228e-16	-4.9873845e-16	2.250569e-16	-5.9158816e-18	0	-7.5404845e-17
2.3000000000015385e-09	1.1951662e-10	2.7318084e-10	0.00017251227	0.0037654215	-3.5500228e-16	-4.9873845e-16	2.2505692e-16	-5.9158816e-18	0	-7.5404845e-17
2.3100000000014175e-09	1.1003117e-10	2.7318084e-10	0.00017251227	0.0037654222	-3.5500228e-16	-4.9873845e-16	2.2505692e-16	-5.9158816e-18	0	-7.5404845e-17
2.3200000000012965e-09	1.2710498e-10	2.5800412e-10	0.00017251227	0.003765422	-3.5500228e-16	-4.9873845e-16	2.2505692e-16	-5.9158808e-18	0	-7.5404845e-17
2.3300000000011754e-09	1.1856807e-10	2.959459e-10	0.00017251227	0.0037654215	-3.5500228e-16	-4.9873845e-16	2.2505692e-16	-5.9158816e-18	0	-7.5404845e-17
2.3400000000010544e-09	1.1856807e-10	2.8835756e-10	0.00017251227	0.0037654215	-3.5500228e-16	-4.9873845e-16	2.2505692e-16	-5.9158808e-18	0	-7.5404845e-17
2.3500000000009334e-09	1.0623699e-10	2.655925e-10	0.00017251227	0.0037654212	-3.5500228e-16	-4.9873845e-16	2.2505692e-16	-5.9158808e-18	0	-7.5404845e-17
2.3600000000008124e-09	1.0718554e-10	2.7318084e-10	0.00017251227	0.0037654222	-3.5500228e-16	-4.9873845e-16	2.2505692e-16	-5.9158816e-18	0	-7.5404845e-17
2.3700000000006914e-09	1.1003117e-10	2.7318084e-10	0.00017251227	0.0037654224	-3.5500228e-16	-4.9873845e-16	2.2505692e-16	-5.9158816e-18	0	-7.5404845e-17
2.3800000000005704e-09	1.0623699e-10	2.655925e-10	0.00017251227	0.0037654215	-3.5500228e-16	-4.9873845e-16	2.2505692e-16	-5.9158816e-18	0	-7.5404845e-17
2.3900000000004494e-09	1.1192826e-10	2.8076919e-10	0.00017251227	0.0037654222	-3.5500228e-16	-4.9873845e-16	2.2505692e-16	-5.9158816e-18	0	-7.5404845e-17
2.4000000000003284e-09	1.0718554e-10	2.5800412e-10	0.00017251227	0.0037654222	-3.5500228e-16	-4.9873845e-16	2.2505692e-16	-5.9158816e-18	0	-7.5404845e-17
2.4100000000002074e-09	1.0623699e-10	2.655925e-10	0.00017251227	0.0037654224	-3.5500228e-16	-4.9873845e-16	2.2505692e-16	-5.9158816e-18	0	-7.5404845e-17
2.4200000000000864e-09	1.1667098e-10	2.655925e-10	0.00017251227	0.0037654215	-3.5500228e-16	-4.9873845e-16	2.250569e-16	-5.9158808e-18	0	-7.5404845e-17
2.4300099999999652e-09	9.9597185e-11	2.7318084e-10	0.00017251227	0.0037653733	-3.5500236e-16	-4.987385e-16	2.2505692e-16	-5.9158808e-18	0	-7.5404845e-17
2.4400099999998442e-09	9.295737e-11	2.959459e-10	0.00017251227	0.0037653763	-3.5500236e-16	-4.987385e-16	2.250569e-16	-5.9158808e-18	0	-7.5404845e-17
2.450009999999723e-09	1.00545725e-10	2.959459e-10	0.00017251227	0.0037653747	-3.5500233e-16	-4.987385e-16	2.250569e-16	-5.9158808e-18	0	-7.5404845e-17
2.460009999999602e-09	9.770009e-11	2.5800412e-10	0.00017251227	0.0037653733	-3.5500233e-16	-4.987385e-16	2.250569e-16	-5.9158808e-18	0	-7.5404845e-17
2.470009999999481e-09	1.00545725e-10	2.8076919e-10	0.00017251227	0.0037653747	-3.5500236e-16	-4.987385e-16	2.250569e-16	-5.9158808e-18	0	-7.5404845e-17
2.48000999999936e-09	9.5803004e-11	2.7318084e-10	0.00017251227	0.0037653763	-3.5500236e-16	-4.987385e-16	2.250569e-16	-5.9158808e-18	0	-7.5404845e-17
2.490009999999239e-09	9.770009e-11	2.4282742e-10	0.00017251227	0.0037653733	-3.5500236e-16	-4.987385e-16	2.250569e-16	-5.9158808e-18	0	-7.5404845e-17
2.500009999999118e-09	9.106028e-11	2.8076919e-10	0.00017251227	0.0037653747	-3.5500236e-16	-4.987385e-16	2.250569e-16	-5.9158808e-18	0	-7.5404845e-17
2.510009999998997e-09	1.0149427e-10	2.655925e-10	0.00017251227	0.0037653747	-3.5500236e-16	-4.987385e-16	2.2505692e-16	-5.9158808e-18	0	-7.5404845e-17
2.520009999998876e-09	9.770009e-11	2.655925e-10	0.00017251227	0.0037653763	-3.5500236e-16	-4.987385e-16	2.250569e-16	-5.9158808e-18	0	-7.5404845e-17
2.530009999998755e-09	1.09082625e-10	2.655925e-10	0.00017251227	0.0037653733	-3.5500236e-16	-4.987385e-16	2.250569e-16	-5.9158808e-18	0	-7.5404845e-17
2.540009999998634e-09	1.0149427e-10	2.655925e-10	0.00017251227	0.0037653747	-3.5500233e-16	-4.987385e-16	2.250569e-16	-5.9158808e-18	0	-7.5404845e-17
2.550009999998513e-09	9.295737e-11	2.655925e-10	0.00017251227	0.0037653747	-3.5500236e-16	-4.987385e-16	2.250569e-16	-5.9158816e-18	0	-7.5404845e-17
2.560009999998392e-09	1.0528845e-10	2.655925e-10	0.00017251227	0.0037653733	-3.5500236e-16	-4.987385e-16	2.250569e-16	-5.9158808e-18	0	-7.5404845e-17
2.570009999998271e-09	9.295737e-11	2.7318084e-10	0.00017251227	0.0037653747	-3.5500236e-16	-4.987385e-16	2.250569e-16	-5.9158816e-18	0	-7.5404845e-17
2.58000999999815e-09	9.5803004e-11	3.0353428e-10	0.00017251227	0.0037653747	-3.5500236e-16	-4.987385e-16	2.250569e-16	-5.9158808e-18	0	-7.5404845e-17
2.590009999998029e-09	1.0244282e-10	2.8076919e-10	0.00017251227	0.0037653763	-3.5500233e-16	-4.987385e-16	2.2505692e-16	-5.9158808e-18	0	-7.5404845e-17
2.600009999997908e-09	1.09082625e-10	3.0353428e-10	0.00017251227	0.0037653742	-3.5500233e-16	-4.987385e-16	2.250569e-16	-5.9158816e-18	0	-7.5404845e-17
2.610009999997787e-09	9.5803004e-11	2.7318084e-10	0.00017251227	0.0037653733	-3.5500233e-16	-4.987385e-16	2.250569e-16	-5.9158808e-18	0	-7.5404845e-17
2.620009999997666e-09	9.864864e-11	2.5800412e-10	0.00017251227	0.0037653747	-3.5500236e-16	-4.987385e-16	2.250569e-16	-5.9158808e-18	0	-7.5404845e-17
2.630009999997545e-09	9.106028e-11	2.655925e-10	0.00017251227	0.0037653733	-3.5500236e-16	-4.987385e-16	2.250569e-16	-5.9158816e-18	0	-7.5404845e-17
2.640009999997424e-09	8.916319e-11	2.8076919e-10	0.00017251227	0.0037653733	-3.5500233e-16	-4.987385e-16	2.250569e-16	-5.9158808e-18	0	-7.5404845e-17
2.650009999997303e-09	9.770009e-11	2.7318084e-10	0.0001725123	0.0037653747	-3.5500236e-16	-4.987385e-16	2.250569e-16	-5.9158808e-18	0	-7.5404845e-17
2.660009999997182e-09	9.106028e-11	2.7318084e-10	0.00017251227	0.0037653747	-3.5500236e-16	-4.987385e-16	2.250569e-16	-5.9158808e-18	0	-7.5404845e-17
2.670009999997061e-09	1.0244282e-10	2.8076919e-10	0.00017251227	0.0037653747	-3.5500233e-16	-4.987385e-16	2.250569e-16	-5.9158808e-18	0	-7.5404845e-17
2.68000999999694e-09	9.5803004e-11	2.5800412e-10	0.00017251227	0.0037653733	-3.5500236e-16	-4.987385e-16	2.2505692e-16	-5.9158808e-18	0	-7.5404845e-17
2.690009999996819e-09	9.770009e-11	2.4282742e-10	0.00017251227	0.0037653733	-3.5500236e-16	-4.987385e-16	2.250569e-16	-5.9158808e-18	0	-7.5404845e-17
2.700009999996698e-09	1.12876805e-10	3.1112263e-10	0.00017251227	0.0037653733	-3.5500236e-16	-4.987385e-16	2.250569e-16	-5.9158816e-18	0	-7.5404845e-17
2.710009999996577e-09	1.0149427e-10	3.0353428e-10	0.00017251227	0.0037653747	-3.5500236e-16	-4.987385e-16	2.250569e-16	-5.9158808e-18	0	-7.5404845e-17
2.720009999996456e-09	1.0718554e-10	2.8835756e-10	0.00017251227	0.0037653747	-3.5500236e-16	-4.987385e-16	2.250569e-16	-5.9158808e-18	0	-7.5404845e-17
2.730009999996335e-09	9.5803004e-11	2.8835756e-10	0.0001725123	0.0037653733	-3.5500236e-16	-4.987385e-16	2.2505692e-16	-5.9158808e-18	0	-7.5404845e-17
2.740009999996214e-09	1.0149427e-10	2.7318084e-10	0.00017251227	0.0037653733	-3.5500236e-16	-4.987385e-16	2.250569e-16	-5.9158816e-18	0	-7.5404845e-17
2.750009999996093e-09	1.1097972e-10	2.655925e-10	0.00017251227	0.0037653747	-3.5500236e-16	-4.987385e-16	2.250569e-16	-5.9158808e-18	0	-7.5404845e-17
2.760009999995972e-09	1.0528845e-10	2.5800412e-10	0.00017251227	0.0037653747	-3.5500236e-16	-4.987385e-16	2.250569e-16	-5.9158808e-18	0	-7.5404845e-17
2.770009999995851e-09	1.1003117e-10	3.1112263e-10	0.00017251227	0.0037653733	-3.5500236e-16	-4.987385e-16	2.250569e-16	-5.9158808e-18	0	-7.5404845e-17
2.78000999999573e-09	9.864864e-11	2.8076919e-10	0.00017251227	0.0037653747	-3.5500236e-16	-4.987385e-16	2.2505692e-16	-5.9158808e-18	0	-7.5404845e-17
2.790009999995609e-09	9.770009e-11	2.7318084e-10	0.00017251227	0.0037653747	-3.5500236e-16	-4.987385e-16	2.250569e-16	-5.9158808e-18	0	-7.5404845e-17
2.800009999995488e-09	1.0339136e-10	2.5041577e-10	0.00017251227	0.0037653733	-3.5500233e-16	-4.987385e-16	2.250569e-16	-5.9158808e-18	0	-7.5404845e-17
2.810009999995367e-09	1.1192826e-10	2.8076919e-10	0.00017251227	0.0037653747	-3.5500233e-16	-4.987385e-16	2.250569e-16	-5.9158808e-18	0	-7.5404845e-17
2.820009999995246e-09	8.536901e-11	2.8076919e-10	0.00017251227	0.0037653747	-3.5500236e-16	-4.987385e-16	2.250569e-16	-5.9158808e-18	0	-7.5404845e-17
2.830009999995125e-09	1.0149427e-10	2.5041577e-10	0.00017251227	0.0037653747	-3.5500233e-16	-4.987385e-16	2.2505692e-16	-5.9158816e-18	0	-7.5404845e-17
2.840009999995004e-09	9.770009e-11	2.655925e-10	0.00017251227	0.0037653733	-3.5500236e-16	-4.987385e-16	2.250569e-16	-5.9158816e-18	0	-7.5404845e-17
2.850009999994883e-09	9.5803004e-11	2.5041577e-10	0.00017251227	0.0037653747	-3.5500236e-16	-4.987385e-16	2.250569e-16	-5.9158816e-18	0	-7.5404845e-17
2.860009999994762e-09	9.5803004e-11	2.7318084e-10	0.00017251227	0.0037653733	-3.5500236e-16	-4.987385e-16	2.2505692e-16	-5.9158816e-18	0	-7.5404845e-17
2.870009999994641e-09	9.864864e-11	2.8076919e-10	0.00017251227	0.0037653733	-3.5500236e-16	-4.987385e-16	2.250569e-16	-5.9158808e-18	0	-7.5404845e-17
2.8800099999945198e-09	1.08134085e-10	2.5800412e-10	0.00017251227	0.0037653733	-3.5500233e-16	-4.987385e-16	2.2505692e-16	-5.9158816e-18	0	-7.5404845e-17
2.8900099999943988e-09	1.08134085e-10	2.8076919e-10	0.00017251227	0.0037653733	-3.5500236e-16	-4.987385e-16	2.2505692e-16	-5.9158816e-18	0	-7.5404845e-17
2.9000099999942778e-09	1.0339136e-10	2.655925e-10	0.00017251227	0.0037653733	-3.5500233e-16	-4.987385e-16	2.250569e-16	-5.9158808e-18	0	-7.5404845e-17
2.9100099999941568e-09	1.0149427e-10	2.959459e-10	0.00017251227	0.0037653733	-3.5500236e-16	-4.987385e-16	2.2505692e-16	-5.9158816e-18	0	-7.5404845e-17
2.9200099999940357e-09	1.00545725e-10	2.5041577e-10	0.00017251227	0.0037653733	-3.5500233e-16	-4.987385e-16	2.250569e-16	-5.9158808e-18	0	-7.5404845e-17
2.9300099999939147e-09	1.0149427e-10	2.5800412e-10	0.00017251227	0.0037653733	-3.5500233e-16	-4.987385e-16	2.250569e-16	-5.9158808e-18	0	-7.5404845e-17
2.9400099999937937e-09	9.9597185e-11	2.8076919e-10	0.00017251227	0.0037653733	-3.5500236e-16	-4.987385e-16	2.250569e-16	-5.9158808e-18	0	-7.5404845e-17
2.9500099999936727e-09	1.04339905e-10	2.8076919e-10	0.00017251227	0.0037653733	-3.5500236e-16	-4.987385e-16	2.250569e-16	-5.9158816e-18	0	-7.5404845e-17
2.9600099999935517e-09	1.0244282e-10	2.655925e-10	0.00017251227	0.0037653747	-3.5500236e-16	-4.987385e-16	2.250569e-16	-5.9158816e-18	0	-7.5404845e-17
2.9700099999934307e-09	9.864864e-11	2.655925e-10	0.00017251227	0.0037653733	-3.5500236e-16	-4.987385e-16	2.250569e-16	-5.9158816e-18	0	-7.5404845e-17
2.9800099999933097e-09	1.00545725e-10	2.7318084e-10	0.00017251227	0.0037653733	-3.5500233e-16	-4.987385e-16	2.2505692e-16	-5.9158808e-18	0	-7.5404845e-17
2.9900099999931887e-09	9.864864e-11	2.655925e-10	0.00017251227	0.0037653733	-3.5500233e-16	-4.987385e-16	2.2505692e-16	-5.9158808e-18	0	-7.5404845e-17
3.0000099999930677e-09	9.9597185e-11	2.959459e-10	0.00017251227	0.0037653747	-3.5500236e-16	-4.987385e-16	2.250569e-16	-5.9158808e-18	0	-7.5404845e-17
