# t (s)	mx ()	my ()	mz ()	spinAngle (rad)	E_total (J)	E_anis (J)	E_demag (J)	E_exch (J)	E_therm (J)	E_custom (J)
0	0	0	0	0.03796091	5.870451e-19	-2.0096002e-17	1.7873449e-17	5.824001e-18	0	-3.0144e-18
1.0000000000000124e-11	0	3.7964742e-10	0.005495706	0.05587675	-7.450281e-18	-1.6208657e-17	1.4695939e-17	-3.0641731e-18	0	-2.8733901e-18
2.0009999999999403e-11	1.2148718e-08	-1.0630128e-08	0.016859084	0.060896683	-8.4880344e-18	-1.3240252e-17	1.2085075e-17	-4.5556927e-18	0	-2.777164e-18
3.000999999999824e-11	1.9741666e-08	-1.5185897e-08	0.030707417	0.0738725	-9.377984e-18	-1.0792155e-17	9.783213e-18	-5.6695224e-18	0	-2.6995192e-18
4.000000000000001e-11	2.7334615e-08	-1.6704487e-08	0.037601575	0.09031288	-1.047288e-17	-1.0225987e-17	9.110948e-18	-6.6777563e-18	0	-2.680083e-18
5.0000000000001785e-11	1.6704487e-08	-9.111538e-09	0.027921798	0.10375023	-1.1501319e-17	-1.1118455e-17	9.902863e-18	-7.500869e-18	0	-2.784859e-18
6.00000000000024e-11	1.2148718e-08	7.5929485e-10	0.005550664	0.11201561	-1.21185095e-17	-1.1789662e-17	1.057926e-17	-7.986217e-18	0	-2.9218919e-18
7.000999999999771e-11	1.1009775e-08	1.8982371e-09	-0.0122879855	0.11730775	-1.23395396e-17	-1.2046924e-17	1.0873236e-17	-8.173456e-18	0	-2.992397e-18
8.000999999999302e-11	8.826802e-09	3.7964742e-09	-0.01505288	0.11762964	-1.2420536e-17	-1.1980179e-17	1.0831063e-17	-8.272118e-18	0	-2.9993023e-18
9.000999999998834e-11	7.972596e-09	7.5929485e-09	-0.010392536	0.11424955	-1.25024114e-17	-1.18438566e-17	1.0688751e-17	-8.355897e-18	0	-2.991407e-18
1.0000999999998365e-10	6.454006e-09	5.315064e-09	-0.005381631	0.10997423	-1.2589212e-17	-1.1742994e-17	1.05663795e-17	-8.420248e-18	0	-2.9923492e-18
1.1000999999997896e-10	4.9354165e-09	6.074359e-09	-0.00070238416	0.1068516	-1.2652071e-17	-1.16853e-17	1.0492722e-17	-8.458957e-18	0	-3.0005367e-18
1.2000999999997891e-10	6.64383e-09	5.315064e-09	0.0028810045	0.10520117	-1.2683093e-17	-1.16754906e-17	1.0473834e-17	-8.4735e-18	0	-3.0079375e-18
1.3000999999998715e-10	8.435291e-09	2.2778845e-09	0.0037995577	0.10454126	-1.2693248e-17	-1.169236e-17	1.0486022e-17	-8.475407e-18	0	-3.0115036e-18
1.400099999999954e-10	1.0060656e-08	-1.5185897e-09	0.002208438	0.10451892	-1.2696068e-17	-1.1694319e-17	1.0490116e-17	-8.4796295e-18	0	-3.012236e-18
1.5000000000000362e-10	1.1484334e-08	-6.074359e-09	-0.00018967185	0.104908876	-1.2698826e-17	-1.1695165e-17	1.0496199e-17	-8.4879865e-18	0	-3.0118736e-18
1.6000000000001186e-10	1.176907e-08	-5.315064e-09	-0.0019044466	0.10554416	-1.270253e-17	-1.1708988e-17	1.0515112e-17	-8.497078e-18	0	-3.0115754e-18
1.700000000000201e-10	1.0060656e-08	-3.7964742e-09	-0.0025577561	0.10621058	-1.270589e-17	-1.1726785e-17	1.0537409e-17	-8.504795e-18	0	-3.0117191e-18
1.8000000000002833e-10	1.0155569e-08	-6.074359e-09	-0.0025014132	0.10671432	-1.2707991e-17	-1.17390156e-17	1.0553141e-17	-8.51003e-18	0	-3.012086e-18
1.9000000000003657e-10	1.1199599e-08	-2.2778845e-09	-0.002150087	0.10697903	-1.2708914e-17	-1.174392e-17	1.0559985e-17	-8.512615e-18	0	-3.0123641e-18
2.000000000000448e-10	1.2670733e-08	-1.5185897e-09	-0.0017639103	0.10702664	-1.2709251e-17	-1.1744439e-17	1.0560639e-17	-8.5129996e-18	0	-3.0124524e-18
2.1000000000005304e-10	1.0819951e-08	0	-0.0014919172	0.106915794	-1.2709492e-17	-1.174332e-17	1.05581424e-17	-8.51189e-18	0	-3.0124237e-18
2.2000000000006128e-10	8.96917e-09	-7.5929485e-10	-0.0013920638	0.10671449	-1.2709804e-17	-1.1741566e-17	1.0554165e-17	-8.5100275e-18	0	-3.0123753e-18
2.3000000000006952e-10	9.491186e-09	-6.074359e-09	-0.0014273892	0.10648613	-1.2710144e-17	-1.1739448e-17	1.0549679e-17	-8.5080266e-18	0	-3.0123465e-18
2.4000000000005925e-10	8.874259e-09	-1.5185897e-09	-0.0015074114	0.106277	-1.2710439e-17	-1.1737424e-17	1.0545594e-17	-8.506277e-18	0	-3.012333e-18
2.5000000000004163e-10	6.2167267e-09	0	-0.0015553836	0.10610861	-1.2710665e-17	-1.17360724e-17	1.0542669e-17	-8.504942e-18	0	-3.012319e-18
2.60000000000024e-10	-1.8033253e-09	-3.7964742e-09	-0.0015433913	0.10598132	-1.2710844e-17	-1.1735637e-17	1.054113e-17	-8.504041e-18	0	-3.0122959e-18
2.700000000000064e-10	-1.7084134e-09	-3.7964742e-09	-0.0014875679	0.10588453	-1.2711016e-17	-1.1735979e-17	1.0540738e-17	-8.50351e-18	0	-3.0122634e-18
2.800099999999888e-10	-1.1389423e-09	-7.5929485e-10	-0.0014242048	0.105802126	-1.2711194e-17	-1.1736742e-17	1.0541016e-17	-8.503247e-18	0	-3.0122214e-18
2.9000999999997117e-10	3.7015624e-09	7.5929485e-10	-0.0013850024	0.10572094	-1.2711385e-17	-1.1737542e-17	1.05414714e-17	-8.503146e-18	0	-3.0121687e-18
3.0000999999995355e-10	6.7387416e-09	-5.315064e-09	-0.0013808262	0.1056304	-1.27115905e-17	-1.1738089e-17	1.0541731e-17	-8.503129e-18	0	-3.0121033e-18
3.1000999999993594e-10	4.0812096e-09	-9.111538e-09	-0.0014018208	0.1055263	-1.2711816e-17	-1.1738218e-17	1.0541571e-17	-8.5031446e-18	0	-3.0120237e-18
3.2000999999991833e-10	9.3013615e-09	-6.074359e-09	-0.0014286923	0.10540912	-1.2712069e-17	-1.1737881e-17	1.05409205e-17	-8.503183e-18	0	-3.0119284e-18
3.300099999999007e-10	1.8080708e-08	-6.074359e-09	-0.0014453117	0.10528272	-1.2712352e-17	-1.1737103e-17	1.0539821e-17	-8.503252e-18	0	-3.011816e-18
3.400099999998831e-10	1.5945192e-08	-3.0371794e-09	-0.0014452706	0.10515382	-1.2712678e-17	-1.1735943e-17	1.0538336e-17	-8.5033844e-18	0	-3.0116856e-18
3.500099999998655e-10	1.6229928e-08	-9.111538e-09	-0.0014314272	0.105031036	-1.2713046e-17	-1.1734438e-17	1.0536535e-17	-8.50361e-18	0	-3.0115336e-18
3.600099999998479e-10	1.6941765e-08	-2.2778845e-09	-0.0014109095	0.10492082	-1.27134765e-17	-1.1732621e-17	1.0534461e-17	-8.50396e-18	0	-3.0113572e-18
3.7000999999983027e-10	2.3633051e-08	-4.555769e-09	-0.0013913698	0.10483176	-1.2713968e-17	-1.1730482e-17	1.0532122e-17	-8.5044565e-18	0	-3.0111515e-18
3.8000999999981266e-10	3.2412398e-08	-9.870833e-09	-0.0013770859	0.10476788	-1.2714538e-17	-1.1727991e-17	1.0529485e-17	-8.50512e-18	0	-3.0109118e-18
3.9000999999979505e-10	4.066973e-08	-1.6704487e-08	-0.0013686427	0.10473852	-1.2715196e-17	-1.1725081e-17	1.0526484e-17	-8.505968e-18	0	-3.010632e-18
4.0000999999977743e-10	4.171376e-08	-1.8223076e-08	-0.0013639168	0.10475147	-1.2715959e-17	-1.1721662e-17	1.0523029e-17	-8.507018e-18	0	-3.010307e-18
4.100099999997598e-10	4.5984795e-08	-2.505673e-08	-0.0013598303	0.104812965	-1.2716844e-17	-1.1717627e-17	1.0519004e-17	-8.508292e-18	0	-3.0099287e-18
4.200099999997422e-10	5.196424e-08	-2.353814e-08	-0.0013534764	0.10493085	-1.27178705e-17	-1.171286e-17	1.0514297e-17	-8.5098174e-18	0	-3.0094895e-18
4.300099999997246e-10	5.4906508e-08	-2.5816025e-08	-0.0013434583	0.10510959	-1.2719065e-17	-1.1707238e-17	1.05087804e-17	-8.511631e-18	0	-3.0089783e-18
4.40009999999707e-10	6.292656e-08	-2.96125e-08	-0.0013296483	0.10535337	-1.27204554e-17	-1.1700629e-17	1.050233e-17	-8.513773e-18	0	-3.0083829e-18
4.5000999999968937e-10	7.9773415e-08	-3.9483332e-08	-0.0013123166	0.10566322	-1.2722078e-17	-1.16928944e-17	1.0494808e-17	-8.5163025e-18	0	-3.00769e-18
4.6000999999967176e-10	1.0520979e-07	-4.4798394e-08	-0.001291881	0.10604404	-1.2723971e-17	-1.1683884e-17	1.04860735e-17	-8.51928e-18	0	-3.0068807e-18
4.700099999996541e-10	1.2172445e-07	-5.0872753e-08	-0.0012681879	0.10650288	-1.2726186e-17	-1.1673438e-17	1.04759745e-17	-8.522787e-18	0	-3.0059348e-18
4.800099999996365e-10	1.4388637e-07	-5.9984295e-08	-0.0012403597	0.107039124	-1.2728776e-17	-1.1661388e-17	1.046435e-17	-8.52691e-18	0	-3.004828e-18
4.900099999996189e-10	1.6405514e-07	-7.2512655e-08	-0.0012068703	0.107665725	-1.27318134e-17	-1.1647565e-17	1.0451038e-17	-8.531753e-18	0	-3.0035335e-18
5.000099999996013e-10	1.8436627e-07	-9.1874675e-08	-0.0011655996	0.10838181	-1.2735376e-17	-1.1631807e-17	1.0435883e-17	-8.53743e-18	0	-3.0020208e-18
5.100099999995837e-10	2.1241273e-07	-9.7949034e-08	-0.0011139463	0.10919997	-1.27395625e-17	-1.1613985e-17	1.0418749e-17	-8.544069e-18	0	-3.0002581e-18
5.200099999995661e-10	2.49286e-07	-1.18070346e-07	-0.0010489506	0.11012535	-1.27444776e-17	-1.15940166e-17	1.03995496e-17	-8.551796e-18	0	-2.9982166e-18
5.300099999995485e-10	2.9123703e-07	-1.3515448e-07	-0.00096689974	0.111156374	-1.2750252e-17	-1.1571917e-17	1.03782745e-17	-8.560729e-18	0	-2.9958786e-18
5.400099999995309e-10	3.2307995e-07	-1.4578461e-07	-0.0008633015	0.11230418	-1.2756996e-17	-1.1547825e-17	1.0355029e-17	-8.570952e-18	0	-2.9932482e-18
5.500099999995133e-10	3.5186198e-07	-1.6286874e-07	-0.0007335411	0.11357725	-1.2764838e-17	-1.1522048e-17	1.03300614e-17	-8.582477e-18	0	-2.9903752e-18
5.600099999994956e-10	3.6764106e-07	-1.7150572e-07	-0.0005737778	0.114968196	-1.2773859e-17	-1.1495064e-17	1.0303777e-17	-8.595191e-18	0	-2.9873808e-18
5.70009999999478e-10	3.6431916e-07	-1.6922783e-07	-0.00038323432	0.11647001	-1.2784084e-17	-1.1467479e-17	1.0276686e-17	-8.608799e-18	0	-2.984492e-18
5.800099999994604e-10	3.362727e-07	-1.5658084e-07	-0.00016742603	0.118060306	-1.2795441e-17	-1.1439879e-17	1.0249288e-17	-8.622788e-18	0	-2.9820628e-18
5.900099999994428e-10	2.8217295e-07	-1.2912759e-07	5.9059472e-05	0.11971138	-1.2807749e-17	-1.1412618e-17	1.0221867e-17	-8.63644e-18	0	-2.9805567e-18
6.000099999994252e-10	1.8840004e-07	-9.078319e-08	0.00027272655	0.121363536	-1.2820717e-17	-1.13856035e-17	1.0194311e-17	-8.648963e-18	0	-2.9804622e-18
6.100099999994076e-10	7.346178e-08	-4.033754e-08	0.00044823452	0.12295673	-1.283402e-17	-1.13582345e-17	1.0166056e-17	-8.659719e-18	0	-2.982122e-18
6.2000999999939e-10	-4.185613e-08	6.2641825e-09	0.00057068147	0.12442303	-1.2847327e-17	-1.1329614e-17	1.01362745e-17	-8.668447e-18	0	-2.9855422e-18
6.300099999993724e-10	-1.4426602e-07	4.4228923e-08	0.00064628216	0.12571675	-1.2860317e-17	-1.1298917e-17	1.0104243e-17	-8.675357e-18	0	-2.9902873e-18
6.400099999993547e-10	-2.106094e-07	7.9536136e-08	0.00070043735	0.12679343	-1.2872678e-17	-1.1265728e-17	1.0069641e-17	-8.68101e-18	0	-2.9955814e-18
6.500099999993371e-10	-2.2921213e-07	7.820737e-08	0.0007625036	0.12763348	-1.2884092e-17	-1.12301415e-17	1.0032681e-17	-8.6860474e-18	0	-3.000584e-18
6.600099999993195e-10	-1.872611e-07	6.529935e-08	0.0008494368	0.12823701	-1.28942874e-17	-1.1192748e-17	9.9940714e-18	-8.690925e-18	0	-3.0046848e-18
6.700099999993019e-10	-9.097301e-08	2.2778845e-08	0.00095983903	0.1286244	-1.2903063e-17	-1.11545496e-17	9.954943e-18	-8.695805e-18	0	-3.0076517e-18
6.800099999992843e-10	3.891386e-08	-3.5117385e-08	0.001079857	0.12882477	-1.2910331e-17	-1.1116866e-17	9.916693e-18	-8.700578e-18	0	-3.0095806e-18
6.900099999992667e-10	1.8460356e-07	-1.0829443e-07	0.0011937368	0.12888661	-1.29161e-17	-1.1081154e-17	9.880795e-18	-8.705004e-18	0	-3.0107373e-18
7.000099999992491e-10	3.235545e-07	-1.6932275e-07	0.001290928	0.12885956	-1.29204826e-17	-1.10487755e-17	9.84855e-18	-8.708853e-18	0	-3.0114025e-18
7.100099999992315e-10	4.3820802e-07	-2.1364659e-07	0.001368624	0.12878256	-1.2923665e-17	-1.1020749e-17	9.820866e-18	-8.711992e-18	0	-3.0117888e-18
7.200099999992138e-10	5.1764926e-07	-2.6020086e-07	0.0014297324	0.128688	-1.2925883e-17	-1.0997593e-17	9.798139e-18	-8.714407e-18	0	-3.0120217e-18
7.300099999991962e-10	5.76115e-07	-2.7766464e-07	0.0014792696	0.12859815	-1.2927366e-17	-1.0979305e-17	9.780269e-18	-8.716162e-18	0	-3.0121679e-18
7.400099999991786e-10	6.009819e-07	-2.955555e-07	0.0015214495	0.12852539	-1.2928332e-17	-1.09654445e-17	9.766761e-18	-8.717386e-18	0	-3.012262e-18
7.50009999999161e-10	6.0164626e-07	-2.891964e-07	0.0015584109	0.12847456	-1.2928949e-17	-1.0955295e-17	9.756881e-18	-8.718211e-18	0	-3.0123256e-18
7.600099999991434e-10	5.772539e-07	-2.9565044e-07	0.0015907447	0.1284459	-1.2929345e-17	-1.0948014e-17	9.749806e-18	-8.718761e-18	0	-3.0123753e-18
7.700099999991258e-10	5.453635e-07	-2.8373898e-07	0.0016183393	0.128437	-1.29296014e-17	-1.0942773e-17	9.7447385e-18	-8.7191446e-18	0	-3.0124212e-18
7.800099999991082e-10	5.115749e-07	-2.8345426e-07	0.0016410184	0.1284422	-1.2929773e-17	-1.09388606e-17	9.740994e-18	-8.719439e-18	0	-3.0124663e-18
7.900099999990906e-10	4.838606e-07	-2.6755652e-07	0.0016588181	0.12845668	-1.2929894e-17	-1.09357016e-17	9.738018e-18	-8.719702e-18	0	-3.0125085e-18
8.00009999999073e-10	4.5595655e-07	-2.5759078e-07	0.0016720641	0.1284749	-1.29299794e-17	-1.0932883e-17	9.735418e-18	-8.719969e-18	0	-3.0125442e-18
8.100099999990553e-10	4.6250545e-07	-2.6841073e-07	0.0016810924	0.12849335	-1.2930043e-17	-1.0930163e-17	9.732946e-18	-8.720256e-18	0	-3.0125703e-18
8.200099999990377e-10	4.7987436e-07	-2.827424e-07	0.0016867807	0.12851004	-1.2930095e-17	-1.092743e-17	9.730486e-18	-8.720564e-18	0	-3.0125872e-18
8.300099999990201e-10	4.86708e-07	-2.950335e-07	0.0016899816	0.128524	-1.29301374e-17	-1.0924678e-17	9.728023e-18	-8.720885e-18	0	-3.0125968e-18
8.400099999990025e-10	5.0379214e-07	-3.217512e-07	0.0016914809	0.12853532	-1.293017e-17	-1.0921976e-17	9.725606e-18	-8.721197e-18	0	-3.012603e-18
8.500099999989849e-10	5.428958e-07	-3.4827906e-07	0.0016916582	0.12854485	-1.2930198e-17	-1.0919426e-17	9.7233245e-18	-8.721487e-18	0	-3.0126083e-18
8.600099999989673e-10	5.801962e-07	-3.3200166e-07	0.0016909043	0.12855354	-1.2930222e-17	-1.0917132e-17	9.7212664e-18	-8.721742e-18	0	-3.012614e-18
8.700099999989497e-10	6.4027535e-07	-3.5796006e-07	0.0016895145	0.12856236	-1.2930247e-17	-1.0915179e-17	9.719506e-18	-8.721953e-18	0	-3.0126197e-18
8.800099999989321e-10	7.043409e-07	-4.0973447e-07	0.0016878049	0.12857156	-1.2930271e-17	-1.0913622e-17	9.718095e-18	-8.722118e-18	0	-3.0126249e-18
8.900099999989144e-10	7.428751e-07	-4.74322e-07	0.0016858286	0.12858133	-1.2930301e-17	-1.0912475e-17	9.717045e-18	-8.722243e-18	0	-3.0126265e-18
9.000099999988968e-10	7.864396e-07	-5.0066e-07	0.0016837827	0.12859154	-1.2930342e-17	-1.0911719e-17	9.716337e-18	-8.722337e-18	0	-3.0126228e-18
9.100099999988792e-10	8.207977e-07	-5.380553e-07	0.0016818187	0.12860195	-1.2930396e-17	-1.0911301e-17	9.71593e-18	-8.722413e-18	0	-3.012612e-18
9.200099999988616e-10	8.914121e-07	-6.224794e-07	0.0016800632	0.12861228	-1.29304766e-17	-1.0911156e-17	9.7157616e-18	-8.72249e-18	0	-3.0125924e-18
9.30009999998844e-10	9.580402e-07	-6.629119e-07	0.0016786327	0.1286221	-1.2930593e-17	-1.0911201e-17	9.7157616e-18	-8.7225914e-18	0	-3.0125612e-18
9.400099999989161e-10	1.0464981e-06	-7.048154e-07	0.0016776513	0.1286316	-1.2930766e-17	-1.0911357e-17	9.7158575e-18	-8.722753e-18	0	-3.0125138e-18
9.50009999999002e-10	1.1199598e-06	-8.140115e-07	0.0016769505	0.12863958	-1.2931015e-17	-1.0911542e-17	9.715983e-18	-8.723012e-18	0	-3.0124443e-18
9.600099999990877e-10	1.2026281e-06	-9.3374285e-07	0.0016765934	0.12864666	-1.2931383e-17	-1.09116885e-17	9.716073e-18	-8.723425e-18	0	-3.0123428e-18
9.700099999991735e-10	1.336264e-06	-1.0554198e-06	0.0016765972	0.12865219	-1.2931918e-17	-1.0911727e-17	9.7160726e-18	-8.72407e-18	0	-3.0121945e-18
9.800099999992593e-10	1.4685711e-06	-1.1981673e-06	0.001676762	0.12865677	-1.2932704e-17	-1.0911603e-17	9.715923e-18	-8.725044e-18	0	-3.0119782e-18
9.90009999999345e-10	1.633528e-06	-1.377076e-06	0.0016768575	0.12866057	-1.2933835e-17	-1.0911257e-17	9.715578e-18	-8.72649e-18	0	-3.0116664e-18
1.0000099999994308e-09	1.8217381e-06	-1.6165387e-06	0.0016769414	0.12866333	-1.2935463e-17	-1.09106405e-17	9.714988e-18	-8.7285885e-18	0	-3.0112216e-18
1.0100099999995166e-09	2.0432624e-06	-1.899376e-06	0.0016771257	0.12866373	-1.2937776e-17	-1.0909718e-17	9.714119e-18	-8.7315796e-18	0	-3.0105964e-18
1.0200099999996024e-09	2.3152797e-06	-2.2338454e-06	0.0016777841	0.12865849	-1.2941005e-17	-1.09084915e-17	9.712963e-18	-8.735738e-18	0	-3.0097393e-18
1.0300099999996882e-09	2.6534508e-06	-2.6343735e-06	0.0016796706	0.1286463	-1.2945413e-17	-1.0907035e-17	9.7115785e-18	-8.741354e-18	0	-3.0086027e-18
1.040009999999774e-09	3.0373692e-06	-3.0847302e-06	0.0016836395	0.12862264	-1.2951239e-17	-1.0905525e-17	9.7101094e-18	-8.74866e-18	0	-3.0071645e-18
1.0500099999998598e-09	3.4739637e-06	-3.5935527e-06	0.0016902146	0.12857829	-1.2958634e-17	-1.0904236e-17	9.708791e-18	-8.75773e-18	0	-3.005458e-18
1.0600099999999456e-09	3.9788947e-06	-4.148787e-06	0.0016980821	0.12850437	-1.2967567e-17	-1.09034465e-17	9.7078545e-18	-8.768379e-18	0	-3.0035979e-18
1.0700000000000313e-09	4.505181e-06	-4.667765e-06	0.0017027976	0.12841192	-1.2977782e-17	-1.0903261e-17	9.707393e-18	-8.780131e-18	0	-3.001783e-18
1.080000000000117e-09	5.020647e-06	-5.1098646e-06	0.001697338	0.12828586	-1.2988861e-17	-1.09034945e-17	9.707238e-18	-8.792364e-18	0	-3.0002403e-18
1.0900000000002028e-09	5.5353544e-06	-5.4133925e-06	0.001676116	0.1280956	-1.3000273e-17	-1.0903763e-17	9.707073e-18	-8.804418e-18	0	-2.9991644e-18
1.1000000000002886e-09	5.988938e-06	-5.5181754e-06	0.0016393623	0.12785271	-1.30115444e-17	-1.09037674e-17	9.706647e-18	-8.815763e-18	0	-2.9986604e-18
1.1100000000003744e-09	6.3392577e-06	-5.393651e-06	0.0015939053	0.12755746	-1.3022294e-17	-1.0903443e-17	9.70593e-18	-8.826035e-18	0	-2.9987448e-18
1.1200000000004602e-09	6.6021635e-06	-5.088794e-06	0.001549747	0.12722553	-1.30322496e-17	-1.09029585e-17	9.705082e-18	-8.8349945e-18	0	-2.9993794e-18
1.130000000000546e-09	6.742633e-06	-4.6749783e-06	0.0015153574	0.12688608	-1.3041252e-17	-1.0902565e-17	9.704325e-18	-8.842528e-18	0	-3.0004833e-18
1.1400000000006318e-09	6.7032447e-06	-4.154102e-06	0.001494725	0.12657617	-1.3049212e-17	-1.0902501e-17	9.703859e-18	-8.848633e-18	0	-3.0019369e-18
1.1500000000007175e-09	6.396869e-06	-3.5329988e-06	0.0014870357	0.12634073	-1.3056123e-17	-1.09029246e-17	9.703806e-18	-8.8534225e-18	0	-3.0035821e-18
1.1600000000008033e-09	5.757638e-06	-2.783575e-06	0.0014879248	0.12622517	-1.3062027e-17	-1.0903877e-17	9.704189e-18	-8.857098e-18	0	-3.0052437e-18
1.1700000000008891e-09	4.745213e-06	-1.8367342e-06	0.0014913173	0.12626958	-1.306702e-17	-1.0905252e-17	9.7049015e-18	-8.859907e-18	0	-3.006763e-18
1.1800000000009749e-09	3.384272e-06	-6.8488396e-07	0.0014915679	0.12648742	-1.3071213e-17	-1.0906817e-17	9.705727e-18	-8.862088e-18	0	-3.0080336e-18
1.1900000000010607e-09	1.7473272e-06	6.7539276e-07	0.0014859393	0.12683782	-1.3074721e-17	-1.0908258e-17	9.706376e-18	-8.863821e-18	0	-3.0090184e-18
1.2000000000011465e-09	-4.3279805e-08	2.1715832e-06	0.0014759218	0.12729011	-1.3077645e-17	-1.0909235e-17	9.70655e-18	-8.865216e-18	0	-3.0097436e-18
1.2100000000012322e-09	-1.8855189e-06	3.7448422e-06	0.0014661923	0.12779358	-1.3080062e-17	-1.09094676e-17	9.7060116e-18	-8.866329e-18	0	-3.0102757e-18
1.220000000001318e-09	-3.6562894e-06	5.3089893e-06	0.0014622789	0.12828164	-1.3082032e-17	-1.09087884e-17	9.704623e-18	-8.867175e-18	0	-3.0106907e-18
1.2300000000014038e-09	-5.2651403e-06	6.782781e-06	0.0014682545	0.12871999	-1.3083605e-17	-1.0907169e-17	9.702389e-18	-8.8677716e-18	0	-3.0110526e-18
1.2400000000014896e-09	-6.623424e-06	8.0439695e-06	0.0014852628	0.12909268	-1.3084827e-17	-1.09047195e-17	9.699435e-18	-8.868144e-18	0	-3.0113965e-18
1.2500000000015754e-09	-7.706937e-06	9.031812e-06	0.0015117682	0.12939449	-1.3085745e-17	-1.0901639e-17	9.695963e-18	-8.86834e-18	0	-3.0117295e-18
1.2600000000016612e-09	-8.461581e-06	9.70151e-06	0.0015443768	0.1296258	-1.3086418e-17	-1.0898176e-17	9.6922175e-18	-8.8684226e-18	0	-3.0120372e-18
1.270000000001747e-09	-8.912983e-06	1.0055721e-05	0.0015794031	0.12979245	-1.3086889e-17	-1.0894569e-17	9.688431e-18	-8.8684515e-18	0	-3.0122988e-18
1.2800000000018327e-09	-9.02925e-06	1.0053063e-05	0.0016135547	0.12990372	-1.308721e-17	-1.0891029e-17	9.684795e-18	-8.868478e-18	0	-3.012499e-18
1.2900000000019185e-09	-8.8697025e-06	9.769467e-06	0.0016441589	0.12996963	-1.3087422e-17	-1.0887711e-17	9.681456e-18	-8.868534e-18	0	-3.0126331e-18
1.3000000000020043e-09	-8.4593985e-06	9.252387e-06	0.0016693993	0.13000047	-1.308756e-17	-1.0884718e-17	9.678502e-18	-8.868634e-18	0	-3.0127088e-18
1.3100000000020901e-09	-7.881195e-06	8.58193e-06	0.0016884713	0.13000554	-1.3087648e-17	-1.08821086e-17	9.675979e-18	-8.868778e-18	0	-3.0127409e-18
1.3200000000021759e-09	-7.2041894e-06	7.820737e-06	0.0017012578	0.1299927	-1.3087706e-17	-1.08799e-17	9.673892e-18	-8.868952e-18	0	-3.0127467e-18
1.3300000000022617e-09	-6.441288e-06	7.0394226e-06	0.0017084164	0.12996869	-1.3087748e-17	-1.0878079e-17	9.6722155e-18	-8.869142e-18	0	-3.012742e-18
1.3400000000023475e-09	-5.673736e-06	6.2706363e-06	0.0017110314	0.12993896	-1.3087781e-17	-1.08766186e-17	9.670912e-18	-8.869337e-18	0	-3.0127365e-18
1.3500000000024332e-09	-4.9357013e-06	5.576261e-06	0.0017101172	0.12990712	-1.3087812e-17	-1.0875476e-17	9.669924e-18	-8.8695235e-18	0	-3.0127365e-18
1.360000000002519e-09	-4.2453125e-06	4.92099e-06	0.0017066534	0.12987593	-1.30878394e-17	-1.0874596e-17	9.669197e-18	-8.869697e-18	0	-3.0127417e-18
1.3700000000026048e-09	-3.6286701e-06	4.349241e-06	0.0017015068	0.12984699	-1.3087864e-17	-1.0873925e-17	9.668665e-18	-8.8698536e-18	0	-3.0127508e-18
1.3800000000026906e-09	-3.053504e-06	3.906572e-06	0.0016954507	0.12982102	-1.308789e-17	-1.0873416e-17	9.668276e-18	-8.869988e-18	0	-3.0127607e-18
1.3900000000027764e-09	-2.5976426e-06	3.536036e-06	0.0016892321	0.1297982	-1.30879106e-17	-1.0873012e-17	9.667975e-18	-8.870103e-18	0	-3.0127703e-18
1.4000000000028622e-09	-2.28263e-06	3.2133357e-06	0.0016833931	0.12977839	-1.3087929e-17	-1.0872676e-17	9.667723e-18	-8.8701985e-18	0	-3.0127773e-18
1.410000000002948e-09	-2.0174464e-06	2.938471e-06	0.0016785063	0.12976095	-1.3087946e-17	-1.0872383e-17	9.667495e-18	-8.8702754e-18	0	-3.012782e-18
1.4200000000030337e-09	-1.8048438e-06	2.731943e-06	0.0016747189	0.12974516	-1.30879585e-17	-1.08721104e-17	9.667273e-18	-8.870336e-18	0	-3.0127854e-18
1.4300000000031195e-09	-1.6298263e-06	2.572491e-06	0.0016720857	0.12973052	-1.30879685e-17	-1.087185e-17	9.6670505e-18	-8.870381e-18	0	-3.0127872e-18
1.4400000000032053e-09	-1.503119e-06	2.4859312e-06	0.0016705048	0.12971634	-1.308798e-17	-1.0871605e-17	9.666832e-18	-8.870416e-18	0	-3.0127885e-18
1.450000000003291e-09	-1.3714763e-06	2.381908e-06	0.0016698609	0.12970234	-1.3087985e-17	-1.0871376e-17	9.666624e-18	-8.870443e-18	0	-3.0127903e-18
1.4600000000033769e-09	-1.296401e-06	2.2535871e-06	0.0016700006	0.12968856	-1.3087994e-17	-1.0871173e-17	9.666434e-18	-8.870463e-18	0	-3.0127916e-18
1.4700000000034627e-09	-1.2265459e-06	2.155638e-06	0.0016707098	0.12967478	-1.3088e-17	-1.08710045e-17	9.666277e-18	-8.87048e-18	0	-3.012793e-18
1.4800000000035485e-09	-1.1755782e-06	2.116914e-06	0.0016717865	0.12966119	-1.3088004e-17	-1.08708754e-17	9.66616e-18	-8.870493e-18	0	-3.012794e-18
1.4900000000036342e-09	-1.0371967e-06	2.0273171e-06	0.0016732429	0.12964803	-1.3088008e-17	-1.087079e-17	9.6660836e-18	-8.870508e-18	0	-3.012795e-18
1.50000000000372e-09	-9.588945e-07	1.976824e-06	0.0016745306	0.12963557	-1.30880115e-17	-1.08707505e-17	9.666054e-18	-8.8705195e-18	0	-3.012796e-18
1.5100000000038058e-09	-8.6521646e-07	1.9096265e-06	0.0016756817	0.12962389	-1.3088014e-17	-1.0870752e-17	9.666069e-18	-8.870534e-18	0	-3.0127965e-18
1.5200000000038916e-09	-7.132626e-07	1.8162333e-06	0.0016765124	0.12961331	-1.3088015e-17	-1.087079e-17	9.66612e-18	-8.870548e-18	0	-3.0127965e-18
1.5300000000039774e-09	-5.8247406e-07	1.7604251e-06	0.0016770591	0.12960391	-1.3088017e-17	-1.087086e-17	9.666199e-18	-8.870561e-18	0	-3.0127961e-18
1.5400000000040632e-09	-4.8461993e-07	1.7080338e-06	0.0016772033	0.12959585	-1.3088018e-17	-1.087095e-17	9.666302e-18	-8.870574e-18	0	-3.0127961e-18
1.550000000004149e-09	-3.754713e-07	1.5793332e-06	0.0016771046	0.12958911	-1.308802e-17	-1.0871056e-17	9.666418e-18	-8.870586e-18	0	-3.0127965e-18
1.5600000000042347e-09	-2.6784124e-07	1.5231454e-06	0.0016766825	0.12958378	-1.3088024e-17	-1.0871169e-17	9.6665385e-18	-8.870596e-18	0	-3.0127965e-18
1.5700000000043205e-09	-1.2480909e-07	1.478347e-06	0.0016759626	0.12957977	-1.3088025e-17	-1.0871284e-17	9.666659e-18	-8.870604e-18	0	-3.0127965e-18
1.5800000000044063e-09	-6.2262174e-08	1.5018852e-06	0.001675258	0.12957697	-1.3088024e-17	-1.0871397e-17	9.666777e-18	-8.870608e-18	0	-3.0127965e-18
1.590000000004492e-09	-1.3952043e-08	1.4270946e-06	0.0016745154	0.12957515	-1.3088026e-17	-1.08715024e-17	9.666884e-18	-8.870611e-18	0	-3.0127965e-18
1.6000000000045779e-09	6.08385e-08	1.3454704e-06	0.00167382	0.12957416	-1.3088026e-17	-1.08716e-17	9.66698e-18	-8.87061e-18	0	-3.0127965e-18
1.6100000000046637e-09	2.0918573e-07	1.2581515e-06	0.0016732414	0.1295739	-1.3088028e-17	-1.08716886e-17	9.667064e-18	-8.870608e-18	0	-3.0127967e-18
1.6200000000047495e-09	3.226054e-07	1.1772867e-06	0.0016728739	0.12957416	-1.3088029e-17	-1.0871766e-17	9.667138e-18	-8.870604e-18	0	-3.012797e-18
1.6300000000048352e-09	3.5810243e-07	1.1089501e-06	0.0016726613	0.12957476	-1.30880305e-17	-1.0871835e-17	9.6672e-18	-8.870598e-18	0	-3.0127971e-18
1.640000000004921e-09	4.2207301e-07	1.0675685e-06	0.0016724988	0.12957552	-1.30880305e-17	-1.0871893e-17	9.66725e-18	-8.87059e-18	0	-3.0127973e-18
1.6500000000050068e-09	3.8002707e-07	1.1321087e-06	0.0016723332	0.12957641	-1.3088031e-17	-1.0871944e-17	9.667291e-18	-8.8705815e-18	0	-3.0127978e-18
1.6600000000050926e-09	3.9198596e-07	1.1548874e-06	0.0016720006	0.12957731	-1.3088033e-17	-1.0871987e-17	9.667326e-18	-8.870573e-18	0	-3.0127978e-18
1.6700000000051784e-09	3.7964742e-07	1.158684e-06	0.0016718169	0.12957804	-1.3088033e-17	-1.0872023e-17	9.667355e-18	-8.870565e-18	0	-3.012798e-18
1.6800000000052642e-09	4.5244482e-07	1.1533689e-06	0.001671829	0.12957864	-1.3088034e-17	-1.0872055e-17	9.667377e-18	-8.8705575e-18	0	-3.0127982e-18
1.69000000000535e-09	5.619731e-07	1.1397016e-06	0.0016719596	0.12957901	-1.3088035e-17	-1.0872077e-17	9.667391e-18	-8.870551e-18	0	-3.0127982e-18
1.7000000000054357e-09	6.494818e-07	1.1199598e-06	0.0016721556	0.12957911	-1.30880355e-17	-1.0872095e-17	9.667404e-18	-8.870545e-18	0	-3.0127984e-18
1.7100000000055215e-09	6.74064e-07	1.0911067e-06	0.0016723104	0.12957901	-1.3088037e-17	-1.0872111e-17	9.667413e-18	-8.87054e-18	0	-3.012799e-18
1.7200000000056073e-09	6.8251114e-07	1.0637721e-06	0.0016722375	0.1295787	-1.3088039e-17	-1.0872124e-17	9.66742e-18	-8.870537e-18	0	-3.012799e-18
1.730000000005693e-09	7.1554047e-07	1.052003e-06	0.0016721479	0.12957826	-1.308804e-17	-1.08721294e-17	9.667424e-18	-8.870534e-18	0	-3.0127992e-18
1.7400000000057789e-09	7.804602e-07	1.1078112e-06	0.0016721586	0.12957765	-1.308804e-17	-1.0872133e-17	9.6674244e-18	-8.870532e-18	0	-3.0127992e-18
1.7500000000058647e-09	8.364582e-07	1.1195802e-06	0.0016722071	0.12957686	-1.3088039e-17	-1.0872132e-17	9.6674244e-18	-8.870532e-18	0	-3.0127992e-18
1.7600000000059504e-09	8.5221353e-07	1.0770598e-06	0.0016722406	0.12957601	-1.3088041e-17	-1.0872132e-17	9.667422e-18	-8.870532e-18	0	-3.0127998e-18
1.7700000000060362e-09	8.5695916e-07	1.0781987e-06	0.0016721373	0.12957507	-1.30880404e-17	-1.08721294e-17	9.66742e-18	-8.870532e-18	0	-3.0127998e-18
1.780000000006122e-09	8.4927126e-07	1.1283121e-06	0.0016720219	0.12957405	-1.3088041e-17	-1.0872125e-17	9.667417e-18	-8.8705335e-18	0	-3.0128e-18
1.7900000000062078e-09	8.902732e-07	1.1108483e-06	0.0016718853	0.12957305	-1.3088044e-17	-1.0872122e-17	9.667414e-18	-8.870535e-18	0	-3.0128e-18
1.8000000000062936e-09	9.2861757e-07	1.1040147e-06	0.0016717258	0.12957203	-1.3088044e-17	-1.08721195e-17	9.667411e-18	-8.870536e-18	0	-3.0128002e-18
1.8100000000063794e-09	9.022321e-07	1.1351458e-06	0.0016715314	0.129571	-1.30880446e-17	-1.0872115e-17	9.667408e-18	-8.870537e-18	0	-3.0128002e-18
1.8200000000064652e-09	9.1637395e-07	1.1313493e-06	0.0016713416	0.12956999	-1.3088044e-17	-1.0872112e-17	9.667406e-18	-8.8705385e-18	0	-3.0128004e-18
1.830000000006551e-09	1.0073944e-06	1.1427387e-06	0.0016712717	0.12956902	-1.3088046e-17	-1.0872108e-17	9.667403e-18	-8.87054e-18	0	-3.0128004e-18
1.8400000000066367e-09	1.0705108e-06	1.1624804e-06	0.0016712444	0.12956803	-1.3088045e-17	-1.0872103e-17	9.6674e-18	-8.870543e-18	0	-3.0128004e-18
1.8500000000067225e-09	1.1354305e-06	1.2012044e-06	0.0016712672	0.12956706	-1.3088047e-17	-1.0872099e-17	9.667395e-18	-8.870543e-18	0	-3.0128009e-18
1.8600000000068083e-09	1.1565959e-06	1.2023434e-06	0.0016712991	0.1295661	-1.3088049e-17	-1.0872095e-17	9.667391e-18	-8.870544e-18	0	-3.0128009e-18
1.870000000006742e-09	1.1678903e-06	1.2543551e-06	0.0016713127	0.12956516	-1.30880495e-17	-1.0872091e-17	9.66739e-18	-8.870545e-18	0	-3.0128009e-18
1.880000000006621e-09	1.1636193e-06	1.3139597e-06	0.0016713659	0.12956423	-1.30880495e-17	-1.087209e-17	9.667387e-18	-8.870545e-18	0	-3.012801e-18
1.8900000000065e-09	1.2045264e-06	1.3044686e-06	0.001671372	0.12956327	-1.30880495e-17	-1.0872087e-17	9.667385e-18	-8.870547e-18	0	-3.0128009e-18
1.900000000006379e-09	1.214492e-06	1.2505586e-06	0.0016713309	0.12956233	-1.3088052e-17	-1.0872085e-17	9.667383e-18	-8.870548e-18	0	-3.012801e-18
1.910000000006258e-09	1.2474266e-06	1.2323355e-06	0.0016712748	0.12956141	-1.3088053e-17	-1.08720815e-17	9.667381e-18	-8.870548e-18	0	-3.012801e-18
1.920000000006137e-09	1.2767542e-06	1.2923198e-06	0.0016712459	0.1295605	-1.3088052e-17	-1.0872081e-17	9.667379e-18	-8.870549e-18	0	-3.012801e-18
1.930000000006016e-09	1.3185155e-06	1.3447111e-06	0.0016712231	0.1295596	-1.3088053e-17	-1.0872078e-17	9.667377e-18	-8.870551e-18	0	-3.0128015e-18
1.940000000005895e-09	1.3483178e-06	1.3777404e-06	0.0016712019	0.12955871	-1.3088055e-17	-1.08720765e-17	9.667375e-18	-8.8705525e-18	0	-3.0128015e-18
1.950000000005774e-09	1.3802082e-06	1.3955839e-06	0.0016711517	0.12955782	-1.3088053e-17	-1.0872074e-17	9.667374e-18	-8.870552e-18	0	-3.0128015e-18
1.960000000005653e-09	1.4375349e-06	1.4084919e-06	0.0016711032	0.12955694	-1.30880545e-17	-1.0872073e-17	9.667372e-18	-8.8705525e-18	0	-3.0128015e-18
1.9700000000055318e-09	1.4747404e-06	1.4350672e-06	0.0016710045	0.12955609	-1.3088056e-17	-1.08720715e-17	9.66737e-18	-8.870555e-18	0	-3.0128015e-18
1.9800000000054108e-09	1.5307384e-06	1.4578461e-06	0.0016709027	0.12955523	-1.3088056e-17	-1.0872069e-17	9.667369e-18	-8.870553e-18	0	-3.0128015e-18
1.9900000000052898e-09	1.5719302e-06	1.4601239e-06	0.0016708313	0.12955439	-1.3088057e-17	-1.0872068e-17	9.667368e-18	-8.870555e-18	0	-3.0128019e-18
2.0000000000051688e-09	1.5929056e-06	1.4680966e-06	0.0016707615	0.12955357	-1.3088057e-17	-1.0872066e-17	9.6673665e-18	-8.870556e-18	0	-3.0128019e-18
2.0100000000050478e-09	1.6007833e-06	1.4555682e-06	0.0016706794	0.12955278	-1.3088057e-17	-1.0872065e-17	9.667366e-18	-8.8705575e-18	0	-3.012802e-18
2.0200000000049267e-09	1.6665573e-06	1.4479753e-06	0.0016706279	0.12955198	-1.3088057e-17	-1.0872063e-17	9.667365e-18	-8.870557e-18	0	-3.012802e-18
2.0300000000048057e-09	1.7571032e-06	1.4293726e-06	0.0016705854	0.1295512	-1.3088059e-17	-1.0872062e-17	9.667363e-18	-8.8705575e-18	0	-3.012802e-18
2.0400000000046847e-09	1.7932646e-06	1.4449381e-06	0.0016705884	0.12955043	-1.3088059e-17	-1.0872061e-17	9.667363e-18	-8.870558e-18	0	-3.012802e-18
2.0500000000045637e-09	1.8587538e-06	1.491255e-06	0.0016705701	0.12954968	-1.30880595e-17	-1.0872061e-17	9.6673616e-18	-8.870558e-18	0	-3.0128025e-18
2.0600000000044427e-09	1.9233887e-06	1.5330163e-06	0.0016705397	0.12954897	-1.3088061e-17	-1.087206e-17	9.667361e-18	-8.87056e-18	0	-3.0128025e-18
2.0700000000043217e-09	1.9557538e-06	1.5607305e-06	0.0016704972	0.12954825	-1.308806e-17	-1.08720575e-17	9.66736e-18	-8.87056e-18	0	-3.0128025e-18
2.0800000000042007e-09	1.9667634e-06	1.6271688e-06	0.0016704608	0.12954754	-1.3088061e-17	-1.08720575e-17	9.66736e-18	-8.870561e-18	0	-3.0128025e-18
2.0900000000040797e-09	2.0181108e-06	1.6476698e-06	0.0016704395	0.1295468	-1.3088063e-17	-1.0872057e-17	9.667359e-18	-8.870562e-18	0	-3.0128031e-18
2.1000000000039587e-09	2.0385169e-06	1.6734858e-06	0.0016704455	0.1295461	-1.3088064e-17	-1.0872056e-17	9.6673574e-18	-8.8705625e-18	0	-3.0128031e-18
2.1100000000038377e-09	2.0700274e-06	1.6814585e-06	0.0016704669	0.12954544	-1.3088064e-17	-1.0872055e-17	9.667357e-18	-8.8705625e-18	0	-3.0128031e-18
2.1200000000037166e-09	2.1149208e-06	1.6871531e-06	0.0016704882	0.12954473	-1.3088064e-17	-1.0872054e-17	9.667357e-18	-8.870564e-18	0	-3.0128031e-18
2.1300000000035956e-09	2.1388387e-06	1.7539711e-06	0.0016704638	0.12954403	-1.3088065e-17	-1.08720525e-17	9.667356e-18	-8.870564e-18	0	-3.0128033e-18
2.1400000000034746e-09	2.1271644e-06	1.8143351e-06	0.001670413	0.1295434	-1.30880644e-17	-1.0872052e-17	9.667355e-18	-8.870564e-18	0	-3.0128033e-18
2.1500000000033536e-09	2.1151106e-06	1.8435678e-06	0.0016703856	0.12954272	-1.3088067e-17	-1.0872052e-17	9.667353e-18	-8.870565e-18	0	-3.0128035e-18
2.1600000000032326e-09	2.124412e-06	1.915701e-06	0.0016703287	0.12954205	-1.3088065e-17	-1.0872051e-17	9.667353e-18	-8.870565e-18	0	-3.0128035e-18
2.1700000000031116e-09	2.1357066e-06	1.9734073e-06	0.0016702315	0.1295414	-1.3088065e-17	-1.087205e-17	9.667353e-18	-8.870566e-18	0	-3.0128035e-18
2.1800000000029906e-09	2.1666478e-06	2.0022605e-06	0.001670148	0.12954074	-1.3088066e-17	-1.0872048e-17	9.6673525e-18	-8.870566e-18	0	-3.0128038e-18
2.1900000000028696e-09	2.1942672e-06	2.071736e-06	0.0016700963	0.12954009	-1.3088067e-17	-1.0872048e-17	9.667352e-18	-8.870566e-18	0	-3.0128038e-18
2.2000000000027486e-09	2.2066058e-06	2.2027143e-06	0.0016700902	0.12953945	-1.3088068e-17	-1.0872048e-17	9.667352e-18	-8.870567e-18	0	-3.0128038e-18
2.2100000000026276e-09	2.217141e-06	2.2551058e-06	0.0016700538	0.1295388	-1.30880686e-17	-1.08720476e-17	9.667351e-18	-8.870568e-18	0	-3.0128038e-18
2.2200000000025065e-09	2.2813012e-06	2.274088e-06	0.0016699779	0.1295382	-1.3088067e-17	-1.0872046e-17	9.667351e-18	-8.870568e-18	0	-3.0128042e-18
2.2300000000023855e-09	2.365583e-06	2.2938298e-06	0.0016698686	0.12953758	-1.3088069e-17	-1.0872046e-17	9.667349e-18	-8.870569e-18	0	-3.0128042e-18
2.2400000000022645e-09	2.458122e-06	2.3242014e-06	0.0016697372	0.12953699	-1.3088071e-17	-1.0872046e-17	9.667348e-18	-8.87057e-18	0	-3.0128042e-18
2.2500000000021435e-09	2.4997885e-06	2.3598884e-06	0.0016696309	0.12953639	-1.3088069e-17	-1.0872044e-17	9.667348e-18	-8.870569e-18	0	-3.0128044e-18
2.2600000000020225e-09	2.5016866e-06	2.400131e-06	0.0016695192	0.12953578	-1.3088069e-17	-1.08720434e-17	9.6673475e-18	-8.870571e-18	0	-3.0128044e-18
2.2700000000019015e-09	2.4825144e-06	2.4585968e-06	0.0016694054	0.1295352	-1.3088071e-17	-1.0872043e-17	9.667347e-18	-8.870571e-18	0	-3.0128044e-18
2.2800000000017805e-09	2.527313e-06	2.5113677e-06	0.0016692915	0.12953465	-1.308807e-17	-1.0872042e-17	9.667347e-18	-8.870571e-18	0	-3.0128044e-18
2.2900000000016595e-09	2.5633794e-06	2.5816025e-06	0.0016692345	0.12953407	-1.3088073e-17	-1.0872042e-17	9.667345e-18	-8.870572e-18	0	-3.0128044e-18
2.3000000000015385e-09	2.6070388e-06	2.6647451e-06	0.0016691426	0.12953351	-1.3088072e-17	-1.087204e-17	9.667345e-18	-8.870572e-18	0	-3.0128048e-18
2.3100000000014175e-09	2.6480407e-06	2.7065064e-06	0.0016690454	0.12953298	-1.3088072e-17	-1.0872039e-17	9.667344e-18	-8.870572e-18	0	-3.0128048e-18
2.3200000000012965e-09	2.6942628e-06	2.7805377e-06	0.0016690044	0.12953243	-1.3088073e-17	-1.0872039e-17	9.667344e-18	-8.870573e-18	0	-3.0128048e-18
2.3300000000011754e-09	2.737258e-06	2.85343e-06	0.0016689809	0.12953189	-1.3088073e-17	-1.0872039e-17	9.667344e-18	-8.870573e-18	0	-3.0128048e-18
2.3400000000010544e-09	2.771616e-06	2.905062e-06	0.001668949	0.12953134	-1.3088074e-17	-1.08720385e-17	9.667343e-18	-8.870574e-18	0	-3.0128048e-18
2.3500000000009334e-09	2.8661482e-06	2.9506198e-06	0.0016689316	0.1295308	-1.3088072e-17	-1.0872038e-17	9.667343e-18	-8.870574e-18	0	-3.0128052e-18
2.3600000000008124e-09	2.9680834e-06	2.964287e-06	0.0016689164	0.12953027	-1.3088074e-17	-1.0872038e-17	9.6673425e-18	-8.870574e-18	0	-3.0128052e-18
2.3700000000006914e-09	3.048474e-06	2.9445455e-06	0.0016689202	0.12952973	-1.3088074e-17	-1.0872036e-17	9.667342e-18	-8.870575e-18	0	-3.0128052e-18
2.3800000000005704e-09	3.0948859e-06	2.9468233e-06	0.0016689156	0.12952922	-1.3088076e-17	-1.0872035e-17	9.667342e-18	-8.8705765e-18	0	-3.0128052e-18
2.3900000000004494e-09	3.1252575e-06	2.9961775e-06	0.0016689035	0.1295287	-1.3088074e-17	-1.0872034e-17	9.66734e-18	-8.870575e-18	0	-3.0128056e-18
2.4000000000003284e-09	3.1888485e-06	3.065653e-06	0.001668883	0.12952818	-1.3088074e-17	-1.0872034e-17	9.667339e-18	-8.8705765e-18	0	-3.0128054e-18
2.4100000000002074e-09	3.2790147e-06	3.1487957e-06	0.0016688921	0.12952766	-1.3088077e-17	-1.08720335e-17	9.667339e-18	-8.870577e-18	0	-3.0128054e-18
2.4200000000000864e-09	3.3569374e-06	3.2285216e-06	0.0016688997	0.12952717	-1.3088076e-17	-1.0872033e-17	9.667339e-18	-8.870577e-18	0	-3.0128056e-18
2.4300099999999652e-09	3.429545e-06	3.3135627e-06	0.0016689195	0.12952664	-1.3088077e-17	-1.0872033e-17	9.667338e-18	-8.870577e-18	0	-3.0128056e-18
2.4400099999998442e-09	3.4808922e-06	3.409993e-06	0.001668899	0.12952614	-1.3088078e-17	-1.0872031e-17	9.6673376e-18	-8.870578e-18	0	-3.0128056e-18
2.450009999999723e-09	3.5657436e-06	3.4768111e-06	0.0016688404	0.12952563	-1.3088077e-17	-1.087203e-17	9.6673376e-18	-8.870579e-18	0	-3.0128056e-18
2.460009999999602e-09	3.6291447e-06	3.5170538e-06	0.0016688177	0.12952513	-1.308808e-17	-1.0872031e-17	9.667336e-18	-8.870579e-18	0	-3.0128056e-18
2.470009999999481e-09	3.6856172e-06	3.5481848e-06	0.0016687798	0.1295246	-1.30880785e-17	-1.087203e-17	9.667336e-18	-8.870578e-18	0	-3.0128062e-18
2.48000999999936e-09	3.7530995e-06	3.5755195e-06	0.0016687645	0.1295241	-1.308808e-17	-1.087203e-17	9.667336e-18	-8.87058e-18	0	-3.0128062e-18
2.490009999999239e-09	3.7948607e-06	3.6324666e-06	0.0016687341	0.12952362	-1.30880785e-17	-1.0872029e-17	9.667336e-18	-8.87058e-18	0	-3.0128064e-18
2.500009999999118e-09	3.818304e-06	3.7228226e-06	0.0016687015	0.12952313	-1.3088079e-17	-1.0872029e-17	9.667336e-18	-8.87058e-18	0	-3.0128064e-18
2.510009999998997e-09	3.879522e-06	3.8101416e-06	0.0016686925	0.12952264	-1.3088079e-17	-1.0872029e-17	9.667336e-18	-8.870579e-18	0	-3.0128064e-18
2.520009999998876e-09	3.956211e-06	3.8678477e-06	0.001668681	0.12952219	-1.3088081e-17	-1.08720285e-17	9.667335e-18	-8.8705815e-18	0	-3.0128062e-18
2.530009999998755e-09	4.017809e-06	3.9137853e-06	0.0016686582	0.1295217	-1.3088083e-17	-1.08720285e-17	9.667334e-18	-8.87058e-18	0	-3.0128067e-18
2.540009999998634e-09	4.0633663e-06	3.990474e-06	0.0016686067	0.12952124	-1.308808e-17	-1.0872026e-17	9.667334e-18	-8.8705815e-18	0	-3.0128067e-18
2.550009999998513e-09	4.1075004e-06	4.1222115e-06	0.001668561	0.12952076	-1.3088081e-17	-1.0872027e-17	9.667334e-18	-8.8705815e-18	0	-3.0128067e-18
2.560009999998392e-09	4.163593e-06	4.3010255e-06	0.001668533	0.12952031	-1.3088082e-17	-1.0872027e-17	9.667334e-18	-8.870582e-18	0	-3.0128067e-18
2.570009999998271e-09	4.1946296e-06	4.4494677e-06	0.0016685269	0.12951985	-1.3088081e-17	-1.0872027e-17	9.667334e-18	-8.8705815e-18	0	-3.0128067e-18
2.58000999999815e-09	4.253095e-06	4.5732327e-06	0.0016685177	0.1295194	-1.3088082e-17	-1.0872027e-17	9.667334e-18	-8.870582e-18	0	-3.0128069e-18
2.590009999998029e-09	4.3518985e-06	4.636634e-06	0.0016685056	0.12951894	-1.3088081e-17	-1.0872026e-17	9.667334e-18	-8.870582e-18	0	-3.0128069e-18
2.600009999997908e-09	4.485439e-06	4.669663e-06	0.0016684699	0.1295185	-1.3088081e-17	-1.0872025e-17	9.667334e-18	-8.870583e-18	0	-3.0128069e-18
2.610009999997787e-09	4.618031e-06	4.7478707e-06	0.0016684198	0.12951808	-1.3088082e-17	-1.0872025e-17	9.6673334e-18	-8.870583e-18	0	-3.0128069e-18
2.620009999997666e-09	4.725851e-06	4.7979843e-06	0.0016683864	0.12951766	-1.30880834e-17	-1.0872024e-17	9.667332e-18	-8.870584e-18	0	-3.012807e-18
2.630009999997545e-09	4.8672696e-06	4.8127904e-06	0.0016683605	0.12951723	-1.3088084e-17	-1.0872023e-17	9.667331e-18	-8.870584e-18	0	-3.012807e-18
2.640009999997424e-09	5.0122003e-06	4.874673e-06	0.0016683538	0.12951681	-1.3088084e-17	-1.0872023e-17	9.66733e-18	-8.870586e-18	0	-3.012807e-18
2.650009999997303e-09	5.1345414e-06	4.9559176e-06	0.0016683469	0.1295164	-1.30880834e-17	-1.0872021e-17	9.66733e-18	-8.870586e-18	0	-3.012807e-18
2.660009999997182e-09	5.237521e-06	5.0246335e-06	0.0016683234	0.12951599	-1.3088084e-17	-1.087202e-17	9.667328e-18	-8.870586e-18	0	-3.012807e-18
2.670009999997061e-09	5.333382e-06	5.1419447e-06	0.0016682558	0.1295156	-1.30880834e-17	-1.0872019e-17	9.667329e-18	-8.8705865e-18	0	-3.0128075e-18
2.68000999999694e-09	5.47015e-06	5.250144e-06	0.0016682171	0.12951522	-1.3088087e-17	-1.087202e-17	9.667327e-18	-8.8705865e-18	0	-3.0128075e-18
2.690009999996819e-09	5.588315e-06	5.369733e-06	0.0016682353	0.12951484	-1.30880834e-17	-1.0872018e-17	9.667327e-18	-8.8705865e-18	0	-3.0128075e-18
2.700009999996698e-09	5.7028738e-06	5.4540146e-06	0.0016682672	0.12951447	-1.3088085e-17	-1.0872018e-17	9.667326e-18	-8.8705865e-18	0	-3.0128075e-18
2.710009999996577e-09	5.8212286e-06	5.5641126e-06	0.0016682536	0.12951408	-1.3088085e-17	-1.0872017e-17	9.667326e-18	-8.8705865e-18	0	-3.0128075e-18
2.720009999996456e-09	5.9465124e-06	5.6848403e-06	0.0016682247	0.1295137	-1.3088085e-17	-1.0872016e-17	9.667325e-18	-8.870587e-18	0	-3.0128075e-18
2.730009999996335e-09	6.038482e-06	5.802531e-06	0.0016682042	0.12951335	-1.3088087e-17	-1.08720145e-17	9.667325e-18	-8.870587e-18	0	-3.0128077e-18
2.740009999996214e-09	6.174965e-06	5.939204e-06	0.001668192	0.12951297	-1.3088088e-17	-1.0872016e-17	9.6673235e-18	-8.870588e-18	0	-3.0128077e-18
2.750009999996093e-09	6.287436e-06	6.0872667e-06	0.0016681799	0.1295126	-1.3088088e-17	-1.08720145e-17	9.667323e-18	-8.870588e-18	0	-3.0128079e-18
2.760009999995972e-09	6.3607076e-06	6.1897717e-06	0.0016681905	0.12951224	-1.3088086e-17	-1.0872014e-17	9.6673235e-18	-8.870588e-18	0	-3.0128077e-18
2.770009999995851e-09	6.4495453e-06	6.3139164e-06	0.0016682467	0.12951188	-1.3088086e-17	-1.0872013e-17	9.6673235e-18	-8.87059e-18	0	-3.0128079e-18
2.78000999999573e-09	6.5439826e-06	6.466155e-06	0.0016683029	0.12951154	-1.3088088e-17	-1.0872014e-17	9.6673235e-18	-8.87059e-18	0	-3.0128079e-18
2.790009999995609e-09	6.6118446e-06	6.627505e-06	0.0016683348	0.12951118	-1.30880876e-17	-1.0872014e-17	9.6673235e-18	-8.87059e-18	0	-3.0128077e-18
2.800009999995488e-09	6.712451e-06	6.768354e-06	0.0016683872	0.12951082	-1.30880876e-17	-1.0872014e-17	9.6673235e-18	-8.87059e-18	0	-3.012808e-18
2.810009999995367e-09	6.838779e-06	6.9114813e-06	0.0016684062	0.12951048	-1.3088088e-17	-1.0872013e-17	9.667323e-18	-8.870591e-18	0	-3.012808e-18
2.820009999995246e-09	6.945175e-06	7.088397e-06	0.0016684092	0.12951012	-1.30880876e-17	-1.08720145e-17	9.6673235e-18	-8.870591e-18	0	-3.012808e-18
2.830009999995125e-09	7.0508117e-06	7.245571e-06	0.0016683872	0.12950979	-1.3088091e-17	-1.08720145e-17	9.6673235e-18	-8.870591e-18	0	-3.0128085e-18
2.840009999995004e-09	7.187295e-06	7.3849014e-06	0.0016683864	0.12950945	-1.3088089e-17	-1.0872014e-17	9.6673235e-18	-8.870591e-18	0	-3.0128085e-18
2.850009999994883e-09	7.3397237e-06	7.5189173e-06	0.0016684084	0.1295091	-1.3088089e-17	-1.0872013e-17	9.6673235e-18	-8.8705914e-18	0	-3.0128085e-18
2.860009999994762e-09	7.4901586e-06	7.635089e-06	0.0016684304	0.12950878	-1.3088091e-17	-1.0872014e-17	9.667323e-18	-8.8705914e-18	0	-3.0128085e-18
2.870009999994641e-09	7.6263573e-06	7.770243e-06	0.0016684228	0.12950844	-1.3088091e-17	-1.0872013e-17	9.6673235e-18	-8.870592e-18	0	-3.0128085e-18
2.8800099999945198e-09	7.761322e-06	7.92476e-06	0.0016683682	0.12950811	-1.308809e-17	-1.0872013e-17	9.667323e-18	-8.8705914e-18	0	-3.0128085e-18
2.8900099999943988e-09	7.8935345e-06	8.125214e-06	0.0016682816	0.1295078	-1.3088091e-17	-1.0872014e-17	9.6673235e-18	-8.870592e-18	0	-3.0128085e-18
2.9000099999942778e-09	8.050139e-06	8.298333e-06	0.0016681958	0.12950747	-1.30880925e-17	-1.08720145e-17	9.667325e-18	-8.870592e-18	0	-3.0128087e-18
2.9100099999941568e-09	8.241292e-06	8.456646e-06	0.0016681344	0.12950718	-1.3088091e-17	-1.0872014e-17	9.6673235e-18	-8.870592e-18	0	-3.0128085e-18
2.9200099999940357e-09	8.426369e-06	8.602051e-06	0.0016681191	0.1295069	-1.3088091e-17	-1.08720145e-17	9.667325e-18	-8.870592e-18	0	-3.0128085e-18
2.9300099999939147e-09	8.580411e-06	8.76454e-06	0.0016681055	0.12950662	-1.30880925e-17	-1.08720145e-17	9.6673235e-18	-8.870594e-18	0	-3.0128085e-18
2.9400099999937937e-09	8.710061e-06	8.93728e-06	0.0016680751	0.12950635	-1.3088091e-17	-1.08720145e-17	9.6673235e-18	-8.870594e-18	0	-3.0128087e-18
2.9500099999936727e-09	8.868943e-06	9.100529e-06	0.0016680706	0.1295061	-1.30880925e-17	-1.0872013e-17	9.6673235e-18	-8.870595e-18	0	-3.0128087e-18
2.9600099999935517e-09	9.035798e-06	9.223155e-06	0.0016680538	0.12950584	-1.3088091e-17	-1.0872013e-17	9.6673235e-18	-8.870594e-18	0	-3.0128087e-18
2.9700099999934307e-09	9.165543e-06	9.347678e-06	0.001668047	0.12950559	-1.30880925e-17	-1.0872013e-17	9.667323e-18	-8.870594e-18	0	-3.0128087e-18
2.9800099999933097e-09	9.301742e-06	9.450943e-06	0.0016681077	0.12950534	-1.30880925e-17	-1.0872013e-17	9.667323e-18	-8.870595e-18	0	-3.0128087e-18
2.9900099999931887e-09	9.441452e-06	9.597867e-06	0.0016681639	0.12950511	-1.3088094e-17	-1.0872012e-17	9.667322e-18	-8.8705956e-18	0	-3.012809e-18
3.0000099999930677e-09	9.642475e-06	9.776681e-06	0.0016682057	0.12950487	-1.3088095e-17	-1.0872013e-17	9.667322e-18	-8.870595e-18	0	-3.0128091e-18
