# t (s)	mx ()	my ()	mz ()	spinAngle (rad)	E_total (J)	E_anis (J)	E_demag (J)	E_exch (J)	E_therm (J)	E_custom (J)
0	0	0	0	0.0015184366	5.486178e-17	-5.02704e-16	6.294514e-16	3.520001e-18	0	-7.54056e-17
1.0000000000000124e-11	3.642411e-10	3.7941783e-10	0.0013077735	0.007998928	4.2727025e-17	-4.9270064e-16	6.1820927e-16	-8.070036e-18	0	-7.4711555e-17
2.0009999999999403e-11	1.0424505e-09	1.7149686e-09	0.0041204654	0.011259609	3.8128533e-17	-4.7769117e-16	6.000146e-16	-1.0589633e-17	0	-7.360527e-17
3.000999999999824e-11	1.7529104e-09	2.3561848e-09	0.00751539	0.01480505	3.2838382e-17	-4.620532e-16	5.800101e-16	-1.2870521e-17	0	-7.224796e-17
4.000000000000001e-11	2.230977e-09	2.0962836e-09	0.010141749	0.018400045	2.6370232e-17	-4.5096717e-16	5.6522164e-16	-1.6556275e-17	0	-7.1327976e-17
5.0000000000001785e-11	2.6255713e-09	1.4550674e-09	0.011446308	0.02152087	1.9361334e-17	-4.430532e-16	5.549199e-16	-2.1420456e-17	0	-7.108492e-17
6.00000000000024e-11	3.6120578e-09	1.3355508e-09	0.011630026	0.024137124	1.2344123e-17	-4.3498009e-16	5.449391e-16	-2.640189e-17	0	-7.1213005e-17
7.000999999999771e-11	5.9265064e-09	2.3751556e-09	0.01118733	0.026327513	5.49358e-18	-4.248392e-16	5.326487e-16	-3.0921556e-17	0	-7.1394376e-17
8.000999999999302e-11	8.908731e-09	4.826195e-09	0.010672233	0.028196216	-1.2011275e-18	-4.1178732e-16	5.1679254e-16	-3.476977e-17	0	-7.143655e-17
9.000999999998834e-11	1.25169946e-08	8.559667e-09	0.010605608	0.02992817	-7.909794e-18	-3.9600416e-16	4.9730607e-16	-3.796165e-17	0	-7.125008e-17
1.0000999999998365e-10	1.5100829e-08	1.16557155e-08	0.011350819	0.031670116	-1.4843609e-17	-3.7935186e-16	4.7616365e-16	-4.078793e-17	0	-7.086753e-17
1.1000999999997896e-10	1.5298127e-08	1.2141371e-08	0.0126872575	0.033293705	-2.2016463e-17	-3.6425905e-16	4.565308e-16	-4.3812892e-17	0	-7.047531e-17
1.2000999999997891e-10	1.4402701e-08	1.0259458e-08	0.013901725	0.03456476	-2.915047e-17	-3.5101869e-16	4.3932155e-16	-4.7226977e-17	0	-7.022637e-17
1.3000999999998715e-10	1.2185953e-08	7.834978e-09	0.01461302	0.03551075	-3.598215e-17	-3.3862845e-16	4.2344614e-16	-5.0686604e-17	0	-7.011328e-17
1.400099999999954e-10	9.713097e-09	6.4633827e-09	0.014871522	0.036269907	-4.240957e-17	-3.2647387e-16	4.0804386e-16	-5.3874234e-17	0	-7.010531e-17
1.5000000000000362e-10	8.0588345e-09	6.2831593e-09	0.014853737	0.036964856	-4.8432358e-17	-3.143773e-16	3.92812e-16	-5.6666425e-17	0	-7.0200575e-17
1.6000000000001186e-10	6.4197496e-09	7.315176e-09	0.014709405	0.037663948	-5.4114778e-17	-3.022715e-16	3.7762563e-16	-5.907305e-17	0	-7.039587e-17
1.700000000000201e-10	5.767151e-09	9.530976e-09	0.014536892	0.038356718	-5.951679e-17	-2.9011522e-16	3.6241205e-16	-6.1148116e-17	0	-7.0665504e-17
1.8000000000002833e-10	5.2207896e-09	1.17771295e-08	0.0144083435	0.039128173	-6.46979e-17	-2.7779218e-16	3.4701632e-16	-6.294869e-17	0	-7.097334e-17
1.9000000000003657e-10	5.1600826e-09	1.4691058e-08	0.014369582	0.039783094	-6.9711235e-17	-2.6516078e-16	3.312571e-16	-6.454725e-17	0	-7.126028e-17
2.000000000000448e-10	5.038669e-09	1.851559e-08	0.014441828	0.040517334	-7.460137e-17	-2.5201313e-16	3.14866e-16	-6.5948615e-17	0	-7.150563e-17
2.1000000000005304e-10	4.613721e-09	2.1672347e-08	0.014681327	0.041091356	-7.9386244e-17	-2.3831433e-16	2.9781448e-16	-6.721914e-17	0	-7.166731e-17
2.2000000000006128e-10	4.977962e-09	2.5193344e-08	0.01504729	0.041528523	-8.411853e-17	-2.239498e-16	2.7994942e-16	-6.839307e-17	0	-7.172507e-17
2.3000000000006952e-10	4.4316004e-09	2.719667e-08	0.015603008	0.042060602	-8.878065e-17	-2.0877537e-16	2.6108655e-16	-6.934734e-17	0	-7.174447e-17
2.4000000000005925e-10	5.2359663e-09	2.8775048e-08	0.016234621	0.042135607	-9.3419906e-17	-1.9313553e-16	2.4169794e-16	-7.036473e-17	0	-7.1617595e-17
2.5000000000004163e-10	6.5240897e-09	3.0323072e-08	0.01683563	0.042785544	-9.808301e-17	-1.7656535e-16	2.2112144e-16	-7.101342e-17	0	-7.1625635e-17
2.60000000000024e-10	9.291943e-09	3.126403e-08	0.017617855	0.043238778	-1.02654107e-16	-1.6005472e-16	2.0063622e-16	-7.1722224e-17	0	-7.1513384e-17
2.700000000000064e-10	1.4848517e-08	3.2387106e-08	0.018061263	0.043530323	-1.0743189e-16	-1.4324361e-16	1.7974926e-16	-7.266086e-17	0	-7.127668e-17
2.800099999999888e-10	2.0331104e-08	3.1567563e-08	0.018347561	0.044694267	-1.1229055e-16	-1.2548689e-16	1.574544e-16	-7.2872124e-17	0	-7.1385945e-17
2.9000999999997117e-10	2.5663823e-08	2.9017876e-08	0.018392062	0.045427844	-1.1719651e-16	-1.0957522e-16	1.3739e-16	-7.396241e-17	0	-7.104888e-17
3.0000999999995355e-10	2.7621619e-08	2.3129312e-08	0.016817812	0.046968065	-1.2228899e-16	-9.5125135e-17	1.189307e-16	-7.4902045e-17	0	-7.1192524e-17
3.1000999999993594e-10	2.221112e-08	1.17771295e-08	0.010947871	0.049141224	-1.26794e-16	-8.756667e-17	1.091838e-16	-7.603142e-17	0	-7.2379706e-17
3.2000999999991833e-10	1.2308314e-08	-8.4989593e-10	0.0034620797	0.05073938	-1.3042662e-16	-8.843771e-17	1.10074e-16	-7.8612387e-17	0	-7.3450535e-17
3.300099999999007e-10	2.5648645e-09	-1.2080664e-08	-0.0016353809	0.051420525	-1.3345056e-16	-9.2664207e-17	1.1516882e-16	-8.197109e-17	0	-7.398407e-17
3.400099999998831e-10	-4.1432426e-09	-2.064033e-08	-0.004030857	0.051552124	-1.3591545e-16	-9.714548e-17	1.206292e-16	-8.520491e-17	0	-7.419427e-17
3.500099999998655e-10	-8.423076e-09	-2.6225361e-08	-0.0047890646	0.05151885	-1.3782066e-16	-1.0107745e-16	1.254612e-16	-8.794096e-17	0	-7.426345e-17
3.600099999998479e-10	-1.1488772e-08	-2.8592929e-08	-0.004830259	0.051555064	-1.3924598e-16	-1.0445211e-16	1.2964052e-16	-9.0150696e-17	0	-7.42837e-17
3.7000999999983027e-10	-1.412952e-08	-2.8775048e-08	-0.0047392235	0.051762138	-1.4031735e-16	-1.07382417e-16	1.332836e-16	-9.193206e-17	0	-7.428646e-17
3.8000999999981266e-10	-1.712692e-08	-2.8471515e-08	-0.0047956486	0.05213877	-1.411563e-16	-1.0992404e-16	1.364441e-16	-9.340504e-17	0	-7.427132e-17
3.9000999999979505e-10	-2.0276088e-08	-2.9017876e-08	-0.004991913	0.052643687	-1.4185453e-16	-1.1211328e-16	1.3917392e-16	-9.4684195e-17	0	-7.423097e-17
4.0000999999977743e-10	-2.4332065e-08	-3.18711e-08	-0.0052396967	0.053266346	-1.4247058e-16	-1.1394152e-16	1.4146469e-16	-9.583727e-17	0	-7.415651e-17
4.100099999997598e-10	-2.9943656e-08	-3.72133e-08	-0.005567924	0.054044034	-1.43036e-16	-1.154307e-16	1.4332442e-16	-9.689251e-17	0	-7.4037204e-17
4.200099999997422e-10	-3.628752e-08	-4.5044484e-08	-0.0059709987	0.05500266	-1.4356602e-16	-1.1682151e-16	1.4504825e-16	-9.7921515e-17	0	-7.387121e-17
4.300099999997246e-10	-4.4202178e-08	-5.5425357e-08	-0.0062835054	0.05613416	-1.4407093e-16	-1.1838085e-16	1.4699055e-16	-9.901577e-17	0	-7.366487e-17
4.40009999999707e-10	-5.305779e-08	-6.659542e-08	-0.0063705174	0.05741769	-1.445614e-16	-1.2017072e-16	1.4923356e-16	-1.0020409e-16	0	-7.342015e-17
4.5000999999968937e-10	-6.3757376e-08	-7.9586684e-08	-0.0062688165	0.058831397	-1.450492e-16	-1.2217937e-16	1.5174431e-16	-1.0147925e-16	0	-7.3134916e-17
4.6000999999967176e-10	-7.5625564e-08	-9.212265e-08	-0.006083471	0.060376372	-1.4554856e-16	-1.2444354e-16	1.5456236e-16	-1.0285579e-16	0	-7.281157e-17
4.700099999996541e-10	-8.634032e-08	-1.0292847e-07	-0.0058352933	0.062065408	-1.4607684e-16	-1.2701055e-16	1.5775901e-16	-1.0436974e-16	0	-7.245556e-17
4.800099999996365e-10	-9.071881e-08	-1.0884739e-07	-0.005454056	0.06389829	-1.4665522e-16	-1.2989559e-16	1.6136404e-16	-1.06058524e-16	0	-7.2065166e-17
4.900099999996189e-10	-8.918216e-08	-1.10425766e-07	-0.0049219807	0.065882765	-1.4730712e-16	-1.3309029e-16	1.6536704e-16	-1.0796041e-16	0	-7.1623445e-17
5.000099999996013e-10	-8.334292e-08	-1.09226804e-07	-0.0044081206	0.0680603	-1.4805126e-16	-1.3657588e-16	1.6973717e-16	-1.1011133e-16	0	-7.1101216e-17
5.100099999995837e-10	-7.421792e-08	-1.0842244e-07	-0.0041982615	0.07048844	-1.4889258e-16	-1.4032565e-16	1.7443358e-16	-1.1252949e-16	0	-7.0471e-17
5.200099999995661e-10	-5.671538e-08	-1.1162473e-07	-0.004420097	0.07319165	-1.4982806e-16	-1.4432483e-16	1.7943868e-16	-1.152246e-16	0	-6.971727e-17
5.300099999995485e-10	-6.5411636e-09	-1.2132264e-07	-0.004898032	0.07611311	-1.5085143e-16	-1.4856422e-16	1.8474274e-16	-1.1818395e-16	0	-6.884599e-17
5.400099999995309e-10	1.06783354e-07	-1.5580414e-07	-0.005294235	0.07916877	-1.5195206e-16	-1.5298327e-16	1.9026541e-16	-1.2134144e-16	0	-6.789277e-17
5.500099999995133e-10	3.1468915e-07	-2.2448636e-07	-0.005304193	0.082313016	-1.5312492e-16	-1.5748383e-16	1.9587765e-16	-1.2460674e-16	0	-6.6912e-17
5.600099999994956e-10	6.167968e-07	-3.0667584e-07	-0.00483506	0.08547021	-1.5437056e-16	-1.6198056e-16	2.0146893e-16	-1.2789762e-16	0	-6.5961314e-17
5.70009999999478e-10	9.785869e-07	-3.655008e-07	-0.0040545478	0.0886159	-1.556834e-16	-1.6636877e-16	2.0691272e-16	-1.3114131e-16	0	-6.508604e-17
5.800099999994604e-10	1.3652099e-06	-3.7935712e-07	-0.0032383935	0.09174165	-1.5706003e-16	-1.7056185e-16	2.1211437e-16	-1.3430814e-16	0	-6.4304405e-17
5.900099999994428e-10	1.7538713e-06	-3.5105256e-07	-0.002653244	0.09485816	-1.5851942e-16	-1.7460323e-16	2.1714276e-16	-1.3744732e-16	0	-6.3611625e-17
6.000099999994252e-10	2.0973953e-06	-3.2327918e-07	-0.0025117216	0.097972386	-1.6010514e-16	-1.7859267e-16	2.221264e-16	-1.4064083e-16	0	-6.299802e-17
6.100099999994076e-10	2.3154457e-06	-3.428116e-07	-0.0029079642	0.101071216	-1.6186688e-16	-1.8248876e-16	2.2701502e-16	-1.4393357e-16	0	-6.245958e-17
6.2000999999939e-10	2.2997274e-06	-3.588382e-07	-0.003889727	0.10417509	-1.6383666e-16	-1.861338e-16	2.3161674e-16	-1.473292e-16	0	-6.199042e-17
6.300099999993724e-10	2.0449065e-06	-3.0388523e-07	-0.0054509025	0.107418515	-1.660124e-16	-1.8950357e-16	2.3589733e-16	-1.5080907e-16	0	-6.1597116e-17
6.400099999993547e-10	1.6669153e-06	-8.989167e-08	-0.0072320034	0.110858366	-1.6839e-16	-1.9281583e-16	2.4009668e-16	-1.5439126e-16	0	-6.127958e-17
6.500099999993371e-10	1.2210785e-06	3.8210032e-07	-0.008533476	0.11438147	-1.7094668e-16	-1.9638462e-16	2.445669e-16	-1.5810164e-16	0	-6.1027334e-17
6.600099999993195e-10	4.4156646e-08	1.2582824e-07	-0.008729651	0.117793374	-1.7418036e-16	-2.0019359e-16	2.4927491e-16	-1.6242447e-16	0	-6.083722e-17
6.700099999993019e-10	2.1523616e-07	7.712578e-07	-0.0070689525	0.121125475	-1.7701545e-16	-2.0350248e-16	2.5334684e-16	-1.6616724e-16	0	-6.0692584e-17
6.800099999992843e-10	2.8142938e-07	1.4262013e-06	-0.004026889	0.12433319	-1.7969633e-16	-2.0637525e-16	2.5686653e-16	-1.6953685e-16	0	-6.065076e-17
6.900099999992667e-10	3.2214092e-07	1.7438043e-06	-0.0007193188	0.12730496	-1.8228387e-16	-2.089247e-16	2.5999396e-16	-1.7256266e-16	0	-6.079045e-17
7.000099999992491e-10	4.417581e-07	1.5025553e-06	0.0021047047	0.13000685	-1.8481356e-16	-2.1137547e-16	2.6299327e-16	-1.7529136e-16	0	-6.114001e-17
7.100099999992315e-10	1.041244e-06	3.8366733e-07	0.0039960635	0.1323701	-1.8733832e-16	-2.1376106e-16	2.6592607e-16	-1.7783328e-16	0	-6.1670054e-17
7.200099999992138e-10	2.310958e-06	-7.8251134e-07	0.004672861	0.13437265	-1.8991e-16	-2.1606274e-16	2.687863e-16	-1.8031467e-16	0	-6.2318874e-17
7.300099999991962e-10	3.6540973e-06	-1.0284955e-06	0.004277594	0.13606317	-1.9252748e-16	-2.1824585e-16	2.7150379e-16	-1.8277665e-16	0	-6.300878e-17
7.400099999991786e-10	4.320021e-06	-5.764723e-07	0.0032828785	0.1375535	-1.9511004e-16	-2.2025324e-16	2.7396037e-16	-1.8512699e-16	0	-6.369018e-17
7.50009999999161e-10	4.1359276e-06	-3.2296047e-08	0.0021181514	0.13877226	-1.9757842e-16	-2.2201492e-16	2.761014e-16	-1.8733506e-16	0	-6.432987e-17
7.600099999991434e-10	3.2194362e-06	3.7868935e-07	0.0011169667	0.13970721	-1.9989685e-16	-2.235099e-16	2.779377e-16	-1.8943855e-16	0	-6.4886085e-17
7.700099999991258e-10	1.3770742e-06	4.4850222e-07	0.00044189114	0.1403654	-2.0202739e-16	-2.24765e-16	2.7949446e-16	-1.9140995e-16	0	-6.534686e-17
7.800099999991082e-10	-1.265055e-06	5.415051e-08	6.1954255e-05	0.14078882	-2.0394636e-16	-2.2585453e-16	2.808445e-16	-1.9318627e-16	0	-6.575006e-17
7.900099999990906e-10	-3.3947879e-06	-5.27664e-07	-5.1297535e-05	0.1410337	-2.0569077e-16	-2.2684577e-16	2.820773e-16	-1.9477495e-16	0	-6.614735e-17
8.00009999999073e-10	-3.832509e-06	-1.0837388e-06	1.8649145e-07	0.14127035	-2.0733782e-16	-2.2777685e-16	2.8325901e-16	-1.9626859e-16	0	-6.655144e-17
8.100099999990553e-10	-3.1656575e-06	-1.5805637e-06	-4.8590253e-05	0.14151812	-2.0892606e-16	-2.286433e-16	2.843709e-16	-1.9772073e-16	0	-6.6932934e-17
8.200099999990377e-10	-2.3727198e-06	-1.3875158e-06	-0.00033353013	0.14173922	-2.1041153e-16	-2.293685e-16	2.8530314e-16	-1.9905515e-16	0	-6.729103e-17
8.300099999990201e-10	-1.2974572e-06	-3.074195e-07	-0.00072042836	0.14188379	-2.1176785e-16	-2.298984e-16	2.8600742e-16	-2.0022612e-16	0	-6.765077e-17
8.400099999990025e-10	2.7454675e-08	6.5441986e-07	-0.001046489	0.14199454	-2.1299873e-16	-2.3037586e-16	2.8663441e-16	-2.0122544e-16	0	-6.8031867e-17
8.500099999989849e-10	9.263107e-07	7.989022e-07	-0.0011441691	0.14201607	-2.1410535e-16	-2.3076267e-16	2.871293e-16	-2.0203346e-16	0	-6.843852e-17
8.600099999989673e-10	1.1662697e-06	3.3315922e-07	-0.00093491276	0.141944	-2.150879e-16	-2.3095717e-16	2.8737845e-16	-2.0266228e-16	0	-6.8846864e-17
8.700099999989497e-10	1.1668616e-06	-2.7427356e-07	-0.000569756	0.14183551	-2.1595085e-16	-2.3105915e-16	2.875024e-16	-2.0318878e-16	0	-6.9205345e-17
8.800099999989321e-10	1.3664809e-06	-7.248398e-07	-0.00027832392	0.14171985	-2.1669979e-16	-2.311999e-16	2.8766615e-16	-2.0369991e-16	0	-6.946614e-17
8.900099999989144e-10	1.9080771e-06	-1.0898094e-06	-0.00017757046	0.14163183	-2.1734172e-16	-2.3140736e-16	2.8790968e-16	-2.042241e-16	0	-6.961997e-17
9.000099999988968e-10	2.6782802e-06	-1.6411491e-06	-0.00024415023	0.14155254	-2.1789119e-16	-2.3161518e-16	2.8815505e-16	-2.0473647e-16	0	-6.9694605e-17
9.100099999988792e-10	3.4345055e-06	-2.4791466e-06	-0.00036335323	0.14144328	-2.1836802e-16	-2.31777e-16	2.88344e-16	-2.0520305e-16	0	-6.973197e-17
9.200099999988616e-10	3.95578e-06	-3.4574982e-06	-0.00045298992	0.14128996	-2.1879052e-16	-2.3188726e-16	2.8846808e-16	-2.0560654e-16	0	-6.97648e-17
9.30009999998844e-10	4.1326493e-06	-4.352803e-06	-0.0005128256	0.14112192	-2.1917323e-16	-2.3196071e-16	2.8854537e-16	-2.0594936e-16	0	-6.980849e-17
9.400099999989161e-10	4.0221325e-06	-4.97007e-06	-0.0005666264	0.14097327	-2.1952512e-16	-2.320177e-16	2.886017e-16	-2.0624638e-16	0	-6.9862755e-17
9.50009999999002e-10	3.8454455e-06	-5.100833e-06	-0.0006235954	0.1408592	-2.1984925e-16	-2.3207334e-16	2.8865737e-16	-2.0651586e-16	0	-6.9917435e-17
9.600099999990877e-10	3.944094e-06	-4.5458505e-06	-0.0006846926	0.1407801	-2.2014431e-16	-2.3213827e-16	2.887266e-16	-2.0677302e-16	0	-6.995964e-17
9.700099999991735e-10	4.582305e-06	-3.3120446e-06	-0.0007414995	0.14072591	-2.2040803e-16	-2.3221427e-16	2.8880994e-16	-2.0702089e-16	0	-6.998283e-17
9.800099999992593e-10	5.6130466e-06	-1.8176846e-06	-0.00077780813	0.14068355	-2.2064134e-16	-2.322931e-16	2.8889477e-16	-2.0725283e-16	0	-6.9990227e-17
9.90009999999345e-10	6.5429845e-06	-6.285588e-07	-0.00078763685	0.14064375	-2.2084899e-16	-2.323666e-16	2.8897162e-16	-2.074647e-16	0	-6.998932e-17
1.0000099999994308e-09	6.967113e-06	4.3101867e-08	-0.00078062626	0.14061104	-2.2103683e-16	-2.3243198e-16	2.8903872e-16	-2.076557e-16	0	-6.998787e-17
1.0100099999995166e-09	6.8185936e-06	3.7261867e-07	-0.0007692043	0.14059196	-2.2120865e-16	-2.3248969e-16	2.8909806e-16	-2.0782509e-16	0	-6.9991934e-17
1.0200099999996024e-09	6.2935555e-06	5.8497125e-07	-0.0007592804	0.14058602	-2.2136661e-16	-2.3254225e-16	2.8915328e-16	-2.0797377e-16	0	-7.000386e-17
1.0300099999996882e-09	5.629013e-06	7.650278e-07	-0.0007525512	0.14059621	-2.2151177e-16	-2.3259223e-16	2.8920778e-16	-2.0810456e-16	0	-7.002278e-17
1.040009999999774e-09	4.9715422e-06	8.928764e-07	-0.00075115846	0.14062482	-2.2164482e-16	-2.3264062e-16	2.8926262e-16	-2.0822059e-16	0	-7.004625e-17
1.0500099999998598e-09	4.3670084e-06	9.235941e-07	-0.00075773394	0.14066695	-2.2176641e-16	-2.3268694e-16	2.8931668e-16	-2.0832467e-16	0	-7.00715e-17
1.0600099999999456e-09	3.7899288e-06	8.6458704e-07	-0.0007733258	0.14071402	-2.2187718e-16	-2.3273016e-16	2.8936824e-16	-2.084191e-16	0	-7.0096126e-17
1.0700000000000313e-09	3.2056557e-06	7.544648e-07	-0.00079660106	0.14076115	-2.2197783e-16	-2.3276947e-16	2.8941575e-16	-2.0850562e-16	0	-7.01185e-17
1.080000000000117e-09	2.5977374e-06	6.307442e-07	-0.0008243078	0.1408057	-2.2206957e-16	-2.3280465e-16	2.8945858e-16	-2.0858578e-16	0	-7.013771e-17
1.0900000000002028e-09	1.9655968e-06	5.110303e-07	-0.00085236965	0.14084342	-2.2215318e-16	-2.3283583e-16	2.8949675e-16	-2.0866076e-16	0	-7.015335e-17
1.1000000000002886e-09	1.3346402e-06	4.1317085e-07	-0.0008776164	0.14087392	-2.2222966e-16	-2.3286352e-16	2.895307e-16	-2.0873146e-16	0	-7.0165384e-17
1.1100000000003744e-09	7.2772343e-07	3.5744196e-07	-0.00089863373	0.14089817	-2.2229967e-16	-2.3288782e-16	2.895607e-16	-2.0879845e-16	0	-7.017409e-17
1.1200000000004602e-09	1.7853885e-07	3.5598498e-07	-0.0009155124	0.1409177	-2.2236407e-16	-2.329089e-16	2.8958683e-16	-2.0886202e-16	0	-7.017999e-17
1.130000000000546e-09	-2.6034135e-07	4.0467188e-07	-0.00092889793	0.14093447	-2.2242352e-16	-2.3292683e-16	2.8960935e-16	-2.0892236e-16	0	-7.0183674e-17
1.1400000000006318e-09	-5.639667e-07	4.790985e-07	-0.0009392432	0.14095075	-2.2247874e-16	-2.32942e-16	2.8962854e-16	-2.0897956e-16	0	-7.018571e-17
1.1500000000007175e-09	-7.120914e-07	5.697945e-07	-0.0009467896	0.14096604	-2.2253022e-16	-2.3295479e-16	2.8964498e-16	-2.0903387e-16	0	-7.018657e-17
1.1600000000008033e-09	-7.055654e-07	6.6328306e-07	-0.0009518248	0.14098017	-2.2257884e-16	-2.3296567e-16	2.8965904e-16	-2.090856e-16	0	-7.0186606e-17
1.1700000000008891e-09	-5.596565e-07	7.509438e-07	-0.00095488253	0.14099424	-2.2262493e-16	-2.329752e-16	2.8967142e-16	-2.0913508e-16	0	-7.0186043e-17
1.1800000000009749e-09	-3.1169935e-07	8.423683e-07	-0.00095657527	0.1410075	-2.2266895e-16	-2.329838e-16	2.8968257e-16	-2.091827e-16	0	-7.018503e-17
1.1900000000010607e-09	1.390187e-08	9.276007e-07	-0.00095738313	0.14101991	-2.227114e-16	-2.3299192e-16	2.896931e-16	-2.0922885e-16	0	-7.0183734e-17
1.2000000000011465e-09	3.7893219e-07	1.0028772e-06	-0.0009576443	0.14103208	-2.2275254e-16	-2.3299984e-16	2.8970345e-16	-2.0927388e-16	0	-7.018228e-17
1.2100000000012322e-09	7.5428267e-07	1.0558136e-06	-0.0009574747	0.1410446	-2.2279267e-16	-2.3300767e-16	2.8971393e-16	-2.0931808e-16	0	-7.018088e-17
1.220000000001318e-09	1.1150331e-06	1.0783965e-06	-0.0009569391	0.14105734	-2.2283213e-16	-2.3301546e-16	2.8972463e-16	-2.0936153e-16	0	-7.017979e-17
1.2300000000014038e-09	1.4530792e-06	1.0502285e-06	-0.00095622294	0.14107059	-2.2287128e-16	-2.3302305e-16	2.8973548e-16	-2.0940436e-16	0	-7.017933e-17
1.2400000000014896e-09	1.7742185e-06	9.574685e-07	-0.0009556581	0.14108403	-2.229105e-16	-2.3303036e-16	2.8974633e-16	-2.0944656e-16	0	-7.017993e-17
1.2500000000015754e-09	2.1011554e-06	7.7631927e-07	-0.0009557983	0.14109689	-2.2295032e-16	-2.33037e-16	2.897569e-16	-2.0948802e-16	0	-7.018219e-17
1.2600000000016612e-09	2.4374713e-06	4.863833e-07	-0.000957393	0.14110847	-2.2299135e-16	-2.3304256e-16	2.8976664e-16	-2.0952844e-16	0	-7.018699e-17
1.270000000001747e-09	2.8389863e-06	4.3344695e-08	-0.0009612096	0.14111924	-2.230346e-16	-2.3304658e-16	2.8977495e-16	-2.0956732e-16	0	-7.01956e-17
1.2800000000018327e-09	3.3591227e-06	-6.040332e-07	-0.0009678769	0.14112915	-2.2308116e-16	-2.330483e-16	2.8978098e-16	-2.0960401e-16	0	-7.0209866e-17
1.2900000000019185e-09	4.036095e-06	-1.5406185e-06	-0.000977398	0.1411396	-2.2313296e-16	-2.3304698e-16	2.8978344e-16	-2.0963724e-16	0	-7.02322e-17
1.3000000000020043e-09	4.8130823e-06	-2.8268753e-06	-0.0009882048	0.14115182	-2.2319151e-16	-2.330411e-16	2.8978043e-16	-2.0966568e-16	0	-7.026514e-17
1.3100000000020901e-09	5.41663e-06	-4.4122953e-06	-0.0009958574	0.14116764	-2.2325774e-16	-2.3302898e-16	2.8976947e-16	-2.0968886e-16	0	-7.030934e-17
1.3200000000021759e-09	5.4170546e-06	-5.904713e-06	-0.0009928283	0.14118858	-2.2333024e-16	-2.3301143e-16	2.8975105e-16	-2.0970916e-16	0	-7.036072e-17
1.3300000000022617e-09	4.7020494e-06	-6.5097174e-06	-0.0009719756	0.14121594	-2.2340497e-16	-2.3299526e-16	2.8973381e-16	-2.0973326e-16	0	-7.041026e-17
1.3400000000023475e-09	3.6190238e-06	-5.467502e-06	-0.0009335053	0.1412475	-2.2347657e-16	-2.3299026e-16	2.897304e-16	-2.0976796e-16	0	-7.044872e-17
1.3500000000024332e-09	2.296434e-06	-2.703519e-06	-0.0008883654	0.14127722	-2.2354094e-16	-2.330001e-16	2.8974586e-16	-2.0981475e-16	0	-7.0471957e-17
1.360000000002519e-09	6.8905314e-07	1.1746777e-06	-0.00085194746	0.1413006	-2.235968e-16	-2.3301988e-16	2.8977397e-16	-2.0986852e-16	0	-7.048234e-17
1.3700000000026048e-09	-8.104669e-07	5.2490786e-06	-0.0008325487	0.14131413	-2.2364465e-16	-2.330409e-16	2.898034e-16	-2.0992175e-16	0	-7.048538e-17
1.3800000000026906e-09	-1.7272921e-06	8.642349e-06	-0.0008272864	0.14131807	-2.2368637e-16	-2.330576e-16	2.898266e-16	-2.0996971e-16	0	-7.048566e-17
1.3900000000027764e-09	-2.1297483e-06	1.10465835e-05	-0.0008290739	0.14131431	-2.2372356e-16	-2.330692e-16	2.8984255e-16	-2.1001139e-16	0	-7.0485536e-17
1.4000000000028622e-09	-2.439505e-06	1.2576032e-05	-0.0008348859	0.141305	-2.2375746e-16	-2.3307673e-16	2.8985287e-16	-2.100479e-16	0	-7.0485714e-17
1.410000000002948e-09	-2.8924994e-06	1.3392053e-05	-0.00084579363	0.14129105	-2.2378904e-16	-2.330818e-16	2.8985962e-16	-2.1008073e-16	0	-7.048617e-17
1.4200000000030337e-09	-3.3541144e-06	1.36086555e-05	-0.0008619335	0.14127298	-2.2381885e-16	-2.3308552e-16	2.8986452e-16	-2.1011112e-16	0	-7.048672e-17
1.4300000000031195e-09	-3.5166872e-06	1.3298443e-05	-0.0008804665	0.14125048	-2.2384744e-16	-2.3308886e-16	2.8986865e-16	-2.1013997e-16	0	-7.048723e-17
1.4400000000032053e-09	-3.1289223e-06	1.2584895e-05	-0.0008979659	0.14122532	-2.2387496e-16	-2.330923e-16	2.898728e-16	-2.1016776e-16	0	-7.048771e-17
1.450000000003291e-09	-2.1525132e-06	1.1685341e-05	-0.00091271265	0.14119852	-2.239017e-16	-2.3309621e-16	2.8987752e-16	-2.1019481e-16	0	-7.04882e-17
1.4600000000033769e-09	-7.437197e-07	1.0889231e-05	-0.00092467165	0.14117122	-2.2392774e-16	-2.3310071e-16	2.8988294e-16	-2.1022115e-16	0	-7.0488785e-17
1.4700000000034627e-09	8.42429e-07	1.0432837e-05	-0.0009343008	0.14114404	-2.2395313e-16	-2.3310572e-16	2.898889e-16	-2.1024684e-16	0	-7.04895e-17
1.4800000000035485e-09	2.3730006e-06	1.0380022e-05	-0.0009418151	0.14111741	-2.2397798e-16	-2.3311112e-16	2.8989528e-16	-2.1027183e-16	0	-7.049034e-17
1.4900000000036342e-09	3.7073676e-06	1.0646525e-05	-0.0009474618	0.14109123	-2.2400247e-16	-2.3311673e-16	2.899017e-16	-2.1029613e-16	0	-7.0491326e-17
1.50000000000372e-09	4.778813e-06	1.1074144e-05	-0.0009516976	0.14106546	-2.2402642e-16	-2.3312247e-16	2.899083e-16	-2.1031983e-16	0	-7.0492405e-17
1.5100000000038058e-09	5.55753e-06	1.1511233e-05	-0.000955064	0.14103967	-2.2405022e-16	-2.331284e-16	2.8991487e-16	-2.1034319e-16	0	-7.049352e-17
1.5200000000038916e-09	6.048133e-06	1.1872196e-05	-0.0009579683	0.14101289	-2.2407378e-16	-2.3313454e-16	2.8992175e-16	-2.103664e-16	0	-7.04946e-17
1.5300000000039774e-09	6.2826434e-06	1.2128015e-05	-0.0009606741	0.14098611	-2.2409734e-16	-2.3314105e-16	2.8992903e-16	-2.103897e-16	0	-7.049557e-17
1.5400000000040632e-09	6.311297e-06	1.22981155e-05	-0.000963259	0.14095898	-2.2412087e-16	-2.3314804e-16	2.8993684e-16	-2.104133e-16	0	-7.049637e-17
1.550000000004149e-09	6.190718e-06	1.2416252e-05	-0.0009657954	0.14093153	-2.241445e-16	-2.3315553e-16	2.8994536e-16	-2.104373e-16	0	-7.0497004e-17
1.5600000000042347e-09	5.9793824e-06	1.2534872e-05	-0.00096831546	0.14090411	-2.2416833e-16	-2.331636e-16	2.8995462e-16	-2.1046187e-16	0	-7.049745e-17
1.5700000000043205e-09	5.7200273e-06	1.2673284e-05	-0.0009708282	0.14087592	-2.2419234e-16	-2.331722e-16	2.8996463e-16	-2.1048697e-16	0	-7.0497745e-17
1.5800000000044063e-09	5.436086e-06	1.2857226e-05	-0.00097328785	0.14084733	-2.2421664e-16	-2.3318145e-16	2.8997538e-16	-2.1051265e-16	0	-7.049793e-17
1.590000000004492e-09	5.1353445e-06	1.3092162e-05	-0.000975583	0.14081864	-2.2424117e-16	-2.3319116e-16	2.8998679e-16	-2.1053877e-16	0	-7.049801e-17
1.6000000000045779e-09	4.7843223e-06	1.3362064e-05	-0.000977593	0.14078984	-2.24266e-16	-2.3320133e-16	2.8999883e-16	-2.1056544e-16	0	-7.0498036e-17
1.6100000000046637e-09	4.367752e-06	1.3643137e-05	-0.0009792489	0.14076053	-2.2429112e-16	-2.3321191e-16	2.900113e-16	-2.1059248e-16	0	-7.049802e-17
1.6200000000047495e-09	3.84414e-06	1.3921903e-05	-0.0009805466	0.14073102	-2.2431653e-16	-2.332228e-16	2.9002413e-16	-2.1061986e-16	0	-7.049799e-17
1.6300000000048352e-09	3.174938e-06	1.4146397e-05	-0.0009815353	0.14070015	-2.243422e-16	-2.3323394e-16	2.9003724e-16	-2.1064753e-16	0	-7.049795e-17
1.640000000004921e-09	2.338428e-06	1.4254941e-05	-0.0009822589	0.14066842	-2.2436802e-16	-2.3324519e-16	2.9005045e-16	-2.106754e-16	0	-7.049791e-17
1.6500000000050068e-09	1.3173084e-06	1.4201154e-05	-0.0009828078	0.1406359	-2.2439414e-16	-2.3325654e-16	2.9006368e-16	-2.1070342e-16	0	-7.0497864e-17
1.6600000000050926e-09	9.655425e-08	1.39457e-05	-0.0009832091	0.1406029	-2.2442037e-16	-2.3326784e-16	2.900768e-16	-2.1073149e-16	0	-7.049783e-17
1.6700000000051784e-09	-1.3021165e-06	1.3428599e-05	-0.0009835156	0.14056908	-2.2444655e-16	-2.3327907e-16	2.9008986e-16	-2.1075953e-16	0	-7.04978e-17
1.6800000000052642e-09	-2.8454972e-06	1.2616341e-05	-0.0009837868	0.14053404	-2.2447278e-16	-2.3329013e-16	2.9010267e-16	-2.107875e-16	0	-7.049779e-17
1.69000000000535e-09	-4.4741255e-06	1.1497999e-05	-0.0009840203	0.140498	-2.2449875e-16	-2.3330096e-16	2.901152e-16	-2.1081524e-16	0	-7.04978e-17
1.7000000000054357e-09	-6.1005835e-06	1.0068353e-05	-0.000984154	0.14046293	-2.245247e-16	-2.3331157e-16	2.9012742e-16	-2.1084273e-16	0	-7.0497804e-17
1.7100000000055215e-09	-7.63281e-06	8.353384e-06	-0.0009842142	0.14042701	-2.245503e-16	-2.3332187e-16	2.9013928e-16	-2.1086988e-16	0	-7.049784e-17
1.7200000000056073e-09	-8.983112e-06	6.406273e-06	-0.0009841846	0.14039063	-2.245756e-16	-2.3333187e-16	2.9015082e-16	-2.1089665e-16	0	-7.049787e-17
1.730000000005693e-09	-1.0065302e-05	4.2925817e-06	-0.0009840373	0.14035408	-2.2460034e-16	-2.333416e-16	2.9016204e-16	-2.109229e-16	0	-7.0497904e-17
1.7400000000057789e-09	-1.0821331e-05	2.0996072e-06	-0.0009837752	0.14031807	-2.2462461e-16	-2.33351e-16	2.9017292e-16	-2.1094862e-16	0	-7.049793e-17
1.7500000000058647e-09	-1.1213102e-05	-1.0332307e-07	-0.0009833503	0.14028311	-2.2464828e-16	-2.3336012e-16	2.901835e-16	-2.1097373e-16	0	-7.049795e-17
1.7600000000059504e-09	-1.1223088e-05	-2.2308554e-06	-0.0009826985	0.14024955	-2.246713e-16	-2.3336893e-16	2.9019383e-16	-2.1099818e-16	0	-7.049798e-17
1.7700000000060362e-09	-1.0876513e-05	-4.2085635e-06	-0.0009818013	0.14021717	-2.2469365e-16	-2.3337754e-16	2.902039e-16	-2.1102195e-16	0	-7.049802e-17
1.780000000006122e-09	-1.0210923e-05	-5.966027e-06	-0.0009806039	0.14018561	-2.2471517e-16	-2.3338587e-16	2.9021374e-16	-2.1104496e-16	0	-7.0498076e-17
1.7900000000062078e-09	-9.276797e-06	-7.444603e-06	-0.0009790702	0.14015587	-2.2473587e-16	-2.3339397e-16	2.902234e-16	-2.1106714e-16	0	-7.049814e-17
1.8000000000062936e-09	-8.153249e-06	-8.59342e-06	-0.0009772126	0.14012776	-2.247558e-16	-2.334019e-16	2.9023282e-16	-2.1108852e-16	0	-7.049823e-17
1.8100000000063794e-09	-6.9114144e-06	-9.398878e-06	-0.0009750061	0.14010106	-2.2477488e-16	-2.3340956e-16	2.902421e-16	-2.1110908e-16	0	-7.049835e-17
1.8200000000064652e-09	-5.633414e-06	-9.857457e-06	-0.00097248785	0.14007652	-2.2479315e-16	-2.3341708e-16	2.9025124e-16	-2.1112881e-16	0	-7.049849e-17
1.830000000006551e-09	-4.37962e-06	-9.98992e-06	-0.0009696595	0.140054	-2.2481056e-16	-2.3342447e-16	2.9026024e-16	-2.1114772e-16	0	-7.0498665e-17
1.8400000000066367e-09	-3.1990692e-06	-9.82674e-06	-0.0009665346	0.14003392	-2.2482713e-16	-2.3343167e-16	2.9026916e-16	-2.1116579e-16	0	-7.049886e-17
1.8500000000067225e-09	-2.1248006e-06	-9.413205e-06	-0.00096316024	0.14001627	-2.2484296e-16	-2.3343879e-16	2.90278e-16	-2.1118309e-16	0	-7.049909e-17
1.8600000000068083e-09	-1.1966838e-06	-8.8187635e-06	-0.00095957576	0.14000085	-2.2485797e-16	-2.3344583e-16	2.902868e-16	-2.1119959e-16	0	-7.0499346e-17
1.870000000006742e-09	-4.188621e-07	-8.093195e-06	-0.0009558942	0.13998814	-2.2487235e-16	-2.334528e-16	2.9029545e-16	-2.112154e-16	0	-7.049962e-17
1.880000000006621e-09	2.0124322e-07	-7.2808157e-06	-0.00095210335	0.13997838	-2.2488595e-16	-2.334597e-16	2.9030416e-16	-2.112305e-16	0	-7.0499935e-17
1.8900000000065e-09	6.773671e-07	-6.424242e-06	-0.00094824407	0.13997172	-2.2489895e-16	-2.334666e-16	2.9031281e-16	-2.1124491e-16	0	-7.050027e-17
1.900000000006379e-09	1.0282527e-06	-5.5524915e-06	-0.0009443512	0.1399675	-2.249114e-16	-2.3347344e-16	2.903214e-16	-2.1125869e-16	0	-7.050065e-17
1.910000000006258e-09	1.2781979e-06	-4.68839e-06	-0.0009404292	0.13996501	-2.2492317e-16	-2.3348026e-16	2.9033e-16	-2.1127184e-16	0	-7.0501054e-17
1.920000000006137e-09	1.4181121e-06	-3.871033e-06	-0.00093654153	0.13996387	-2.2493442e-16	-2.3348707e-16	2.9033857e-16	-2.1128439e-16	0	-7.05015e-17
1.930000000006016e-09	1.5129363e-06	-3.0893718e-06	-0.00093268324	0.13996378	-2.2494522e-16	-2.334939e-16	2.903471e-16	-2.1129643e-16	0	-7.050198e-17
1.940000000005895e-09	1.5506351e-06	-2.3500836e-06	-0.00092886644	0.13996448	-2.2495549e-16	-2.3350065e-16	2.903556e-16	-2.1130792e-16	0	-7.0502516e-17
1.950000000005774e-09	1.5584511e-06	-1.6566901e-06	-0.0009250815	0.13996547	-2.2496544e-16	-2.335074e-16	2.90364e-16	-2.1131892e-16	0	-7.0503085e-17
1.960000000005653e-09	1.5437753e-06	-9.92557e-07	-0.0009213495	0.13996664	-2.249749e-16	-2.3351415e-16	2.9037242e-16	-2.1132944e-16	0	-7.05037e-17
1.9700000000055318e-09	1.5058336e-06	-3.6982615e-07	-0.00091769354	0.13996755	-2.2498397e-16	-2.3352084e-16	2.9038073e-16	-2.1133951e-16	0	-7.050435e-17
1.9800000000054108e-09	1.4590133e-06	2.1210974e-07	-0.0009141035	0.13996837	-2.2499276e-16	-2.3352754e-16	2.9038902e-16	-2.1134921e-16	0	-7.0505044e-17
1.9900000000052898e-09	1.4061832e-06	7.556789e-07	-0.0009105665	0.13996898	-2.2500128e-16	-2.3353418e-16	2.9039723e-16	-2.1135848e-16	0	-7.050577e-17
2.0000000000051688e-09	1.3343215e-06	1.2770294e-06	-0.0009070947	0.13996929	-2.2500938e-16	-2.335408e-16	2.9040535e-16	-2.1136738e-16	0	-7.0506546e-17
2.0100000000050478e-09	1.2480267e-06	1.7630484e-06	-0.0009036986	0.13996927	-2.2501727e-16	-2.3354737e-16	2.9041337e-16	-2.1137599e-16	0	-7.050734e-17
2.0200000000049267e-09	1.1417442e-06	2.2116722e-06	-0.00090036	0.13996889	-2.2502492e-16	-2.3355385e-16	2.9042134e-16	-2.1138426e-16	0	-7.050816e-17
2.0300000000048057e-09	1.0224248e-06	2.6163439e-06	-0.00089708273	0.13996814	-2.2503233e-16	-2.3356026e-16	2.9042915e-16	-2.1139224e-16	0	-7.0509e-17
2.0400000000046847e-09	9.0237705e-07	2.9979471e-06	-0.00089388626	0.13996689	-2.250395e-16	-2.3356664e-16	2.9043688e-16	-2.113999e-16	0	-7.050986e-17
2.0500000000045637e-09	7.7463466e-07	3.3461617e-06	-0.00089072983	0.13996518	-2.250465e-16	-2.3357288e-16	2.904445e-16	-2.1140737e-16	0	-7.051073e-17
2.0600000000044427e-09	6.4853134e-07	3.6506674e-06	-0.0008876443	0.13996308	-2.2505332e-16	-2.335791e-16	2.9045202e-16	-2.1141462e-16	0	-7.051161e-17
2.0700000000043217e-09	5.163725e-07	3.9285833e-06	-0.0008846184	0.13996047	-2.2505994e-16	-2.335852e-16	2.9045938e-16	-2.1142162e-16	0	-7.051251e-17
2.0800000000042007e-09	3.7621555e-07	4.1725034e-06	-0.00088170305	0.13995725	-2.250664e-16	-2.3359117e-16	2.904666e-16	-2.1142842e-16	0	-7.0513395e-17
2.0900000000040797e-09	2.4989976e-07	4.3865557e-06	-0.0008788635	0.13995358	-2.2507275e-16	-2.3359705e-16	2.904737e-16	-2.114351e-16	0	-7.0514295e-17
2.1000000000039587e-09	1.4080955e-07	4.5792394e-06	-0.0008760684	0.13994953	-2.2507892e-16	-2.3360282e-16	2.9048063e-16	-2.1144154e-16	0	-7.051519e-17
2.1100000000038377e-09	3.4329727e-08	4.74679e-06	-0.00087335124	0.13994516	-2.2508498e-16	-2.336085e-16	2.9048743e-16	-2.1144783e-16	0	-7.051608e-17
2.1200000000037166e-09	-4.2889393e-08	4.8759744e-06	-0.0008707201	0.13994035	-2.2509093e-16	-2.3361407e-16	2.9049408e-16	-2.11454e-16	0	-7.051697e-17
2.1300000000035956e-09	-1.1622327e-07	4.9927744e-06	-0.0008681596	0.13993503	-2.2509676e-16	-2.336195e-16	2.9050064e-16	-2.1146e-16	0	-7.051785e-17
2.1400000000034746e-09	-1.8140726e-07	5.0906337e-06	-0.0008656666	0.13992934	-2.2510247e-16	-2.3362487e-16	2.90507e-16	-2.1146588e-16	0	-7.051871e-17
2.1500000000033536e-09	-2.3100475e-07	5.1837583e-06	-0.0008632501	0.13992324	-2.2510806e-16	-2.336301e-16	2.9051327e-16	-2.1147166e-16	0	-7.0519576e-17
2.1600000000032326e-09	-2.5679e-07	5.2592777e-06	-0.0008609009	0.13991669	-2.2511356e-16	-2.3363522e-16	2.9051936e-16	-2.1147726e-16	0	-7.0520436e-17
2.1700000000031116e-09	-2.7142033e-07	5.3381964e-06	-0.00085863966	0.13990976	-2.251191e-16	-2.3364027e-16	2.9052529e-16	-2.114828e-16	0	-7.052129e-17
2.1800000000029906e-09	-2.7919083e-07	5.4116517e-06	-0.00085646193	0.13990258	-2.2512444e-16	-2.3364517e-16	2.9053114e-16	-2.1148826e-16	0	-7.0522124e-17
2.1900000000028696e-09	-2.9025463e-07	5.488264e-06	-0.0008543406	0.13989507	-2.2512974e-16	-2.3365004e-16	2.9053685e-16	-2.1149358e-16	0	-7.0522964e-17
2.2000000000027486e-09	-2.8413842e-07	5.5574696e-06	-0.00085227395	0.13988721	-2.2513493e-16	-2.3365475e-16	2.9054239e-16	-2.114988e-16	0	-7.05238e-17
2.2100000000026276e-09	-2.6125196e-07	5.620605e-06	-0.00085027475	0.13987906	-2.2514011e-16	-2.336594e-16	2.9054787e-16	-2.1150394e-16	0	-7.052461e-17
2.2200000000025065e-09	-2.42964e-07	5.682283e-06	-0.0008483375	0.13987069	-2.251452e-16	-2.33664e-16	2.9055324e-16	-2.11509e-16	0	-7.0525426e-17
2.2300000000023855e-09	-2.2344675e-07	5.7622947e-06	-0.00084649044	0.13986205	-2.2515017e-16	-2.3366846e-16	2.9055848e-16	-2.1151396e-16	0	-7.052623e-17
2.2400000000022645e-09	-1.992323e-07	5.8382993e-06	-0.00084467465	0.13985318	-2.2515515e-16	-2.336729e-16	2.905637e-16	-2.1151883e-16	0	-7.052704e-17
2.2500000000021435e-09	-1.7685424e-07	5.9113904e-06	-0.0008429318	0.13984413	-2.2516005e-16	-2.3367725e-16	2.9056872e-16	-2.1152369e-16	0	-7.0527834e-17
2.2600000000020225e-09	-1.5627462e-07	5.997594e-06	-0.00084123213	0.13983491	-2.2516486e-16	-2.3368154e-16	2.9057373e-16	-2.115284e-16	0	-7.052863e-17
2.2700000000019015e-09	-1.4440643e-07	6.086712e-06	-0.0008396008	0.13982552	-2.2516973e-16	-2.336858e-16	2.9057857e-16	-2.1153307e-16	0	-7.0529436e-17
2.2800000000017805e-09	-1.35953e-07	6.1802007e-06	-0.00083800516	0.13981597	-2.2517442e-16	-2.3368993e-16	2.9058333e-16	-2.1153762e-16	0	-7.053023e-17
2.2900000000016595e-09	-1.2628543e-07	6.2673757e-06	-0.000836432	0.13980639	-2.251791e-16	-2.3369403e-16	2.9058813e-16	-2.1154218e-16	0	-7.0531004e-17
2.3000000000015385e-09	-1.24745e-07	6.3555217e-06	-0.0008349159	0.13979685	-2.2518376e-16	-2.3369808e-16	2.9059278e-16	-2.1154662e-16	0	-7.05318e-17
2.3100000000014175e-09	-1.17278056e-07	6.4611518e-06	-0.00083347724	0.13978712	-2.2518834e-16	-2.3370208e-16	2.9059736e-16	-2.1155098e-16	0	-7.05326e-17
2.3200000000012965e-09	-1.16997285e-07	6.557797e-06	-0.00083209435	0.13977721	-2.2519284e-16	-2.3370603e-16	2.9060186e-16	-2.115553e-16	0	-7.053337e-17
2.3300000000011754e-09	-1.0783055e-07	6.6650055e-06	-0.00083072676	0.13976717	-2.2519731e-16	-2.3370992e-16	2.9060628e-16	-2.1155957e-16	0	-7.0534154e-17
2.3400000000010544e-09	-1.1243668e-07	6.7895758e-06	-0.000829393	0.13975699	-2.2520168e-16	-2.3371373e-16	2.9061068e-16	-2.1156371e-16	0	-7.053493e-17
2.3500000000009334e-09	-1.3030726e-07	6.9006696e-06	-0.0008281087	0.1397467	-2.25206e-16	-2.3371749e-16	2.9061497e-16	-2.1156779e-16	0	-7.05357e-17
2.3600000000008124e-09	-1.4864074e-07	7.015284e-06	-0.000826835	0.13973625	-2.2521036e-16	-2.3372122e-16	2.906192e-16	-2.1157184e-16	0	-7.053647e-17
2.3700000000006914e-09	-1.6791516e-07	7.1303843e-06	-0.00082558737	0.13972576	-2.252146e-16	-2.337249e-16	2.9062336e-16	-2.1157582e-16	0	-7.053723e-17
2.3800000000005704e-09	-1.9424675e-07	7.263332e-06	-0.0008243369	0.13971514	-2.2521873e-16	-2.3372847e-16	2.9062738e-16	-2.115797e-16	0	-7.0537986e-17
2.3900000000004494e-09	-2.0635777e-07	7.413278e-06	-0.00082314137	0.13970447	-2.2522296e-16	-2.3373204e-16	2.9063143e-16	-2.1158356e-16	0	-7.053874e-17
2.4000000000003284e-09	-2.2749893e-07	7.543798e-06	-0.0008220119	0.13969369	-2.2522696e-16	-2.337355e-16	2.9063537e-16	-2.115873e-16	0	-7.053949e-17
2.4100000000002074e-09	-2.516982e-07	7.684516e-06	-0.00082094275	0.13968284	-2.2523098e-16	-2.3373895e-16	2.9063919e-16	-2.11591e-16	0	-7.054022e-17
2.4200000000000864e-09	-2.90672e-07	7.830456e-06	-0.000819909	0.13967194	-2.2523495e-16	-2.3374234e-16	2.9064294e-16	-2.1159463e-16	0	-7.0540944e-17
2.4300099999999652e-09	-3.2219404e-07	7.977852e-06	-0.00081888767	0.13966092	-2.2523887e-16	-2.3374562e-16	2.9064662e-16	-2.115982e-16	0	-7.0541665e-17
2.4400099999998442e-09	-3.5401203e-07	8.127555e-06	-0.0008178742	0.13964987	-2.252427e-16	-2.3374885e-16	2.9065025e-16	-2.1160172e-16	0	-7.0542366e-17
2.450009999999723e-09	-3.8481315e-07	8.291342e-06	-0.0008168774	0.13963875	-2.252465e-16	-2.3375203e-16	2.9065374e-16	-2.1160512e-16	0	-7.054307e-17
2.460009999999602e-09	-4.1596337e-07	8.463264e-06	-0.000815934	0.13962758	-2.252502e-16	-2.3375513e-16	2.9065719e-16	-2.116085e-16	0	-7.054374e-17
2.470009999999481e-09	-4.6141002e-07	8.63992e-06	-0.00081499736	0.1396163	-2.2525385e-16	-2.3375812e-16	2.9066052e-16	-2.1161179e-16	0	-7.054442e-17
2.48000999999936e-09	-4.941007e-07	8.808989e-06	-0.000814085	0.13960502	-2.2525745e-16	-2.3376108e-16	2.9066372e-16	-2.1161502e-16	0	-7.054508e-17
2.490009999999239e-09	-5.303047e-07	8.966281e-06	-0.00081319606	0.13959372	-2.2526097e-16	-2.3376397e-16	2.906669e-16	-2.1161819e-16	0	-7.054572e-17
2.500009999999118e-09	-5.63906e-07	9.143849e-06	-0.00081233593	0.13958235	-2.2526452e-16	-2.3376677e-16	2.9066992e-16	-2.1162135e-16	0	-7.0546357e-17
2.510009999998997e-09	-6.1109034e-07	9.328519e-06	-0.0008115148	0.13957097	-2.2526796e-16	-2.3376947e-16	2.9067293e-16	-2.1162434e-16	0	-7.054697e-17
2.520009999998876e-09	-6.474234e-07	9.521627e-06	-0.00081070396	0.1395595	-2.2527132e-16	-2.3377215e-16	2.9067574e-16	-2.1162734e-16	0	-7.054759e-17
2.530009999998755e-09	-6.9327984e-07	9.715768e-06	-0.00080992666	0.13954802	-2.252746e-16	-2.3377471e-16	2.906785e-16	-2.1163023e-16	0	-7.054818e-17
2.540009999998634e-09	-7.283608e-07	9.919257e-06	-0.00080917234	0.13953653	-2.2527786e-16	-2.337772e-16	2.906812e-16	-2.116331e-16	0	-7.0548765e-17
2.550009999998513e-09	-7.641323e-07	1.01279675e-05	-0.0008084243	0.13952509	-2.2528112e-16	-2.337796e-16	2.9068376e-16	-2.1163591e-16	0	-7.054934e-17
2.560009999998392e-09	-7.9636766e-07	1.0329635e-05	-0.0008077046	0.13951363	-2.2528421e-16	-2.3378194e-16	2.906862e-16	-2.1163858e-16	0	-7.0549884e-17
2.570009999998271e-09	-8.3798983e-07	1.0547573e-05	-0.0008069955	0.13950217	-2.252873e-16	-2.3378422e-16	2.906886e-16	-2.1164127e-16	0	-7.055044e-17
2.58000999999815e-09	-8.916774e-07	1.0770063e-05	-0.0008062883	0.1394907	-2.252904e-16	-2.3378641e-16	2.9069085e-16	-2.1164389e-16	0	-7.055096e-17
2.590009999998029e-09	-9.374732e-07	1.0998686e-05	-0.0008056285	0.13947926	-2.252934e-16	-2.3378848e-16	2.90693e-16	-2.1164643e-16	0	-7.0551485e-17
2.600009999997908e-09	-9.800362e-07	1.1223787e-05	-0.0008050185	0.13946788	-2.2529634e-16	-2.3379052e-16	2.9069506e-16	-2.116489e-16	0	-7.0551995e-17
2.610009999997787e-09	-1.0020274e-06	1.144221e-05	-0.0008044133	0.13945653	-2.2529922e-16	-2.3379245e-16	2.90697e-16	-2.1165133e-16	0	-7.0552484e-17
2.620009999997666e-09	-1.0446511e-06	1.167587e-05	-0.0008038231	0.13944517	-2.253021e-16	-2.3379433e-16	2.9069893e-16	-2.116537e-16	0	-7.055297e-17
2.630009999997545e-09	-1.0758848e-06	1.1900911e-05	-0.00080325303	0.13943376	-2.2530494e-16	-2.3379613e-16	2.9070065e-16	-2.1165601e-16	0	-7.055345e-17
2.640009999997424e-09	-1.1198138e-06	1.2136636e-05	-0.0008027307	0.13942231	-2.2530767e-16	-2.3379782e-16	2.9070232e-16	-2.1165826e-16	0	-7.05539e-17
2.650009999997303e-09	-1.15878e-06	1.23837735e-05	-0.0008022078	0.1394108	-2.2531034e-16	-2.3379946e-16	2.9070393e-16	-2.1166044e-16	0	-7.0554344e-17
2.660009999997182e-09	-1.1916832e-06	1.2633946e-05	-0.0008017085	0.13939929	-2.2531301e-16	-2.3380105e-16	2.9070541e-16	-2.116626e-16	0	-7.055479e-17
2.670009999997061e-09	-1.236075e-06	1.2893468e-05	-0.00080125243	0.13938774	-2.253157e-16	-2.3380253e-16	2.9070676e-16	-2.116647e-16	0	-7.055521e-17
2.68000999999694e-09	-1.2698205e-06	1.3146373e-05	-0.00080082205	0.13937615	-2.2531825e-16	-2.3380396e-16	2.9070806e-16	-2.1166672e-16	0	-7.0555634e-17
2.690009999996819e-09	-1.3170124e-06	1.3402495e-05	-0.00080040086	0.13936456	-2.253207e-16	-2.338053e-16	2.907093e-16	-2.116687e-16	0	-7.055603e-17
2.700009999996698e-09	-1.3447403e-06	1.3655582e-05	-0.00079998415	0.139353	-2.2532326e-16	-2.3380658e-16	2.907104e-16	-2.1167064e-16	0	-7.055643e-17
2.710009999996577e-09	-1.3937573e-06	1.3922146e-05	-0.0007996075	0.1393415	-2.2532572e-16	-2.3380783e-16	2.9071145e-16	-2.116725e-16	0	-7.055682e-17
2.720009999996456e-09	-1.4381909e-06	1.4193141e-05	-0.0007992625	0.13932998	-2.2532805e-16	-2.3380897e-16	2.9071243e-16	-2.116743e-16	0	-7.0557196e-17
2.730009999996335e-09	-1.471906e-06	1.44593405e-05	-0.0007989484	0.13931845	-2.2533048e-16	-2.338101e-16	2.9071325e-16	-2.116761e-16	0	-7.055757e-17
2.740009999996214e-09	-1.4984765e-06	1.4726147e-05	-0.00079865305	0.13930692	-2.2533281e-16	-2.338111e-16	2.907141e-16	-2.1167787e-16	0	-7.0557944e-17
2.750009999996093e-09	-1.511172e-06	1.4992832e-05	-0.00079836836	0.13929541	-2.2533512e-16	-2.338121e-16	2.9071478e-16	-2.1167953e-16	0	-7.055829e-17
2.760009999995972e-09	-1.5394423e-06	1.5263464e-05	-0.0007980942	0.13928394	-2.2533737e-16	-2.33813e-16	2.9071545e-16	-2.1168118e-16	0	-7.055863e-17
2.770009999995851e-09	-1.5656374e-06	1.5539801e-05	-0.00079784053	0.13927247	-2.2533964e-16	-2.338138e-16	2.9071595e-16	-2.1168277e-16	0	-7.0558976e-17
2.78000999999573e-09	-1.5955051e-06	1.581881e-05	-0.00079762045	0.13926105	-2.2534179e-16	-2.3381463e-16	2.9071648e-16	-2.1168436e-16	0	-7.05593e-17
2.790009999995609e-09	-1.6233506e-06	1.6093023e-05	-0.0007974599	0.1392497	-2.2534393e-16	-2.3381537e-16	2.907169e-16	-2.1168583e-16	0	-7.055963e-17
2.800009999995488e-09	-1.650183e-06	1.6369602e-05	-0.0007973242	0.13923837	-2.2534605e-16	-2.3381606e-16	2.9071725e-16	-2.116873e-16	0	-7.055994e-17
2.810009999995367e-09	-1.6704515e-06	1.6652011e-05	-0.000797176	0.13922706	-2.2534809e-16	-2.338167e-16	2.9071756e-16	-2.1168875e-16	0	-7.0560247e-17
2.820009999995246e-09	-1.7088979e-06	1.6921003e-05	-0.0007970312	0.13921575	-2.2535023e-16	-2.338173e-16	2.9071777e-16	-2.1169014e-16	0	-7.056054e-17
2.830009999995125e-09	-1.7318413e-06	1.7190481e-05	-0.0007969047	0.13920453	-2.2535222e-16	-2.3381783e-16	2.9071796e-16	-2.116915e-16	0	-7.0560836e-17
2.840009999995004e-09	-1.7583588e-06	1.747811e-05	-0.00079680246	0.13919333	-2.2535423e-16	-2.3381836e-16	2.907181e-16	-2.1169282e-16	0	-7.056112e-17
2.850009999994883e-09	-1.7848005e-06	1.7771748e-05	-0.0007967283	0.13918217	-2.2535619e-16	-2.338188e-16	2.9071812e-16	-2.1169411e-16	0	-7.05614e-17
2.860009999994762e-09	-1.8137007e-06	1.8067452e-05	-0.00079667126	0.13917111	-2.2535807e-16	-2.3381924e-16	2.907182e-16	-2.1169532e-16	0	-7.056167e-17
2.870009999994641e-09	-1.8387119e-06	1.8361456e-05	-0.00079664245	0.13916014	-2.2535997e-16	-2.338196e-16	2.9071812e-16	-2.1169655e-16	0	-7.0561934e-17
2.8800099999945198e-09	-1.8752727e-06	1.863658e-05	-0.0007966142	0.13914916	-2.2536182e-16	-2.3381995e-16	2.9071807e-16	-2.1169774e-16	0	-7.0562186e-17
2.8900099999943988e-09	-1.903748e-06	1.8909031e-05	-0.000796584	0.13913815	-2.2536365e-16	-2.3382027e-16	2.9071793e-16	-2.1169888e-16	0	-7.056244e-17
2.9000099999942778e-09	-1.9222293e-06	1.9190955e-05	-0.0007965919	0.1391272	-2.253655e-16	-2.3382053e-16	2.9071777e-16	-2.1170003e-16	0	-7.0562675e-17
2.9100099999941568e-09	-1.932322e-06	1.9475427e-05	-0.0007966317	0.13911627	-2.253673e-16	-2.3382077e-16	2.9071754e-16	-2.117011e-16	0	-7.056292e-17
2.9200099999940357e-09	-1.9607821e-06	1.976421e-05	-0.0007966703	0.1391054	-2.2536905e-16	-2.3382096e-16	2.9071727e-16	-2.1170217e-16	0	-7.056315e-17
2.9300099999939147e-09	-1.9803258e-06	2.0045585e-05	-0.00079671195	0.1390945	-2.2537077e-16	-2.3382117e-16	2.9071698e-16	-2.117032e-16	0	-7.0563363e-17
2.9400099999937937e-09	-2.0106413e-06	2.03337e-05	-0.00079675694	0.13908361	-2.253725e-16	-2.3382133e-16	2.9071664e-16	-2.1170425e-16	0	-7.056359e-17
2.9500099999936727e-09	-2.0408734e-06	2.0621876e-05	-0.0007968292	0.13907278	-2.2537416e-16	-2.338214e-16	2.9071627e-16	-2.1170522e-16	0	-7.0563794e-17
2.9600099999935517e-09	-2.0625457e-06	2.0902038e-05	-0.00079692213	0.13906197	-2.2537583e-16	-2.3382154e-16	2.907159e-16	-2.1170618e-16	0	-7.0564005e-17
2.9700099999934307e-09	-2.0686696e-06	2.1189848e-05	-0.0007969944	0.13905127	-2.2537747e-16	-2.338216e-16	2.9071545e-16	-2.1170712e-16	0	-7.05642e-17
2.9800099999933097e-09	-2.079316e-06	2.1465821e-05	-0.0007971068	0.13904066	-2.2537906e-16	-2.3382165e-16	2.9071505e-16	-2.1170804e-16	0	-7.056438e-17
2.9900099999931887e-09	-2.0969476e-06	2.1740581e-05	-0.000797248	0.13903013	-2.2538062e-16	-2.3382167e-16	2.9071455e-16	-2.1170894e-16	0	-7.0564574e-17
3.0000099999930677e-09	-2.1148826e-06	2.200502e-05	-0.00079739897	0.13901973	-2.2538218e-16	-2.3382167e-16	2.9071407e-16	-2.1170978e-16	0	-7.0564747e-17
