# t (s)	mx ()	my ()	mz ()	spinAngle (rad)	E_total (J)	E_anis (J)	E_demag (J)	E_exch (J)	E_therm (J)	E_custom (J)
0	0	0	0	0.0060737464	-7.202787e-17	-1.2571201e-16	6.630094e-17	6.240001e-18	0	-1.8856798e-17
1.0000000000000124e-11	6.979289e-10	-8.344802e-11	0.00015257987	0.007716693	-7.733956e-17	-1.232136e-16	6.5107684e-17	-4.5409465e-19	0	-1.8779556e-17
2.0009999999999403e-11	1.1682723e-09	-1.820684e-10	-0.00016671616	0.0066709956	-7.7755256e-17	-1.2376176e-16	6.539805e-17	-5.862624e-19	0	-1.8805291e-17
3.000999999999824e-11	6.1637744e-11	-4.8551574e-10	-0.000448936	0.0056811087	-7.793464e-17	-1.245307e-16	6.579823e-17	-3.8596614e-19	0	-1.88162e-17
4.000000000000001e-11	-7.1025646e-10	-1.820684e-10	-0.00039133785	0.004934439	-7.80371e-17	-1.2489623e-16	6.598969e-17	-3.0685986e-19	0	-1.88237e-17
5.0000000000001785e-11	-2.8448188e-10	1.5172368e-10	-0.000110915105	0.004317396	-7.811482e-17	-1.2511892e-16	6.611053e-17	-2.7435994e-19	0	-1.8832075e-17
6.00000000000024e-11	3.5655062e-10	-7.586183e-12	0.00019460358	0.0036938486	-7.859157e-17	-1.2527521e-16	6.6198616e-17	-6.6131317e-19	0	-1.8853663e-17
7.000999999999771e-11	2.9206806e-10	1.5172367e-11	0.00025561335	0.0033219152	-7.865411e-17	-1.2532317e-16	6.62228e-17	-6.9818123e-19	0	-1.8855564e-17
8.000999999999302e-11	-2.313786e-10	1.1379275e-10	0.0002532371	0.0031319265	-7.86611e-17	-1.2534411e-16	6.6233324e-17	-6.941193e-19	0	-1.8856202e-17
9.000999999998834e-11	-3.4517136e-10	6.068947e-11	0.00025450057	0.0030538756	-7.866261e-17	-1.2534693e-16	6.6234793e-17	-6.941667e-19	0	-1.8856308e-17
1.0000999999998365e-10	4.9310195e-11	-3.0344734e-11	0.00025899813	0.0030085507	-7.866304e-17	-1.253424e-16	6.623258e-17	-6.9689036e-19	0	-1.885634e-17
1.1000999999997896e-10	1.9344769e-10	-8.344802e-11	0.0002603554	0.0029758825	-7.8663176e-17	-1.25341e-16	6.623189e-17	-6.9772137e-19	0	-1.885635e-17
1.2000999999997891e-10	-1.9913732e-11	-6.8275656e-11	0.00025922948	0.002968127	-7.866322e-17	-1.2534245e-16	6.623261e-17	-6.9702193e-19	0	-1.8856358e-17
1.3000999999998715e-10	-2.313786e-10	1.2137893e-10	0.00025837717	0.002966598	-7.8663235e-17	-1.2534363e-16	6.6233205e-17	-6.9644084e-19	0	-1.885636e-17
1.400099999999954e-10	-1.04310026e-10	5.9172234e-10	0.00025867188	0.002963281	-7.866324e-17	-1.2534333e-16	6.623304e-17	-6.9659345e-19	0	-1.885636e-17
1.5000000000000362e-10	3.6034373e-11	1.9724078e-10	0.00025909877	0.002963276	-7.866325e-17	-1.2534274e-16	6.6232755e-17	-6.968997e-19	0	-1.8856358e-17
1.6000000000001186e-10	5.120674e-11	-1.6689604e-10	0.0002590638	0.0029630428	-7.8663235e-17	-1.2534278e-16	6.623278e-17	-6.968713e-19	0	-1.885636e-17
1.700000000000201e-10	-1.2517203e-10	-8.344802e-11	0.00025890637	0.0029621234	-7.8663235e-17	-1.25343e-16	6.6232874e-17	-6.96768e-19	0	-1.8856358e-17
1.8000000000002833e-10	7.775838e-11	9.10342e-11	0.00025888465	0.002962941	-7.866323e-17	-1.2534301e-16	6.6232894e-17	-6.967548e-19	0	-1.885636e-17
1.9000000000003657e-10	-3.2715416e-10	-5.3103286e-11	0.0002589173	0.0029630226	-7.866323e-17	-1.2534296e-16	6.623287e-17	-6.9678257e-19	0	-1.885636e-17
2.000000000000448e-10	-2.1241314e-10	2.1241314e-10	0.0002589326	0.0029627543	-7.866322e-17	-1.2534294e-16	6.623287e-17	-6.9678955e-19	0	-1.885636e-17
2.1000000000005304e-10	-4.172401e-11	0	0.0002589383	0.002962966	-7.866324e-17	-1.2534294e-16	6.6232855e-17	-6.9679224e-19	0	-1.8856358e-17
2.2000000000006128e-10	-1.1758584e-10	-3.793092e-11	0.00025893672	0.0029626018	-7.866323e-17	-1.2534294e-16	6.623287e-17	-6.967906e-19	0	-1.885636e-17
2.3000000000006952e-10	1.649995e-10	5.3861904e-10	0.00025893768	0.0029625979	-7.866324e-17	-1.2534296e-16	6.623287e-17	-6.967872e-19	0	-1.885636e-17
2.4000000000005925e-10	4.9310195e-10	5.006881e-10	0.00025893963	0.0029628805	-7.8663235e-17	-1.2534296e-16	6.623287e-17	-6.967867e-19	0	-1.885636e-17
2.5000000000004163e-10	1.7448222e-10	5.3103283e-10	0.00025893998	0.002962897	-7.866324e-17	-1.2534296e-16	6.623287e-17	-6.967865e-19	0	-1.885636e-17
2.60000000000024e-10	3.1293007e-10	3.7172299e-10	0.0002589389	0.0029626768	-7.8663235e-17	-1.2534296e-16	6.623287e-17	-6.9678614e-19	0	-1.885636e-17
2.700000000000064e-10	6.125843e-10	4.2482629e-10	0.00025893853	0.002962747	-7.8663235e-17	-1.2534296e-16	6.623287e-17	-6.967862e-19	0	-1.885636e-17
2.800099999999888e-10	6.0404987e-10	2.4275787e-10	0.0002589384	0.0029632344	-7.8663235e-17	-1.2534296e-16	6.623287e-17	-6.9678614e-19	0	-1.885636e-17
2.9000999999997117e-10	4.2861936e-10	2.806888e-10	0.0002589384	0.0029631876	-7.8663235e-17	-1.2534296e-16	6.623287e-17	-6.9678614e-19	0	-1.885636e-17
3.0000999999995355e-10	4.627572e-10	2.275855e-10	0.0002589384	0.0029631322	-7.866324e-17	-1.2534296e-16	6.623287e-17	-6.9678614e-19	0	-1.885636e-17
3.1000999999993594e-10	5.708603e-10	3.0344735e-10	0.0002589384	0.00296315	-7.866324e-17	-1.2534296e-16	6.623287e-17	-6.9678614e-19	0	-1.885636e-17
3.2000999999991833e-10	5.1586047e-10	1.9724078e-10	0.0002589384	0.0029631439	-7.8663235e-17	-1.2534296e-16	6.623287e-17	-6.9678603e-19	0	-1.885636e-17
3.300099999999007e-10	4.9879156e-10	1.2896512e-10	0.0002589384	0.0029631439	-7.866324e-17	-1.2534296e-16	6.623287e-17	-6.9678603e-19	0	-1.885636e-17
3.400099999998831e-10	4.949985e-10	2.1241314e-10	0.0002589384	0.0029631443	-7.8663235e-17	-1.2534296e-16	6.623287e-17	-6.9678603e-19	0	-1.885636e-17
3.500099999998655e-10	5.537914e-10	2.88275e-10	0.0002589384	0.0029631443	-7.8663235e-17	-1.2534296e-16	6.623287e-17	-6.9678603e-19	0	-1.885636e-17
3.600099999998479e-10	5.5568794e-10	2.4275787e-10	0.0002589384	0.002963145	-7.866324e-17	-1.2534296e-16	6.623287e-17	-6.9678603e-19	0	-1.885636e-17
3.7000999999983027e-10	5.1586047e-10	2.6551641e-10	0.0002589384	0.002963145	-7.8663235e-17	-1.2534296e-16	6.623287e-17	-6.9678603e-19	0	-1.885636e-17
3.8000999999981266e-10	4.883606e-10	2.7310262e-10	0.0002589384	0.002963145	-7.866324e-17	-1.2534296e-16	6.623287e-17	-6.9678603e-19	0	-1.885636e-17
3.9000999999979505e-10	5.424121e-10	2.88275e-10	0.0002589384	0.002963145	-7.866324e-17	-1.2534296e-16	6.623287e-17	-6.9678603e-19	0	-1.885636e-17
4.0000999999977743e-10	5.3861904e-10	2.6551641e-10	0.0002589384	0.002963145	-7.8663235e-17	-1.2534296e-16	6.623287e-17	-6.9678603e-19	0	-1.885636e-17
4.100099999997598e-10	5.234467e-10	2.1999932e-10	0.0002589384	0.002963145	-7.866324e-17	-1.2534296e-16	6.623287e-17	-6.9678603e-19	0	-1.885636e-17
4.200099999997422e-10	5.196536e-10	2.5793023e-10	0.0002589384	0.002963145	-7.866324e-17	-1.2534296e-16	6.623287e-17	-6.9678603e-19	0	-1.885636e-17
4.300099999997246e-10	5.2723975e-10	2.9586117e-10	0.0002589384	0.002963145	-7.866324e-17	-1.2534296e-16	6.623287e-17	-6.9678603e-19	0	-1.885636e-17
4.40009999999707e-10	5.196536e-10	2.9586117e-10	0.0002589384	0.002963145	-7.866324e-17	-1.2534296e-16	6.623287e-17	-6.9678603e-19	0	-1.885636e-17
4.5000999999968937e-10	5.2155014e-10	2.88275e-10	0.0002589384	0.002963145	-7.8663235e-17	-1.2534296e-16	6.623287e-17	-6.9678603e-19	0	-1.885636e-17
4.6000999999967176e-10	5.082743e-10	2.806888e-10	0.0002589384	0.002963145	-7.866324e-17	-1.2534296e-16	6.623287e-17	-6.9678603e-19	0	-1.885636e-17
4.700099999996541e-10	5.1586047e-10	2.88275e-10	0.0002589384	0.002963145	-7.866324e-17	-1.2534296e-16	6.623287e-17	-6.9678603e-19	0	-1.885636e-17
4.800099999996365e-10	5.0448123e-10	2.88275e-10	0.0002589384	0.002963145	-7.866324e-17	-1.2534296e-16	6.623287e-17	-6.9678603e-19	0	-1.885636e-17
4.900099999996189e-10	5.2723975e-10	2.9586117e-10	0.0002589384	0.002963145	-7.866324e-17	-1.2534296e-16	6.623287e-17	-6.9678603e-19	0	-1.885636e-17
5.000099999996013e-10	5.187053e-10	2.9586117e-10	0.0002589384	0.002963145	-7.866324e-17	-1.2534296e-16	6.623287e-17	-6.9678603e-19	0	-1.885636e-17
5.100099999995837e-10	5.082743e-10	2.5793023e-10	0.0002589384	0.002963145	-7.866324e-17	-1.2534296e-16	6.623287e-17	-6.9678603e-19	0	-1.885636e-17
5.200099999995661e-10	5.139639e-10	2.7310262e-10	0.0002589384	0.002963145	-7.866324e-17	-1.2534296e-16	6.623287e-17	-6.9678603e-19	0	-1.885636e-17
5.300099999995485e-10	5.1586047e-10	2.6551641e-10	0.0002589384	0.002963145	-7.866324e-17	-1.2534296e-16	6.623287e-17	-6.9678603e-19	0	-1.885636e-17
5.400099999995309e-10	5.291363e-10	2.5793023e-10	0.0002589384	0.002963145	-7.866324e-17	-1.2534296e-16	6.623287e-17	-6.9678603e-19	0	-1.885636e-17
5.500099999995133e-10	5.1586047e-10	2.6551641e-10	0.0002589384	0.002963145	-7.8663235e-17	-1.2534296e-16	6.623287e-17	-6.9678603e-19	0	-1.885636e-17
5.600099999994956e-10	5.1775706e-10	2.6551641e-10	0.0002589384	0.002963145	-7.866324e-17	-1.2534296e-16	6.623287e-17	-6.9678603e-19	0	-1.885636e-17
5.70009999999478e-10	5.2155014e-10	2.9586117e-10	0.0002589384	0.002963145	-7.866324e-17	-1.2534296e-16	6.623287e-17	-6.9678603e-19	0	-1.885636e-17
5.800099999994604e-10	5.253432e-10	2.9586117e-10	0.0002589384	0.002963145	-7.866324e-17	-1.2534296e-16	6.623287e-17	-6.9678603e-19	0	-1.885636e-17
5.900099999994428e-10	5.082743e-10	2.351717e-10	0.0002589384	0.002963145	-7.866324e-17	-1.2534296e-16	6.623287e-17	-6.9678603e-19	0	-1.885636e-17
6.000099999994252e-10	5.253432e-10	2.6551641e-10	0.0002589384	0.002963145	-7.866324e-17	-1.2534296e-16	6.623287e-17	-6.9678603e-19	0	-1.885636e-17
6.100099999994076e-10	5.120674e-10	2.5793023e-10	0.0002589384	0.002963145	-7.8663235e-17	-1.2534296e-16	6.623287e-17	-6.9678603e-19	0	-1.885636e-17
6.2000999999939e-10	5.063778e-10	2.6551641e-10	0.0002589384	0.002963145	-7.866324e-17	-1.2534296e-16	6.623287e-17	-6.9678603e-19	0	-1.885636e-17
6.300099999993724e-10	5.253432e-10	2.6551641e-10	0.0002589384	0.002963145	-7.8663235e-17	-1.2534296e-16	6.623287e-17	-6.9678614e-19	0	-1.885636e-17
6.400099999993547e-10	5.3482596e-10	2.9586117e-10	0.0002589384	0.002963145	-7.866324e-17	-1.2534296e-16	6.623287e-17	-6.9678603e-19	0	-1.885636e-17
6.500099999993371e-10	5.082743e-10	2.6551641e-10	0.0002589384	0.002963145	-7.866324e-17	-1.2534296e-16	6.623287e-17	-6.9678603e-19	0	-1.885636e-17
6.600099999993195e-10	5.1017085e-10	3.1103353e-10	0.0002589384	0.002963145	-7.866324e-17	-1.2534296e-16	6.623287e-17	-6.9678603e-19	0	-1.885636e-17
6.700099999993019e-10	5.1586047e-10	3.0344735e-10	0.0002589384	0.002963145	-7.8663235e-17	-1.2534296e-16	6.623287e-17	-6.9678603e-19	0	-1.885636e-17
6.800099999992843e-10	5.139639e-10	2.9586117e-10	0.0002589384	0.002963145	-7.8663235e-17	-1.2534296e-16	6.623287e-17	-6.9678603e-19	0	-1.885636e-17
6.900099999992667e-10	5.120674e-10	3.1103353e-10	0.0002589384	0.002963145	-7.866324e-17	-1.2534296e-16	6.623287e-17	-6.9678603e-19	0	-1.885636e-17
7.000099999992491e-10	5.1775706e-10	2.9586117e-10	0.0002589384	0.002963145	-7.866324e-17	-1.2534296e-16	6.623287e-17	-6.9678603e-19	0	-1.885636e-17
7.100099999992315e-10	5.1586047e-10	2.9586117e-10	0.0002589384	0.002963145	-7.866324e-17	-1.2534296e-16	6.623287e-17	-6.9678603e-19	0	-1.885636e-17
7.200099999992138e-10	5.1586047e-10	2.5793023e-10	0.0002589384	0.002963145	-7.8663235e-17	-1.2534296e-16	6.623287e-17	-6.9678603e-19	0	-1.885636e-17
7.300099999991962e-10	5.1017085e-10	2.6551641e-10	0.0002589384	0.002963145	-7.866324e-17	-1.2534296e-16	6.623287e-17	-6.9678603e-19	0	-1.885636e-17
7.400099999991786e-10	5.082743e-10	2.9586117e-10	0.0002589384	0.002963145	-7.866324e-17	-1.2534296e-16	6.623287e-17	-6.9678603e-19	0	-1.885636e-17
7.50009999999161e-10	4.949985e-10	2.6551641e-10	0.0002589384	0.002963145	-7.866324e-17	-1.2534296e-16	6.623287e-17	-6.9678603e-19	0	-1.885636e-17
7.600099999991434e-10	5.1586047e-10	2.6551641e-10	0.0002589384	0.002963145	-7.8663235e-17	-1.2534296e-16	6.623287e-17	-6.9678603e-19	0	-1.885636e-17
7.700099999991258e-10	5.196536e-10	2.9586117e-10	0.0002589384	0.002963145	-7.8663235e-17	-1.2534296e-16	6.623287e-17	-6.9678603e-19	0	-1.885636e-17
7.800099999991082e-10	4.96895e-10	2.9586117e-10	0.0002589384	0.002963145	-7.8663235e-17	-1.2534296e-16	6.623287e-17	-6.9678603e-19	0	-1.885636e-17
7.900099999990906e-10	5.120674e-10	2.6551641e-10	0.0002589384	0.002963145	-7.8663235e-17	-1.2534296e-16	6.623287e-17	-6.9678603e-19	0	-1.885636e-17
8.00009999999073e-10	5.082743e-10	2.6551641e-10	0.0002589384	0.002963145	-7.866324e-17	-1.2534296e-16	6.623287e-17	-6.9678603e-19	0	-1.885636e-17
8.100099999990553e-10	4.96895e-10	2.88275e-10	0.0002589384	0.002963145	-7.866324e-17	-1.2534296e-16	6.623287e-17	-6.9678603e-19	0	-1.885636e-17
8.200099999990377e-10	5.0448123e-10	2.88275e-10	0.0002589384	0.002963145	-7.866324e-17	-1.2534296e-16	6.623287e-17	-6.9678603e-19	0	-1.885636e-17
8.300099999990201e-10	5.006881e-10	2.88275e-10	0.0002589384	0.002963145	-7.8663235e-17	-1.2534296e-16	6.623287e-17	-6.9678603e-19	0	-1.885636e-17
8.400099999990025e-10	5.120674e-10	2.9586117e-10	0.0002589384	0.002963145	-7.866324e-17	-1.2534296e-16	6.623287e-17	-6.9678603e-19	0	-1.885636e-17
8.500099999989849e-10	4.9879156e-10	2.9586117e-10	0.0002589384	0.002963145	-7.866324e-17	-1.2534296e-16	6.623287e-17	-6.9678603e-19	0	-1.885636e-17
8.600099999989673e-10	4.949985e-10	3.1103353e-10	0.0002589384	0.002963145	-7.866324e-17	-1.2534296e-16	6.623287e-17	-6.9678603e-19	0	-1.885636e-17
8.700099999989497e-10	5.063778e-10	2.9586117e-10	0.0002589384	0.002963145	-7.8663235e-17	-1.2534296e-16	6.623287e-17	-6.9678603e-19	0	-1.885636e-17
8.800099999989321e-10	5.063778e-10	2.9586117e-10	0.0002589384	0.002963145	-7.8663235e-17	-1.2534296e-16	6.623287e-17	-6.9678603e-19	0	-1.885636e-17
8.900099999989144e-10	5.0258464e-10	2.9586117e-10	0.0002589384	0.002963145	-7.866324e-17	-1.2534296e-16	6.623287e-17	-6.9678603e-19	0	-1.885636e-17
9.000099999988968e-10	5.1775706e-10	2.9586117e-10	0.0002589384	0.002963145	-7.8663235e-17	-1.2534296e-16	6.623287e-17	-6.9678603e-19	0	-1.885636e-17
9.100099999988792e-10	4.9973986e-10	2.6551641e-10	0.0002589384	0.002963145	-7.866324e-17	-1.2534296e-16	6.623287e-17	-6.9678603e-19	0	-1.885636e-17
9.200099999988616e-10	4.96895e-10	2.806888e-10	0.0002589384	0.002963145	-7.8663235e-17	-1.2534296e-16	6.623287e-17	-6.9678603e-19	0	-1.885636e-17
9.30009999998844e-10	4.96895e-10	3.1103353e-10	0.0002589384	0.002963145	-7.866324e-17	-1.2534296e-16	6.623287e-17	-6.9678603e-19	0	-1.885636e-17
9.400099999989161e-10	5.1586047e-10	2.88275e-10	0.0002589384	0.002963145	-7.866324e-17	-1.2534296e-16	6.623287e-17	-6.9678603e-19	0	-1.885636e-17
9.50009999999002e-10	5.1017085e-10	2.806888e-10	0.0002589384	0.002963145	-7.866324e-17	-1.2534296e-16	6.623287e-17	-6.9678603e-19	0	-1.885636e-17
9.600099999990877e-10	5.0448123e-10	3.1103353e-10	0.0002589384	0.002963145	-7.8663235e-17	-1.2534296e-16	6.623287e-17	-6.9678603e-19	0	-1.885636e-17
9.700099999991735e-10	5.1017085e-10	2.5793023e-10	0.0002589384	0.002963145	-7.8663235e-17	-1.2534296e-16	6.623287e-17	-6.9678603e-19	0	-1.885636e-17
9.800099999992593e-10	5.1586047e-10	3.0344735e-10	0.0002589384	0.002963145	-7.866324e-17	-1.2534296e-16	6.623287e-17	-6.9678603e-19	0	-1.885636e-17
9.90009999999345e-10	5.0258464e-10	3.1103353e-10	0.0002589384	0.002963145	-7.8663235e-17	-1.2534296e-16	6.623287e-17	-6.9678603e-19	0	-1.885636e-17
1.0000099999994308e-09	4.96895e-10	2.9586117e-10	0.0002589384	0.002963145	-7.8663235e-17	-1.2534296e-16	6.623287e-17	-6.9678603e-19	0	-1.885636e-17
1.0100099999995166e-09	5.329294e-10	2.9586117e-10	0.0002589384	0.002963145	-7.866324e-17	-1.2534296e-16	6.623287e-17	-6.9678603e-19	0	-1.885636e-17
1.0200099999996024e-09	5.0258464e-10	3.0344735e-10	0.0002589384	0.002963145	-7.866324e-17	-1.2534296e-16	6.623287e-17	-6.9678603e-19	0	-1.885636e-17
1.0300099999996882e-09	5.1017085e-10	2.88275e-10	0.0002589384	0.002963145	-7.8663235e-17	-1.2534296e-16	6.623287e-17	-6.9678603e-19	0	-1.885636e-17
1.040009999999774e-09	5.1111915e-10	2.6551641e-10	0.0002589384	0.002963145	-7.866324e-17	-1.2534296e-16	6.623287e-17	-6.9678603e-19	0	-1.885636e-17
1.0500099999998598e-09	5.063778e-10	2.88275e-10	0.0002589384	0.002963145	-7.8663235e-17	-1.2534296e-16	6.623287e-17	-6.9678603e-19	0	-1.885636e-17
1.0600099999999456e-09	5.063778e-10	3.1103353e-10	0.0002589384	0.002963145	-7.866324e-17	-1.2534296e-16	6.623287e-17	-6.9678603e-19	0	-1.885636e-17
1.0700000000000313e-09	4.96895e-10	2.5793023e-10	0.00025893867	0.0029628146	-7.866324e-17	-1.2534296e-16	6.623287e-17	-6.9678614e-19	0	-1.885636e-17
1.080000000000117e-09	4.96895e-10	2.9586117e-10	0.00025893867	0.0029628146	-7.8663235e-17	-1.2534296e-16	6.623287e-17	-6.9678614e-19	0	-1.885636e-17
1.0900000000002028e-09	4.8551574e-10	2.88275e-10	0.00025893867	0.0029628146	-7.866324e-17	-1.2534296e-16	6.623287e-17	-6.9678614e-19	0	-1.885636e-17
1.1000000000002886e-09	4.949985e-10	2.9586117e-10	0.00025893867	0.0029628146	-7.866324e-17	-1.2534296e-16	6.623287e-17	-6.9678614e-19	0	-1.885636e-17
1.1100000000003744e-09	5.006881e-10	2.0482696e-10	0.00025893867	0.0029628146	-7.866324e-17	-1.2534296e-16	6.623287e-17	-6.9678614e-19	0	-1.885636e-17
1.1200000000004602e-09	4.9879156e-10	2.351717e-10	0.00025893867	0.0029628146	-7.866324e-17	-1.2534296e-16	6.623287e-17	-6.9678614e-19	0	-1.885636e-17
1.130000000000546e-09	4.96895e-10	2.6551641e-10	0.00025893867	0.0029628146	-7.866324e-17	-1.2534296e-16	6.623287e-17	-6.9678614e-19	0	-1.885636e-17
1.1400000000006318e-09	4.874123e-10	2.88275e-10	0.00025893867	0.0029628146	-7.8663235e-17	-1.2534296e-16	6.623287e-17	-6.9678614e-19	0	-1.885636e-17
1.1500000000007175e-09	5.006881e-10	2.275855e-10	0.00025893867	0.0029628146	-7.866324e-17	-1.2534296e-16	6.623287e-17	-6.9678614e-19	0	-1.885636e-17
1.1600000000008033e-09	4.8267096e-10	2.275855e-10	0.00025893867	0.0029628146	-7.866324e-17	-1.2534296e-16	6.623287e-17	-6.9678614e-19	0	-1.885636e-17
1.1700000000008891e-09	4.8930887e-10	2.275855e-10	0.00025893867	0.0029628146	-7.866324e-17	-1.2534296e-16	6.623287e-17	-6.9678614e-19	0	-1.885636e-17
1.1800000000009749e-09	5.0258464e-10	2.88275e-10	0.00025893867	0.0029628146	-7.8663235e-17	-1.2534296e-16	6.623287e-17	-6.9678614e-19	0	-1.885636e-17
1.1900000000010607e-09	4.798261e-10	2.5793023e-10	0.00025893867	0.0029628146	-7.8663235e-17	-1.2534296e-16	6.623287e-17	-6.9678614e-19	0	-1.885636e-17
1.2000000000011465e-09	4.9310195e-10	2.275855e-10	0.00025893867	0.0029628146	-7.8663235e-17	-1.2534296e-16	6.623287e-17	-6.9678614e-19	0	-1.885636e-17
1.2100000000012322e-09	4.9310195e-10	2.9586117e-10	0.00025893867	0.0029628146	-7.866324e-17	-1.2534296e-16	6.623287e-17	-6.9678614e-19	0	-1.885636e-17
1.220000000001318e-09	4.8551574e-10	2.351717e-10	0.00025893867	0.0029628146	-7.8663235e-17	-1.2534296e-16	6.623287e-17	-6.9678614e-19	0	-1.885636e-17
1.2300000000014038e-09	4.8551574e-10	2.88275e-10	0.00025893867	0.0029628146	-7.8663235e-17	-1.2534296e-16	6.623287e-17	-6.9678614e-19	0	-1.885636e-17
1.2400000000014896e-09	4.703434e-10	2.5793023e-10	0.00025893867	0.0029628146	-7.8663235e-17	-1.2534296e-16	6.623287e-17	-6.9678614e-19	0	-1.885636e-17
1.2500000000015754e-09	4.912054e-10	2.5793023e-10	0.00025893867	0.0029628146	-7.8663235e-17	-1.2534296e-16	6.623287e-17	-6.9678614e-19	0	-1.885636e-17
1.2600000000016612e-09	5.082743e-10	2.6551641e-10	0.00025893867	0.0029628146	-7.866324e-17	-1.2534296e-16	6.623287e-17	-6.9678614e-19	0	-1.885636e-17
1.270000000001747e-09	4.874123e-10	2.351717e-10	0.00025893867	0.0029628146	-7.866324e-17	-1.2534296e-16	6.623287e-17	-6.9678614e-19	0	-1.885636e-17
1.2800000000018327e-09	4.912054e-10	2.9586117e-10	0.00025893867	0.0029628146	-7.8663235e-17	-1.2534296e-16	6.623287e-17	-6.9678614e-19	0	-1.885636e-17
1.2900000000019185e-09	4.9310195e-10	2.6551641e-10	0.00025893867	0.0029628146	-7.8663235e-17	-1.2534296e-16	6.623287e-17	-6.9678614e-19	0	-1.885636e-17
1.3000000000020043e-09	4.9310195e-10	2.6551641e-10	0.00025893867	0.0029628146	-7.8663235e-17	-1.2534296e-16	6.623287e-17	-6.9678614e-19	0	-1.885636e-17
1.3100000000020901e-09	4.912054e-10	2.351717e-10	0.00025893867	0.0029628146	-7.8663235e-17	-1.2534296e-16	6.623287e-17	-6.9678614e-19	0	-1.885636e-17
1.3200000000021759e-09	5.006881e-10	2.351717e-10	0.00025893867	0.0029628146	-7.8663235e-17	-1.2534296e-16	6.623287e-17	-6.9678614e-19	0	-1.885636e-17
1.3300000000022617e-09	4.8551574e-10	2.351717e-10	0.00025893867	0.0029628146	-7.866324e-17	-1.2534296e-16	6.623287e-17	-6.9678614e-19	0	-1.885636e-17
1.3400000000023475e-09	4.8172266e-10	2.88275e-10	0.00025893867	0.0029628146	-7.866324e-17	-1.2534296e-16	6.623287e-17	-6.9678614e-19	0	-1.885636e-17
1.3500000000024332e-09	4.874123e-10	2.351717e-10	0.00025893867	0.0029628146	-7.866324e-17	-1.2534296e-16	6.623287e-17	-6.9678614e-19	0	-1.885636e-17
1.360000000002519e-09	4.874123e-10	2.351717e-10	0.00025893867	0.0029628146	-7.866324e-17	-1.2534296e-16	6.623287e-17	-6.9678614e-19	0	-1.885636e-17
1.3700000000026048e-09	4.96895e-10	2.275855e-10	0.00025893867	0.0029628146	-7.866324e-17	-1.2534296e-16	6.623287e-17	-6.9678614e-19	0	-1.885636e-17
1.3800000000026906e-09	4.912054e-10	2.351717e-10	0.00025893867	0.0029628146	-7.866324e-17	-1.2534296e-16	6.623287e-17	-6.9678614e-19	0	-1.885636e-17
1.3900000000027764e-09	4.9310195e-10	2.0482696e-10	0.00025893867	0.0029628146	-7.866324e-17	-1.2534296e-16	6.623287e-17	-6.9678614e-19	0	-1.885636e-17
1.4000000000028622e-09	4.9310195e-10	2.5793023e-10	0.00025893867	0.0029628146	-7.8663235e-17	-1.2534296e-16	6.623287e-17	-6.9678614e-19	0	-1.885636e-17
1.410000000002948e-09	4.8930887e-10	2.9586117e-10	0.00025893867	0.0029628146	-7.866324e-17	-1.2534296e-16	6.623287e-17	-6.9678614e-19	0	-1.885636e-17
1.4200000000030337e-09	4.798261e-10	2.0482696e-10	0.00025893867	0.0029628146	-7.866324e-17	-1.2534296e-16	6.623287e-17	-6.9678614e-19	0	-1.885636e-17
1.4300000000031195e-09	4.8551574e-10	2.275855e-10	0.00025893867	0.0029628146	-7.866324e-17	-1.2534296e-16	6.623287e-17	-6.9678614e-19	0	-1.885636e-17
1.4400000000032053e-09	4.912054e-10	2.351717e-10	0.00025893867	0.0029628146	-7.866324e-17	-1.2534296e-16	6.623287e-17	-6.9678614e-19	0	-1.885636e-17
1.450000000003291e-09	4.8077436e-10	2.275855e-10	0.00025893867	0.0029628146	-7.8663235e-17	-1.2534296e-16	6.623287e-17	-6.9678614e-19	0	-1.885636e-17
1.4600000000033769e-09	4.8172266e-10	2.6551641e-10	0.00025893867	0.0029628146	-7.8663235e-17	-1.2534296e-16	6.623287e-17	-6.9678614e-19	0	-1.885636e-17
1.4700000000034627e-09	4.9879156e-10	2.275855e-10	0.00025893867	0.0029628146	-7.8663235e-17	-1.2534296e-16	6.623287e-17	-6.9678614e-19	0	-1.885636e-17
1.4800000000035485e-09	4.8172266e-10	2.351717e-10	0.00025893867	0.0029628146	-7.8663235e-17	-1.2534296e-16	6.623287e-17	-6.9678614e-19	0	-1.885636e-17
1.4900000000036342e-09	4.96895e-10	2.6551641e-10	0.00025893867	0.0029628146	-7.866324e-17	-1.2534296e-16	6.623287e-17	-6.9678614e-19	0	-1.885636e-17
1.50000000000372e-09	4.9310195e-10	2.5793023e-10	0.00025893867	0.0029628146	-7.8663235e-17	-1.2534296e-16	6.623287e-17	-6.9678614e-19	0	-1.885636e-17
1.5100000000038058e-09	4.912054e-10	2.5793023e-10	0.00025893867	0.0029628146	-7.866324e-17	-1.2534296e-16	6.623287e-17	-6.9678614e-19	0	-1.885636e-17
1.5200000000038916e-09	4.883606e-10	2.275855e-10	0.00025893867	0.0029628146	-7.866324e-17	-1.2534296e-16	6.623287e-17	-6.9678614e-19	0	-1.885636e-17
1.5300000000039774e-09	4.874123e-10	2.275855e-10	0.00025893867	0.0029628146	-7.866324e-17	-1.2534296e-16	6.623287e-17	-6.9678614e-19	0	-1.885636e-17
1.5400000000040632e-09	4.8930887e-10	2.88275e-10	0.00025893867	0.0029628146	-7.866324e-17	-1.2534296e-16	6.623287e-17	-6.9678614e-19	0	-1.885636e-17
1.550000000004149e-09	4.9310195e-10	2.5793023e-10	0.00025893867	0.0029628146	-7.866324e-17	-1.2534296e-16	6.623287e-17	-6.9678614e-19	0	-1.885636e-17
1.5600000000042347e-09	4.8172266e-10	2.6551641e-10	0.00025893867	0.0029628146	-7.866324e-17	-1.2534296e-16	6.623287e-17	-6.9678614e-19	0	-1.885636e-17
1.5700000000043205e-09	4.836192e-10	2.275855e-10	0.00025893867	0.0029628146	-7.8663235e-17	-1.2534296e-16	6.623287e-17	-6.9678614e-19	0	-1.885636e-17
1.5800000000044063e-09	4.8930887e-10	2.7310262e-10	0.00025893873	0.0029628146	-7.8663235e-17	-1.2534296e-16	6.623287e-17	-6.9678614e-19	0	-1.885636e-17
1.590000000004492e-09	4.8551574e-10	2.275855e-10	0.00025893867	0.0029628146	-7.866324e-17	-1.2534296e-16	6.623287e-17	-6.9678614e-19	0	-1.885636e-17
1.6000000000045779e-09	4.949985e-10	2.6551641e-10	0.00025893867	0.0029628146	-7.8663235e-17	-1.2534296e-16	6.623287e-17	-6.9678614e-19	0	-1.885636e-17
1.6100000000046637e-09	4.703434e-10	2.5793023e-10	0.00025893867	0.0029628146	-7.866324e-17	-1.2534296e-16	6.623287e-17	-6.9678614e-19	0	-1.885636e-17
1.6200000000047495e-09	4.874123e-10	1.9724078e-10	0.00025893867	0.0029628146	-7.866324e-17	-1.2534296e-16	6.623287e-17	-6.9678614e-19	0	-1.885636e-17
1.6300000000048352e-09	4.8172266e-10	2.351717e-10	0.00025893867	0.0029628146	-7.866324e-17	-1.2534296e-16	6.623287e-17	-6.9678614e-19	0	-1.885636e-17
1.640000000004921e-09	4.6939513e-10	2.5793023e-10	0.00025893867	0.0029628146	-7.866324e-17	-1.2534296e-16	6.623287e-17	-6.9678614e-19	0	-1.885636e-17
1.6500000000050068e-09	4.845675e-10	2.275855e-10	0.00025893867	0.0029628146	-7.866324e-17	-1.2534296e-16	6.623287e-17	-6.9678614e-19	0	-1.8856358e-17
1.6600000000050926e-09	4.7603305e-10	2.5793023e-10	0.00025893867	0.0029628146	-7.866324e-17	-1.2534296e-16	6.623287e-17	-6.9678614e-19	0	-1.885636e-17
1.6700000000051784e-09	4.874123e-10	2.275855e-10	0.00025893867	0.0029628146	-7.866324e-17	-1.2534296e-16	6.623287e-17	-6.9678614e-19	0	-1.885636e-17
1.6800000000052642e-09	4.8930887e-10	2.5793023e-10	0.00025893867	0.0029628146	-7.866324e-17	-1.2534296e-16	6.623287e-17	-6.9678614e-19	0	-1.885636e-17
1.69000000000535e-09	4.9879156e-10	1.9724078e-10	0.00025893867	0.0029628146	-7.8663235e-17	-1.2534296e-16	6.623287e-17	-6.9678614e-19	0	-1.885636e-17
1.7000000000054357e-09	4.7603305e-10	2.275855e-10	0.00025893867	0.0029628146	-7.8663235e-17	-1.2534296e-16	6.623287e-17	-6.9678614e-19	0	-1.885636e-17
1.7100000000055215e-09	4.798261e-10	2.275855e-10	0.00025893867	0.0029628146	-7.8663235e-17	-1.2534296e-16	6.623287e-17	-6.9678614e-19	0	-1.885636e-17
1.7200000000056073e-09	4.703434e-10	2.275855e-10	0.00025893867	0.0029628146	-7.866324e-17	-1.2534296e-16	6.623287e-17	-6.9678614e-19	0	-1.885636e-17
1.730000000005693e-09	4.949985e-10	2.275855e-10	0.00025893867	0.0029628146	-7.866324e-17	-1.2534296e-16	6.623287e-17	-6.9678614e-19	0	-1.885636e-17
1.7400000000057789e-09	4.96895e-10	2.351717e-10	0.00025893867	0.0029628146	-7.8663235e-17	-1.2534296e-16	6.623287e-17	-6.9678614e-19	0	-1.885636e-17
1.7500000000058647e-09	4.9310195e-10	2.351717e-10	0.00025893867	0.0029628146	-7.8663235e-17	-1.2534296e-16	6.623287e-17	-6.9678614e-19	0	-1.885636e-17
1.7600000000059504e-09	4.874123e-10	2.5793023e-10	0.00025893867	0.0029628146	-7.866324e-17	-1.2534296e-16	6.623287e-17	-6.96786e-19	0	-1.885636e-17
1.7700000000060362e-09	4.949985e-10	2.5793023e-10	0.00025893867	0.0029628146	-7.866324e-17	-1.2534296e-16	6.623287e-17	-6.9678614e-19	0	-1.8856358e-17
1.780000000006122e-09	4.8551574e-10	2.275855e-10	0.00025893867	0.0029628146	-7.8663235e-17	-1.2534296e-16	6.623287e-17	-6.9678614e-19	0	-1.885636e-17
1.7900000000062078e-09	4.9879156e-10	2.0482696e-10	0.00025893867	0.0029628146	-7.8663235e-17	-1.2534296e-16	6.623287e-17	-6.9678614e-19	0	-1.885636e-17
1.8000000000062936e-09	4.8551574e-10	2.5793023e-10	0.00025893867	0.0029628146	-7.8663235e-17	-1.2534296e-16	6.623287e-17	-6.9678614e-19	0	-1.885636e-17
1.8100000000063794e-09	4.874123e-10	2.275855e-10	0.00025893867	0.0029628146	-7.866324e-17	-1.2534296e-16	6.623287e-17	-6.9678614e-19	0	-1.885636e-17
1.8200000000064652e-09	5.006881e-10	2.5793023e-10	0.00025893867	0.0029628146	-7.866324e-17	-1.2534296e-16	6.623287e-17	-6.9678614e-19	0	-1.885636e-17
1.830000000006551e-09	4.949985e-10	2.5793023e-10	0.00025893867	0.0029628146	-7.8663235e-17	-1.2534296e-16	6.623287e-17	-6.9678614e-19	0	-1.885636e-17
1.8400000000066367e-09	4.912054e-10	2.275855e-10	0.00025893867	0.0029628146	-7.866324e-17	-1.2534296e-16	6.623287e-17	-6.9678614e-19	0	-1.885636e-17
1.8500000000067225e-09	4.9310195e-10	2.275855e-10	0.00025893867	0.0029628146	-7.8663235e-17	-1.2534296e-16	6.623287e-17	-6.9678614e-19	0	-1.885636e-17
1.8600000000068083e-09	4.8551574e-10	2.5793023e-10	0.00025893867	0.0029628146	-7.8663235e-17	-1.2534296e-16	6.623287e-17	-6.9678614e-19	0	-1.885636e-17
1.870000000006742e-09	4.8172266e-10	2.6551641e-10	0.00025893867	0.0029628146	-7.8663235e-17	-1.2534296e-16	6.623287e-17	-6.9678614e-19	0	-1.885636e-17
1.880000000006621e-09	4.874123e-10	2.6551641e-10	0.00025893867	0.0029628146	-7.866324e-17	-1.2534296e-16	6.623287e-17	-6.9678614e-19	0	-1.885636e-17
1.8900000000065e-09	5.0448123e-10	2.6551641e-10	0.00025893867	0.0029628146	-7.866324e-17	-1.2534296e-16	6.623287e-17	-6.9678614e-19	0	-1.885636e-17
1.900000000006379e-09	4.9310195e-10	2.5793023e-10	0.00025893867	0.0029628146	-7.866324e-17	-1.2534296e-16	6.623287e-17	-6.9678614e-19	0	-1.885636e-17
1.910000000006258e-09	4.9594673e-10	2.6551641e-10	0.00025893867	0.0029628146	-7.866324e-17	-1.2534296e-16	6.623287e-17	-6.9678614e-19	0	-1.885636e-17
1.920000000006137e-09	4.912054e-10	2.5793023e-10	0.00025893867	0.0029628146	-7.8663235e-17	-1.2534296e-16	6.623287e-17	-6.9678614e-19	0	-1.885636e-17
1.930000000006016e-09	5.082743e-10	2.5793023e-10	0.00025893867	0.0029628146	-7.866324e-17	-1.2534296e-16	6.623287e-17	-6.9678614e-19	0	-1.885636e-17
1.940000000005895e-09	4.949985e-10	2.275855e-10	0.00025893867	0.0029628146	-7.8663235e-17	-1.2534296e-16	6.623287e-17	-6.9678614e-19	0	-1.885636e-17
1.950000000005774e-09	4.949985e-10	2.5793023e-10	0.00025893867	0.0029628146	-7.8663235e-17	-1.2534296e-16	6.623287e-17	-6.9678614e-19	0	-1.885636e-17
1.960000000005653e-09	5.0258464e-10	2.88275e-10	0.00025893867	0.0029628146	-7.866324e-17	-1.2534296e-16	6.623287e-17	-6.9678614e-19	0	-1.885636e-17
1.9700000000055318e-09	4.96895e-10	2.88275e-10	0.00025893867	0.0029628146	-7.8663235e-17	-1.2534296e-16	6.623287e-17	-6.9678614e-19	0	-1.885636e-17
1.9800000000054108e-09	4.949985e-10	2.0482696e-10	0.00025893867	0.0029628146	-7.866324e-17	-1.2534296e-16	6.623287e-17	-6.9678614e-19	0	-1.885636e-17
1.9900000000052898e-09	4.8172266e-10	2.275855e-10	0.00025893867	0.0029628146	-7.866324e-17	-1.2534296e-16	6.623287e-17	-6.9678614e-19	0	-1.885636e-17
2.0000000000051688e-09	4.836192e-10	2.275855e-10	0.00025893867	0.0029628146	-7.866324e-17	-1.2534296e-16	6.623287e-17	-6.9678614e-19	0	-1.885636e-17
2.0100000000050478e-09	4.798261e-10	2.351717e-10	0.00025893867	0.0029628146	-7.866324e-17	-1.2534296e-16	6.623287e-17	-6.9678614e-19	0	-1.885636e-17
2.0200000000049267e-09	4.8172266e-10	2.5793023e-10	0.00025893867	0.0029628146	-7.8663235e-17	-1.2534296e-16	6.623287e-17	-6.9678614e-19	0	-1.885636e-17
2.0300000000048057e-09	4.8930887e-10	2.88275e-10	0.00025893867	0.0029628146	-7.8663235e-17	-1.2534296e-16	6.623287e-17	-6.9678614e-19	0	-1.885636e-17
2.0400000000046847e-09	4.8551574e-10	2.5793023e-10	0.00025893867	0.0029628146	-7.866324e-17	-1.2534296e-16	6.623287e-17	-6.9678614e-19	0	-1.885636e-17
2.0500000000045637e-09	4.8172266e-10	2.5793023e-10	0.00025893867	0.0029628146	-7.866324e-17	-1.2534296e-16	6.623287e-17	-6.9678614e-19	0	-1.885636e-17
2.0600000000044427e-09	4.949985e-10	2.351717e-10	0.00025893867	0.0029628146	-7.866324e-17	-1.2534296e-16	6.623287e-17	-6.9678614e-19	0	-1.885636e-17
2.0700000000043217e-09	4.8930887e-10	2.275855e-10	0.00025893867	0.0029628146	-7.866324e-17	-1.2534296e-16	6.623287e-17	-6.9678614e-19	0	-1.885636e-17
2.0800000000042007e-09	4.8551574e-10	2.351717e-10	0.00025893867	0.0029628146	-7.866324e-17	-1.2534296e-16	6.623287e-17	-6.9678614e-19	0	-1.885636e-17
2.0900000000040797e-09	4.9310195e-10	2.275855e-10	0.00025893867	0.0029628146	-7.866324e-17	-1.2534296e-16	6.623287e-17	-6.9678614e-19	0	-1.885636e-17
2.1000000000039587e-09	4.8172266e-10	2.5793023e-10	0.00025893867	0.0029628146	-7.8663235e-17	-1.2534296e-16	6.623287e-17	-6.9678614e-19	0	-1.885636e-17
2.1100000000038377e-09	4.912054e-10	2.5793023e-10	0.00025893867	0.0029628146	-7.866324e-17	-1.2534296e-16	6.623287e-17	-6.9678614e-19	0	-1.885636e-17
2.1200000000037166e-09	4.8551574e-10	2.88275e-10	0.00025893867	0.0029628146	-7.866324e-17	-1.2534296e-16	6.623287e-17	-6.9678614e-19	0	-1.885636e-17
2.1300000000035956e-09	4.8646404e-10	2.88275e-10	0.00025893867	0.0029628146	-7.866324e-17	-1.2534296e-16	6.623287e-17	-6.9678614e-19	0	-1.885636e-17
2.1400000000034746e-09	4.874123e-10	1.9724078e-10	0.0002589389	0.0029628146	-7.8663235e-17	-1.2534296e-16	6.623287e-17	-6.9678614e-19	0	-1.885636e-17
2.1500000000033536e-09	4.836192e-10	2.6551641e-10	0.00025893867	0.0029628146	-7.866324e-17	-1.2534296e-16	6.623287e-17	-6.9678614e-19	0	-1.885636e-17
2.1600000000032326e-09	4.8930887e-10	2.0482696e-10	0.00025893867	0.0029628146	-7.8663235e-17	-1.2534296e-16	6.623287e-17	-6.9678614e-19	0	-1.885636e-17
2.1700000000031116e-09	4.798261e-10	2.351717e-10	0.00025893867	0.0029628146	-7.866324e-17	-1.2534296e-16	6.623287e-17	-6.9678614e-19	0	-1.885636e-17
2.1800000000029906e-09	4.8930887e-10	2.88275e-10	0.00025893867	0.0029628146	-7.866324e-17	-1.2534296e-16	6.623287e-17	-6.9678614e-19	0	-1.885636e-17
2.1900000000028696e-09	4.7603305e-10	2.88275e-10	0.00025893867	0.0029628146	-7.8663235e-17	-1.2534296e-16	6.623287e-17	-6.9678614e-19	0	-1.885636e-17
2.2000000000027486e-09	4.8930887e-10	2.351717e-10	0.00025893867	0.0029628146	-7.8663235e-17	-1.2534296e-16	6.623287e-17	-6.9678614e-19	0	-1.885636e-17
2.2100000000026276e-09	4.9879156e-10	2.351717e-10	0.00025893867	0.0029628146	-7.8663235e-17	-1.2534296e-16	6.623287e-17	-6.9678614e-19	0	-1.885636e-17
2.2200000000025065e-09	4.949985e-10	2.88275e-10	0.00025893867	0.0029628146	-7.866324e-17	-1.2534296e-16	6.623287e-17	-6.9678614e-19	0	-1.885636e-17
2.2300000000023855e-09	4.769813e-10	2.88275e-10	0.00025893867	0.0029628146	-7.8663235e-17	-1.2534296e-16	6.623287e-17	-6.9678614e-19	0	-1.885636e-17
2.2400000000022645e-09	4.7603305e-10	2.9586117e-10	0.00025893867	0.0029628146	-7.866324e-17	-1.2534296e-16	6.623287e-17	-6.9678614e-19	0	-1.885636e-17
2.2500000000021435e-09	4.8930887e-10	2.351717e-10	0.00025893867	0.0029628146	-7.8663235e-17	-1.2534296e-16	6.623287e-17	-6.9678614e-19	0	-1.885636e-17
2.2600000000020225e-09	4.912054e-10	2.5793023e-10	0.00025893867	0.0029628146	-7.8663235e-17	-1.2534296e-16	6.623287e-17	-6.9678614e-19	0	-1.885636e-17
2.2700000000019015e-09	4.8172266e-10	2.6551641e-10	0.00025893867	0.0029628146	-7.866324e-17	-1.2534296e-16	6.623287e-17	-6.9678614e-19	0	-1.885636e-17
2.2800000000017805e-09	4.8930887e-10	2.5793023e-10	0.00025893867	0.0029628146	-7.8663235e-17	-1.2534296e-16	6.623287e-17	-6.9678614e-19	0	-1.885636e-17
2.2900000000016595e-09	5.0258464e-10	3.0344735e-10	0.00025893867	0.0029628146	-7.866324e-17	-1.2534296e-16	6.623287e-17	-6.9678614e-19	0	-1.885636e-17
2.3000000000015385e-09	4.8172266e-10	2.5793023e-10	0.00025893867	0.0029628146	-7.866324e-17	-1.2534296e-16	6.623287e-17	-6.9678614e-19	0	-1.885636e-17
2.3100000000014175e-09	4.9310195e-10	2.6551641e-10	0.00025893867	0.0029628146	-7.866324e-17	-1.2534296e-16	6.623287e-17	-6.9678614e-19	0	-1.885636e-17
2.3200000000012965e-09	5.006881e-10	2.6551641e-10	0.00025893867	0.0029628146	-7.8663235e-17	-1.2534296e-16	6.623287e-17	-6.9678614e-19	0	-1.885636e-17
2.3300000000011754e-09	4.912054e-10	2.275855e-10	0.00025893867	0.0029628146	-7.866324e-17	-1.2534296e-16	6.623287e-17	-6.9678614e-19	0	-1.885636e-17
2.3400000000010544e-09	4.9879156e-10	1.9724078e-10	0.00025893867	0.0029628146	-7.8663235e-17	-1.2534296e-16	6.623287e-17	-6.9678614e-19	0	-1.885636e-17
2.3500000000009334e-09	4.874123e-10	2.9586117e-10	0.00025893867	0.0029628146	-7.866324e-17	-1.2534296e-16	6.623287e-17	-6.9678614e-19	0	-1.885636e-17
2.3600000000008124e-09	4.9215365e-10	2.275855e-10	0.00025893867	0.0029628146	-7.8663235e-17	-1.2534296e-16	6.623287e-17	-6.9678614e-19	0	-1.885636e-17
2.3700000000006914e-09	4.8930887e-10	2.5793023e-10	0.00025893867	0.0029628146	-7.8663235e-17	-1.2534296e-16	6.623287e-17	-6.9678614e-19	0	-1.885636e-17
2.3800000000005704e-09	4.788778e-10	2.275855e-10	0.00025893867	0.0029628146	-7.866324e-17	-1.2534296e-16	6.623287e-17	-6.9678614e-19	0	-1.885636e-17
2.3900000000004494e-09	5.0448123e-10	2.88275e-10	0.00025893867	0.0029628146	-7.866324e-17	-1.2534296e-16	6.623287e-17	-6.9678614e-19	0	-1.885636e-17
2.4000000000003284e-09	4.9310195e-10	2.5793023e-10	0.00025893867	0.0029628146	-7.8663235e-17	-1.2534296e-16	6.623287e-17	-6.9678603e-19	0	-1.885636e-17
2.4100000000002074e-09	4.912054e-10	1.9724078e-10	0.00025893867	0.0029628146	-7.8663235e-17	-1.2534296e-16	6.623287e-17	-6.9678614e-19	0	-1.885636e-17
2.4200000000000864e-09	4.8930887e-10	2.275855e-10	0.00025893867	0.0029628146	-7.8663235e-17	-1.2534296e-16	6.623287e-17	-6.9678614e-19	0	-1.885636e-17
2.4300099999999652e-09	5.063778e-10	2.88275e-10	0.0002589384	0.002963145	-7.8663235e-17	-1.2534296e-16	6.623287e-17	-6.9678614e-19	0	-1.885636e-17
2.4400099999998442e-09	5.0448123e-10	2.9586117e-10	0.0002589384	0.002963145	-7.8663235e-17	-1.2534296e-16	6.623287e-17	-6.9678614e-19	0	-1.885636e-17
2.450009999999723e-09	5.0448123e-10	2.88275e-10	0.0002589384	0.002963145	-7.866324e-17	-1.2534296e-16	6.623287e-17	-6.9678603e-19	0	-1.885636e-17
2.460009999999602e-09	5.1586047e-10	2.88275e-10	0.0002589384	0.002963145	-7.866324e-17	-1.2534296e-16	6.623287e-17	-6.9678603e-19	0	-1.885636e-17
2.470009999999481e-09	4.9310195e-10	2.88275e-10	0.0002589384	0.002963145	-7.8663235e-17	-1.2534296e-16	6.623287e-17	-6.9678603e-19	0	-1.885636e-17
2.48000999999936e-09	5.1586047e-10	2.6551641e-10	0.0002589384	0.002963145	-7.866324e-17	-1.2534296e-16	6.623287e-17	-6.9678603e-19	0	-1.885636e-17
2.490009999999239e-09	5.082743e-10	2.9586117e-10	0.0002589384	0.002963145	-7.8663235e-17	-1.2534296e-16	6.623287e-17	-6.9678603e-19	0	-1.885636e-17
2.500009999999118e-09	5.120674e-10	2.88275e-10	0.0002589384	0.002963145	-7.8663235e-17	-1.2534296e-16	6.623287e-17	-6.9678614e-19	0	-1.885636e-17
2.510009999998997e-09	5.1586047e-10	2.88275e-10	0.0002589384	0.002963145	-7.866324e-17	-1.2534296e-16	6.623287e-17	-6.9678603e-19	0	-1.885636e-17
2.520009999998876e-09	5.2155014e-10	2.88275e-10	0.0002589384	0.002963145	-7.866324e-17	-1.2534296e-16	6.623287e-17	-6.9678603e-19	0	-1.885636e-17
2.530009999998755e-09	5.063778e-10	2.88275e-10	0.0002589384	0.002963145	-7.866324e-17	-1.2534296e-16	6.623287e-17	-6.9678603e-19	0	-1.885636e-17
2.540009999998634e-09	5.120674e-10	2.806888e-10	0.0002589384	0.002963145	-7.866324e-17	-1.2534296e-16	6.623287e-17	-6.9678603e-19	0	-1.885636e-17
2.550009999998513e-09	5.006881e-10	2.88275e-10	0.0002589384	0.002963145	-7.866324e-17	-1.2534296e-16	6.623287e-17	-6.9678614e-19	0	-1.885636e-17
2.560009999998392e-09	5.196536e-10	2.9586117e-10	0.0002589384	0.002963145	-7.8663235e-17	-1.2534296e-16	6.623287e-17	-6.9678603e-19	0	-1.885636e-17
2.570009999998271e-09	5.063778e-10	2.88275e-10	0.0002589384	0.002963145	-7.866324e-17	-1.2534296e-16	6.623287e-17	-6.9678614e-19	0	-1.885636e-17
2.58000999999815e-09	5.1111915e-10	3.1103353e-10	0.0002589384	0.002963145	-7.866324e-17	-1.2534296e-16	6.623287e-17	-6.9678603e-19	0	-1.885636e-17
2.590009999998029e-09	5.063778e-10	3.1103353e-10	0.0002589384	0.002963145	-7.866324e-17	-1.2534296e-16	6.623287e-17	-6.9678603e-19	0	-1.885636e-17
2.600009999997908e-09	5.130157e-10	2.88275e-10	0.0002589384	0.002963145	-7.866324e-17	-1.2534296e-16	6.623287e-17	-6.9678603e-19	0	-1.885636e-17
2.610009999997787e-09	5.1586047e-10	2.9586117e-10	0.0002589384	0.002963145	-7.8663235e-17	-1.2534296e-16	6.623287e-17	-6.9678603e-19	0	-1.885636e-17
2.620009999997666e-09	5.07326e-10	2.9586117e-10	0.0002589384	0.002963145	-7.866324e-17	-1.2534296e-16	6.623287e-17	-6.9678603e-19	0	-1.885636e-17
2.630009999997545e-09	5.063778e-10	2.88275e-10	0.0002589384	0.002963145	-7.866324e-17	-1.2534296e-16	6.623287e-17	-6.9678603e-19	0	-1.885636e-17
2.640009999997424e-09	5.1111915e-10	2.9586117e-10	0.0002589384	0.002963145	-7.866324e-17	-1.2534296e-16	6.623287e-17	-6.9678603e-19	0	-1.885636e-17
2.650009999997303e-09	5.1017085e-10	3.0344735e-10	0.0002589384	0.002963145	-7.866324e-17	-1.2534296e-16	6.623287e-17	-6.9678603e-19	0	-1.885636e-17
2.660009999997182e-09	5.196536e-10	2.9586117e-10	0.0002589384	0.002963145	-7.8663235e-17	-1.2534296e-16	6.623287e-17	-6.9678603e-19	0	-1.885636e-17
2.670009999997061e-09	5.196536e-10	2.88275e-10	0.0002589384	0.002963145	-7.866324e-17	-1.2534296e-16	6.623287e-17	-6.9678603e-19	0	-1.885636e-17
2.68000999999694e-09	5.120674e-10	2.9586117e-10	0.0002589384	0.002963145	-7.866324e-17	-1.2534296e-16	6.623287e-17	-6.9678603e-19	0	-1.885636e-17
2.690009999996819e-09	5.130157e-10	2.5793023e-10	0.0002589384	0.002963145	-7.8663235e-17	-1.2534296e-16	6.623287e-17	-6.9678603e-19	0	-1.885636e-17
2.700009999996698e-09	5.0448123e-10	2.9586117e-10	0.0002589384	0.002963145	-7.866324e-17	-1.2534296e-16	6.623287e-17	-6.9678603e-19	0	-1.885636e-17
2.710009999996577e-09	5.0448123e-10	2.88275e-10	0.0002589384	0.002963145	-7.866324e-17	-1.2534296e-16	6.623287e-17	-6.9678603e-19	0	-1.885636e-17
2.720009999996456e-09	5.149122e-10	2.9586117e-10	0.0002589384	0.002963145	-7.866324e-17	-1.2534296e-16	6.623287e-17	-6.9678603e-19	0	-1.885636e-17
2.730009999996335e-09	5.0448123e-10	2.9586117e-10	0.0002589384	0.002963145	-7.866324e-17	-1.2534296e-16	6.623287e-17	-6.9678603e-19	0	-1.8856358e-17
2.740009999996214e-09	5.139639e-10	2.9586117e-10	0.0002589384	0.002963145	-7.866324e-17	-1.2534296e-16	6.623287e-17	-6.9678603e-19	0	-1.885636e-17
2.750009999996093e-09	5.2155014e-10	2.88275e-10	0.0002589384	0.002963145	-7.8663235e-17	-1.2534296e-16	6.623287e-17	-6.9678603e-19	0	-1.885636e-17
2.760009999995972e-09	5.0448123e-10	2.88275e-10	0.0002589384	0.002963145	-7.8663235e-17	-1.2534296e-16	6.623287e-17	-6.9678603e-19	0	-1.885636e-17
2.770009999995851e-09	5.187053e-10	3.1103353e-10	0.0002589384	0.002963145	-7.866324e-17	-1.2534296e-16	6.623287e-17	-6.9678603e-19	0	-1.885636e-17
2.78000999999573e-09	5.1111915e-10	2.5793023e-10	0.0002589384	0.002963145	-7.8663235e-17	-1.2534296e-16	6.623287e-17	-6.9678603e-19	0	-1.885636e-17
2.790009999995609e-09	5.196536e-10	2.6551641e-10	0.0002589384	0.002963145	-7.8663235e-17	-1.2534296e-16	6.623287e-17	-6.9678603e-19	0	-1.885636e-17
2.800009999995488e-09	5.1586047e-10	2.9586117e-10	0.0002589384	0.002963145	-7.866324e-17	-1.2534296e-16	6.623287e-17	-6.9678603e-19	0	-1.885636e-17
2.810009999995367e-09	5.082743e-10	2.9586117e-10	0.0002589384	0.002963145	-7.8663235e-17	-1.2534296e-16	6.623287e-17	-6.9678603e-19	0	-1.885636e-17
2.820009999995246e-09	5.120674e-10	2.9586117e-10	0.0002589384	0.002963145	-7.866324e-17	-1.2534296e-16	6.623287e-17	-6.9678603e-19	0	-1.885636e-17
2.830009999995125e-09	5.082743e-10	2.9586117e-10	0.0002589384	0.002963145	-7.866324e-17	-1.2534296e-16	6.623287e-17	-6.9678603e-19	0	-1.885636e-17
2.840009999995004e-09	5.063778e-10	2.6551641e-10	0.0002589384	0.002963145	-7.8663235e-17	-1.2534296e-16	6.623287e-17	-6.9678603e-19	0	-1.885636e-17
2.850009999994883e-09	5.1775706e-10	2.6551641e-10	0.0002589384	0.002963145	-7.866324e-17	-1.2534296e-16	6.623287e-17	-6.9678603e-19	0	-1.885636e-17
2.860009999994762e-09	5.063778e-10	2.9586117e-10	0.0002589384	0.002963145	-7.866324e-17	-1.2534296e-16	6.623287e-17	-6.9678603e-19	0	-1.885636e-17
2.870009999994641e-09	5.006881e-10	2.9586117e-10	0.0002589384	0.002963145	-7.866324e-17	-1.2534296e-16	6.623287e-17	-6.9678603e-19	0	-1.885636e-17
2.8800099999945198e-09	5.0448123e-10	2.9586117e-10	0.0002589384	0.002963145	-7.8663235e-17	-1.2534296e-16	6.623287e-17	-6.9678603e-19	0	-1.885636e-17
2.8900099999943988e-09	5.139639e-10	2.9586117e-10	0.0002589384	0.002963145	-7.866324e-17	-1.2534296e-16	6.623287e-17	-6.9678603e-19	0	-1.885636e-17
2.9000099999942778e-09	4.96895e-10	2.5793023e-10	0.0002589384	0.002963145	-7.8663235e-17	-1.2534296e-16	6.623287e-17	-6.9678603e-19	0	-1.885636e-17
2.9100099999941568e-09	5.082743e-10	2.9586117e-10	0.0002589384	0.002963145	-7.866324e-17	-1.2534296e-16	6.623287e-17	-6.9678603e-19	0	-1.885636e-17
2.9200099999940357e-09	5.006881e-10	2.88275e-10	0.0002589384	0.002963145	-7.866324e-17	-1.2534296e-16	6.623287e-17	-6.9678603e-19	0	-1.885636e-17
2.9300099999939147e-09	5.0448123e-10	2.5793023e-10	0.0002589384	0.002963145	-7.866324e-17	-1.2534296e-16	6.623287e-17	-6.9678603e-19	0	-1.885636e-17
2.9400099999937937e-09	5.1017085e-10	2.88275e-10	0.0002589384	0.002963145	-7.8663235e-17	-1.2534296e-16	6.623287e-17	-6.9678603e-19	0	-1.885636e-17
2.9500099999936727e-09	5.0353294e-10	2.88275e-10	0.0002589384	0.002963145	-7.866324e-17	-1.2534296e-16	6.623287e-17	-6.9678603e-19	0	-1.885636e-17
2.9600099999935517e-09	5.063778e-10	2.88275e-10	0.0002589384	0.002963145	-7.866324e-17	-1.2534296e-16	6.623287e-17	-6.9678603e-19	0	-1.885636e-17
2.9700099999934307e-09	5.130157e-10	2.88275e-10	0.0002589384	0.002963145	-7.866324e-17	-1.2534296e-16	6.623287e-17	-6.9678603e-19	0	-1.885636e-17
2.9800099999933097e-09	5.054295e-10	2.9586117e-10	0.00025893867	0.002963145	-7.866324e-17	-1.2534296e-16	6.623287e-17	-6.9678603e-19	0	-1.885636e-17
2.9900099999931887e-09	5.2155014e-10	2.88275e-10	0.0002589384	0.002963145	-7.8663235e-17	-1.2534296e-16	6.623287e-17	-6.9678603e-19	0	-1.885636e-17
3.0000099999930677e-09	5.082743e-10	2.9586117e-10	0.0002589384	0.002963145	-7.8663235e-17	-1.2534296e-16	6.623287e-17	-6.9678603e-19	0	-1.885636e-17
