# t (s)	mx ()	my ()	mz ()	spinAngle (rad)	E_total (J)	E_anis (J)	E_demag (J)	E_exch (J)	E_therm (J)	E_custom (J)
0	0	0	0	0.0018746129	-5.159349e-17	-4.0712e-16	4.1278652e-16	3.8080012e-18	0	-6.1068e-17
1.0000000000000124e-11	-4.7786786e-10	-3.4668846e-10	0.0012740728	0.0086926455	-6.3188936e-17	-3.9751696e-16	4.0405997e-16	-9.194321e-18	0	-6.05376e-17
2.0009999999999403e-11	-1.7615521e-09	-1.0681752e-09	0.0038954886	0.011770584	-6.6695566e-17	-3.846829e-16	3.9147642e-16	-1.355244e-17	0	-5.9936654e-17
3.000999999999824e-11	-3.4481444e-09	-1.8365117e-09	0.007189991	0.015359655	-7.0697353e-17	-3.725932e-16	3.787409e-16	-1.7657138e-17	0	-5.918799e-17
4.000000000000001e-11	-4.9848174e-09	-2.1925701e-09	0.009646243	0.018735582	-7.5888104e-17	-3.657117e-16	3.7099188e-16	-2.250882e-17	0	-5.865951e-17
5.0000000000001785e-11	-6.221652e-09	-2.679808e-09	0.0104235085	0.021303093	-8.1375143e-17	-3.6101082e-16	3.6612044e-16	-2.7914652e-17	0	-5.857007e-17
6.00000000000024e-11	-7.4655135e-09	-2.5111486e-09	0.009829297	0.023336507	-8.638547e-17	-3.5509291e-16	3.6040704e-16	-3.3002677e-17	0	-5.869691e-17
7.000999999999771e-11	-8.5079215e-09	-2.904687e-09	0.008480498	0.025169399	-9.0766456e-17	-3.4725024e-16	3.528343e-16	-3.749595e-17	0	-5.885456e-17
8.000999999999302e-11	-9.2949985e-09	-3.6449137e-09	0.0069183162	0.027075134	-9.465457e-17	-3.3770963e-16	3.4345857e-16	-4.14491e-17	0	-5.895442e-17
9.000999999998834e-11	-1.0110185e-08	-5.4533156e-09	0.005587317	0.029306807	-9.83698e-17	-3.2733954e-16	3.3292217e-16	-4.5006963e-17	0	-5.894546e-17
1.0000999999998365e-10	-9.444918e-09	-7.346047e-09	0.0048346156	0.03182869	-1.02309033e-16	-3.1826715e-16	3.2319244e-16	-4.8395433e-17	0	-5.883886e-17
1.1000999999997896e-10	-7.4397466e-09	-8.170603e-09	0.004627057	0.034103144	-1.0655149e-16	-3.1206428e-16	3.1628107e-16	-5.198393e-17	0	-5.878431e-17
1.2000999999997891e-10	-5.565755e-09	-9.819716e-09	0.00474488	0.035796504	-1.10713255e-16	-3.0770079e-16	3.1159663e-16	-5.574061e-17	0	-5.886849e-17
1.3000999999998715e-10	-4.3242356e-09	-1.124395e-08	0.005075238	0.037002522	-1.144792e-16	-3.040148e-16	3.078631e-16	-5.930608e-17	0	-5.9021454e-17
1.400099999999954e-10	-3.3638148e-09	-1.341778e-08	0.005485529	0.037891384	-1.177715e-16	-3.0050572e-16	3.0441152e-16	-6.249867e-17	0	-5.9178625e-17
1.5000000000000362e-10	-2.876577e-09	-1.5966409e-08	0.005853675	0.03860389	-1.2062531e-16	-2.9683738e-16	3.0083243e-16	-6.530383e-17	0	-5.93165e-17
1.6000000000001186e-10	-2.4174491e-09	-1.808402e-08	0.0061301985	0.039211623	-1.231166e-16	-2.927626e-16	2.9685413e-16	-6.777742e-17	0	-5.9430723e-17
1.700000000000201e-10	-2.885947e-09	-1.9526992e-08	0.0063231084	0.039763343	-1.2531559e-16	-2.881621e-16	2.9234974e-16	-6.998181e-17	0	-5.952143e-17
1.8000000000002833e-10	-3.729243e-09	-2.0482728e-08	0.0064703804	0.04035536	-1.2728956e-16	-2.8298698e-16	2.8726754e-16	-7.197773e-17	0	-5.959241e-17
1.9000000000003657e-10	-5.035767e-09	-2.1026185e-08	0.006615689	0.0410268	-1.2909887e-16	-2.7722494e-16	2.8159084e-16	-7.382078e-17	0	-5.9643964e-17
2.000000000000448e-10	-6.6760952e-09	-2.1841958e-08	0.0067852437	0.04176147	-1.308063e-16	-2.7088519e-16	2.7531324e-16	-7.5566284e-17	0	-5.966809e-17
2.1000000000005304e-10	-8.582881e-09	-2.2825217e-08	0.006971422	0.04266904	-1.3248655e-16	-2.639986e-16	2.684276e-16	-7.725458e-17	0	-5.966098e-17
2.2000000000006128e-10	-1.0175774e-08	-2.436189e-08	0.007130022	0.043916095	-1.3423263e-16	-2.5671978e-16	2.6102043e-16	-7.89087e-17	0	-5.962455e-17
2.3000000000006952e-10	-1.124395e-08	-2.5074007e-08	0.007162292	0.045476757	-1.3615626e-16	-2.495521e-16	2.5352175e-16	-8.057104e-17	0	-5.955484e-17
2.4000000000005925e-10	-1.1300169e-08	-2.441811e-08	0.0069247796	0.047114857	-1.3834966e-16	-2.433657e-16	2.4681386e-16	-8.234056e-17	0	-5.9457306e-17
2.5000000000004163e-10	-1.0157034e-08	-2.1644603e-08	0.00637685	0.048525125	-1.4078311e-16	-2.3869801e-16	2.416237e-16	-8.4333565e-17	0	-5.937521e-17
2.60000000000024e-10	-8.88272e-09	-1.8664956e-08	0.005729189	0.049588263	-1.4327986e-16	-2.3505818e-16	2.3764838e-16	-8.652247e-17	0	-5.93476e-17
2.700000000000064e-10	-8.058164e-09	-1.6641046e-08	0.0052664867	0.050392482	-1.4566648e-16	-2.3150692e-16	2.3393335e-16	-8.872601e-17	0	-5.936693e-17
2.800099999999888e-10	-7.720845e-09	-1.6576626e-08	0.0050960737	0.05103002	-1.478641e-16	-2.274314e-16	2.2978212e-16	-9.07993e-17	0	-5.9415517e-17
2.9000999999997117e-10	-7.645886e-09	-1.70299e-08	0.0051114387	0.05157623	-1.4984927e-16	-2.2286125e-16	2.2517738e-16	-9.26819e-17	0	-5.948348e-17
3.0000999999995355e-10	-7.552186e-09	-1.8402597e-08	0.0050987583	0.052097935	-1.516284e-16	-2.1834234e-16	2.2064785e-16	-9.4371905e-17	0	-5.956201e-17
3.1000999999993594e-10	-7.308567e-09	-2.023911e-08	0.0048631006	0.052642766	-1.5321226e-16	-2.1453636e-16	2.1685053e-16	-9.588643e-17	0	-5.9639993e-17
3.2000999999991833e-10	-6.896289e-09	-2.3181276e-08	0.0043075536	0.053221777	-1.5461534e-16	-2.1183874e-16	2.1417997e-16	-9.724946e-17	0	-5.970706e-17
3.300099999999007e-10	-5.2096967e-09	-2.5814234e-08	0.0034465145	0.053829458	-1.55856e-16	-2.1027242e-16	2.1265855e-16	-9.848537e-17	0	-5.9756745e-17
3.400099999998831e-10	-2.6985478e-09	-3.0396144e-08	0.0023653153	0.0544723	-1.5695702e-16	-2.0962127e-16	2.1206877e-16	-9.961682e-17	0	-5.978769e-17
3.500099999998655e-10	7.308567e-10	-3.764849e-08	0.0011651341	0.055146817	-1.5794474e-16	-2.0962868e-16	2.1215201e-16	-1.00662415e-16	0	-5.9805655e-17
3.600099999998479e-10	5.4907954e-09	-4.9618613e-08	-7.040472e-05	0.055840537	-1.5884544e-16	-2.1010186e-16	2.1271418e-16	-1.0163257e-16	0	-5.9825176e-17
3.7000999999983027e-10	1.1393869e-08	-6.9067134e-08	-0.0012778607	0.056534998	-1.5968178e-16	-2.1087667e-16	2.1358995e-16	-1.025316e-16	0	-5.9863425e-17
3.8000999999981266e-10	1.7671741e-08	-9.2432295e-08	-0.002406299	0.057247695	-1.6047153e-16	-2.1172945e-16	2.1455212e-16	-1.03369704e-16	0	-5.992449e-17
3.9000999999979505e-10	2.193507e-08	-1.2103175e-07	-0.0034208067	0.058026843	-1.6123015e-16	-2.1236404e-16	2.1529641e-16	-1.04176536e-16	0	-5.9986e-17
4.0000999999977743e-10	2.4914717e-08	-1.4941101e-07	-0.0043135206	0.058972966	-1.619714e-16	-2.1250544e-16	2.1553641e-16	-1.0500101e-16	0	-6.000136e-17
4.100099999997598e-10	2.689178e-08	-1.7540678e-07	-0.00510423	0.060138855	-1.6270688e-16	-2.1201258e-16	2.1511917e-16	-1.0589568e-16	0	-5.9917794e-17
4.200099999997422e-10	3.0611652e-08	-1.9836669e-07	-0.0058176173	0.061542347	-1.6344657e-16	-2.1090997e-16	2.1405763e-16	-1.06893937e-16	0	-5.970032e-17
4.300099999997246e-10	4.203363e-08	-2.2103731e-07	-0.00644065	0.06319047	-1.642035e-16	-2.0933345e-16	2.1247485e-16	-1.0799457e-16	0	-5.9350335e-17
4.40009999999707e-10	6.5992616e-08	-2.4581146e-07	-0.006900115	0.065075085	-1.6499827e-16	-2.0744059e-16	2.1051874e-16	-1.0916896e-16	0	-5.890745e-17
4.5000999999968937e-10	1.03603625e-07	-2.7871877e-07	-0.0071026487	0.06711915	-1.6585761e-16	-2.0531034e-16	2.0827239e-16	-1.1038979e-16	0	-5.842987e-17
4.6000999999967176e-10	1.5044404e-07	-3.3040345e-07	-0.0070136017	0.06926362	-1.6681215e-16	-2.0292744e-16	2.0573184e-16	-1.1164868e-16	0	-5.796788e-17
4.700099999996541e-10	2.0311258e-07	-4.0785554e-07	-0.0067102546	0.07150854	-1.678934e-16	-2.0026829e-16	2.028852e-16	-1.1295585e-16	0	-5.755446e-17
4.800099999996365e-10	2.5892942e-07	-5.081328e-07	-0.0063764323	0.07388815	-1.6913174e-16	-1.9737085e-16	1.9978356e-16	-1.1433153e-16	0	-5.72129e-17
4.900099999996189e-10	3.1537405e-07	-6.1429444e-07	-0.0062474348	0.07647716	-1.7056168e-16	-1.9439188e-16	1.9659316e-16	-1.1581263e-16	0	-5.6950307e-17
5.000099999996013e-10	3.7347715e-07	-7.050144e-07	-0.006531132	0.079364076	-1.7221667e-16	-1.9161099e-16	1.9360954e-16	-1.1748737e-16	0	-5.672782e-17
5.100099999995837e-10	4.3626525e-07	-7.655068e-07	-0.0072057727	0.08250511	-1.7410115e-16	-1.892897e-16	1.9111174e-16	-1.1947705e-16	0	-5.644614e-17
5.200099999995661e-10	5.0357903e-07	-7.9259536e-07	-0.007926454	0.08592669	-1.7616811e-16	-1.8745305e-16	1.89136e-16	-1.2184438e-16	0	-5.600667e-17
5.300099999995485e-10	5.7667404e-07	-7.9974467e-07	-0.008250095	0.0896462	-1.7835756e-16	-1.8598825e-16	1.8756541e-16	-1.2453505e-16	0	-5.5399677e-17
5.400099999995309e-10	6.3655744e-07	-7.959592e-07	-0.0077680578	0.09358102	-1.8063605e-16	-1.8485835e-16	1.863549e-16	-1.274242e-16	0	-5.470843e-17
5.500099999995133e-10	6.522381e-07	-7.7744414e-07	-0.0064031472	0.09766164	-1.829812e-16	-1.842311e-16	1.8566318e-16	-1.3037378e-16	0	-5.4039524e-17
5.600099999994956e-10	6.230085e-07	-7.420632e-07	-0.0045847637	0.10175958	-1.8534437e-16	-1.8425917e-16	1.856401e-16	-1.3326627e-16	0	-5.345903e-17
5.70009999999478e-10	5.78575e-07	-7.046958e-07	-0.0028339215	0.1058035	-1.8764955e-16	-1.848444e-16	1.8618532e-16	-1.3600317e-16	0	-5.2987297e-17
5.800099999994604e-10	5.436965e-07	-6.6504214e-07	-0.0012902376	0.10974991	-1.8985707e-16	-1.8591513e-16	1.8722826e-16	-1.3854546e-16	0	-5.2624744e-17
5.900099999994428e-10	5.008336e-07	-5.879836e-07	0.00036241527	0.11345662	-1.9197823e-16	-1.8749385e-16	1.8878682e-16	-1.4091744e-16	0	-5.235375e-17
6.000099999994252e-10	4.2193858e-07	-4.4053795e-07	0.002536717	0.116901144	-1.9403848e-16	-1.8947479e-16	1.9074252e-16	-1.431421e-16	0	-5.216412e-17
6.100099999994076e-10	3.241818e-07	-2.2768998e-07	0.0052901013	0.12007747	-1.9606168e-16	-1.915938e-16	1.9282693e-16	-1.4520587e-16	0	-5.2088976e-17
6.2000999999939e-10	2.7383703e-07	9.304368e-09	0.008136871	0.12299056	-1.980726e-16	-1.9360975e-16	1.9480809e-16	-1.4710127e-16	0	-5.2169682e-17
6.300099999993724e-10	3.228419e-07	2.0746961e-07	0.01011127	0.12561472	-2.0007673e-16	-1.9544074e-16	1.9661856e-16	-1.4886342e-16	0	-5.239116e-17
6.400099999993547e-10	4.4898965e-07	3.09396e-07	0.010282552	0.12798198	-2.0204344e-16	-1.9709365e-16	1.9826975e-16	-1.505528e-16	0	-5.266675e-17
6.500099999993371e-10	5.6157904e-07	3.430529e-07	0.00864325	0.13018341	-2.0394396e-16	-1.985728e-16	1.9975497e-16	-1.5222192e-16	0	-5.2904196e-17
6.600099999993195e-10	6.7714814e-07	2.8627096e-07	0.0061826576	0.13225222	-2.0614858e-16	-1.9990647e-16	2.0110426e-16	-1.5428987e-16	0	-5.305651e-17
6.700099999993019e-10	6.6809673e-07	1.2893062e-08	0.0042306036	0.13421111	-2.0784158e-16	-2.0098171e-16	2.0217709e-16	-1.5586249e-16	0	-5.3174462e-17
6.800099999992843e-10	5.123306e-07	-3.3724353e-07	0.0044216732	0.13597006	-2.09374e-16	-2.0194384e-16	2.0313534e-16	-1.5727795e-16	0	-5.328755e-17
6.900099999992667e-10	3.062852e-07	-5.553761e-07	0.005893208	0.13750233	-2.1080458e-16	-2.0285577e-16	2.0404062e-16	-1.585784e-16	0	-5.3411036e-17
7.000099999992491e-10	8.841492e-08	-6.6908996e-07	0.00712679	0.13886157	-2.1216254e-16	-2.0370535e-16	2.0489494e-16	-1.5979232e-16	0	-5.3559812e-17
7.100099999992315e-10	-7.166144e-08	-7.146654e-07	0.007400756	0.14009699	-2.1346187e-16	-2.0441381e-16	2.0561284e-16	-1.6090855e-16	0	-5.3752344e-17
7.200099999992138e-10	4.9998096e-08	-8.7500416e-07	0.006718076	0.14123812	-2.147078e-16	-2.0487819e-16	2.0607582e-16	-1.6187487e-16	0	-5.4030594e-17
7.300099999991962e-10	6.187733e-07	-1.406618e-06	0.0055652177	0.14231735	-2.1590527e-16	-2.0512286e-16	2.0632149e-16	-1.6270059e-16	0	-5.4403305e-17
7.400099999991786e-10	9.730514e-07	-2.0494722e-06	0.0045494703	0.14324191	-2.1705128e-16	-2.0529788e-16	2.0651383e-16	-1.6343439e-16	0	-5.4832833e-17
7.50009999999161e-10	5.475991e-07	-2.6717873e-06	0.003860036	0.14395641	-2.1814852e-16	-2.0548964e-16	2.0672194e-16	-1.641369e-16	0	-5.5243896e-17
7.600099999991434e-10	1.2866826e-07	-3.0988324e-06	0.0031207905	0.1443559	-2.1917724e-16	-2.0567125e-16	2.0689195e-16	-1.6482885e-16	0	-5.55691e-17
7.700099999991258e-10	2.6595688e-07	-3.0337676e-06	0.0021656298	0.14441237	-2.2010667e-16	-2.0581045e-16	2.0701847e-16	-1.6550727e-16	0	-5.58074e-17
7.800099999991082e-10	4.235221e-07	-2.6099456e-06	0.0012685322	0.1442459	-2.2093858e-16	-2.0586335e-16	2.0707745e-16	-1.6613135e-16	0	-5.6021317e-17
7.900099999990906e-10	9.979005e-08	-2.0305822e-06	0.000695308	0.14395025	-2.2168704e-16	-2.0582981e-16	2.0704977e-16	-1.6662272e-16	0	-5.628428e-17
8.00009999999073e-10	-3.4515176e-07	-1.5365232e-06	0.00049143395	0.1435769	-2.2238816e-16	-2.0574291e-16	2.0697311e-16	-1.6700771e-16	0	-5.661063e-17
8.100099999990553e-10	-5.335629e-07	-1.4250581e-06	0.00042359886	0.14324057	-2.2307812e-16	-2.056869e-16	2.0693378e-16	-1.6737746e-16	0	-5.694757e-17
8.200099999990377e-10	-4.1514537e-07	-1.712491e-06	0.0002895477	0.14303543	-2.2374648e-16	-2.0574248e-16	2.0700139e-16	-1.6780072e-16	0	-5.720467e-17
8.300099999990201e-10	-6.787597e-08	-2.0141288e-06	0.00016317717	0.14288582	-2.2435695e-16	-2.058646e-16	2.0712903e-16	-1.6826272e-16	0	-5.735869e-17
8.400099999990025e-10	3.0804674e-07	-1.9832828e-06	0.0001642849	0.14271584	-2.2489117e-16	-2.0595462e-16	2.0722175e-16	-1.6868643e-16	0	-5.747188e-17
8.500099999989849e-10	5.1156223e-07	-1.6686396e-06	0.00024717013	0.1425018	-2.2535126e-16	-2.0596419e-16	2.072329e-16	-1.6902632e-16	0	-5.7593655e-17
8.600099999989673e-10	5.420708e-07	-1.4168876e-06	0.00033174362	0.14225575	-2.2575313e-16	-2.059169e-16	2.0718882e-16	-1.6929583e-16	0	-5.772921e-17
8.700099999989497e-10	5.3756384e-07	-1.4533929e-06	0.0004432743	0.14202923	-2.2612045e-16	-2.0585867e-16	2.0713832e-16	-1.6953779e-16	0	-5.7862316e-17
8.800099999989321e-10	5.8227727e-07	-1.6640296e-06	0.00063149823	0.14183743	-2.2647697e-16	-2.0581756e-16	2.071089e-16	-1.6978871e-16	0	-5.797962e-17
8.900099999989144e-10	4.6058028e-07	-1.4997368e-06	0.0008822638	0.14169015	-2.2683796e-16	-2.0579876e-16	2.0710239e-16	-1.7006443e-16	0	-5.807715e-17
9.000099999988968e-10	-3.261776e-07	-3.4725065e-07	0.0011184723	0.14157926	-2.2720047e-16	-2.0579485e-16	2.0710817e-16	-1.703616e-16	0	-5.81522e-17
9.100099999988792e-10	-1.6875294e-06	1.2702665e-06	0.0012282049	0.14145169	-2.2754908e-16	-2.0580626e-16	2.0712712e-16	-1.7065468e-16	0	-5.821527e-17
9.200099999988616e-10	-2.8863687e-06	2.3884022e-06	0.0011486285	0.14126717	-2.2787243e-16	-2.0581533e-16	2.0714367e-16	-1.7090393e-16	0	-5.8296844e-17
9.30009999998844e-10	-3.4799368e-06	2.68543e-06	0.0009586371	0.14103472	-2.2817035e-16	-2.057936e-16	2.0712961e-16	-1.7109113e-16	0	-5.8415204e-17
9.400099999989161e-10	-3.2562525e-06	2.305047e-06	0.00080794486	0.1408222	-2.2844767e-16	-2.0574598e-16	2.070893e-16	-1.7123492e-16	0	-5.855607e-17
9.50009999999002e-10	-1.9056058e-06	1.7823909e-06	0.0007623248	0.14068744	-2.28704e-16	-2.0570854e-16	2.0705785e-16	-1.7137012e-16	0	-5.8683164e-17
9.600099999990877e-10	1.7735456e-07	1.4527558e-06	0.0007829174	0.14057952	-2.289342e-16	-2.0570689e-16	2.0706096e-16	-1.7152162e-16	0	-5.8766636e-17
9.700099999991735e-10	1.6551375e-06	1.257336e-06	0.00081751466	0.14047152	-2.2913692e-16	-2.0573243e-16	2.0709156e-16	-1.7168991e-16	0	-5.880613e-17
9.800099999992593e-10	1.7418798e-06	1.2743143e-06	0.0008673565	0.14036943	-2.2931117e-16	-2.0576238e-16	2.0712302e-16	-1.71851e-16	0	-5.8820866e-17
9.90009999999345e-10	9.598303e-07	1.4181993e-06	0.0009550063	0.14027731	-2.2945765e-16	-2.0577678e-16	2.0713443e-16	-1.7199265e-16	0	-5.882265e-17
1.0000099999994308e-09	2.504777e-07	1.1105274e-06	0.0010565515	0.14018358	-2.295805e-16	-2.057752e-16	2.0712826e-16	-1.7211692e-16	0	-5.881666e-17
1.0100099999995166e-09	-1.11764855e-07	4.2925652e-07	0.0011116746	0.14008619	-2.296851e-16	-2.057768e-16	2.0712706e-16	-1.7222881e-16	0	-5.880654e-17
1.0200099999996024e-09	-4.4000853e-07	-1.0044595e-07	0.0011016255	0.1399832	-2.2977675e-16	-2.0577877e-16	2.0712772e-16	-1.7232994e-16	0	-5.879573e-17
1.0300099999996882e-09	-7.042554e-07	-3.168545e-07	0.0010710423	0.13987193	-2.298594e-16	-2.0577531e-16	2.0712225e-16	-1.7241975e-16	0	-5.878659e-17
1.040009999999774e-09	-8.406258e-07	-4.1426458e-07	0.0010597712	0.13975498	-2.2993567e-16	-2.0576818e-16	2.0711282e-16	-1.7250013e-16	0	-5.8780156e-17
1.0500099999998598e-09	-8.738891e-07	-6.277122e-07	0.0010669454	0.13963708	-2.300077e-16	-2.0576012e-16	2.0710317e-16	-1.7257328e-16	0	-5.877747e-17
1.0600099999999456e-09	-7.793603e-07	-9.996246e-07	0.0010750198	0.13952142	-2.300776e-16	-2.0575136e-16	2.0709397e-16	-1.7264028e-16	0	-5.8779904e-17
1.0700000000000313e-09	-5.685503e-07	-1.452231e-06	0.0010767936	0.13940759	-2.3014814e-16	-2.0574089e-16	2.0708399e-16	-1.7270173e-16	0	-5.8789526e-17
1.080000000000117e-09	-2.907498e-07	-2.0048337e-06	0.0010765234	0.13929051	-2.3022295e-16	-2.0572784e-16	2.0707225e-16	-1.727578e-16	0	-5.880956e-17
1.0900000000002028e-09	7.3704086e-08	-2.6400044e-06	0.001078409	0.1391668	-2.303063e-16	-2.0571033e-16	2.070561e-16	-1.7280745e-16	0	-5.884465e-17
1.1000000000002886e-09	5.1816806e-07	-2.9669034e-06	0.0010838587	0.13903327	-2.3040122e-16	-2.0568235e-16	2.0702815e-16	-1.7284894e-16	0	-5.889814e-17
1.1100000000003744e-09	8.679392e-07	-2.29028e-06	0.0011020881	0.1388898	-2.3050593e-16	-2.0564009e-16	2.0698326e-16	-1.7288423e-16	0	-5.8964875e-17
1.1200000000004602e-09	1.0481797e-06	-8.1762255e-07	0.0011555447	0.1387407	-2.306127e-16	-2.0559619e-16	2.0693506e-16	-1.7292166e-16	0	-5.9029925e-17
1.130000000000546e-09	1.292642e-06	1.5168088e-07	0.0012471753	0.13860214	-2.3071348e-16	-2.0556723e-16	2.0690282e-16	-1.729711e-16	0	-5.907799e-17
1.1400000000006318e-09	1.7864762e-06	3.1533656e-07	0.0013312789	0.13848218	-2.3080496e-16	-2.0555559e-16	2.0688974e-16	-1.730372e-16	0	-5.910191e-17
1.1500000000007175e-09	2.4314854e-06	5.5385823e-07	0.0013656016	0.1383669	-2.3088863e-16	-2.0555622e-16	2.0689056e-16	-1.7311726e-16	0	-5.910573e-17
1.1600000000008033e-09	2.9731252e-06	1.2060682e-06	0.0013649114	0.13825329	-2.3096725e-16	-2.0556281e-16	2.0689849e-16	-1.7320372e-16	0	-5.909923e-17
1.1700000000008891e-09	3.1457853e-06	1.7709314e-06	0.00136867	0.13814093	-2.3104219e-16	-2.0557005e-16	2.0690701e-16	-1.7328871e-16	0	-5.9090454e-17
1.1800000000009749e-09	2.77942e-06	1.7564911e-06	0.0013905574	0.13803397	-2.3111344e-16	-2.055759e-16	2.0691322e-16	-1.7336718e-16	0	-5.90836e-17
1.1900000000010607e-09	1.9493166e-06	1.1615223e-06	0.0014164272	0.13793857	-2.3118054e-16	-2.0558039e-16	2.0691694e-16	-1.7343716e-16	0	-5.907995e-17
1.2000000000011465e-09	9.862724e-07	2.9414406e-07	0.001429999	0.13785842	-2.312431e-16	-2.0558378e-16	2.0691887e-16	-1.7349887e-16	0	-5.907928e-17
1.2100000000012322e-09	1.9811839e-07	-5.2027747e-07	0.0014272012	0.1377928	-2.3130093e-16	-2.0558627e-16	2.0691953e-16	-1.7355329e-16	0	-5.908092e-17
1.220000000001318e-09	-3.134532e-07	-1.0562227e-06	0.0014125041	0.13774231	-2.3135416e-16	-2.055879e-16	2.0691934e-16	-1.7360119e-16	0	-5.908437e-17
1.2300000000014038e-09	-6.3491774e-07	-1.2615301e-06	0.0013910753	0.13770871	-2.3140294e-16	-2.0558862e-16	2.0691828e-16	-1.7364329e-16	0	-5.9089296e-17
1.2400000000014896e-09	-8.758943e-07	-1.1940161e-06	0.0013657383	0.13768916	-2.314475e-16	-2.055883e-16	2.0691623e-16	-1.7368012e-16	0	-5.909531e-17
1.2500000000015754e-09	-1.0684563e-06	-9.739146e-07	0.0013381871	0.1376708	-2.3148823e-16	-2.0558689e-16	2.0691314e-16	-1.7371245e-16	0	-5.9102015e-17
1.2600000000016612e-09	-1.1999449e-06	-7.0889706e-07	0.0013099879	0.13765298	-2.3152558e-16	-2.0558447e-16	2.0690909e-16	-1.737413e-16	0	-5.910887e-17
1.270000000001747e-09	-1.2575982e-06	-4.622786e-07	0.001282705	0.13763513	-2.315601e-16	-2.0558137e-16	2.0690438e-16	-1.7376783e-16	0	-5.9115257e-17
1.2800000000018327e-09	-1.2499523e-06	-2.65732e-07	0.0012580189	0.13761723	-2.315922e-16	-2.0557799e-16	2.0689951e-16	-1.737932e-16	0	-5.912051e-17
1.2900000000019185e-09	-1.1955505e-06	-1.3418716e-07	0.0012376161	0.1376003	-2.3162238e-16	-2.0557487e-16	2.0689512e-16	-1.738185e-16	0	-5.9124124e-17
1.3000000000020043e-09	-1.1165992e-06	-5.1834608e-08	0.001222623	0.13758615	-2.3165086e-16	-2.0557233e-16	2.0689158e-16	-1.7384422e-16	0	-5.91259e-17
1.3100000000020901e-09	-1.0335532e-06	5.8843335e-09	0.0012130647	0.13757329	-2.316778e-16	-2.0557048e-16	2.0688898e-16	-1.7387033e-16	0	-5.912597e-17
1.3200000000021759e-09	-9.571319e-07	5.1047532e-08	0.001208022	0.13756223	-2.317034e-16	-2.0556922e-16	2.0688712e-16	-1.7389659e-16	0	-5.9124746e-17
1.3300000000022617e-09	-9.0154924e-07	9.172252e-08	0.001206115	0.13755408	-2.3172765e-16	-2.0556827e-16	2.0688575e-16	-1.7392239e-16	0	-5.912274e-17
1.3400000000023475e-09	-8.6941026e-07	1.2530445e-07	0.0012059782	0.13754918	-2.3175057e-16	-2.0556739e-16	2.0688449e-16	-1.7394718e-16	0	-5.912045e-17
1.3500000000024332e-09	-8.485434e-07	1.4106003e-07	0.0012066407	0.13754758	-2.3177222e-16	-2.0556633e-16	2.06883e-16	-1.7397068e-16	0	-5.911825e-17
1.360000000002519e-09	-8.2859475e-07	1.3706375e-07	0.0012075374	0.13754933	-2.3179276e-16	-2.0556496e-16	2.0688119e-16	-1.7399262e-16	0	-5.9116375e-17
1.3700000000026048e-09	-8.026493e-07	1.1153295e-07	0.0012084141	0.13755402	-2.318121e-16	-2.0556317e-16	2.068789e-16	-1.7401298e-16	0	-5.911486e-17
1.3800000000026906e-09	-7.754952e-07	7.750595e-08	0.0012092534	0.13756157	-2.3183032e-16	-2.05561e-16	2.0687618e-16	-1.7403181e-16	0	-5.9113695e-17
1.3900000000027764e-09	-7.405265e-07	4.0172523e-08	0.0012100991	0.13757119	-2.318475e-16	-2.0555845e-16	2.0687308e-16	-1.7404932e-16	0	-5.911279e-17
1.4000000000028622e-09	-7.0284057e-07	1.3349262e-08	0.0012110018	0.13758303	-2.318637e-16	-2.0555563e-16	2.0686968e-16	-1.7406573e-16	0	-5.911202e-17
1.410000000002948e-09	-6.69699e-07	-3.5886938e-09	0.0012119066	0.13759512	-2.3187895e-16	-2.0555253e-16	2.06866e-16	-1.7408113e-16	0	-5.9111286e-17
1.4200000000030337e-09	-6.297174e-07	-1.09160005e-08	0.0012127039	0.13760753	-2.3189335e-16	-2.0554923e-16	2.0686216e-16	-1.7409575e-16	0	-5.9110525e-17
1.4300000000031195e-09	-5.9476747e-07	-6.556628e-09	0.0012133381	0.13761982	-2.3190695e-16	-2.0554578e-16	2.0685814e-16	-1.7410962e-16	0	-5.9109685e-17
1.4400000000032053e-09	-5.5792475e-07	9.065435e-09	0.0012137798	0.13763256	-2.3191984e-16	-2.0554218e-16	2.0685394e-16	-1.7412288e-16	0	-5.910876e-17
1.450000000003291e-09	-5.1656576e-07	2.6442022e-08	0.001214017	0.13764581	-2.3193207e-16	-2.0553841e-16	2.0684964e-16	-1.7413559e-16	0	-5.910772e-17
1.4600000000033769e-09	-4.8376154e-07	3.75829e-08	0.0012141103	0.13765937	-2.319437e-16	-2.0553448e-16	2.068452e-16	-1.7414776e-16	0	-5.910661e-17
1.4700000000034627e-09	-4.4792148e-07	5.559196e-08	0.0012140261	0.13767284	-2.3195478e-16	-2.0553045e-16	2.0684064e-16	-1.7415953e-16	0	-5.910543e-17
1.4800000000035485e-09	-4.117347e-07	7.1741084e-08	0.0012138748	0.13768648	-2.319654e-16	-2.0552628e-16	2.0683594e-16	-1.7417082e-16	0	-5.910421e-17
1.4900000000036342e-09	-3.7830267e-07	7.361039e-08	0.0012136082	0.13770004	-2.319755e-16	-2.05522e-16	2.0683111e-16	-1.7418165e-16	0	-5.910299e-17
1.50000000000372e-09	-3.4690396e-07	7.6664996e-08	0.0012132304	0.13771312	-2.3198533e-16	-2.0551762e-16	2.0682622e-16	-1.7419211e-16	0	-5.9101797e-17
1.5100000000038058e-09	-3.1291913e-07	7.446305e-08	0.0012127795	0.13772601	-2.3199467e-16	-2.055131e-16	2.0682123e-16	-1.7420215e-16	0	-5.910065e-17
1.5200000000038916e-09	-2.9173364e-07	7.468793e-08	0.001212299	0.13773851	-2.320038e-16	-2.0550856e-16	2.0681613e-16	-1.7421181e-16	0	-5.909957e-17
1.5300000000039774e-09	-2.70164e-07	7.2261116e-08	0.0012117797	0.13775086	-2.3201254e-16	-2.0550394e-16	2.0681102e-16	-1.7422105e-16	0	-5.9098594e-17
1.5400000000040632e-09	-2.4644862e-07	6.418421e-08	0.0012112207	0.13776301	-2.3202099e-16	-2.054993e-16	2.0680585e-16	-1.7422985e-16	0	-5.90977e-17
1.550000000004149e-09	-2.2689353e-07	5.9330574e-08	0.0012106206	0.13777487	-2.3202909e-16	-2.0549459e-16	2.0680067e-16	-1.7423826e-16	0	-5.9096926e-17
1.5600000000042347e-09	-2.048554e-07	5.2546724e-08	0.0012100552	0.13778612	-2.3203695e-16	-2.0548986e-16	2.0679544e-16	-1.7424627e-16	0	-5.909625e-17
1.5700000000043205e-09	-1.8721175e-07	4.5003908e-08	0.0012094355	0.13779637	-2.3204444e-16	-2.0548515e-16	2.0679024e-16	-1.7425388e-16	0	-5.909567e-17
1.5800000000044063e-09	-1.6952127e-07	3.4415855e-08	0.0012088489	0.13780577	-2.320516e-16	-2.054804e-16	2.0678502e-16	-1.7426105e-16	0	-5.909517e-17
1.590000000004492e-09	-1.6098525e-07	2.6357691e-08	0.0012082683	0.13781466	-2.3205852e-16	-2.0547566e-16	2.0677976e-16	-1.742679e-16	0	-5.9094756e-17
1.6000000000045779e-09	-1.5083758e-07	2.9477887e-08	0.0012075994	0.13782282	-2.320651e-16	-2.0547087e-16	2.0677452e-16	-1.7427437e-16	0	-5.90944e-17
1.6100000000046637e-09	-1.4081172e-07	2.8287904e-08	0.001206898	0.13783029	-2.3207138e-16	-2.0546609e-16	2.0676925e-16	-1.7428046e-16	0	-5.909409e-17
1.6200000000047495e-09	-1.33803e-07	1.8805505e-08	0.001206195	0.13783717	-2.3207742e-16	-2.0546129e-16	2.0676398e-16	-1.7428628e-16	0	-5.909383e-17
1.6300000000048352e-09	-1.2581043e-07	1.1553158e-08	0.0012054854	0.13784325	-2.320831e-16	-2.0545647e-16	2.0675874e-16	-1.7429179e-16	0	-5.909359e-17
1.640000000004921e-09	-1.181458e-07	1.33802995e-08	0.0012047861	0.1378484	-2.3208864e-16	-2.0545169e-16	2.0675348e-16	-1.7429704e-16	0	-5.9093386e-17
1.6500000000050068e-09	-1.1408861e-07	1.9095975e-08	0.0012040423	0.1378529	-2.3209388e-16	-2.054469e-16	2.0674829e-16	-1.7430207e-16	0	-5.9093194e-17
1.6600000000050926e-09	-1.10546765e-07	2.6526351e-08	0.0012033045	0.13785689	-2.32099e-16	-2.0544215e-16	2.0674311e-16	-1.7430689e-16	0	-5.909302e-17
1.6700000000051784e-09	-1.0469991e-07	2.5786123e-08	0.0012025449	0.13786016	-2.3210384e-16	-2.0543744e-16	2.0673798e-16	-1.7431152e-16	0	-5.909285e-17
1.6800000000052642e-09	-1.00258546e-07	3.0011975e-08	0.0012017504	0.13786277	-2.3210855e-16	-2.0543277e-16	2.067329e-16	-1.74316e-16	0	-5.909269e-17
1.69000000000535e-09	-1.0072705e-07	3.348823e-08	0.0012009905	0.1378648	-2.3211315e-16	-2.0542816e-16	2.0672792e-16	-1.7432039e-16	0	-5.909252e-17
1.7000000000054357e-09	-1.0037099e-07	3.4650103e-08	0.0012002446	0.13786623	-2.3211757e-16	-2.054236e-16	2.0672297e-16	-1.7432463e-16	0	-5.9092334e-17
1.7100000000055215e-09	-1.0280718e-07	4.4038803e-08	0.0011994645	0.1378672	-2.3212191e-16	-2.0541913e-16	2.0671814e-16	-1.7432879e-16	0	-5.9092155e-17
1.7200000000056073e-09	-9.796291e-08	4.68779e-08	0.0011986295	0.13786764	-2.3212623e-16	-2.0541475e-16	2.067134e-16	-1.743329e-16	0	-5.909195e-17
1.730000000005693e-09	-9.020459e-08	4.8367724e-08	0.0011978052	0.13786766	-2.3213039e-16	-2.0541044e-16	2.0670874e-16	-1.7433696e-16	0	-5.909173e-17
1.7400000000057789e-09	-8.554772e-08	5.7447213e-08	0.001197012	0.13786708	-2.3213454e-16	-2.0540623e-16	2.0670418e-16	-1.7434099e-16	0	-5.90915e-17
1.7500000000058647e-09	-8.984853e-08	6.5346086e-08	0.0011962127	0.13786593	-2.321386e-16	-2.0540208e-16	2.0669973e-16	-1.7434499e-16	0	-5.909125e-17
1.7600000000059504e-09	-9.0644974e-08	7.344173e-08	0.0011954029	0.13786434	-2.3214267e-16	-2.0539805e-16	2.0669539e-16	-1.7434903e-16	0	-5.9090984e-17
1.7700000000060362e-09	-8.0647226e-08	8.753415e-08	0.0011945966	0.13786218	-2.3214674e-16	-2.053941e-16	2.066911e-16	-1.7435304e-16	0	-5.90907e-17
1.780000000006122e-09	-8.5763226e-08	9.915289e-08	0.0011938346	0.13785943	-2.321508e-16	-2.0539022e-16	2.0668693e-16	-1.7435709e-16	0	-5.9090415e-17
1.7900000000062078e-09	-8.02818e-08	1.015235e-07	0.0011930497	0.13785611	-2.3215484e-16	-2.0538648e-16	2.0668287e-16	-1.7436115e-16	0	-5.909011e-17
1.8000000000062936e-09	-8.3083414e-08	1.1458521e-07	0.0011922662	0.13785228	-2.321589e-16	-2.0538275e-16	2.0667888e-16	-1.7436524e-16	0	-5.9089786e-17
1.8100000000063794e-09	-8.300846e-08	1.258198e-07	0.0011914984	0.13784795	-2.3216302e-16	-2.0537918e-16	2.0667501e-16	-1.7436941e-16	0	-5.908947e-17
1.8200000000064652e-09	-8.3017824e-08	1.4280752e-07	0.0011907363	0.13784334	-2.3216718e-16	-2.0537567e-16	2.0667125e-16	-1.743736e-16	0	-5.9089144e-17
1.830000000006551e-09	-8.666274e-08	1.5908314e-07	0.0011900156	0.13783853	-2.3217136e-16	-2.0537224e-16	2.0666753e-16	-1.7437783e-16	0	-5.908881e-17
1.8400000000066367e-09	-7.911992e-08	1.7122662e-07	0.0011892448	0.13783334	-2.321756e-16	-2.0536888e-16	2.0666396e-16	-1.7438218e-16	0	-5.908848e-17
1.8500000000067225e-09	-7.59154e-08	1.9176557e-07	0.0011884882	0.13782789	-2.3217988e-16	-2.0536564e-16	2.0666044e-16	-1.7438655e-16	0	-5.9088145e-17
1.8600000000068083e-09	-8.477001e-08	2.1252939e-07	0.0011877675	0.13782236	-2.3218428e-16	-2.0536249e-16	2.0665703e-16	-1.74391e-16	0	-5.908782e-17
1.870000000006742e-09	-8.1096985e-08	2.3250614e-07	0.0011870404	0.13781658	-2.321887e-16	-2.0535942e-16	2.0665373e-16	-1.7439551e-16	0	-5.908748e-17
1.880000000006621e-09	-8.348633e-08	2.5154588e-07	0.0011863194	0.13781083	-2.3219317e-16	-2.0535645e-16	2.066505e-16	-1.7440006e-16	0	-5.908716e-17
1.8900000000065e-09	-9.4467914e-08	2.6372683e-07	0.0011855694	0.13780521	-2.321977e-16	-2.0535358e-16	2.066474e-16	-1.7440468e-16	0	-5.908684e-17
1.900000000006379e-09	-1.0712673e-07	2.7551425e-07	0.0011848081	0.13779972	-2.322023e-16	-2.0535078e-16	2.0664434e-16	-1.7440935e-16	0	-5.9086543e-17
1.910000000006258e-09	-1.2077875e-07	2.8861345e-07	0.0011840222	0.13779464	-2.3220694e-16	-2.0534808e-16	2.0664147e-16	-1.7441405e-16	0	-5.908624e-17
1.920000000006137e-09	-1.424421e-07	2.9269876e-07	0.0011832231	0.13778976	-2.3221167e-16	-2.0534554e-16	2.0663862e-16	-1.7441877e-16	0	-5.9085974e-17
1.930000000006016e-09	-1.7266959e-07	3.01544e-07	0.0011823855	0.13778494	-2.3221633e-16	-2.05343e-16	2.0663592e-16	-1.7442353e-16	0	-5.9085716e-17
1.940000000005895e-09	-1.963662e-07	2.9878922e-07	0.0011815587	0.13778028	-2.322211e-16	-2.0534064e-16	2.066333e-16	-1.7442828e-16	0	-5.9085485e-17
1.950000000005774e-09	-2.3274976e-07	2.9269876e-07	0.0011806822	0.13777539	-2.3222578e-16	-2.0533832e-16	2.0663078e-16	-1.7443299e-16	0	-5.908527e-17
1.960000000005653e-09	-2.7248774e-07	2.8645835e-07	0.0011797423	0.13777024	-2.3223044e-16	-2.053361e-16	2.0662837e-16	-1.7443765e-16	0	-5.908509e-17
1.9700000000055318e-09	-3.2344158e-07	2.7585156e-07	0.001178782	0.13776484	-2.3223515e-16	-2.0533401e-16	2.0662602e-16	-1.7444225e-16	0	-5.908492e-17
1.9800000000054108e-09	-3.7591334e-07	2.513585e-07	0.0011778581	0.13775954	-2.3223973e-16	-2.0533196e-16	2.0662381e-16	-1.744468e-16	0	-5.908479e-17
1.9900000000052898e-09	-4.3608722e-07	2.2720273e-07	0.0011769136	0.13775402	-2.3224426e-16	-2.0533002e-16	2.0662167e-16	-1.7445127e-16	0	-5.908469e-17
2.0000000000051688e-09	-4.985286e-07	1.9868058e-07	0.00117598	0.13774842	-2.3224876e-16	-2.0532816e-16	2.0661959e-16	-1.7445557e-16	0	-5.9084605e-17
2.0100000000050478e-09	-5.5525436e-07	1.6461142e-07	0.0011750694	0.13774253	-2.3225307e-16	-2.0532633e-16	2.0661761e-16	-1.7445982e-16	0	-5.908455e-17
2.0200000000049267e-09	-6.280308e-07	1.332408e-07	0.0011741646	0.13773651	-2.322574e-16	-2.053246e-16	2.066157e-16	-1.7446396e-16	0	-5.908451e-17
2.0300000000048057e-09	-6.9354553e-07	9.804724e-08	0.0011732824	0.1377305	-2.3226152e-16	-2.0532293e-16	2.0661387e-16	-1.7446797e-16	0	-5.908449e-17
2.0400000000046847e-09	-7.4609227e-07	6.5983244e-08	0.0011724249	0.13772427	-2.322656e-16	-2.0532133e-16	2.0661209e-16	-1.7447187e-16	0	-5.908448e-17
2.0500000000045637e-09	-7.985828e-07	3.331957e-08	0.001171568	0.1377177	-2.3226948e-16	-2.0531975e-16	2.0661042e-16	-1.7447566e-16	0	-5.908447e-17
2.0600000000044427e-09	-8.4877763e-07	5.172217e-09	0.0011707249	0.13771096	-2.322733e-16	-2.0531825e-16	2.0660873e-16	-1.7447932e-16	0	-5.908448e-17
2.0700000000043217e-09	-8.8464583e-07	-1.9002275e-08	0.0011699608	0.13770406	-2.3227705e-16	-2.053168e-16	2.0660718e-16	-1.7448291e-16	0	-5.9084485e-17
2.0800000000042007e-09	-9.1771244e-07	-4.602523e-08	0.0011692406	0.13769694	-2.3228068e-16	-2.0531541e-16	2.0660563e-16	-1.7448642e-16	0	-5.9084485e-17
2.0900000000040797e-09	-9.422523e-07	-7.012476e-08	0.0011685507	0.1376895	-2.3228412e-16	-2.0531405e-16	2.0660413e-16	-1.7448977e-16	0	-5.908449e-17
2.1000000000039587e-09	-9.741477e-07	-8.485434e-08	0.0011678515	0.13768178	-2.3228754e-16	-2.0531273e-16	2.0660273e-16	-1.7449309e-16	0	-5.908448e-17
2.1100000000038377e-09	-9.844733e-07	-9.79348e-08	0.0011671666	0.1376739	-2.3229087e-16	-2.0531144e-16	2.0660134e-16	-1.7449633e-16	0	-5.908448e-17
2.1200000000037166e-09	-9.911541e-07	-1.17199434e-07	0.0011664797	0.13766587	-2.3229415e-16	-2.0531022e-16	2.0660002e-16	-1.744995e-16	0	-5.908446e-17
2.1300000000035956e-09	-9.9895e-07	-1.3226632e-07	0.0011657928	0.13765743	-2.3229728e-16	-2.0530901e-16	2.0659872e-16	-1.7450258e-16	0	-5.9084426e-17
2.1400000000034746e-09	-9.914914e-07	-1.4084921e-07	0.0011651564	0.13764876	-2.3230037e-16	-2.0530782e-16	2.0659745e-16	-1.7450562e-16	0	-5.908439e-17
2.1500000000033536e-09	-9.829085e-07	-1.5096876e-07	0.001164496	0.13763995	-2.3230342e-16	-2.053067e-16	2.0659625e-16	-1.745086e-16	0	-5.9084346e-17
2.1600000000032326e-09	-9.700624e-07	-1.7203243e-07	0.001163857	0.13763094	-2.323064e-16	-2.053056e-16	2.0659504e-16	-1.7451155e-16	0	-5.9084294e-17
2.1700000000031116e-09	-9.597461e-07	-1.7716717e-07	0.0011632321	0.13762163	-2.323093e-16	-2.0530453e-16	2.0659392e-16	-1.7451445e-16	0	-5.908423e-17
2.1800000000029906e-09	-9.5269985e-07	-1.8904827e-07	0.0011625591	0.13761216	-2.3231218e-16	-2.053035e-16	2.065928e-16	-1.7451733e-16	0	-5.9084155e-17
2.1900000000028696e-09	-9.4577547e-07	-2.0666378e-07	0.00116187	0.13760261	-2.3231499e-16	-2.0530247e-16	2.065917e-16	-1.7452015e-16	0	-5.908407e-17
2.2000000000027486e-09	-9.4606594e-07	-2.0625151e-07	0.0011612093	0.13759305	-2.323178e-16	-2.0530148e-16	2.0659062e-16	-1.7452297e-16	0	-5.908398e-17
2.2100000000026276e-09	-9.3937575e-07	-2.0613908e-07	0.0011605406	0.13758343	-2.3232057e-16	-2.0530055e-16	2.065896e-16	-1.7452574e-16	0	-5.908388e-17
2.2200000000025065e-09	-9.3774537e-07	-2.1337269e-07	0.0011598876	0.13757384	-2.3232324e-16	-2.052996e-16	2.0658861e-16	-1.7452847e-16	0	-5.908378e-17
2.2300000000023855e-09	-9.346533e-07	-2.1513424e-07	0.0011592066	0.13756432	-2.3232594e-16	-2.052987e-16	2.065876e-16	-1.745312e-16	0	-5.908367e-17
2.2400000000022645e-09	-9.214323e-07	-2.1341016e-07	0.001158501	0.1375546	-2.3232862e-16	-2.052978e-16	2.0658664e-16	-1.7453392e-16	0	-5.908355e-17
2.2500000000021435e-09	-9.135428e-07	-2.1101145e-07	0.001157762	0.13754481	-2.3233132e-16	-2.0529692e-16	2.065857e-16	-1.7453664e-16	0	-5.908343e-17
2.2600000000020225e-09	-9.088953e-07	-2.0673875e-07	0.0011570464	0.13753511	-2.3233396e-16	-2.0529609e-16	2.0658477e-16	-1.745393e-16	0	-5.9083314e-17
2.2700000000019015e-09	-9.1048815e-07	-2.0370288e-07	0.0011563736	0.13752556	-2.3233658e-16	-2.0529528e-16	2.0658386e-16	-1.7454203e-16	0	-5.908318e-17
2.2800000000017805e-09	-9.1832146e-07	-2.0606412e-07	0.0011556584	0.13751605	-2.3233926e-16	-2.0529445e-16	2.0658297e-16	-1.7454472e-16	0	-5.908305e-17
2.2900000000016595e-09	-9.1165003e-07	-2.0347801e-07	0.0011549725	0.13750646	-2.3234193e-16	-2.052937e-16	2.0658212e-16	-1.7454742e-16	0	-5.908292e-17
2.3000000000015385e-09	-9.1812467e-07	-2.0377784e-07	0.001154301	0.13749664	-2.3234458e-16	-2.0529291e-16	2.0658125e-16	-1.7455012e-16	0	-5.9082785e-17
2.3100000000014175e-09	-9.1967075e-07	-1.9815587e-07	0.0011535953	0.13748676	-2.3234723e-16	-2.0529217e-16	2.065804e-16	-1.745528e-16	0	-5.908264e-17
2.3200000000012965e-09	-9.3247945e-07	-2.0246605e-07	0.0011529003	0.1374769	-2.3234995e-16	-2.0529146e-16	2.065796e-16	-1.7455556e-16	0	-5.90825e-17
2.3300000000011754e-09	-9.4397643e-07	-2.123982e-07	0.0011522357	0.13746706	-2.3235265e-16	-2.0529073e-16	2.0657878e-16	-1.7455835e-16	0	-5.9082355e-17
2.3400000000010544e-09	-9.535619e-07	-2.1715815e-07	0.0011516205	0.13745707	-2.323554e-16	-2.0529004e-16	2.06578e-16	-1.7456113e-16	0	-5.908221e-17
2.3500000000009334e-09	-9.678604e-07	-2.1472195e-07	0.0011510212	0.13744712	-2.3235816e-16	-2.0528935e-16	2.065772e-16	-1.7456395e-16	0	-5.908206e-17
2.3600000000008124e-09	-9.813251e-07	-2.1371e-07	0.0011504286	0.13743721	-2.3236096e-16	-2.0528869e-16	2.0657642e-16	-1.7456681e-16	0	-5.908191e-17
2.3700000000006914e-09	-9.981347e-07	-2.1978174e-07	0.0011498347	0.13742733	-2.3236377e-16	-2.0528803e-16	2.0657565e-16	-1.7456968e-16	0	-5.9081746e-17
2.3800000000005704e-09	-1.0110559e-06	-2.317378e-07	0.0011492673	0.1374174	-2.3236668e-16	-2.0528737e-16	2.0657492e-16	-1.7457263e-16	0	-5.908159e-17
2.3900000000004494e-09	-1.031117e-06	-2.3960857e-07	0.0011487501	0.1374074	-2.3236965e-16	-2.0528672e-16	2.0657414e-16	-1.7457565e-16	0	-5.908143e-17
2.4000000000003284e-09	-1.0607916e-06	-2.4309418e-07	0.0011482615	0.13739736	-2.3237264e-16	-2.0528608e-16	2.065734e-16	-1.7457869e-16	0	-5.908125e-17
2.4100000000002074e-09	-1.0846851e-06	-2.5238919e-07	0.0011477978	0.13738732	-2.3237568e-16	-2.0528544e-16	2.0657269e-16	-1.7458184e-16	0	-5.908107e-17
2.4200000000000864e-09	-1.112214e-06	-2.6588194e-07	0.0011474	0.13737717	-2.3237883e-16	-2.0528484e-16	2.0657195e-16	-1.7458506e-16	0	-5.9080886e-17
2.4300099999999652e-09	-1.1518771e-06	-2.7989938e-07	0.0011470697	0.13736686	-2.3238206e-16	-2.0528423e-16	2.0657122e-16	-1.7458837e-16	0	-5.908068e-17
2.4400099999998442e-09	-1.1852809e-06	-2.9189292e-07	0.0011467688	0.13735645	-2.3238537e-16	-2.0528361e-16	2.0657049e-16	-1.7459177e-16	0	-5.9080475e-17
2.450009999999723e-09	-1.221449e-06	-3.0725965e-07	0.001146481	0.13734598	-2.3238878e-16	-2.0528303e-16	2.0656976e-16	-1.7459526e-16	0	-5.9080244e-17
2.460009999999602e-09	-1.2661906e-06	-3.2067743e-07	0.0011462418	0.13733558	-2.3239225e-16	-2.0528243e-16	2.0656906e-16	-1.7459887e-16	0	-5.9080005e-17
2.470009999999481e-09	-1.3150268e-06	-3.4391493e-07	0.0011460505	0.13732524	-2.3239585e-16	-2.0528185e-16	2.0656837e-16	-1.7460262e-16	0	-5.907975e-17
2.48000999999936e-09	-1.3601056e-06	-3.64229e-07	0.0011459916	0.13731503	-2.323996e-16	-2.0528128e-16	2.0656763e-16	-1.7460651e-16	0	-5.9079476e-17
2.490009999999239e-09	-1.4142265e-06	-3.924888e-07	0.00114599	0.13730489	-2.324035e-16	-2.0528072e-16	2.0656697e-16	-1.7461055e-16	0	-5.9079185e-17
2.500009999999118e-09	-1.463803e-06	-4.1137864e-07	0.0011460446	0.13729483	-2.3240747e-16	-2.0528017e-16	2.0656626e-16	-1.7461474e-16	0	-5.907887e-17
2.510009999998997e-09	-1.532363e-06	-4.4533536e-07	0.001146151	0.13728496	-2.3241168e-16	-2.0527963e-16	2.065656e-16	-1.746191e-16	0	-5.907853e-17
2.520009999998876e-09	-1.5953665e-06	-4.774181e-07	0.0011464008	0.13727537	-2.32416e-16	-2.052791e-16	2.0656492e-16	-1.7462364e-16	0	-5.9078166e-17
2.530009999998755e-09	-1.6760699e-06	-5.220191e-07	0.0011468183	0.13726601	-2.3242047e-16	-2.0527858e-16	2.0656424e-16	-1.7462836e-16	0	-5.9077775e-17
2.540009999998634e-09	-1.7467663e-06	-5.6114806e-07	0.0011473232	0.1372567	-2.3242518e-16	-2.0527809e-16	2.0656361e-16	-1.746333e-16	0	-5.907736e-17
2.550009999998513e-09	-1.8278632e-06	-5.986279e-07	0.00114798	0.13724756	-2.3243002e-16	-2.0527761e-16	2.0656295e-16	-1.7463843e-16	0	-5.907692e-17
2.560009999998392e-09	-1.909944e-06	-6.4068024e-07	0.0011488148	0.13723847	-2.3243508e-16	-2.0527715e-16	2.0656232e-16	-1.746438e-16	0	-5.9076465e-17
2.570009999998271e-09	-1.994227e-06	-6.8940403e-07	0.0011498044	0.13722935	-2.3244035e-16	-2.0527671e-16	2.0656174e-16	-1.7464939e-16	0	-5.9075975e-17
2.58000999999815e-09	-2.0823888e-06	-7.4150097e-07	0.0011510049	0.13722023	-2.3244583e-16	-2.0527632e-16	2.0656115e-16	-1.7465518e-16	0	-5.907547e-17
2.590009999998029e-09	-2.1696137e-06	-7.8317856e-07	0.0011523631	0.13721082	-2.324515e-16	-2.0527596e-16	2.0656059e-16	-1.7466118e-16	0	-5.907494e-17
2.600009999997908e-09	-2.2580286e-06	-8.3617505e-07	0.0011539122	0.13720115	-2.324574e-16	-2.0527563e-16	2.0656009e-16	-1.7466743e-16	0	-5.907441e-17
2.610009999997787e-09	-2.3522623e-06	-8.8092594e-07	0.0011557239	0.13719141	-2.3246345e-16	-2.0527531e-16	2.0655961e-16	-1.7467389e-16	0	-5.907386e-17
2.620009999997666e-09	-2.4401152e-06	-9.4261776e-07	0.0011577356	0.1371816	-2.3246973e-16	-2.0527506e-16	2.0655914e-16	-1.7468051e-16	0	-5.907331e-17
2.630009999997545e-09	-2.536101e-06	-9.852698e-07	0.0011599684	0.13717166	-2.324762e-16	-2.0527487e-16	2.0655873e-16	-1.7468731e-16	0	-5.907276e-17
2.640009999997424e-09	-2.6238786e-06	-1.0330191e-06	0.0011624217	0.13716172	-2.3248283e-16	-2.0527474e-16	2.0655837e-16	-1.7469426e-16	0	-5.9072223e-17
2.650009999997303e-09	-2.7004312e-06	-1.0791193e-06	0.0011650651	0.13715175	-2.3248955e-16	-2.0527462e-16	2.0655809e-16	-1.7470133e-16	0	-5.907171e-17
2.660009999997182e-09	-2.7792514e-06	-1.1110521e-06	0.0011679031	0.13714178	-2.3249646e-16	-2.0527461e-16	2.0655788e-16	-1.7470849e-16	0	-5.9071204e-17
2.670009999997061e-09	-2.8408213e-06	-1.150331e-06	0.0011709536	0.13713162	-2.3250342e-16	-2.0527465e-16	2.0655768e-16	-1.7471571e-16	0	-5.907074e-17
2.68000999999694e-09	-2.905015e-06	-1.1695207e-06	0.0011741307	0.13712116	-2.3251046e-16	-2.0527473e-16	2.065576e-16	-1.74723e-16	0	-5.907031e-17
2.690009999996819e-09	-2.965573e-06	-1.1845875e-06	0.0011773566	0.13711049	-2.3251753e-16	-2.0527487e-16	2.0655755e-16	-1.7473027e-16	0	-5.906992e-17
2.700009999996698e-09	-3.026693e-06	-1.187436e-06	0.0011806795	0.13709982	-2.3252457e-16	-2.0527507e-16	2.0655757e-16	-1.7473751e-16	0	-5.9069576e-17
2.710009999996577e-09	-3.0787432e-06	-1.1841753e-06	0.0011840967	0.13708927	-2.3253161e-16	-2.0527531e-16	2.0655765e-16	-1.747447e-16	0	-5.906927e-17
2.720009999996456e-09	-3.1153518e-06	-1.1729688e-06	0.001187591	0.13707867	-2.3253863e-16	-2.0527562e-16	2.0655781e-16	-1.7475183e-16	0	-5.9069e-17
2.730009999996335e-09	-3.1568325e-06	-1.1516053e-06	0.0011911003	0.13706806	-2.3254546e-16	-2.0527597e-16	2.0655806e-16	-1.747588e-16	0	-5.9068776e-17
2.740009999996214e-09	-3.186704e-06	-1.1116892e-06	0.0011946233	0.13705765	-2.325523e-16	-2.0527637e-16	2.0655833e-16	-1.7476567e-16	0	-5.9068584e-17
2.750009999996093e-09	-3.194181e-06	-1.055657e-06	0.0011981911	0.13704765	-2.3255896e-16	-2.0527678e-16	2.0655866e-16	-1.7477241e-16	0	-5.9068425e-17
2.760009999995972e-09	-3.2078237e-06	-9.907793e-07	0.0012018003	0.13703768	-2.3256544e-16	-2.0527724e-16	2.0655906e-16	-1.7477896e-16	0	-5.9068286e-17
2.770009999995851e-09	-3.2048629e-06	-9.159321e-07	0.0012055036	0.137028	-2.3257177e-16	-2.0527772e-16	2.0655948e-16	-1.7478537e-16	0	-5.9068173e-17
2.78000999999573e-09	-3.1847924e-06	-8.3752434e-07	0.0012092667	0.13701855	-2.325779e-16	-2.0527821e-16	2.065599e-16	-1.7479156e-16	0	-5.906808e-17
2.790009999995609e-09	-3.155324e-06	-7.4955915e-07	0.0012131302	0.13700956	-2.3258384e-16	-2.0527871e-16	2.065604e-16	-1.7479756e-16	0	-5.9068e-17
2.800009999995488e-09	-3.132986e-06	-6.646673e-07	0.0012170644	0.13700122	-2.3258958e-16	-2.0527922e-16	2.0656092e-16	-1.7480331e-16	0	-5.906794e-17
2.810009999995367e-09	-3.088132e-06	-5.6598293e-07	0.0012210959	0.13699344	-2.3259511e-16	-2.0527969e-16	2.0656141e-16	-1.7480893e-16	0	-5.906788e-17
2.820009999995246e-09	-3.0442993e-06	-4.7280807e-07	0.0012252978	0.13698597	-2.3260046e-16	-2.0528018e-16	2.065619e-16	-1.748143e-16	0	-5.906785e-17
2.830009999995125e-09	-3.0049268e-06	-3.827815e-07	0.0012296046	0.13697882	-2.3260554e-16	-2.0528067e-16	2.0656239e-16	-1.7481945e-16	0	-5.906783e-17
2.840009999995004e-09	-2.9625558e-06	-2.910309e-07	0.001234008	0.13697216	-2.326104e-16	-2.052811e-16	2.0656288e-16	-1.7482434e-16	0	-5.906782e-17
2.850009999994883e-09	-2.9265002e-06	-2.0805055e-07	0.0012385005	0.13696596	-2.3261502e-16	-2.0528153e-16	2.0656336e-16	-1.7482904e-16	0	-5.9067836e-17
2.860009999994762e-09	-2.894408e-06	-1.2953029e-07	0.001243054	0.13696007	-2.3261947e-16	-2.0528193e-16	2.0656385e-16	-1.748335e-16	0	-5.9067876e-17
2.870009999994641e-09	-2.8743002e-06	-5.4233315e-08	0.0012475866	0.13695474	-2.326237e-16	-2.052823e-16	2.065643e-16	-1.7483773e-16	0	-5.906794e-17
2.8800099999945198e-09	-2.8575655e-06	2.226302e-08	0.0012520816	0.13694988	-2.326277e-16	-2.0528267e-16	2.0656475e-16	-1.7484176e-16	0	-5.9068034e-17
2.8900099999943988e-09	-2.8467432e-06	8.470442e-08	0.0012565723	0.13694581	-2.3263156e-16	-2.0528303e-16	2.0656518e-16	-1.7484552e-16	0	-5.906816e-17
2.9000099999942778e-09	-2.8395846e-06	1.3042981e-07	0.0012610129	0.13694236	-2.326352e-16	-2.0528334e-16	2.065656e-16	-1.748491e-16	0	-5.9068326e-17
2.9100099999941568e-09	-2.8494417e-06	1.6476135e-07	0.0012653054	0.13693921	-2.3263863e-16	-2.0528364e-16	2.0656596e-16	-1.7485246e-16	0	-5.906852e-17
2.9200099999940357e-09	-2.848711e-06	1.9298365e-07	0.0012694319	0.13693644	-2.326419e-16	-2.0528394e-16	2.0656635e-16	-1.7485557e-16	0	-5.906874e-17
2.9300099999939147e-09	-2.8591303e-06	2.0696363e-07	0.0012733589	0.13693388	-2.32645e-16	-2.0528422e-16	2.0656672e-16	-1.748585e-16	0	-5.906899e-17
2.9400099999937937e-09	-2.8708707e-06	2.1146121e-07	0.0012770644	0.13693178	-2.3264792e-16	-2.0528447e-16	2.0656708e-16	-1.7486126e-16	0	-5.906928e-17
2.9500099999936727e-09	-2.8776171e-06	1.9654424e-07	0.0012805407	0.1369299	-2.3265068e-16	-2.0528471e-16	2.065674e-16	-1.7486374e-16	0	-5.90696e-17
2.9600099999935517e-09	-2.8963289e-06	1.5475422e-07	0.0012837495	0.13692817	-2.3265327e-16	-2.0528493e-16	2.0656772e-16	-1.748661e-16	0	-5.906995e-17
2.9700099999934307e-09	-2.909372e-06	1.12027216e-07	0.0012866533	0.13692658	-2.3265573e-16	-2.0528514e-16	2.06568e-16	-1.7486827e-16	0	-5.907031e-17
2.9800099999933097e-09	-2.9346709e-06	5.9443014e-08	0.0012892587	0.1369251	-2.3265798e-16	-2.0528534e-16	2.0656825e-16	-1.7487022e-16	0	-5.907071e-17
2.9900099999931887e-09	-2.9572711e-06	-3.0133783e-08	0.00129162	0.13692358	-2.326601e-16	-2.0528553e-16	2.0656856e-16	-1.7487203e-16	0	-5.9071105e-17
3.0000099999930677e-09	-2.9858684e-06	-1.2278393e-07	0.0012936837	0.13692205	-2.3266216e-16	-2.052857e-16	2.065688e-16	-1.7487372e-16	0	-5.9071535e-17
