# t (s)	mx ()	my ()	mz ()	spinAngle (rad)	E_total (J)	E_anis (J)	E_demag (J)	E_exch (J)	E_therm (J)	E_custom (J)
0	0	0	0	0.0015184365	-1.1821093e-16	-5.0270405e-16	4.547787e-16	5.120001e-18	0	-7.54056e-17
1.0000000000000124e-11	3.2629935e-10	9.106028e-11	0.0006594064	0.0055468213	-1.2643288e-16	-4.9658053e-16	4.4982685e-16	-4.5851436e-18	0	-7.5094057e-17
2.0009999999999403e-11	1.1297167e-09	7.284822e-10	0.0017304053	0.0066954764	-1.2794723e-16	-4.900059e-16	4.4423855e-16	-7.216661e-18	0	-7.49632e-17
3.000999999999824e-11	2.382744e-09	1.9198543e-09	0.0029528106	0.0076882457	-1.2887275e-16	-4.8300995e-16	4.3818857e-16	-9.179724e-18	0	-7.4871724e-17
4.000000000000001e-11	4.1754933e-09	3.703118e-09	0.0042938166	0.008693196	-1.2963142e-16	-4.755848e-16	4.316572e-16	-1.0883229e-17	0	-7.482055e-17
5.0000000000001785e-11	6.636018e-09	6.2338352e-09	0.0057077925	0.009821723	-1.303558e-16	-4.6808184e-16	4.2491297e-16	-1.24282704e-17	0	-7.47587e-17
6.00000000000024e-11	9.145867e-09	9.276766e-09	0.0070687234	0.011150758	-1.3116567e-16	-4.6124644e-16	4.185552e-16	-1.38288104e-17	0	-7.4645626e-17
7.000999999999771e-11	1.1834042e-08	1.2027545e-08	0.008144974	0.012659357	-1.3219576e-16	-4.5608526e-16	4.134678e-16	-1.5107471e-17	0	-7.447081e-17
8.000999999999302e-11	1.3579364e-08	1.36059235e-08	0.008655224	0.014177517	-1.3351582e-16	-4.5318587e-16	4.103391e-16	-1.6381862e-17	0	-7.428721e-17
9.000999999998834e-11	1.4102961e-08	1.42357575e-08	0.0084580295	0.015520752	-1.3506045e-16	-4.518892e-16	4.088067e-16	-1.7802623e-17	0	-7.417532e-17
1.0000999999998365e-10	1.4008107e-08	1.44785846e-08	0.0076208725	0.01661527	-1.3668129e-16	-4.5097024e-16	4.0782895e-16	-1.9379237e-17	0	-7.416075e-17
1.1000999999997896e-10	1.3917046e-08	1.4645528e-08	0.0063428185	0.017479215	-1.3824864e-16	-4.4966825e-16	4.066502e-16	-2.1014107e-17	0	-7.4216504e-17
1.2000999999997891e-10	1.4216786e-08	1.5586485e-08	0.0048562535	0.018167894	-1.3968657e-16	-4.4780874e-16	4.0503824e-16	-2.2607913e-17	0	-7.4308156e-17
1.3000999999998715e-10	1.4410289e-08	1.6937213e-08	0.0033656103	0.018727876	-1.409635e-16	-4.455059e-16	4.0305224e-16	-2.4097108e-17	0	-7.4412665e-17
1.400099999999954e-10	1.5076168e-08	1.8272763e-08	0.0020213022	0.019194625	-1.4207495e-16	-4.42942e-16	4.0083605e-16	-2.5451127e-17	0	-7.451789e-17
1.5000000000000362e-10	1.6020918e-08	2.0336795e-08	0.0009171559	0.019592736	-1.4303034e-16	-4.4027883e-16	3.9852715e-16	-2.6660683e-17	0	-7.4617945e-17
1.6000000000001186e-10	1.6698179e-08	2.2643656e-08	9.15588e-05	0.019942231	-1.4384834e-16	-4.3762484e-16	3.9622036e-16	-2.7733508e-17	0	-7.471037e-17
1.700000000000201e-10	1.7692253e-08	2.5466525e-08	-0.00045557483	0.020257799	-1.4454669e-16	-4.3505412e-16	3.9398186e-16	-2.8680668e-17	0	-7.479377e-17
1.8000000000002833e-10	1.8771697e-08	2.7712678e-08	-0.00075630797	0.020551067	-1.4514373e-16	-4.3260543e-16	3.9184673e-16	-2.9517563e-17	0	-7.4867535e-17
1.9000000000003657e-10	1.9221307e-08	3.047484e-08	-0.00086197903	0.020826358	-1.4565617e-16	-4.3029308e-16	3.8982865e-16	-3.0260255e-17	0	-7.493147e-17
2.000000000000448e-10	1.9887185e-08	3.2842408e-08	-0.0008327997	0.021093706	-1.4609847e-16	-4.2811414e-16	3.8792558e-16	-3.092414e-17	0	-7.498575e-17
2.1000000000005304e-10	2.0748464e-08	3.542245e-08	-0.0007294726	0.021356247	-1.4648311e-16	-4.2605365e-16	3.8612487e-16	-3.1523377e-17	0	-7.503094e-17
2.2000000000006128e-10	2.1752024e-08	3.7790016e-08	-0.000606775	0.021622052	-1.4682071e-16	-4.2408928e-16	3.8440706e-16	-3.20706e-17	0	-7.506783e-17
2.3000000000006952e-10	2.2482403e-08	4.049147e-08	-0.0005090052	0.021892415	-1.471201e-16	-4.2219375e-16	3.8274814e-16	-3.2577013e-17	0	-7.5097425e-17
2.4000000000005925e-10	2.354003e-08	4.3678583e-08	-0.0004676265	0.022170328	-1.4738882e-16	-4.2033695e-16	3.811214e-16	-3.305253e-17	0	-7.5120725e-17
2.5000000000004163e-10	2.543143e-08	4.7032636e-08	-0.0005007795	0.022463081	-1.4763344e-16	-4.18487e-16	3.7949824e-16	-3.3505996e-17	0	-7.513863e-17
2.60000000000024e-10	2.7408197e-08	5.099376e-08	-0.00061420107	0.02277548	-1.4785967e-16	-4.166108e-16	3.7784832e-16	-3.3945395e-17	0	-7.51518e-17
2.700000000000064e-10	3.0491915e-08	5.531912e-08	-0.00080264726	0.023115976	-1.480731e-16	-4.146739e-16	3.7613938e-16	-3.437803e-17	0	-7.516056e-17
2.800099999999888e-10	3.4070773e-08	6.180906e-08	-0.0010522798	0.023495708	-1.4827966e-16	-4.1263906e-16	3.7433512e-16	-3.4810966e-17	0	-7.516474e-17
2.9000999999997117e-10	3.9842668e-08	6.9818576e-08	-0.0013412499	0.023928354	-1.4848563e-16	-4.1047884e-16	3.7240566e-16	-3.5248955e-17	0	-7.51635e-17
3.0000999999995355e-10	4.731435e-08	7.942733e-08	-0.0016418396	0.024429033	-1.4870049e-16	-4.081721e-16	3.70323e-16	-3.5696294e-17	0	-7.5155076e-17
3.1000999999993594e-10	5.7342366e-08	9.225924e-08	-0.0019195048	0.025017716	-1.4893698e-16	-4.0572823e-16	3.6808214e-16	-3.6154433e-17	0	-7.51365e-17
3.2000999999991833e-10	6.954444e-08	1.074056e-07	-0.0021341827	0.025711821	-1.4921384e-16	-4.0320865e-16	3.6572122e-16	-3.662259e-17	0	-7.5103804e-17
3.300099999999007e-10	8.434079e-08	1.2192972e-07	-0.0022441498	0.026519617	-1.4955534e-16	-4.0074693e-16	3.6334508e-16	-3.71002e-17	0	-7.5053253e-17
3.400099999998831e-10	9.8315695e-08	1.3343366e-07	-0.0022130436	0.027431902	-1.4998902e-16	-3.9854602e-16	3.611322e-16	-3.7591048e-17	0	-7.4984154e-17
3.500099999998655e-10	1.06537684e-07	1.3798667e-07	-0.0020181362	0.028407756	-1.5053816e-16	-3.9683335e-16	3.5930423e-16	-3.8106755e-17	0	-7.4902276e-17
3.600099999998479e-10	1.04559966e-07	1.3133928e-07	-0.0016610255	0.029382886	-1.5120872e-16	-3.957675e-16	3.5804808e-16	-3.866727e-17	0	-7.482206e-17
3.7000999999983027e-10	9.1310696e-08	1.1291475e-07	-0.0011745284	0.03028758	-1.519792e-16	-3.9533913e-16	3.574138e-16	-3.9290934e-17	0	-7.4762946e-17
3.8000999999981266e-10	7.041236e-08	8.778211e-08	-0.0006121205	0.031074936	-1.5280277e-16	-3.9537807e-16	3.5728723e-16	-3.997342e-17	0	-7.473855e-17
3.9000999999979505e-10	4.8186067e-08	6.210311e-08	-2.9221304e-05	0.031731006	-1.5362602e-16	-3.956768e-16	3.574809e-16	-4.068139e-17	0	-7.4748745e-17
4.0000999999977743e-10	2.9336586e-08	4.0096875e-08	0.0005243707	0.032267835	-1.5440634e-16	-3.960759e-16	3.578264e-16	-4.137362e-17	0	-7.4783255e-17
4.100099999997598e-10	1.4789707e-08	2.3068605e-08	0.0010052487	0.032705113	-1.5512017e-16	-3.964525e-16	3.5818607e-16	-4.202417e-17	0	-7.482957e-17
4.200099999997422e-10	5.0083155e-09	1.0562992e-08	0.0013800013	0.033061434	-1.5576072e-16	-3.9669327e-16	3.5843867e-16	-4.2628296e-17	0	-7.4877746e-17
4.300099999997246e-10	-1.9729728e-10	2.3675673e-09	0.0016309441	0.033351135	-1.5633268e-16	-3.9670298e-16	3.5848684e-16	-4.3194832e-17	0	-7.492168e-17
4.40009999999707e-10	-2.5572762e-09	-2.853222e-09	0.0017591123	0.0335883	-1.5684636e-16	-3.9642688e-16	3.582753e-16	-4.3736057e-17	0	-7.4958684e-17
4.5000999999968937e-10	-3.0125775e-09	-6.1920993e-09	0.0017822238	0.033781916	-1.5731296e-16	-3.9586066e-16	3.5779736e-16	-4.4261197e-17	0	-7.4988455e-17
4.6000999999967176e-10	-1.9426194e-09	-8.49896e-09	0.0017286554	0.033941366	-1.5774193e-16	-3.9504044e-16	3.5708498e-16	-4.47744e-17	0	-7.501202e-17
4.700099999996541e-10	-9.485446e-10	-9.530976e-09	0.0016301352	0.034073237	-1.5814018e-16	-3.9402475e-16	3.5619115e-16	-4.5275645e-17	0	-7.503096e-17
4.800099999996365e-10	-4.1735962e-10	-9.591683e-09	0.0015154812	0.034185704	-1.5851236e-16	-3.9287752e-16	3.5517457e-16	-4.5762543e-17	0	-7.504682e-17
4.900099999996189e-10	3.338877e-10	-9.045321e-09	0.0014066668	0.03428565	-1.5886114e-16	-3.9165745e-16	3.5408918e-16	-4.623198e-17	0	-7.506084e-17
5.000099999996013e-10	2.276507e-10	-8.438253e-09	0.0013174694	0.034377377	-1.591883e-16	-3.904125e-16	3.5297925e-16	-4.6681293e-17	0	-7.50738e-17
5.100099999995837e-10	4.0977127e-10	-7.770478e-09	0.0012539433	0.03446708	-1.5949505e-16	-3.8917831e-16	3.5187819e-16	-4.7108793e-17	0	-7.508611e-17
5.200099999995661e-10	-2.8835756e-10	-6.37422e-09	0.001216011	0.034555033	-1.597827e-16	-3.8797944e-16	3.5080852e-16	-4.7513926e-17	0	-7.5097855e-17
5.300099999995485e-10	-6.829521e-10	-5.5243237e-09	0.0011995548	0.034644935	-1.6005233e-16	-3.868301e-16	3.4978384e-16	-4.7897165e-17	0	-7.51089e-17
5.400099999995309e-10	-1.5480248e-09	-3.5209975e-09	0.0011984906	0.034737207	-1.6030538e-16	-3.8573698e-16	3.488104e-16	-4.8259768e-17	0	-7.511902e-17
5.500099999995133e-10	-1.9426194e-09	-1.9426194e-09	0.0012065166	0.03483455	-1.6054306e-16	-3.847007e-16	3.4788903e-16	-4.8603492e-17	0	-7.51279e-17
5.600099999994956e-10	-2.5800413e-09	-4.2494797e-10	0.0012184032	0.03493742	-1.6076704e-16	-3.8371807e-16	3.4701675e-16	-4.893041e-17	0	-7.513532e-17
5.70009999999478e-10	-2.8835756e-09	2.6711016e-09	0.0012307258	0.035047766	-1.6097876e-16	-3.8278314e-16	3.4618816e-16	-4.9242743e-17	0	-7.514104e-17
5.800099999994604e-10	-3.2402283e-09	6.313513e-09	0.0012420269	0.035164494	-1.6117948e-16	-3.8188848e-16	3.4539653e-16	-4.9542742e-17	0	-7.514481e-17
5.900099999994428e-10	-3.961122e-09	9.74345e-09	0.0012525786	0.035288304	-1.6137087e-16	-3.810262e-16	3.446344e-16	-4.9832656e-17	0	-7.514646e-17
6.000099999994252e-10	-4.0521826e-09	1.41143435e-08	0.0012638689	0.03541946	-1.6155417e-16	-3.8018796e-16	3.4389424e-16	-5.011471e-17	0	-7.514571e-17
6.100099999994076e-10	-4.234303e-09	1.851559e-08	0.0012780243	0.03555826	-1.6173071e-16	-3.7936546e-16	3.4316823e-16	-5.039116e-17	0	-7.514235e-17
6.2000999999939e-10	-4.621309e-09	2.3007898e-08	0.0012972162	0.035705548	-1.6190198e-16	-3.7855067e-16	3.42449e-16	-5.066428e-17	0	-7.513602e-17
6.300099999993724e-10	-4.773076e-09	2.8107273e-08	0.0013232346	0.03586165	-1.6206925e-16	-3.7773588e-16	3.4172938e-16	-5.0936432e-17	0	-7.5126323e-17
6.400099999993547e-10	-3.976299e-09	3.472432e-08	0.0013571784	0.0360272	-1.6223405e-16	-3.7691383e-16	3.4100265e-16	-5.1210097e-17	0	-7.511278e-17
6.500099999993371e-10	-3.763825e-09	4.1766317e-08	0.0013994323	0.03620303	-1.6239795e-16	-3.7607741e-16	3.402622e-16	-5.148797e-17	0	-7.509475e-17
6.600099999993195e-10	-3.4223488e-09	4.8474423e-08	0.0014497484	0.03639021	-1.6256267e-16	-3.7521918e-16	3.3950113e-16	-5.177304e-17	0	-7.50715e-17
6.700099999993019e-10	-3.7562367e-09	5.5516416e-08	0.0015074254	0.036594104	-1.6273006e-16	-3.7433086e-16	3.3871167e-16	-5.2068756e-17	0	-7.5042136e-17
6.800099999992843e-10	-5.315644e-09	6.271018e-08	0.0015715123	0.036817506	-1.6290244e-16	-3.7340323e-16	3.3788544e-16	-5.2379045e-17	0	-7.5005634e-17
6.900099999992667e-10	-6.890228e-09	7.005571e-08	0.0016409723	0.037068326	-1.630824e-16	-3.7242583e-16	3.3701265e-16	-5.270842e-17	0	-7.496082e-17
7.000099999992491e-10	-8.783523e-09	7.776548e-08	0.001714797	0.037364453	-1.6327275e-16	-3.7138745e-16	3.3608306e-16	-5.306196e-17	0	-7.490644e-17
7.100099999992315e-10	-1.0239539e-08	8.407899e-08	0.0017920505	0.037723936	-1.6347696e-16	-3.7027622e-16	3.3508573e-16	-5.3445334e-17	0	-7.484115e-17
7.200099999992138e-10	-1.3586004e-08	9.087816e-08	0.0018718429	0.038143564	-1.6369912e-16	-3.6907994e-16	3.3400934e-16	-5.38647e-17	0	-7.4763714e-17
7.300099999991962e-10	-1.78573e-08	9.7009554e-08	0.0019532556	0.038622145	-1.6394356e-16	-3.6778613e-16	3.328422e-16	-5.432661e-17	0	-7.467303e-17
7.400099999991786e-10	-2.2768864e-08	1.0259458e-07	0.002035186	0.03915986	-1.6421534e-16	-3.6638177e-16	3.3157264e-16	-5.4837833e-17	0	-7.456839e-17
7.50009999999161e-10	-2.6544072e-08	1.0696547e-07	0.0021161777	0.03975885	-1.645201e-16	-3.6485404e-16	3.3018872e-16	-5.5405074e-17	0	-7.4449656e-17
7.600099999991434e-10	-3.031169e-08	1.0939375e-07	0.0021942663	0.040453076	-1.6486353e-16	-3.6319028e-16	3.2867883e-16	-5.603457e-17	0	-7.4317506e-17
7.700099999991258e-10	-3.3639186e-08	1.0824032e-07	0.0022668093	0.041290767	-1.6525165e-16	-3.613788e-16	3.2703243e-16	-5.673163e-17	0	-7.4173636e-17
7.800099999991082e-10	-3.6333052e-08	1.05204975e-07	0.0023305137	0.04226119	-1.6568998e-16	-3.5940984e-16	3.2524083e-16	-5.7500064e-17	0	-7.402092e-17
7.900099999990906e-10	-3.8503323e-08	9.9680655e-08	0.002381683	0.04335254	-1.6618375e-16	-3.5727664e-16	3.2329786e-16	-5.8341624e-17	0	-7.386337e-17
8.00009999999073e-10	-4.0020993e-08	9.203159e-08	0.002416784	0.044545736	-1.6673664e-16	-3.5497653e-16	3.212015e-16	-5.925555e-17	0	-7.370603e-17
8.100099999990553e-10	-4.082536e-08	8.134718e-08	0.002433377	0.045817353	-1.67351e-16	-3.5251208e-16	3.18954e-16	-6.0238336e-17	0	-7.355456e-17
8.200099999990377e-10	-4.0931596e-08	7.078419e-08	0.002431026	0.047145117	-1.6802705e-16	-3.498914e-16	3.1656284e-16	-6.1283654e-17	0	-7.341482e-17
8.300099999990201e-10	-3.8951036e-08	6.155675e-08	0.0024118691	0.048506297	-1.6876269e-16	-3.4712945e-16	3.1404154e-16	-6.23827e-17	0	-7.3292107e-17
8.400099999990025e-10	-3.6211638e-08	5.3179203e-08	0.0023802663	0.049880706	-1.6955363e-16	-3.4424843e-16	3.114101e-16	-6.35247e-17	0	-7.31906e-17
8.500099999989849e-10	-3.4208313e-08	5.0022447e-08	0.0023412525	0.051252287	-1.703934e-16	-3.4127847e-16	3.0869563e-16	-6.46977e-17	0	-7.311286e-17
8.600099999989673e-10	-3.158274e-08	5.0265275e-08	0.002298287	0.052606013	-1.7127397e-16	-3.382577e-16	3.0593252e-16	-6.588919e-17	0	-7.305956e-17
8.700099999989497e-10	-2.7758208e-08	5.560748e-08	0.0022510947	0.053929694	-1.7218578e-16	-3.352313e-16	3.0316164e-16	-6.7086525e-17	0	-7.302961e-17
8.800099999989321e-10	-2.4165121e-08	6.4349265e-08	0.0021947853	0.055210665	-1.7311866e-16	-3.3224986e-16	3.0042893e-16	-6.8277016e-17	0	-7.302067e-17
8.900099999989144e-10	-1.7954052e-08	7.576215e-08	0.0021210772	0.056444462	-1.7406159e-16	-3.293676e-16	2.9778333e-16	-6.9447517e-17	0	-7.30298e-17
9.000099999988968e-10	-1.1306652e-08	9.081745e-08	0.0020212214	0.0576301	-1.75003e-16	-3.2664004e-16	2.9527524e-16	-7.0584036e-17	0	-7.3054156e-17
9.100099999988792e-10	-2.2158002e-09	1.11943436e-07	0.0018894884	0.058758818	-1.7593082e-16	-3.2412152e-16	2.9295394e-16	-7.167177e-17	0	-7.30915e-17
9.200099999988616e-10	9.751038e-09	1.4290393e-07	0.0017253875	0.059822913	-1.7683322e-16	-3.2186037e-16	2.9086338e-16	-7.2696166e-17	0	-7.314006e-17
9.30009999998844e-10	2.4923958e-08	1.8491308e-07	0.0015336303	0.060815163	-1.776985e-16	-3.1989038e-16	2.8903485e-16	-7.364478e-17	0	-7.319822e-17
9.400099999989161e-10	4.6190326e-08	2.4392014e-07	0.0013226159	0.06172986	-1.7851714e-16	-3.1822263e-16	2.8747906e-16	-7.4509776e-17	0	-7.3263843e-17
9.50009999999002e-10	7.101184e-08	3.188324e-07	0.0011028257	0.06256307	-1.7928208e-16	-3.1683932e-16	2.8618096e-16	-7.5289675e-17	0	-7.333408e-17
9.600099999990877e-10	9.5036576e-08	4.0770723e-07	0.00088646356	0.06331222	-1.7999024e-16	-3.156942e-16	2.8509946e-16	-7.5989814e-17	0	-7.340567e-17
9.700099999991735e-10	1.10539595e-07	5.0071014e-07	0.00068802794	0.063981086	-1.806426e-16	-3.1471874e-16	2.841732e-16	-7.66213e-17	0	-7.3475754e-17
9.800099999992593e-10	1.0685924e-07	5.871567e-07	0.0005239282	0.064584725	-1.8124415e-16	-3.1383307e-16	2.8333067e-16	-7.7199185e-17	0	-7.35426e-17
9.90009999999345e-10	7.77503e-08	6.488348e-07	0.0004096235	0.06513888	-1.818031e-16	-3.129601e-16	2.8250293e-16	-7.774018e-17	0	-7.3605773e-17
1.0000099999994308e-09	1.6512264e-08	6.6680406e-07	0.00035444813	0.06565102	-1.8232952e-16	-3.1203876e-16	2.8163538e-16	-7.826059e-17	0	-7.366556e-17
1.0100099999995166e-09	-7.717359e-08	6.243093e-07	0.00035665798	0.066143654	-1.8283368e-16	-3.1103209e-16	2.8069536e-16	-7.877481e-17	0	-7.372211e-17
1.0200099999996024e-09	-1.9667503e-07	5.109089e-07	0.00040218388	0.066630036	-1.8332517e-16	-3.0992843e-16	2.796725e-16	-7.929417e-17	0	-7.3775074e-17
1.0300099999996882e-09	-3.2790808e-07	3.2975962e-07	0.00046875307	0.06710964	-1.838118e-16	-3.087351e-16	2.7857341e-16	-7.982616e-17	0	-7.382401e-17
1.040009999999774e-09	-4.547854e-07	9.470269e-08	0.0005339837	0.067588754	-1.8429943e-16	-3.0746984e-16	2.7741383e-16	-8.0374295e-17	0	-7.386914e-17
1.0500099999998598e-09	-5.601877e-07	-1.7046484e-07	0.0005837816	0.06807282	-1.8479212e-16	-3.0615307e-16	2.762112e-16	-8.0938584e-17	0	-7.391169e-17
1.0600099999999456e-09	-6.3379474e-07	-4.4388852e-07	0.0006168177	0.06856345	-1.852921e-16	-3.048021e-16	2.749803e-16	-8.151644e-17	0	-7.395382e-17
1.0700000000000313e-09	-6.783232e-07	-7.0492797e-07	0.0006423351	0.06905482	-1.8580036e-16	-3.034323e-16	2.7373333e-16	-8.210356e-17	0	-7.399783e-17
1.080000000000117e-09	-7.174336e-07	-9.2080154e-07	0.00067099347	0.069546506	-1.8631846e-16	-3.020513e-16	2.7247546e-16	-8.269717e-17	0	-7.4045456e-17
1.0900000000002028e-09	-7.99145e-07	-1.0502285e-06	0.00070106244	0.070035934	-1.8684606e-16	-3.006679e-16	2.7121225e-16	-8.329347e-17	0	-7.4096933e-17
1.1000000000002886e-09	-9.788677e-07	-1.0592132e-06	0.0007082438	0.070523575	-1.8738185e-16	-2.9928207e-16	2.6994239e-16	-8.3891036e-17	0	-7.415112e-17
1.1100000000003744e-09	-1.2700177e-06	-9.501837e-07	0.0006526879	0.0710191	-1.8792256e-16	-2.9788354e-16	2.6865815e-16	-8.449118e-17	0	-7.4206e-17
1.1200000000004602e-09	-1.5938888e-06	-7.532506e-07	0.000507393	0.07153435	-1.884638e-16	-2.9646418e-16	2.6735557e-16	-8.5095365e-17	0	-7.42598e-17
1.130000000000546e-09	-1.8216913e-06	-5.4587605e-07	0.00028523698	0.07206887	-1.8900068e-16	-2.9503812e-16	2.6604985e-16	-8.570058e-17	0	-7.431183e-17
1.1400000000006318e-09	-1.8554291e-06	-3.9969393e-07	4.0345047e-05	0.07262036	-1.8952832e-16	-2.936469e-16	2.6477932e-16	-8.629733e-17	0	-7.436342e-17
1.1500000000007175e-09	-1.6790757e-06	-3.2514592e-07	-0.00015553909	0.07318636	-1.9004126e-16	-2.9234434e-16	2.6359255e-16	-8.687179e-17	0	-7.441769e-17
1.1600000000008033e-09	-1.3432909e-06	-2.8483655e-07	-0.00024403694	0.0737614	-1.9053295e-16	-2.9118057e-16	2.625344e-16	-8.740907e-17	0	-7.4477754e-17
1.1700000000008891e-09	-9.4223105e-07	-2.3627108e-07	-0.0002003671	0.0743353	-1.9099565e-16	-2.901911e-16	2.6163614e-16	-8.7896086e-17	0	-7.454462e-17
1.1800000000009749e-09	-5.792648e-07	-1.602661e-07	-3.65794e-05	0.07490048	-1.9142103e-16	-2.8938902e-16	2.6090822e-16	-8.8324195e-17	0	-7.461603e-17
1.1900000000010607e-09	-3.0180414e-07	-5.147941e-08	0.00020824138	0.07545454	-1.9180238e-16	-2.8876018e-16	2.6033634e-16	-8.869132e-17	0	-7.468724e-17
1.2000000000011465e-09	-9.801121e-08	9.0331795e-08	0.00048238735	0.07599238	-1.9213673e-16	-2.8826432e-16	2.5988294e-16	-8.900275e-17	0	-7.47526e-17
1.2100000000012322e-09	7.7006646e-08	2.5545444e-07	0.000735243	0.07650881	-1.9242577e-16	-2.8784617e-16	2.5949757e-16	-8.9270007e-17	0	-7.480714e-17
1.220000000001318e-09	2.5393678e-07	4.2543363e-07	0.0009286927	0.07699888	-1.926755e-16	-2.8745222e-16	2.5913194e-16	-8.9507513e-17	0	-7.484768e-17
1.2300000000014038e-09	4.3029019e-07	5.757438e-07	0.0010438018	0.0774599	-1.9289461e-16	-2.8704594e-16	2.587533e-16	-8.97285e-17	0	-7.487346e-17
1.2400000000014896e-09	5.792648e-07	6.765172e-07	0.0010813201	0.0778922	-1.9309174e-16	-2.866124e-16	2.583488e-16	-8.994216e-17	0	-7.488596e-17
1.2500000000015754e-09	6.7530306e-07	7.1075584e-07	0.0010568072	0.07829582	-1.9327399e-16	-2.8615518e-16	2.5792227e-16	-9.0152714e-17	0	-7.488834e-17
1.2600000000016612e-09	6.958523e-07	6.677754e-07	0.0009928902	0.078673534	-1.9344624e-16	-2.8568815e-16	2.5748671e-16	-9.036029e-17	0	-7.488453e-17
1.270000000001747e-09	6.368149e-07	5.560748e-07	0.000911697	0.07902828	-1.9361126e-16	-2.8522723e-16	2.57057e-16	-9.056275e-17	0	-7.4878295e-17
1.2800000000018327e-09	5.099376e-07	3.89738e-07	0.000829832	0.07936495	-1.9377017e-16	-2.847856e-16	2.5664542e-16	-9.0757284e-17	0	-7.48727e-17
1.2900000000019185e-09	3.4199206e-07	2.0397503e-07	0.00075708877	0.079686314	-1.9392347e-16	-2.843715e-16	2.5625963e-16	-9.094172e-17	0	-7.486985e-17
1.3000000000020043e-09	1.6818834e-07	2.7925152e-08	0.0006979836	0.07999558	-1.9407124e-16	-2.8398797e-16	2.559024e-16	-9.111468e-17	0	-7.487096e-17
1.3100000000020901e-09	2.9655299e-08	-1.2189936e-07	0.0006542414	0.08029542	-1.9421354e-16	-2.8363372e-16	2.5557268e-16	-9.127593e-17	0	-7.48766e-17
1.3200000000021759e-09	-5.2511428e-08	-2.3578542e-07	0.000626402	0.08058832	-1.9435073e-16	-2.83305e-16	2.5526704e-16	-9.1425964e-17	0	-7.488686e-17
1.3300000000022617e-09	-6.101039e-08	-3.1567563e-07	0.00061381573	0.08087672	-1.9448317e-16	-2.8299733e-16	2.5498143e-16	-9.156573e-17	0	-7.490153e-17
1.3400000000023475e-09	-1.45999985e-08	-3.6302697e-07	0.0006135625	0.081162766	-1.9461126e-16	-2.8270744e-16	2.5471273e-16	-9.169629e-17	0	-7.4920256e-17
1.3500000000024332e-09	7.284822e-08	-3.7686814e-07	0.0006196332	0.08144633	-1.9473508e-16	-2.8243392e-16	2.5445974e-16	-9.181842e-17	0	-7.4942504e-17
1.360000000002519e-09	1.7744614e-07	-3.5914175e-07	0.00062310195	0.08172601	-1.9485454e-16	-2.8217722e-16	2.542228e-16	-9.193248e-17	0	-7.496766e-17
1.3700000000026048e-09	2.7682324e-07	-3.1057627e-07	0.0006137142	0.08199765	-1.9496924e-16	-2.8193852e-16	2.540029e-16	-9.2038554e-17	0	-7.499504e-17
1.3800000000026906e-09	3.6251097e-07	-2.3627108e-07	0.0005824143	0.08226039	-1.9507837e-16	-2.8171868e-16	2.538008e-16	-9.213655e-17	0	-7.5023925e-17
1.3900000000027764e-09	4.2516044e-07	-1.461821e-07	0.0005240699	0.082509406	-1.9518159e-16	-2.8151786e-16	2.536164e-16	-9.222666e-17	0	-7.50535e-17
1.4000000000028622e-09	4.6386106e-07	-5.342203e-08	0.00043931897	0.08274384	-1.9527848e-16	-2.813353e-16	2.534491e-16	-9.2309445e-17	0	-7.508281e-17
1.410000000002948e-09	4.7184403e-07	3.5209975e-08	0.0003350138	0.082960986	-1.953691e-16	-2.8117044e-16	2.532981e-16	-9.238588e-17	0	-7.511086e-17
1.4200000000030337e-09	4.552407e-07	1.1461454e-07	0.00022285183	0.08315982	-1.9545349e-16	-2.810228e-16	2.5316295e-16	-9.2457e-17	0	-7.513665e-17
1.4300000000031195e-09	4.1347437e-07	1.8114925e-07	0.0001166606	0.083340555	-1.9553186e-16	-2.808917e-16	2.530429e-16	-9.2523626e-17	0	-7.515944e-17
1.4400000000032053e-09	3.5179622e-07	2.3044322e-07	2.8977203e-05	0.08350392	-1.9560431e-16	-2.8077551e-16	2.5293635e-16	-9.258634e-17	0	-7.517879e-17
1.450000000003291e-09	2.7111682e-07	2.6880994e-07	-3.2093772e-05	0.083650656	-1.956709e-16	-2.806716e-16	2.5284082e-16	-9.2645426e-17	0	-7.519473e-17
1.4600000000033769e-09	1.8530767e-07	2.9989187e-07	-6.467441e-05	0.083781354	-1.9573225e-16	-2.8057665e-16	2.527533e-16	-9.270132e-17	0	-7.520761e-17
1.4700000000034627e-09	1.0059126e-07	3.268457e-07	-7.301092e-05	0.083896585	-1.9578905e-16	-2.804878e-16	2.5267123e-16	-9.2754515e-17	0	-7.521796e-17
1.4800000000035485e-09	2.3979208e-08	3.4918583e-07	-6.545972e-05	0.08399895	-1.9584214e-16	-2.804032e-16	2.525929e-16	-9.28056e-17	0	-7.5226267e-17
1.4900000000036342e-09	-3.7941785e-08	3.542852e-07	-5.1329345e-05	0.08409186	-1.9589258e-16	-2.8032209e-16	2.525176e-16	-9.285519e-17	0	-7.5232884e-17
1.50000000000372e-09	-8.2955914e-08	3.516141e-07	-3.7955382e-05	0.084177814	-1.9594092e-16	-2.8024419e-16	2.524451e-16	-9.290375e-17	0	-7.523808e-17
1.5100000000038058e-09	-1.1036506e-07	3.312166e-07	-2.9071784e-05	0.08425999	-1.9598769e-16	-2.8016928e-16	2.523751e-16	-9.295147e-17	0	-7.524206e-17
1.5200000000038916e-09	-1.1743741e-07	3.0280577e-07	-2.4703682e-05	0.08434127	-1.9603312e-16	-2.8009672e-16	2.523071e-16	-9.2998335e-17	0	-7.524514e-17
1.5300000000039774e-09	-1.0517462e-07	2.646819e-07	-2.2559396e-05	0.08442448	-1.9607725e-16	-2.8002562e-16	2.5224027e-16	-9.3044227e-17	0	-7.5247674e-17
1.5400000000040632e-09	-7.512473e-08	2.2218708e-07	-1.9854298e-05	0.084511645	-1.9612024e-16	-2.7995498e-16	2.5217373e-16	-9.3088974e-17	0	-7.5250017e-17
1.550000000004149e-09	-4.0309352e-08	1.8090643e-07	-1.4737924e-05	0.084604	-1.9616206e-16	-2.7988388e-16	2.5210673e-16	-9.313251e-17	0	-7.525239e-17
1.5600000000042347e-09	-3.7941783e-09	1.4035425e-07	-6.997679e-06	0.08470267	-1.9620271e-16	-2.7981156e-16	2.5203865e-16	-9.317488e-17	0	-7.52549e-17
1.5700000000043205e-09	3.7182946e-08	1.03930134e-07	2.1643207e-06	0.084808335	-1.9624238e-16	-2.797376e-16	2.5196896e-16	-9.321629e-17	0	-7.5257494e-17
1.5800000000044063e-09	7.6672755e-08	7.5276496e-08	1.0869805e-05	0.08492142	-1.9628114e-16	-2.7966153e-16	2.518975e-16	-9.325698e-17	0	-7.526006e-17
1.590000000004492e-09	1.0824032e-07	5.2207895e-08	1.7385108e-05	0.08504245	-1.9631914e-16	-2.7958313e-16	2.5182377e-16	-9.329732e-17	0	-7.526246e-17
1.6000000000045779e-09	1.3476921e-07	3.642411e-08	2.0774614e-05	0.08517142	-1.9635658e-16	-2.795021e-16	2.5174767e-16	-9.333756e-17	0	-7.5264575e-17
1.6100000000046637e-09	1.544686e-07	2.6225361e-08	2.1070013e-05	0.08530828	-1.9639352e-16	-2.7941814e-16	2.5166895e-16	-9.3378e-17	0	-7.5266335e-17
1.6200000000047495e-09	1.6654926e-07	2.3311431e-08	1.9135468e-05	0.08545313	-1.9643014e-16	-2.7933122e-16	2.5158755e-16	-9.3418774e-17	0	-7.526772e-17
1.6300000000048352e-09	1.704952e-07	2.5739705e-08	1.6210308e-05	0.085605346	-1.9646659e-16	-2.7924135e-16	2.5150354e-16	-9.346001e-17	0	-7.526877e-17
1.640000000004921e-09	1.6846153e-07	2.986777e-08	1.3450757e-05	0.08576446	-1.965029e-16	-2.7914876e-16	2.5141711e-16	-9.3501664e-17	0	-7.5269565e-17
1.6500000000050068e-09	1.608428e-07	3.569563e-08	1.1616621e-05	0.08592947	-1.9653912e-16	-2.790538e-16	2.5132852e-16	-9.354366e-17	0	-7.527019e-17
1.6600000000050926e-09	1.4903533e-07	4.7594174e-08	1.0946174e-05	0.086099766	-1.9657525e-16	-2.7895685e-16	2.5123826e-16	-9.358588e-17	0	-7.527075e-17
1.6700000000051784e-09	1.310661e-07	5.973554e-08	1.1205028e-05	0.08627409	-1.9661122e-16	-2.788584e-16	2.5114667e-16	-9.362817e-17	0	-7.527134e-17
1.6800000000052642e-09	1.0866527e-07	7.2605395e-08	1.1896236e-05	0.08645129	-1.966471e-16	-2.7875907e-16	2.5105437e-16	-9.3670336e-17	0	-7.5272046e-17
1.69000000000535e-09	8.14686e-08	8.450394e-08	1.2373756e-05	0.08663076	-1.9668269e-16	-2.786593e-16	2.5096178e-16	-9.371225e-17	0	-7.5272906e-17
1.7000000000054357e-09	6.0160495e-08	9.251725e-08	1.2180041e-05	0.0868109	-1.96718e-16	-2.7855973e-16	2.5086943e-16	-9.3753756e-17	0	-7.527396e-17
1.7100000000055215e-09	3.80632e-08	9.883076e-08	1.1023879e-05	0.08699082	-1.9675301e-16	-2.7846084e-16	2.5077774e-16	-9.379467e-17	0	-7.527523e-17
1.7200000000056073e-09	1.4281287e-08	9.955924e-08	8.821192e-06	0.08717065	-1.9678747e-16	-2.7836298e-16	2.5068713e-16	-9.383491e-17	0	-7.52767e-17
1.730000000005693e-09	-7.360706e-09	9.943783e-08	5.6013605e-06	0.087349825	-1.9682145e-16	-2.7826666e-16	2.505979e-16	-9.387439e-17	0	-7.527834e-17
1.7400000000057789e-09	-2.9427648e-08	9.640248e-08	1.5039516e-06	0.08752731	-1.9685484e-16	-2.7817208e-16	2.5051034e-16	-9.391296e-17	0	-7.528013e-17
1.7500000000058647e-09	-4.835301e-08	9.506693e-08	-3.332867e-06	0.08770309	-1.9688753e-16	-2.780794e-16	2.5042458e-16	-9.395064e-17	0	-7.528206e-17
1.7600000000059504e-09	-6.043367e-08	8.960332e-08	-8.803951e-06	0.08787676	-1.9691949e-16	-2.7798888e-16	2.5034077e-16	-9.398734e-17	0	-7.5284063e-17
1.7700000000060362e-09	-7.172515e-08	8.037588e-08	-1.4815751e-05	0.08804831	-1.9695068e-16	-2.779005e-16	2.5025895e-16	-9.4023026e-17	0	-7.528612e-17
1.780000000006122e-09	-8.3654044e-08	7.078419e-08	-2.127763e-05	0.08821741	-1.9698105e-16	-2.778143e-16	2.501792e-16	-9.405771e-17	0	-7.528819e-17
1.7900000000062078e-09	-9.245654e-08	6.192099e-08	-2.8115164e-05	0.08838466	-1.9701059e-16	-2.7773032e-16	2.5010138e-16	-9.409137e-17	0	-7.5290264e-17
1.8000000000062936e-09	-9.600789e-08	5.4271926e-08	-3.5185087e-05	0.0885496	-1.9703928e-16	-2.776485e-16	2.5002554e-16	-9.4124015e-17	0	-7.52923e-17
1.8100000000063794e-09	-9.8056745e-08	4.905114e-08	-4.2387834e-05	0.088711694	-1.9706699e-16	-2.7756875e-16	2.4995164e-16	-9.415561e-17	0	-7.5294294e-17
1.8200000000064652e-09	-9.438398e-08	4.4437417e-08	-4.957358e-05	0.08887093	-1.9709394e-16	-2.774911e-16	2.4987956e-16	-9.418619e-17	0	-7.5296226e-17
1.830000000006551e-09	-9.5416e-08	3.9702282e-08	-5.6606168e-05	0.08902641	-1.971199e-16	-2.774154e-16	2.4980937e-16	-9.421577e-17	0	-7.5298086e-17
1.8400000000066367e-09	-9.43688e-08	3.739542e-08	-6.335956e-05	0.08917793	-1.9714501e-16	-2.7734167e-16	2.4974091e-16	-9.424437e-17	0	-7.529987e-17
1.8500000000067225e-09	-8.911766e-08	3.5574217e-08	-6.9727525e-05	0.08932573	-1.9716914e-16	-2.7726978e-16	2.496742e-16	-9.4272e-17	0	-7.530159e-17
1.8600000000068083e-09	-8.32291e-08	3.6181284e-08	-7.565051e-05	0.089469664	-1.9719255e-16	-2.7719992e-16	2.4960928e-16	-9.429867e-17	0	-7.530324e-17
1.870000000006742e-09	-8.011787e-08	4.2494797e-08	-8.109003e-05	0.08960952	-1.9721506e-16	-2.771319e-16	2.4954604e-16	-9.43244e-17	0	-7.5304816e-17
1.880000000006621e-09	-7.967775e-08	4.650145e-08	-8.601894e-05	0.08974528	-1.9723666e-16	-2.770657e-16	2.4948455e-16	-9.434923e-17	0	-7.530632e-17
1.8900000000065e-09	-7.545862e-08	5.1600825e-08	-9.046517e-05	0.08987725	-1.9725754e-16	-2.770014e-16	2.4942479e-16	-9.437316e-17	0	-7.530776e-17
1.900000000006379e-09	-6.875051e-08	5.4514754e-08	-9.444614e-05	0.09000542	-1.9727763e-16	-2.7693896e-16	2.493667e-16	-9.439623e-17	0	-7.5309143e-17
1.910000000006258e-09	-6.356007e-08	5.5121824e-08	-9.7994336e-05	0.09012947	-1.9729691e-16	-2.7687832e-16	2.4931033e-16	-9.441844e-17	0	-7.531048e-17
1.920000000006137e-09	-6.201205e-08	5.3543445e-08	-0.000101146055	0.09024961	-1.9731549e-16	-2.7681955e-16	2.4925564e-16	-9.4439826e-17	0	-7.531177e-17
1.930000000006016e-09	-5.46817e-08	5.730727e-08	-0.00010393742	0.09036564	-1.9733336e-16	-2.7676254e-16	2.492026e-16	-9.446042e-17	0	-7.5312995e-17
1.940000000005895e-09	-5.6351137e-08	5.8764233e-08	-0.0001063578	0.09047755	-1.9735052e-16	-2.7670727e-16	2.491512e-16	-9.448026e-17	0	-7.5314166e-17
1.950000000005774e-09	-5.748939e-08	6.070685e-08	-0.00010848776	0.09058564	-1.9736711e-16	-2.7665377e-16	2.4910133e-16	-9.4499356e-17	0	-7.5315304e-17
1.960000000005653e-09	-5.776257e-08	6.0342614e-08	-0.00011036809	0.090690054	-1.9738302e-16	-2.766019e-16	2.4905302e-16	-9.4517746e-17	0	-7.5316376e-17
1.9700000000055318e-09	-5.537983e-08	6.082827e-08	-0.00011202102	0.09079079	-1.973983e-16	-2.765516e-16	2.4900617e-16	-9.453545e-17	0	-7.531741e-17
1.9800000000054108e-09	-5.407463e-08	6.252806e-08	-0.00011348928	0.09088766	-1.9741306e-16	-2.7650281e-16	2.489607e-16	-9.455253e-17	0	-7.5318395e-17
1.9900000000052898e-09	-6.053991e-08	5.730727e-08	-0.00011481888	0.090980366	-1.9742726e-16	-2.764555e-16	2.4891654e-16	-9.456897e-17	0	-7.531933e-17
2.0000000000051688e-09	-5.9636896e-08	6.349937e-08	-0.00011604844	0.0910693	-1.9744094e-16	-2.764096e-16	2.4887366e-16	-9.4584834e-17	0	-7.5320214e-17
2.0100000000050478e-09	-6.744531e-08	6.398503e-08	-0.00011721115	0.09115462	-1.9745411e-16	-2.763649e-16	2.48832e-16	-9.4600134e-17	0	-7.532105e-17
2.0200000000049267e-09	-6.717213e-08	6.1799575e-08	-0.00011831936	0.09123621	-1.974668e-16	-2.7632152e-16	2.4879147e-16	-9.4614904e-17	0	-7.532184e-17
2.0300000000048057e-09	-6.8082734e-08	5.6821616e-08	-0.00011941184	0.09131417	-1.974791e-16	-2.7627936e-16	2.4875203e-16	-9.462918e-17	0	-7.532259e-17
2.0400000000046847e-09	-7.1322965e-08	5.8642822e-08	-0.00012050335	0.09138864	-1.974909e-16	-2.7623825e-16	2.487136e-16	-9.4642955e-17	0	-7.5323305e-17
2.0500000000045637e-09	-7.41686e-08	5.6821616e-08	-0.00012159765	0.09145986	-1.9750228e-16	-2.7619823e-16	2.4867617e-16	-9.465628e-17	0	-7.532397e-17
2.0600000000044427e-09	-7.794001e-08	4.7837002e-08	-0.00012270664	0.09152776	-1.9751339e-16	-2.7615926e-16	2.4863964e-16	-9.466918e-17	0	-7.53246e-17
2.0700000000043217e-09	-8.377546e-08	4.5044484e-08	-0.00012382632	0.091592334	-1.9752401e-16	-2.7612123e-16	2.4860406e-16	-9.468163e-17	0	-7.5325204e-17
2.0800000000042007e-09	-8.62265e-08	4.152349e-08	-0.00012494702	0.0916536	-1.9753434e-16	-2.760842e-16	2.4856934e-16	-9.469373e-17	0	-7.5325766e-17
2.0900000000040797e-09	-9.192535e-08	4.322328e-08	-0.00012608085	0.091711774	-1.9754436e-16	-2.7604812e-16	2.4853548e-16	-9.470541e-17	0	-7.532631e-17
2.1000000000039587e-09	-9.7001966e-08	4.686569e-08	-0.00012720465	0.09176708	-1.9755401e-16	-2.760129e-16	2.4850247e-16	-9.471675e-17	0	-7.5326805e-17
2.1100000000038377e-09	-9.647837e-08	4.5651554e-08	-0.00012831438	0.09181968	-1.9756335e-16	-2.759786e-16	2.484703e-16	-9.4727764e-17	0	-7.532729e-17
2.1200000000037166e-09	-9.87397e-08	4.686569e-08	-0.0001294408	0.09186948	-1.9757247e-16	-2.759452e-16	2.4843892e-16	-9.473842e-17	0	-7.5327745e-17
2.1300000000035956e-09	-1.0140321e-07	3.8123904e-08	-0.00013056991	0.09191658	-1.9758122e-16	-2.7591264e-16	2.4840835e-16	-9.474876e-17	0	-7.532817e-17
2.1400000000034746e-09	-1.02473166e-07	3.5574217e-08	-0.00013169186	0.09196103	-1.9758973e-16	-2.7588088e-16	2.4837852e-16	-9.475881e-17	0	-7.532858e-17
2.1500000000033536e-09	-1.00955496e-07	3.0596254e-08	-0.00013283746	0.09200298	-1.9759799e-16	-2.7585e-16	2.483495e-16	-9.476856e-17	0	-7.532896e-17
2.1600000000032326e-09	-1.036266e-07	2.7925152e-08	-0.00013395179	0.092042446	-1.9760609e-16	-2.7581992e-16	2.4832123e-16	-9.4778063e-17	0	-7.532933e-17
2.1700000000031116e-09	-1.0651017e-07	3.0353426e-08	-0.0001350736	0.09207942	-1.9761386e-16	-2.757906e-16	2.4829368e-16	-9.478729e-17	0	-7.5329684e-17
2.1800000000029906e-09	-1.0342171e-07	2.8289394e-08	-0.00013620095	0.09211403	-1.976215e-16	-2.7576206e-16	2.4826684e-16	-9.479626e-17	0	-7.533001e-17
2.1900000000028696e-09	-1.0406672e-07	2.5982533e-08	-0.00013731836	0.09214636	-1.9762891e-16	-2.7573434e-16	2.4824071e-16	-9.480498e-17	0	-7.5330306e-17
2.2000000000027486e-09	-1.06889594e-07	3.4360077e-08	-0.00013840605	0.09217658	-1.9763603e-16	-2.7570727e-16	2.4821528e-16	-9.4813473e-17	0	-7.5330604e-17
2.2100000000026276e-09	-1.0361901e-07	3.2296047e-08	-0.00013949239	0.09220492	-1.976431e-16	-2.7568095e-16	2.481905e-16	-9.482176e-17	0	-7.533089e-17
2.2200000000025065e-09	-1.0372525e-07	3.1567563e-08	-0.00014054599	0.09223141	-1.9764994e-16	-2.7565533e-16	2.4816636e-16	-9.482981e-17	0	-7.533116e-17
2.2300000000023855e-09	-1.02640115e-07	3.241746e-08	-0.00014157315	0.09225622	-1.9765658e-16	-2.7563037e-16	2.4814288e-16	-9.48377e-17	0	-7.5331405e-17
2.2400000000022645e-09	-1.0113003e-07	2.4646983e-08	-0.00014260091	0.09227927	-1.9766313e-16	-2.7560607e-16	2.4811996e-16	-9.484539e-17	0	-7.533164e-17
2.2500000000021435e-09	-1.0575893e-07	2.7560912e-08	-0.00014360358	0.092300735	-1.9766942e-16	-2.7558235e-16	2.4809767e-16	-9.485288e-17	0	-7.533187e-17
2.2600000000020225e-09	-1.08392086e-07	2.6346774e-08	-0.00014460478	0.092320554	-1.9767567e-16	-2.7555935e-16	2.4807602e-16	-9.486021e-17	0	-7.5332086e-17
2.2700000000019015e-09	-1.0861974e-07	2.0154676e-08	-0.00014562227	0.092338845	-1.976817e-16	-2.7553688e-16	2.4805484e-16	-9.486739e-17	0	-7.533229e-17
2.2800000000017805e-09	-1.06654355e-07	1.3476922e-08	-0.00014658464	0.09235573	-1.9768768e-16	-2.7551504e-16	2.4803428e-16	-9.48744e-17	0	-7.533248e-17
2.2900000000016595e-09	-1.02647704e-07	1.0077338e-08	-0.00014751662	0.09237136	-1.9769349e-16	-2.7549376e-16	2.480142e-16	-9.4881276e-17	0	-7.533267e-17
2.3000000000015385e-09	-1.0417296e-07	1.3962576e-08	-0.00014840018	0.09238578	-1.9769921e-16	-2.7547303e-16	2.4799465e-16	-9.488799e-17	0	-7.533283e-17
2.3100000000014175e-09	-1.075346e-07	1.2869853e-08	-0.00014925232	0.09239894	-1.977048e-16	-2.7545286e-16	2.4797565e-16	-9.48946e-17	0	-7.5333e-17
2.3200000000012965e-09	-1.0902192e-07	1.5965902e-08	-0.00015010966	0.09241092	-1.9771031e-16	-2.7543322e-16	2.4795712e-16	-9.490106e-17	0	-7.533316e-17
2.3300000000011754e-09	-1.1167784e-07	1.2869853e-08	-0.00015096158	0.092421874	-1.977157e-16	-2.754141e-16	2.4793912e-16	-9.49074e-17	0	-7.53333e-17
2.3400000000010544e-09	-1.0849074e-07	8.195426e-09	-0.00015176792	0.092431836	-1.97721e-16	-2.753955e-16	2.4792157e-16	-9.4913635e-17	0	-7.533343e-17
2.3500000000009334e-09	-1.0550851e-07	2.1854467e-09	-0.00015255905	0.092440896	-1.9772616e-16	-2.7537735e-16	2.4790452e-16	-9.4919756e-17	0	-7.5333555e-17
2.3600000000008124e-09	-1.09211626e-07	-4.7351345e-09	-0.00015333024	0.092449084	-1.9773136e-16	-2.753598e-16	2.478879e-16	-9.4925765e-17	0	-7.533369e-17
2.3700000000006914e-09	-1.11245306e-07	-1.17771295e-08	-0.00015406535	0.0924565	-1.9773639e-16	-2.7534262e-16	2.4787172e-16	-9.49317e-17	0	-7.533381e-17
2.3800000000005704e-09	-1.0865009e-07	-1.2869853e-08	-0.00015477613	0.092463166	-1.9774138e-16	-2.7532597e-16	2.4785603e-16	-9.49375e-17	0	-7.533391e-17
2.3900000000004494e-09	-1.0059126e-07	-1.3476922e-08	-0.00015547228	0.092469074	-1.977463e-16	-2.7530972e-16	2.478407e-16	-9.4943235e-17	0	-7.5334025e-17
2.4000000000003284e-09	-1.0151704e-07	-1.7787109e-08	-0.00015615056	0.09247425	-1.9775113e-16	-2.7529397e-16	2.478258e-16	-9.494889e-17	0	-7.533412e-17
2.4100000000002074e-09	-1.0162327e-07	-1.833347e-08	-0.00015678865	0.09247865	-1.9775595e-16	-2.752786e-16	2.4781132e-16	-9.4954445e-17	0	-7.5334224e-17
2.4200000000000864e-09	-9.745727e-08	-2.276507e-08	-0.00015740645	0.09248234	-1.9776071e-16	-2.7526366e-16	2.4779716e-16	-9.4959924e-17	0	-7.53343e-17
2.4300099999999652e-09	-9.22213e-08	-2.1915174e-08	-0.00015803099	0.092485406	-1.9776537e-16	-2.7524907e-16	2.4778342e-16	-9.496534e-17	0	-7.5334396e-17
2.4400099999998442e-09	-9.6948845e-08	-2.0761744e-08	-0.00015864123	0.092487924	-1.9776998e-16	-2.752349e-16	2.4777005e-16	-9.497068e-17	0	-7.5334475e-17
2.450009999999723e-09	-9.377691e-08	-2.701455e-08	-0.00015924455	0.0924899	-1.977746e-16	-2.752211e-16	2.47757e-16	-9.4975945e-17	0	-7.5334554e-17
2.460009999999602e-09	-8.8351236e-08	-2.9382116e-08	-0.00015980478	0.09249132	-1.9777912e-16	-2.7520765e-16	2.4774427e-16	-9.4981146e-17	0	-7.533462e-17
2.470009999999481e-09	-8.714469e-08	-2.8289394e-08	-0.00016036567	0.09249228	-1.9778362e-16	-2.7519452e-16	2.4773188e-16	-9.498631e-17	0	-7.53347e-17
2.48000999999936e-09	-8.2773795e-08	-3.2356752e-08	-0.00016093456	0.09249271	-1.9778807e-16	-2.7518173e-16	2.477198e-16	-9.499137e-17	0	-7.533477e-17
2.490009999999239e-09	-8.063388e-08	-4.346611e-08	-0.00016146776	0.09249271	-1.9779248e-16	-2.7516924e-16	2.4770798e-16	-9.499639e-17	0	-7.5334846e-17
2.500009999999118e-09	-7.93818e-08	-4.9718913e-08	-0.00016202981	0.09249238	-1.9779682e-16	-2.75157e-16	2.4769647e-16	-9.5001356e-17	0	-7.53349e-17
2.510009999998997e-09	-8.135477e-08	-5.3725564e-08	-0.00016254857	0.09249173	-1.978012e-16	-2.7514515e-16	2.476852e-16	-9.500627e-17	0	-7.5334965e-17
2.520009999998876e-09	-8.0269636e-08	-4.8565482e-08	-0.00016305038	0.09249078	-1.9780547e-16	-2.751335e-16	2.4767418e-16	-9.5011136e-17	0	-7.5335024e-17
2.530009999998755e-09	-7.5800095e-08	-4.3891056e-08	-0.00016356821	0.09248945	-1.9780975e-16	-2.7512212e-16	2.476634e-16	-9.5015934e-17	0	-7.533507e-17
2.540009999998634e-09	-7.9047915e-08	-4.7229932e-08	-0.00016403323	0.092487864	-1.9781398e-16	-2.7511098e-16	2.4765287e-16	-9.5020725e-17	0	-7.533514e-17
2.550009999998513e-09	-7.3887826e-08	-4.0248644e-08	-0.00016450416	0.09248607	-1.9781819e-16	-2.7510008e-16	2.4764252e-16	-9.502544e-17	0	-7.533519e-17
2.560009999998392e-09	-7.224116e-08	-3.648482e-08	-0.00016498404	0.09248405	-1.9782239e-16	-2.7508933e-16	2.4763236e-16	-9.503014e-17	0	-7.5335256e-17
2.570009999998271e-09	-6.840904e-08	-4.7837002e-08	-0.00016546539	0.09248185	-1.978265e-16	-2.7507885e-16	2.4762246e-16	-9.50348e-17	0	-7.5335296e-17
2.58000999999815e-09	-6.233076e-08	-5.3725564e-08	-0.0001659261	0.09247949	-1.9783062e-16	-2.7506852e-16	2.4761267e-16	-9.5039406e-17	0	-7.533534e-17
2.590009999998029e-09	-5.2291366e-08	-5.639667e-08	-0.0001664054	0.09247693	-1.9783475e-16	-2.7505844e-16	2.4760303e-16	-9.504399e-17	0	-7.5335395e-17
2.600009999997908e-09	-5.6669847e-08	-5.821787e-08	-0.00016687634	0.09247425	-1.9783881e-16	-2.750484e-16	2.4759358e-16	-9.504856e-17	0	-7.5335435e-17
2.610009999997787e-09	-5.4833464e-08	-5.6760907e-08	-0.00016733684	0.092471436	-1.9784285e-16	-2.7503853e-16	2.4758424e-16	-9.505308e-17	0	-7.5335474e-17
2.620009999997666e-09	-5.0565014e-08	-5.8521408e-08	-0.00016780499	0.09246849	-1.978469e-16	-2.7502885e-16	2.4757505e-16	-9.505759e-17	0	-7.5335514e-17
2.630009999997545e-09	-5.19423e-08	-5.7792924e-08	-0.00016825064	0.092465445	-1.9785092e-16	-2.7501926e-16	2.47566e-16	-9.50621e-17	0	-7.533556e-17
2.640009999997424e-09	-4.746517e-08	-6.210311e-08	-0.00016869673	0.092462316	-1.9785493e-16	-2.7500984e-16	2.4755703e-16	-9.506656e-17	0	-7.533558e-17
2.650009999997303e-09	-4.6554568e-08	-6.4409974e-08	-0.00016910228	0.09245906	-1.9785892e-16	-2.7500047e-16	2.4754816e-16	-9.507099e-17	0	-7.533561e-17
2.660009999997182e-09	-4.1880142e-08	-6.003908e-08	-0.00016953338	0.092455775	-1.9786294e-16	-2.7499118e-16	2.4753937e-16	-9.507546e-17	0	-7.5335646e-17
2.670009999997061e-09	-4.202432e-08	-6.0403316e-08	-0.00016999319	0.09245253	-1.9786688e-16	-2.7498202e-16	2.4753066e-16	-9.5079885e-17	0	-7.533567e-17
2.68000999999694e-09	-3.403378e-08	-5.1965067e-08	-0.00017051345	0.092449196	-1.9787084e-16	-2.7497286e-16	2.4752203e-16	-9.5084306e-17	0	-7.53357e-17
2.690009999996819e-09	-3.7797605e-08	-5.7064444e-08	-0.00017101566	0.092445806	-1.9787481e-16	-2.7496384e-16	2.4751343e-16	-9.508872e-17	0	-7.533571e-17
2.700009999996698e-09	-3.8897916e-08	-6.058544e-08	-0.00017149527	0.09244242	-1.978788e-16	-2.749548e-16	2.4750493e-16	-9.509315e-17	0	-7.533574e-17
2.710009999996577e-09	-3.535036e-08	-5.973554e-08	-0.00017195419	0.09243909	-1.9788274e-16	-2.7494586e-16	2.4749646e-16	-9.509759e-17	0	-7.533575e-17
2.720009999996456e-09	-2.973877e-08	-6.5866935e-08	-0.00017242262	0.09243568	-1.9788674e-16	-2.74937e-16	2.4748802e-16	-9.5101994e-17	0	-7.533577e-17
2.730009999996335e-09	-2.6722399e-08	-6.6049054e-08	-0.0001728356	0.09243218	-1.9789073e-16	-2.7492813e-16	2.4747963e-16	-9.510643e-17	0	-7.533578e-17
2.740009999996214e-09	-2.8175569e-08	-6.137463e-08	-0.0001732847	0.09242873	-1.9789464e-16	-2.7491926e-16	2.4747126e-16	-9.5110855e-17	0	-7.533579e-17
2.750009999996093e-09	-2.8494279e-08	-5.9189183e-08	-0.00017373229	0.09242527	-1.9789858e-16	-2.7491047e-16	2.4746298e-16	-9.511528e-17	0	-7.5335805e-17
2.760009999995972e-09	-3.052796e-08	-5.7550096e-08	-0.00017421326	0.092421755	-1.9790262e-16	-2.7490182e-16	2.4745472e-16	-9.51197e-17	0	-7.533582e-17
2.770009999995851e-09	-2.742432e-08	-5.8521408e-08	-0.0001746742	0.092418164	-1.9790657e-16	-2.7489313e-16	2.4744654e-16	-9.512412e-17	0	-7.5335825e-17
2.78000999999573e-09	-2.2901661e-08	-5.4271926e-08	-0.00017514495	0.09241449	-1.9791057e-16	-2.7488458e-16	2.474384e-16	-9.5128537e-17	0	-7.533584e-17
2.790009999995609e-09	-2.5033989e-08	-5.3300617e-08	-0.00017556665	0.09241078	-1.9791458e-16	-2.7487611e-16	2.4743034e-16	-9.513295e-17	0	-7.533586e-17
2.800009999995488e-09	-3.1696565e-08	-5.827858e-08	-0.00017595872	0.092406966	-1.9791853e-16	-2.7486772e-16	2.474224e-16	-9.5137344e-17	0	-7.533588e-17
2.810009999995367e-09	-2.9924685e-08	-5.6700202e-08	-0.00017635894	0.09240307	-1.9792254e-16	-2.748595e-16	2.4741457e-16	-9.5141705e-17	0	-7.533591e-17
2.820009999995246e-09	-2.2385652e-08	-5.2632842e-08	-0.00017674318	0.092399076	-1.9792647e-16	-2.7485134e-16	2.4740686e-16	-9.514604e-17	0	-7.5335944e-17
2.830009999995125e-09	-1.8618033e-08	-4.862619e-08	-0.00017713483	0.09239497	-1.9793041e-16	-2.748434e-16	2.473993e-16	-9.515033e-17	0	-7.5335984e-17
2.840009999995004e-09	-2.1091838e-08	-4.8140535e-08	-0.00017754338	0.09239077	-1.9793426e-16	-2.748356e-16	2.4739188e-16	-9.515455e-17	0	-7.5336043e-17
2.850009999994883e-09	-2.0564446e-08	-5.3907687e-08	-0.00017794115	0.092386484	-1.9793814e-16	-2.74828e-16	2.4738468e-16	-9.515871e-17	0	-7.5336096e-17
2.860009999994762e-09	-2.1346047e-08	-5.4878996e-08	-0.00017834804	0.09238196	-1.9794196e-16	-2.748206e-16	2.4737761e-16	-9.516281e-17	0	-7.533618e-17
2.870009999994641e-09	-1.3609718e-08	-5.1418706e-08	-0.00017876684	0.09237727	-1.9794572e-16	-2.748134e-16	2.4737078e-16	-9.5166825e-17	0	-7.533626e-17
2.8800099999945198e-09	-9.610654e-09	-4.5408726e-08	-0.0001792362	0.09237233	-1.9794948e-16	-2.748065e-16	2.4736417e-16	-9.517076e-17	0	-7.533636e-17
2.8900099999943988e-09	-3.7069123e-09	-4.4619537e-08	-0.00017973022	0.09236704	-1.9795307e-16	-2.7479978e-16	2.473578e-16	-9.51746e-17	0	-7.533647e-17
2.9000099999942778e-09	-1.1048647e-08	-4.2555506e-08	-0.00018023954	0.09236154	-1.9795666e-16	-2.7479334e-16	2.473516e-16	-9.5178326e-17	0	-7.533658e-17
2.9100099999941568e-09	-1.1481184e-08	-4.7351346e-08	-0.00018074553	0.0923558	-1.9796014e-16	-2.747871e-16	2.473456e-16	-9.518195e-17	0	-7.5336705e-17
2.9200099999940357e-09	-7.379677e-09	-4.279833e-08	-0.00018129537	0.092349865	-1.9796355e-16	-2.7478114e-16	2.4733987e-16	-9.5185466e-17	0	-7.5336824e-17
2.9300099999939147e-09	-2.3637732e-09	-3.7759662e-08	-0.00018189516	0.092343755	-1.9796691e-16	-2.7477534e-16	2.473343e-16	-9.518891e-17	0	-7.533696e-17
2.9400099999937937e-09	2.0260913e-09	-3.5574217e-08	-0.00018248716	0.09233749	-1.9797013e-16	-2.7476979e-16	2.4732894e-16	-9.519222e-17	0	-7.533709e-17
2.9500099999936727e-09	7.626299e-09	-3.0899788e-08	-0.00018308456	0.09233106	-1.9797329e-16	-2.7476439e-16	2.4732375e-16	-9.5195446e-17	0	-7.533722e-17
2.9600099999935517e-09	3.790384e-09	-3.205322e-08	-0.00018374644	0.0923246	-1.9797636e-16	-2.747592e-16	2.4731877e-16	-9.5198576e-17	0	-7.533734e-17
2.9700099999934307e-09	1.403846e-09	-3.6241993e-08	-0.00018443288	0.09231808	-1.9797934e-16	-2.7475417e-16	2.473139e-16	-9.520161e-17	0	-7.533746e-17
2.9800099999933097e-09	5.9303007e-09	-3.108191e-08	-0.00018513223	0.09231155	-1.9798228e-16	-2.747493e-16	2.4730916e-16	-9.520459e-17	0	-7.533757e-17
2.9900099999931887e-09	-4.361408e-09	-2.470769e-08	-0.0001858248	0.09230497	-1.979851e-16	-2.7474453e-16	2.4730458e-16	-9.5207476e-17	0	-7.533768e-17
3.0000099999930677e-09	-1.1185238e-08	-2.4768397e-08	-0.00018653665	0.09229836	-1.9798786e-16	-2.747399e-16	2.4730008e-16	-9.52103e-17	0	-7.533778e-17
