# t (s)	mx ()	my ()	mz ()	spinAngle (rad)	E_total (J)	E_anis (J)	E_demag (J)	E_exch (J)	E_therm (J)	E_custom (J)
0	0	0	0	0.0018746129	4.6673064e-17	-4.0712e-16	5.096131e-16	5.248001e-18	0	-6.1068e-17
1.0000000000000124e-11	-2.6235883e-10	5.8562235e-12	0.00095070526	0.006838657	3.8635945e-17	-4.0157641e-16	5.0338263e-16	-2.4865829e-18	0	-6.0683684e-17
2.0009999999999403e-11	-7.6833656e-10	-2.904687e-10	0.0029861778	0.00919166	3.658869e-17	-3.9413142e-16	4.9450413e-16	-3.6498927e-18	0	-6.0134085e-17
3.000999999999824e-11	-1.5366731e-09	-7.6833656e-10	0.005791426	0.011482052	3.4895987e-17	-3.8433384e-16	4.825965e-16	-4.0559494e-18	0	-5.931074e-17
4.000000000000001e-11	-2.1738302e-09	-1.3211641e-09	0.0089865895	0.013954275	3.308288e-17	-3.729495e-16	4.6849493e-16	-4.162269e-18	0	-5.830028e-17
5.0000000000001785e-11	-2.9234268e-09	-2.0988706e-09	0.01209792	0.01670179	3.0959216e-17	-3.614702e-16	4.539652e-16	-4.226726e-18	0	-5.7309045e-17
6.00000000000024e-11	-3.8979024e-09	-2.5439435e-09	0.0146427695	0.019627266	2.8478128e-17	-3.5146743e-16	4.4102793e-16	-4.525822e-18	0	-5.655653e-17
7.000999999999771e-11	-5.265916e-09	-3.1857856e-09	0.016366957	0.022552503	2.5672915e-17	-3.4349155e-16	4.305698e-16	-5.225667e-18	0	-5.617966e-17
8.000999999999302e-11	-6.5964505e-09	-3.766723e-09	0.017279165	0.025293168	2.2613387e-17	-3.3700823e-16	4.2207813e-16	-6.291368e-18	0	-5.61651e-17
9.000999999998834e-11	-9.341848e-09	-4.2914405e-09	0.017560037	0.027709052	1.9346132e-17	-3.3104602e-16	4.1437093e-16	-7.586338e-18	0	-5.639242e-17
1.0000999999998365e-10	-1.2246535e-08	-5.134737e-09	0.017476756	0.029694006	1.5894841e-17	-3.2472625e-16	4.0631795e-16	-8.9827315e-18	0	-5.671412e-17
1.1000999999997896e-10	-1.6041367e-08	-6.015513e-09	0.017324656	0.031158324	1.2265137e-17	-3.174075e-16	3.9707536e-16	-1.0402153e-17	0	-5.700056e-17
1.2000999999997891e-10	-2.010793e-08	-7.327307e-09	0.017369956	0.03205434	8.466362e-18	-3.0870478e-16	3.8613204e-16	-1.1805648e-17	0	-5.7155236e-17
1.3000999999998715e-10	-2.4853813e-08	-8.320523e-09	0.017796282	0.032414958	4.5409883e-18	-2.9847813e-16	3.7329613e-16	-1.3156634e-17	0	-5.712037e-17
1.400099999999954e-10	-2.878451e-08	-9.229408e-09	0.018661484	0.03231403	5.81204e-19	-2.8681406e-16	3.5866567e-16	-1.4382626e-17	0	-5.688778e-17
1.5000000000000362e-10	-3.1970295e-08	-9.651057e-09	0.01989164	0.031896897	-3.28935e-18	-2.739989e-16	3.4258938e-16	-1.536779e-17	0	-5.6512027e-17
1.6000000000001186e-10	-3.337579e-08	-8.577025e-09	0.02132525	0.031338073	-6.9815566e-18	-2.6038285e-16	3.254968e-16	-1.5994518e-17	0	-5.6101e-17
1.700000000000201e-10	-3.309469e-08	-6.028397e-09	0.022749463	0.030729292	-1.045693e-17	-2.4637054e-16	3.0789052e-16	-1.6205085e-17	0	-5.577183e-17
1.8000000000002833e-10	-3.1772355e-08	-2.2523037e-09	0.023926126	0.030115798	-1.3750506e-17	-2.3229148e-16	2.9018502e-16	-1.6040023e-17	0	-5.560403e-17
1.9000000000003657e-10	-2.884073e-08	2.7969325e-09	0.024652503	0.029710693	-1.6933484e-17	-2.1831946e-16	2.726072e-16	-1.5568717e-17	0	-5.5652526e-17
2.000000000000448e-10	-2.4062052e-08	8.95768e-09	0.024894252	0.029810926	-2.0056514e-17	-2.0454614e-16	2.5528615e-16	-1.4864151e-17	0	-5.5932365e-17
2.1000000000005304e-10	-1.8589997e-08	1.46265045e-08	0.024751132	0.030121578	-2.3143443e-17	-1.9113715e-16	2.384414e-16	-1.4117755e-17	0	-5.632997e-17
2.2000000000006128e-10	-1.2930542e-08	2.0735717e-08	0.02423816	0.030303271	-2.6239157e-17	-1.7802413e-16	2.2198231e-16	-1.3489383e-17	0	-5.670795e-17
2.3000000000006952e-10	-7.533446e-09	2.468047e-08	0.023472214	0.03068171	-2.935077e-17	-1.6479284e-16	2.053755e-16	-1.2830282e-17	0	-5.710313e-17
2.4000000000005925e-10	-1.0306954e-09	2.6048482e-08	0.02285103	0.03119969	-3.2414373e-17	-1.5160423e-16	1.8883639e-16	-1.2178993e-17	0	-5.7467526e-17
2.5000000000004163e-10	5.8749636e-09	2.5411326e-08	0.022518575	0.031208519	-3.546238e-17	-1.3886385e-16	1.7288669e-16	-1.1882431e-17	0	-5.76028e-17
2.60000000000024e-10	1.4209541e-08	2.1494683e-08	0.022437692	0.030907346	-3.8590384e-17	-1.2590356e-16	1.5666471e-16	-1.1728349e-17	0	-5.762318e-17
2.700000000000064e-10	2.203814e-08	1.4729574e-08	0.02296148	0.030458827	-4.1750363e-17	-1.125062e-16	1.3987385e-16	-1.1486598e-17	0	-5.763141e-17
2.800099999999888e-10	2.9384188e-08	5.7063043e-09	0.02406332	0.029072672	-4.4918984e-17	-9.981035e-17	1.2395815e-16	-1.1820996e-17	0	-5.724579e-17
2.9000999999997117e-10	3.583072e-08	-3.8604226e-09	0.024751402	0.02705791	-4.8261416e-17	-8.7470465e-17	1.0853006e-16	-1.272051e-17	0	-5.6600495e-17
3.0000999999995355e-10	4.055318e-08	-1.4410995e-08	0.02454695	0.026130393	-5.1712407e-17	-7.3986243e-17	9.167877e-17	-1.2800485e-17	0	-5.6604446e-17
3.1000999999993594e-10	4.277386e-08	-2.24879e-08	0.02412289	0.026058143	-5.4848255e-17	-6.139099e-17	7.585063e-17	-1.2210435e-17	0	-5.709746e-17
3.2000999999991833e-10	4.0909235e-08	-2.8447193e-08	0.023923233	0.025418997	-5.7702075e-17	-5.1583645e-17	6.348017e-17	-1.2526801e-17	0	-5.70718e-17
3.300099999999007e-10	3.5193562e-08	-3.07522e-08	0.02324195	0.02502265	-6.059603e-17	-4.2112023e-17	5.1498664e-17	-1.29775225e-17	0	-5.7005145e-17
3.400099999998831e-10	2.5936043e-08	-2.9609067e-08	0.01990636	0.025319818	-6.334656e-17	-3.4284714e-17	4.1704676e-17	-1.2878035e-17	0	-5.788849e-17
3.500099999998655e-10	1.5460431e-08	-2.5692424e-08	0.013264058	0.02571539	-6.555698e-17	-3.1703666e-17	3.8628713e-17	-1.31686715e-17	0	-5.9313356e-17
3.600099999998479e-10	4.6100195e-09	-1.9564473e-08	0.0059985686	0.025628507	-6.723085e-17	-3.298352e-17	4.0386878e-17	-1.4324072e-17	0	-6.031014e-17
3.7000999999983027e-10	-4.881748e-09	-1.3717618e-08	0.00036903456	0.025072683	-6.851888e-17	-3.5329847e-17	4.3394954e-17	-1.5860842e-17	0	-6.072314e-17
3.8000999999981266e-10	-1.2958652e-08	-7.692735e-09	-0.0032158475	0.024313211	-6.948081e-17	-3.7611376e-17	4.6260728e-17	-1.7322391e-17	0	-6.080777e-17
3.9000999999979505e-10	-1.8299527e-08	-3.0546063e-09	-0.005186506	0.023566952	-7.0157436e-17	-3.9668224e-17	4.8822182e-17	-1.8524266e-17	0	-6.078712e-17
4.0000999999977743e-10	-2.1653973e-08	9.1825586e-10	-0.006087582	0.022942098	-7.0609156e-17	-4.1505554e-17	5.1104502e-17	-1.9432403e-17	0	-6.07757e-17
4.100099999997598e-10	-2.3019645e-08	2.8297273e-09	-0.006350854	0.022468738	-7.0903646e-17	-4.3041344e-17	5.3010736e-17	-2.0070404e-17	0	-6.080263e-17
4.200099999997422e-10	-2.2297572e-08	4.7411985e-09	-0.0062680235	0.022142313	-7.109844e-17	-4.4132676e-17	5.4364017e-17	-2.0477003e-17	0	-6.085277e-17
4.300099999997246e-10	-2.0139554e-08	5.7625242e-09	-0.00602042	0.021963943	-7.1233294e-17	-4.4681567e-17	5.5042954e-17	-2.069344e-17	0	-6.090124e-17
4.40009999999707e-10	-1.7251264e-08	5.996773e-09	-0.005709671	0.021933243	-7.133202e-17	-4.470392e-17	5.5067746e-17	-2.076443e-17	0	-6.093142e-17
4.5000999999968937e-10	-1.3211641e-08	6.1748024e-09	-0.0053778533	0.022037167	-7.1407915e-17	-4.4324036e-17	5.459379e-17	-2.0738598e-17	0	-6.0939064e-17
4.6000999999967176e-10	-8.62329e-09	5.2424913e-09	-0.0050311117	0.02228281	-7.1468504e-17	-4.3722825e-17	5.3847208e-17	-2.0663901e-17	0	-6.092898e-17
4.700099999996541e-10	-3.4370178e-09	5.795319e-09	-0.004670359	0.022655064	-7.1518605e-17	-4.308341e-17	5.305648e-17	-2.0582782e-17	0	-6.0908895e-17
4.800099999996365e-10	2.4853812e-09	5.6032348e-09	-0.004315551	0.023141528	-7.156207e-17	-4.2548642e-17	5.2398232e-17	-2.0527291e-17	0	-6.088438e-17
4.900099999996189e-10	8.0288824e-09	4.44136e-09	-0.0039966805	0.023731373	-7.160235e-17	-4.2204952e-17	5.197833e-17	-2.051875e-17	0	-6.0856975e-17
5.000099999996013e-10	1.2911802e-08	4.216481e-09	-0.00372207	0.024410501	-7.164261e-17	-4.2096677e-17	5.1851883e-17	-2.0573158e-17	0	-6.0824655e-17
5.100099999995837e-10	1.6847185e-08	4.150891e-09	-0.003469129	0.025176914	-7.168568e-17	-4.2245768e-17	5.204675e-17	-2.0703576e-17	0	-6.078309e-17
5.200099999995661e-10	2.1225297e-08	4.9801328e-09	-0.003209461	0.026049735	-7.1734175e-17	-4.266401e-17	5.257671e-17	-2.091912e-17	0	-6.072775e-17
5.300099999995485e-10	2.5639718e-08	5.52359e-09	-0.0029344854	0.027056228	-7.17906e-17	-4.335875e-17	5.3449145e-17	-2.1226214e-17	0	-6.065479e-17
5.400099999995309e-10	2.9023445e-08	6.4395036e-09	-0.0026567692	0.028218755	-7.1857676e-17	-4.433494e-17	5.4669684e-17	-2.1631506e-17	0	-6.056092e-17
5.500099999995133e-10	3.1658747e-08	9.20247e-09	-0.0023939502	0.029549148	-7.193851e-17	-4.559868e-17	5.624709e-17	-2.2143799e-17	0	-6.0443126e-17
5.600099999994956e-10	3.545885e-08	1.2088124e-08	-0.0021540532	0.03105597	-7.2036605e-17	-4.7162695e-17	5.819929e-17	-2.2774878e-17	0	-6.0298323e-17
5.70009999999478e-10	3.8857802e-08	1.7364874e-08	-0.0019311192	0.0327461	-7.2156e-17	-4.905085e-17	6.0557826e-17	-2.3539793e-17	0	-6.012318e-17
5.800099999994604e-10	4.2537266e-08	2.5259064e-08	-0.0017097247	0.034625594	-7.2301164e-17	-5.129827e-17	6.336772e-17	-2.4456268e-17	0	-5.9914346e-17
5.900099999994428e-10	4.6136503e-08	3.4893723e-08	-0.0014722288	0.03670097	-7.247707e-17	-5.3947363e-17	6.6682715e-17	-2.5543377e-17	0	-5.966904e-17
6.000099999994252e-10	4.813816e-08	4.6418773e-08	-0.0012046717	0.03897279	-7.268903e-17	-5.704128e-17	7.0557586e-17	-2.681959e-17	0	-5.938575e-17
6.100099999994076e-10	4.6929433e-08	5.9311834e-08	-0.0009004405	0.04143387	-7.2942514e-17	-6.061699e-17	7.503976e-17	-2.830046e-17	0	-5.9064825e-17
6.2000999999939e-10	4.4802455e-08	7.175514e-08	-0.0005616416	0.044070378	-7.3242846e-17	-6.469902e-17	8.016143e-17	-2.9996156e-17	0	-5.870912e-17
6.300099999993724e-10	4.0543807e-08	7.991637e-08	-0.00019854991	0.046856754	-7.359491e-17	-6.9293807e-17	8.593231e-17	-3.190894e-17	0	-5.8324465e-17
6.400099999993547e-10	3.5006163e-08	8.4029786e-08	0.00017285098	0.04976277	-7.400259e-17	-7.438426e-17	9.233236e-17	-3.4030614e-17	0	-5.792007e-17
6.500099999993371e-10	2.7913105e-08	8.1256275e-08	0.0005349397	0.052750092	-7.4468344e-17	-7.992443e-17	9.930489e-17	-3.6340208e-17	0	-5.75086e-17
6.600099999993195e-10	2.0848157e-08	6.937517e-08	0.00087296485	0.055773515	-7.499267e-17	-8.583506e-17	1.0675055e-16	-3.880247e-17	0	-5.71057e-17
6.700099999993019e-10	1.536673e-08	4.898614e-08	0.0011785434	0.05878204	-7.5573795e-17	-9.20015e-17	1.1452466e-16	-4.1367805e-17	0	-5.6729145e-17
6.800099999992843e-10	1.3595809e-08	1.6491127e-08	0.0014507053	0.061720654	-7.620751e-17	-9.827636e-17	1.2244061e-16	-4.3974516e-17	0	-5.639725e-17
6.900099999992667e-10	1.6191287e-08	-3.095834e-08	0.0016941173	0.06452619	-7.6887384e-17	-1.0448915e-16	1.3028235e-16	-4.655378e-17	0	-5.61268e-17
7.000099999992491e-10	2.5748644e-08	-9.2087944e-08	0.0019156679	0.06714324	-7.760513e-17	-1.1046343e-16	1.378263e-16	-4.9037014e-17	0	-5.593099e-17
7.100099999992315e-10	3.8735408e-08	-1.6937136e-07	0.002121032	0.06953143	-7.83513e-17	-1.1603919e-16	1.4486969e-16	-5.1364187e-17	0	-5.581762e-17
7.200099999992138e-10	5.0447852e-08	-2.6190907e-07	0.0023114574	0.07166882	-7.9115855e-17	-1.2109469e-16	1.5125794e-16	-5.3490696e-17	0	-5.578841e-17
7.300099999991962e-10	5.517031e-08	-3.6242997e-07	0.0024791672	0.073553644	-7.988851e-17	-1.2556022e-16	1.5690183e-16	-5.539077e-17	0	-5.583935e-17
7.400099999991786e-10	4.9211017e-08	-4.6280095e-07	0.0026002189	0.0751921	-8.065904e-17	-1.294188e-16	1.6177865e-16	-5.7056636e-17	0	-5.596227e-17
7.50009999999161e-10	3.1558017e-08	-5.490795e-07	0.0026283532	0.076598614	-8.1417575e-17	-1.3269586e-16	1.659194e-16	-5.8494514e-17	0	-5.614658e-17
7.600099999991434e-10	5.5470153e-09	-6.075481e-07	0.002499224	0.07779962	-8.2154956e-17	-1.3544347e-16	1.6938867e-16	-5.9719145e-17	0	-5.638102e-17
7.700099999991258e-10	-2.65732e-08	-6.242641e-07	0.0021518192	0.078825586	-8.286331e-17	-1.3772294e-16	1.7226318e-16	-6.0748634e-17	0	-5.665491e-17
7.800099999991082e-10	-6.2928635e-08	-5.868592e-07	0.0015601496	0.07970068	-8.353626e-17	-1.3959178e-16	1.7461584e-16	-6.160193e-17	0	-5.695841e-17
7.900099999990906e-10	-1.0670508e-07	-4.8468917e-07	0.00075723825	0.08044491	-8.416935e-17	-1.4110189e-16	1.765139e-16	-6.229984e-17	0	-5.7281496e-17
8.00009999999073e-10	-1.5524147e-07	-3.142309e-07	-0.00016339512	0.08107579	-8.476e-17	-1.4230957e-16	1.7803054e-16	-6.28681e-17	0	-5.7612885e-17
8.100099999990553e-10	-2.0287833e-07	-8.095644e-08	-0.0010726993	0.08161779	-8.530807e-17	-1.432841e-16	1.7925462e-16	-6.333836e-17	0	-5.7940237e-17
8.200099999990377e-10	-2.345113e-07	1.9931774e-07	-0.0018498123	0.08209088	-8.581523e-17	-1.4410536e-16	1.8028723e-16	-6.374577e-17	0	-5.8251336e-17
8.300099999990201e-10	-2.326748e-07	4.983318e-07	-0.0024234175	0.08251211	-8.628481e-17	-1.4485439e-16	1.8123003e-16	-6.41251e-17	0	-5.8535357e-17
8.400099999990025e-10	-1.8567509e-07	7.870765e-07	-0.0027883823	0.082897425	-8.672087e-17	-1.4560356e-16	1.821732e-16	-6.450672e-17	0	-5.8783795e-17
8.500099999989849e-10	-8.504174e-08	1.042689e-06	-0.002991232	0.08326309	-8.712785e-17	-1.4640819e-16	1.83185e-16	-6.491328e-17	0	-5.8991365e-17
8.600099999989673e-10	6.255384e-08	1.2503272e-06	-0.0030971037	0.0836233	-8.7509985e-17	-1.4730021e-16	1.8430436e-16	-6.5357565e-17	0	-5.915654e-17
8.700099999989497e-10	2.5388837e-07	1.3995718e-06	-0.003157386	0.0839871	-8.787113e-17	-1.4828576e-16	1.8553856e-16	-6.5842346e-17	0	-5.9281606e-17
8.800099999989321e-10	4.7696835e-07	1.4861503e-06	-0.0031918166	0.08435722	-8.8214875e-17	-1.4934828e-16	1.8686722e-16	-6.636176e-17	0	-5.9372047e-17
8.900099999989144e-10	7.191443e-07	1.5054899e-06	-0.003189194	0.08472655	-8.85441e-17	-1.5045591e-16	1.8825131e-16	-6.6903996e-17	0	-5.94355e-17
9.000099999988968e-10	9.650869e-07	1.4619383e-06	-0.0031220834	0.08508767	-8.886116e-17	-1.5157093e-16	1.8964476e-16	-6.745429e-17	0	-5.94807e-17
9.100099999988792e-10	1.1947633e-06	1.348262e-06	-0.0029660135	0.085431136	-8.916778e-17	-1.526584e-16	1.9100459e-16	-6.7997476e-17	0	-5.951649e-17
9.200099999988616e-10	1.3838117e-06	1.1721443e-06	-0.002714755	0.085748896	-8.9464943e-17	-1.5369055e-16	1.9229638e-16	-6.8519665e-17	0	-5.955109e-17
9.30009999998844e-10	1.5128734e-06	9.479399e-07	-0.002386849	0.0860358	-8.975271e-17	-1.5464725e-16	1.9349512e-16	-6.900895e-17	0	-5.959163e-17
9.400099999989161e-10	1.5715856e-06	6.950635e-07	-0.0020226557	0.08629296	-9.00305e-17	-1.5551397e-16	1.9458274e-16	-6.945571e-17	0	-5.964357e-17
9.50009999999002e-10	1.5537452e-06	4.3626525e-07	-0.0016736154	0.08652465	-9.029735e-17	-1.5628e-16	1.9554572e-16	-6.9852915e-17	0	-5.971017e-17
9.600099999990877e-10	1.4595583e-06	1.8552517e-07	-0.0013874789	0.08673309	-9.055187e-17	-1.5693817e-16	1.9637505e-16	-7.019672e-17	0	-5.9792036e-17
9.700099999991735e-10	1.2882662e-06	-4.9623296e-08	-0.0011949592	0.08692311	-9.07929e-17	-1.5748694e-16	1.9706837e-16	-7.048724e-17	0	-5.988707e-17
9.800099999992593e-10	1.0405713e-06	-2.6977983e-07	-0.0011027394	0.087097235	-9.1019275e-17	-1.5793313e-16	1.9763383e-16	-7.072914e-17	0	-5.9990844e-17
9.90009999999345e-10	7.1783245e-07	-4.6542456e-07	-0.0010949337	0.087261714	-9.1230246e-17	-1.5829369e-16	1.9809217e-16	-7.093116e-17	0	-6.009754e-17
1.0000099999994308e-09	3.3712172e-07	-6.2786216e-07	-0.0011414385	0.08742106	-9.14254e-17	-1.5859444e-16	1.9847509e-16	-7.1104955e-17	0	-6.02011e-17
1.0100099999995166e-09	-7.156774e-08	-7.370784e-07	-0.0012093228	0.08757587	-9.160475e-17	-1.5886542e-16	1.9881987e-16	-7.1262927e-17	0	-6.0296285e-17
1.0200099999996024e-09	-4.6975347e-07	-7.8302867e-07	-0.0012730263	0.087725446	-9.176876e-17	-1.591347e-16	1.9916148e-16	-7.1416094e-17	0	-6.037945e-17
1.0300099999996882e-09	-8.147647e-07	-7.6132784e-07	-0.0013199737	0.087871715	-9.1918434e-17	-1.5942331e-16	1.9952625e-16	-7.1572365e-17	0	-6.044897e-17
1.040009999999774e-09	-1.0800283e-06	-6.7564895e-07	-0.0013503003	0.08801375	-9.205495e-17	-1.5974247e-16	1.9992836e-16	-7.1735684e-17	0	-6.0505165e-17
1.0500099999998598e-09	-1.2500554e-06	-5.4045915e-07	-0.0013717376	0.08814853	-9.2179704e-17	-1.6009337e-16	2.0036947e-16	-7.1906003e-17	0	-6.0549806e-17
1.0600099999999456e-09	-1.3295033e-06	-3.742736e-07	-0.0013928172	0.08827443	-9.2293934e-17	-1.6046925e-16	2.0084112e-16	-7.2080294e-17	0	-6.0585514e-17
1.0700000000000313e-09	-1.3279105e-06	-1.9489512e-07	-0.0014177941	0.088389546	-9.239861e-17	-1.6085788e-16	2.0132807e-16	-7.225372e-17	0	-6.0615074e-17
1.080000000000117e-09	-1.2614212e-06	-1.8552516e-08	-0.0014454323	0.088493444	-9.249479e-17	-1.6124635e-16	2.0181426e-16	-7.242173e-17	0	-6.0640955e-17
1.0900000000002028e-09	-1.1480447e-06	1.4553419e-07	-0.0014709429	0.08858481	-9.258307e-17	-1.6162105e-16	2.0228286e-16	-7.2580036e-17	0	-6.066484e-17
1.1000000000002886e-09	-9.996995e-07	2.9050616e-07	-0.0014894579	0.088663355	-9.266402e-17	-1.6197119e-16	2.0272074e-16	-7.272587e-17	0	-6.068769e-17
1.1100000000003744e-09	-8.2785454e-07	4.1257798e-07	-0.0014986547	0.08872885	-9.273812e-17	-1.622898e-16	2.0311948e-16	-7.285805e-17	0	-6.070973e-17
1.1200000000004602e-09	-6.5027507e-07	5.099131e-07	-0.0014995108	0.088781305	-9.2806045e-17	-1.6257414e-16	2.0347567e-16	-7.297682e-17	0	-6.0730734e-17
1.130000000000546e-09	-4.7471954e-07	5.833361e-07	-0.0014955467	0.08882134	-9.286825e-17	-1.628251e-16	2.0379053e-16	-7.308348e-17	0	-6.0750196e-17
1.1400000000006318e-09	-3.1606743e-07	6.2523856e-07	-0.0014913657	0.08885041	-9.292545e-17	-1.6304632e-16	2.0406841e-16	-7.3179954e-17	0	-6.0767586e-17
1.1500000000007175e-09	-1.8396976e-07	6.3865633e-07	-0.0014911876	0.08887011	-9.297834e-17	-1.6324244e-16	2.0431487e-16	-7.326822e-17	0	-6.078255e-17
1.1600000000008033e-09	-8.526662e-08	6.24414e-07	-0.0014978733	0.088883966	-9.302743e-17	-1.6341793e-16	2.0453541e-16	-7.334993e-17	0	-6.079498e-17
1.1700000000008891e-09	-2.203814e-08	5.8550995e-07	-0.0015124782	0.08889493	-9.307334e-17	-1.6357637e-16	2.047344e-16	-7.342635e-17	0	-6.080503e-17
1.1800000000009749e-09	7.2898274e-09	5.235183e-07	-0.0015343648	0.08890472	-9.311659e-17	-1.6372029e-16	2.0491489e-16	-7.349817e-17	0	-6.0813035e-17
1.1900000000010607e-09	4.6474993e-09	4.4383617e-07	-0.0015614816	0.088915974	-9.3157524e-17	-1.638514e-16	2.0507912e-16	-7.356582e-17	0	-6.081942e-17
1.2000000000011465e-09	-1.9339593e-08	3.5403448e-07	-0.0015911233	0.08892895	-9.319652e-17	-1.6397114e-16	2.0522886e-16	-7.3629557e-17	0	-6.0824655e-17
1.2100000000012322e-09	-6.14107e-08	2.5913556e-07	-0.0016206378	0.088943586	-9.323378e-17	-1.640809e-16	2.053659e-16	-7.368966e-17	0	-6.082911e-17
1.220000000001318e-09	-1.1635614e-07	1.6348703e-07	-0.0016480201	0.08895832	-9.326948e-17	-1.6418212e-16	2.054921e-16	-7.374638e-17	0	-6.0833066e-17
1.2300000000014038e-09	-1.8112128e-07	7.593414e-08	-0.0016721786	0.0889734	-9.3303776e-17	-1.6427618e-16	2.0560923e-16	-7.380008e-17	0	-6.0836725e-17
1.2400000000014896e-09	-2.4571779e-07	-5.0972573e-09	-0.0016928394	0.08898888	-9.3336724e-17	-1.6436432e-16	2.0571881e-16	-7.385105e-17	0	-6.08402e-17
1.2500000000015754e-09	-3.0900247e-07	-8.02818e-08	-0.0017102523	0.08900425	-9.336854e-17	-1.6444758e-16	2.058222e-16	-7.389961e-17	0	-6.0843535e-17
1.2600000000016612e-09	-3.620739e-07	-1.4549671e-07	-0.0017248221	0.08901929	-9.339919e-17	-1.6452662e-16	2.0592022e-16	-7.3945996e-17	0	-6.084676e-17
1.270000000001747e-09	-4.0742452e-07	-2.0317816e-07	-0.001736867	0.08903451	-9.3428747e-17	-1.6460205e-16	2.0601366e-16	-7.399048e-17	0	-6.0849874e-17
1.2800000000018327e-09	-4.3975086e-07	-2.532887e-07	-0.0017464615	0.08905064	-9.345732e-17	-1.6467434e-16	2.061032e-16	-7.4033234e-17	0	-6.085293e-17
1.2900000000019185e-09	-4.6180776e-07	-2.9803962e-07	-0.0017534972	0.089067966	-9.3484935e-17	-1.64744e-16	2.0618947e-16	-7.4074474e-17	0	-6.0855936e-17
1.3000000000020043e-09	-4.732953e-07	-3.3724353e-07	-0.0017579185	0.089087024	-9.3511657e-17	-1.6481158e-16	2.0627326e-16	-7.411438e-17	0	-6.085895e-17
1.3100000000020901e-09	-4.7584393e-07	-3.7082546e-07	-0.001759904	0.089108266	-9.3537524e-17	-1.6487777e-16	2.063554e-16	-7.415316e-17	0	-6.0862004e-17
1.3200000000021759e-09	-4.6722357e-07	-4.0005972e-07	-0.0017599231	0.08913114	-9.356266e-17	-1.6494326e-16	2.064368e-16	-7.419106e-17	0	-6.0865154e-17
1.3300000000022617e-09	-4.5153828e-07	-4.194368e-07	-0.0017587548	0.08915601	-9.358705e-17	-1.6500882e-16	2.0651849e-16	-7.4228316e-17	0	-6.0868396e-17
1.3400000000023475e-09	-4.3774568e-07	-4.3574053e-07	-0.0017573633	0.089183345	-9.3610726e-17	-1.6507527e-16	2.0660142e-16	-7.4265116e-17	0	-6.0871745e-17
1.3500000000024332e-09	-4.175253e-07	-4.4556023e-07	-0.0017567038	0.089213066	-9.363369e-17	-1.6514335e-16	2.0668652e-16	-7.4301704e-17	0	-6.087518e-17
1.360000000002519e-09	-3.9777345e-07	-4.4724683e-07	-0.0017575348	0.089244895	-9.3655996e-17	-1.6521371e-16	2.0677468e-16	-7.433828e-17	0	-6.0878687e-17
1.3700000000026048e-09	-3.7834016e-07	-4.4241193e-07	-0.0017602923	0.08927953	-9.367761e-17	-1.6528694e-16	2.0686654e-16	-7.437504e-17	0	-6.088219e-17
1.3800000000026906e-09	-3.5894433e-07	-4.387389e-07	-0.001765049	0.089316644	-9.369859e-17	-1.6536345e-16	2.0696263e-16	-7.44121e-17	0	-6.088566e-17
1.3900000000027764e-09	-3.3820862e-07	-4.2771984e-07	-0.0017715868	0.08935665	-9.371885e-17	-1.6544344e-16	2.0706323e-16	-7.4449584e-17	0	-6.088905e-17
1.4000000000028622e-09	-3.1829748e-07	-4.1265295e-07	-0.0017794688	0.089399084	-9.373848e-17	-1.6552697e-16	2.0716826e-16	-7.4487475e-17	0	-6.0892325e-17
1.410000000002948e-09	-2.9875173e-07	-3.96724e-07	-0.0017881547	0.089444116	-9.375749e-17	-1.656138e-16	2.0727747e-16	-7.452571e-17	0	-6.0895455e-17
1.4200000000030337e-09	-2.7739762e-07	-3.7612884e-07	-0.0017970757	0.08949106	-9.3775746e-17	-1.6570348e-16	2.0739034e-16	-7.4564165e-17	0	-6.089844e-17
1.4300000000031195e-09	-2.652729e-07	-3.5658312e-07	-0.0018057585	0.08953944	-9.379337e-17	-1.6579546e-16	2.0750601e-16	-7.4602645e-17	0	-6.090128e-17
1.4400000000032053e-09	-2.5190195e-07	-3.40092e-07	-0.0018138735	0.08958856	-9.3810275e-17	-1.6588893e-16	2.0762359e-16	-7.46409e-17	0	-6.0904e-17
1.450000000003291e-09	-2.3824992e-07	-3.270865e-07	-0.0018212047	0.0896385	-9.382644e-17	-1.6598311e-16	2.0774191e-16	-7.467867e-17	0	-6.090659e-17
1.4600000000033769e-09	-2.2735266e-07	-3.097708e-07	-0.0018277181	0.08968849	-9.3841874e-17	-1.6607707e-16	2.0786e-16	-7.471569e-17	0	-6.090912e-17
1.4700000000034627e-09	-2.1763601e-07	-2.96428e-07	-0.0018335154	0.08973816	-9.385659e-17	-1.6617005e-16	2.0797671e-16	-7.475168e-17	0	-6.091157e-17
1.4800000000035485e-09	-2.0664037e-07	-2.832351e-07	-0.001838745	0.089787185	-9.387052e-17	-1.6626123e-16	2.0809111e-16	-7.478643e-17	0	-6.091396e-17
1.4900000000036342e-09	-1.9656298e-07	-2.686929e-07	-0.0018435437	0.08983511	-9.388372e-17	-1.6635003e-16	2.0820238e-16	-7.4819764e-17	0	-6.0916313e-17
1.50000000000372e-09	-1.9117994e-07	-2.5536883e-07	-0.001848034	0.089881584	-9.38961e-17	-1.6643585e-16	2.083099e-16	-7.4851534e-17	0	-6.091861e-17
1.5100000000038058e-09	-1.8084955e-07	-2.4867867e-07	-0.0018522635	0.089926474	-9.390775e-17	-1.6651834e-16	2.0841314e-16	-7.4881696e-17	0	-6.092086e-17
1.5200000000038916e-09	-1.7252904e-07	-2.3786575e-07	-0.0018561579	0.08996919	-9.391867e-17	-1.6659723e-16	2.0851182e-16	-7.4910204e-17	0	-6.092306e-17
1.5300000000039774e-09	-1.6852337e-07	-2.2255524e-07	-0.0018596082	0.09000936	-9.392886e-17	-1.6667235e-16	2.0860573e-16	-7.493706e-17	0	-6.092518e-17
1.5400000000040632e-09	-1.6272806e-07	-2.1151743e-07	-0.0018624705	0.09004733	-9.393838e-17	-1.6674358e-16	2.086947e-16	-7.4962283e-17	0	-6.092722e-17
1.550000000004149e-09	-1.5833824e-07	-1.9815587e-07	-0.0018646144	0.09008285	-9.394721e-17	-1.6681086e-16	2.0877876e-16	-7.498592e-17	0	-6.0929164e-17
1.5600000000042347e-09	-1.5165277e-07	-1.8207702e-07	-0.0018659799	0.0901155	-9.395543e-17	-1.6687421e-16	2.0885786e-16	-7.500804e-17	0	-6.093101e-17
1.5700000000043205e-09	-1.4704275e-07	-1.7068315e-07	-0.0018665326	0.09014518	-9.396308e-17	-1.6693369e-16	2.089321e-16	-7.502872e-17	0	-6.093276e-17
1.5800000000044063e-09	-1.4978815e-07	-1.600014e-07	-0.0018663292	0.090171956	-9.3970226e-17	-1.6698934e-16	2.0900153e-16	-7.5048026e-17	0	-6.093438e-17
1.590000000004492e-09	-1.4902683e-07	-1.4988184e-07	-0.0018654186	0.0901958	-9.397689e-17	-1.6704126e-16	2.090663e-16	-7.506602e-17	0	-6.0935894e-17
1.6000000000045779e-09	-1.4486423e-07	-1.404182e-07	-0.0018639186	0.0902168	-9.398306e-17	-1.6708962e-16	2.0912664e-16	-7.50828e-17	0	-6.093729e-17
1.6100000000046637e-09	-1.4080705e-07	-1.3149798e-07	-0.0018619619	0.090235025	-9.398888e-17	-1.6713453e-16	2.0918265e-16	-7.509844e-17	0	-6.093858e-17
1.6200000000047495e-09	-1.3652965e-07	-1.2353352e-07	-0.001859628	0.09025072	-9.3994346e-17	-1.6717614e-16	2.0923456e-16	-7.5113035e-17	0	-6.093975e-17
1.6300000000048352e-09	-1.222803e-07	-1.2143465e-07	-0.0018569967	0.09026402	-9.3999514e-17	-1.6721473e-16	2.0928266e-16	-7.512665e-17	0	-6.094081e-17
1.640000000004921e-09	-1.0816914e-07	-1.1911091e-07	-0.0018541253	0.090274915	-9.400444e-17	-1.6725047e-16	2.0932717e-16	-7.51394e-17	0	-6.094176e-17
1.6500000000050068e-09	-9.167801e-08	-1.1594386e-07	-0.001851116	0.090283714	-9.4009077e-17	-1.672835e-16	2.093684e-16	-7.515134e-17	0	-6.094262e-17
1.6600000000050926e-09	-7.3490924e-08	-1.1506308e-07	-0.001847994	0.0902904	-9.4013484e-17	-1.6731413e-16	2.0940653e-16	-7.5162534e-17	0	-6.0943365e-17
1.6700000000051784e-09	-5.417241e-08	-1.1294547e-07	-0.0018448367	0.09029522	-9.40178e-17	-1.6734254e-16	2.0944188e-16	-7.5173095e-17	0	-6.0944034e-17
1.6800000000052642e-09	-3.028839e-08	-1.1332027e-07	-0.0018416737	0.09029836	-9.402186e-17	-1.6736895e-16	2.0947472e-16	-7.5183055e-17	0	-6.09446e-17
1.69000000000535e-09	-2.6634106e-09	-1.2180945e-07	-0.0018385696	0.09030007	-9.402584e-17	-1.6739358e-16	2.0950534e-16	-7.519249e-17	0	-6.0945106e-17
1.7000000000054357e-09	2.0759142e-08	-1.1999168e-07	-0.0018355612	0.09030052	-9.402969e-17	-1.6741663e-16	2.0953395e-16	-7.520148e-17	0	-6.094555e-17
1.7100000000055215e-09	4.74073e-08	-1.2645695e-07	-0.0018326946	0.09029971	-9.403344e-17	-1.674383e-16	2.0956083e-16	-7.521007e-17	0	-6.0945926e-17
1.7200000000056073e-09	7.546798e-08	-1.2795614e-07	-0.0018300276	0.09029799	-9.40371e-17	-1.6745872e-16	2.0958614e-16	-7.521828e-17	0	-6.0946244e-17
1.730000000005693e-09	1.0400185e-07	-1.293429e-07	-0.001827627	0.09029542	-9.4040655e-17	-1.674781e-16	2.0961015e-16	-7.522617e-17	0	-6.094652e-17
1.7400000000057789e-09	1.3144177e-07	-1.343652e-07	-0.0018254562	0.090292014	-9.404415e-17	-1.6749658e-16	2.0963302e-16	-7.52338e-17	0	-6.0946773e-17
1.7500000000058647e-09	1.5614098e-07	-1.3086083e-07	-0.0018235581	0.090288065	-9.404755e-17	-1.6751428e-16	2.0965487e-16	-7.524116e-17	0	-6.0946985e-17
1.7600000000059504e-09	1.7560707e-07	-1.3548959e-07	-0.0018219978	0.09028354	-9.4050846e-17	-1.6753128e-16	2.096759e-16	-7.524829e-17	0	-6.094717e-17
1.7700000000060362e-09	1.976944e-07	-1.3074839e-07	-0.0018207646	0.09027852	-9.4054075e-17	-1.6754767e-16	2.0969616e-16	-7.525522e-17	0	-6.0947356e-17
1.780000000006122e-09	2.1939287e-07	-1.248828e-07	-0.0018198485	0.090273164	-9.405728e-17	-1.6756354e-16	2.0971574e-16	-7.526196e-17	0	-6.0947515e-17
1.7900000000062078e-09	2.3334475e-07	-1.2109733e-07	-0.0018191944	0.09026749	-9.406036e-17	-1.6757893e-16	2.0973473e-16	-7.52685e-17	0	-6.094766e-17
1.8000000000062936e-09	2.4508765e-07	-1.198605e-07	-0.0018188023	0.09026149	-9.40634e-17	-1.6759387e-16	2.0975316e-16	-7.52749e-17	0	-6.0947806e-17
1.8100000000063794e-09	2.5033248e-07	-1.16843374e-07	-0.0018186321	0.09025528	-9.406636e-17	-1.6760842e-16	2.0977112e-16	-7.528112e-17	0	-6.094794e-17
1.8200000000064652e-09	2.6022715e-07	-1.1303917e-07	-0.0018186384	0.090248905	-9.406922e-17	-1.6762255e-16	2.0978858e-16	-7.5287193e-17	0	-6.0948064e-17
1.830000000006551e-09	2.6453264e-07	-1.08616554e-07	-0.0018188225	0.09024243	-9.4072114e-17	-1.6763636e-16	2.0980555e-16	-7.529311e-17	0	-6.0948196e-17
1.8400000000066367e-09	2.660131e-07	-1.0404401e-07	-0.0018191239	0.090235814	-9.407483e-17	-1.6764974e-16	2.0982209e-16	-7.529886e-17	0	-6.094831e-17
1.8500000000067225e-09	2.6698055e-07	-9.71852e-08	-0.0018195283	0.09022905	-9.407754e-17	-1.6766279e-16	2.0983815e-16	-7.5304485e-17	0	-6.094842e-17
1.8600000000068083e-09	2.6632466e-07	-9.156323e-08	-0.0018199326	0.09022215	-9.4080174e-17	-1.6767543e-16	2.0985375e-16	-7.5309964e-17	0	-6.094853e-17
1.870000000006742e-09	2.649707e-07	-7.709601e-08	-0.0018203421	0.09021504	-9.4082775e-17	-1.6768773e-16	2.0986888e-16	-7.5315304e-17	0	-6.0948626e-17
1.880000000006621e-09	2.6024122e-07	-6.573963e-08	-0.0018207473	0.0902078	-9.408528e-17	-1.6769965e-16	2.0988358e-16	-7.5320506e-17	0	-6.094871e-17
1.8900000000065e-09	2.5376423e-07	-5.8243657e-08	-0.0018211493	0.09020047	-9.408774e-17	-1.6771115e-16	2.0989782e-16	-7.532559e-17	0	-6.09488e-17
1.900000000006379e-09	2.4701316e-07	-4.7524427e-08	-0.0018215214	0.0901931	-9.4090206e-17	-1.6772232e-16	2.0991152e-16	-7.5330524e-17	0	-6.094887e-17
1.910000000006258e-09	2.4231178e-07	-4.5650435e-08	-0.0018218608	0.09018562	-9.409255e-17	-1.677331e-16	2.0992485e-16	-7.5335355e-17	0	-6.0948944e-17
1.920000000006137e-09	2.3404749e-07	-3.7030073e-08	-0.0018221647	0.090178095	-9.4094925e-17	-1.6774353e-16	2.0993767e-16	-7.534005e-17	0	-6.094901e-17
1.930000000006016e-09	2.3301679e-07	-2.8016174e-08	-0.0018224232	0.09017055	-9.409722e-17	-1.6775359e-16	2.0995009e-16	-7.534464e-17	0	-6.094906e-17
1.940000000005895e-09	2.3099757e-07	-2.203814e-08	-0.00182268	0.09016292	-9.409947e-17	-1.6776333e-16	2.0996206e-16	-7.534911e-17	0	-6.0949116e-17
1.950000000005774e-09	2.3770646e-07	-1.323038e-08	-0.0018229116	0.09015526	-9.4101694e-17	-1.677727e-16	2.0997364e-16	-7.535349e-17	0	-6.094917e-17
1.960000000005653e-09	2.4001147e-07	-1.0194515e-08	-0.0018231032	0.09014763	-9.410392e-17	-1.6778176e-16	2.0998481e-16	-7.535775e-17	0	-6.0949215e-17
1.9700000000055318e-09	2.390206e-07	-4.1602615e-09	-0.001823291	0.09013999	-9.410612e-17	-1.6779049e-16	2.0999557e-16	-7.5361924e-17	0	-6.094927e-17
1.9800000000054108e-09	2.4200259e-07	8.9202e-09	-0.0018234127	0.090132356	-9.4108226e-17	-1.6779893e-16	2.1000602e-16	-7.5366e-17	0	-6.0949315e-17
1.9900000000052898e-09	2.417051e-07	9.538617e-09	-0.0018234778	0.090124734	-9.411034e-17	-1.6780711e-16	2.1001612e-16	-7.537e-17	0	-6.0949354e-17
2.0000000000051688e-09	2.4100936e-07	1.341778e-08	-0.0018234883	0.090117164	-9.411245e-17	-1.6781504e-16	2.1002587e-16	-7.53739e-17	0	-6.09494e-17
2.0100000000050478e-09	2.3922908e-07	2.5523766e-08	-0.0018233926	0.09010971	-9.411454e-17	-1.6782269e-16	2.1003533e-16	-7.537774e-17	0	-6.094944e-17
2.0200000000049267e-09	2.4233756e-07	3.987854e-08	-0.0018232088	0.090102255	-9.411662e-17	-1.6783009e-16	2.1004449e-16	-7.5381505e-17	0	-6.0949487e-17
2.0300000000048057e-09	2.4311527e-07	5.123493e-08	-0.0018229996	0.09009481	-9.4118635e-17	-1.6783729e-16	2.1005338e-16	-7.53852e-17	0	-6.094953e-17
2.0400000000046847e-09	2.4687262e-07	5.560133e-08	-0.001822712	0.09008741	-9.4120653e-17	-1.6784432e-16	2.1006207e-16	-7.538883e-17	0	-6.094958e-17
2.0500000000045637e-09	2.4979371e-07	6.1616845e-08	-0.0018223397	0.090080075	-9.4122625e-17	-1.6785115e-16	2.1007054e-16	-7.5392404e-17	0	-6.0949626e-17
2.0600000000044427e-09	2.525157e-07	6.062363e-08	-0.0018219544	0.09007284	-9.4124624e-17	-1.6785784e-16	2.1007881e-16	-7.539594e-17	0	-6.094968e-17
2.0700000000043217e-09	2.4017544e-07	7.1005545e-08	-0.0018214766	0.09006571	-9.4126576e-17	-1.6786437e-16	2.1008692e-16	-7.5399405e-17	0	-6.0949725e-17
2.0800000000042007e-09	2.4288804e-07	7.8332846e-08	-0.0018209381	0.09005863	-9.412859e-17	-1.6787076e-16	2.1009482e-16	-7.540284e-17	0	-6.094977e-17
2.0900000000040797e-09	2.4085477e-07	7.432251e-08	-0.0018203903	0.09005164	-9.4130474e-17	-1.6787703e-16	2.1010258e-16	-7.540623e-17	0	-6.0949824e-17
2.1000000000039587e-09	2.3958515e-07	8.4086004e-08	-0.0018197638	0.09004477	-9.4132406e-17	-1.6788325e-16	2.1011032e-16	-7.540959e-17	0	-6.094987e-17
2.1100000000038377e-09	2.4197448e-07	7.883882e-08	-0.0018191106	0.090038076	-9.413431e-17	-1.6788934e-16	2.1011786e-16	-7.54129e-17	0	-6.0949923e-17
2.1200000000037166e-09	2.389386e-07	7.2898274e-08	-0.0018183866	0.090031505	-9.4136204e-17	-1.6789539e-16	2.1012533e-16	-7.5416194e-17	0	-6.094997e-17
2.1300000000035956e-09	2.44577e-07	7.814545e-08	-0.0018176294	0.090025075	-9.4138084e-17	-1.6790135e-16	2.1013274e-16	-7.541947e-17	0	-6.0950016e-17
2.1400000000034746e-09	2.417824e-07	7.54469e-08	-0.0018168122	0.09001881	-9.4139956e-17	-1.6790724e-16	2.1014007e-16	-7.542271e-17	0	-6.095007e-17
2.1500000000033536e-09	2.4337763e-07	6.572088e-08	-0.0018159718	0.09001269	-9.4141756e-17	-1.6791309e-16	2.1014737e-16	-7.542592e-17	0	-6.0950115e-17
2.1600000000032326e-09	2.3441994e-07	5.9817815e-08	-0.0018151203	0.090006664	-9.41436e-17	-1.679189e-16	2.1015453e-16	-7.542911e-17	0	-6.095015e-17
2.1700000000031116e-09	2.2362342e-07	6.1579364e-08	-0.0018142805	0.090000786	-9.414545e-17	-1.6792463e-16	2.1016166e-16	-7.543228e-17	0	-6.09502e-17
2.1800000000029906e-09	2.1912584e-07	6.57771e-08	-0.0018134429	0.089995	-9.414724e-17	-1.6793034e-16	2.1016878e-16	-7.5435444e-17	0	-6.095025e-17
2.1900000000028696e-09	2.12944e-07	6.502751e-08	-0.0018125587	0.08998929	-9.4149036e-17	-1.6793605e-16	2.1017585e-16	-7.543859e-17	0	-6.095029e-17
2.2000000000027486e-09	2.1536849e-07	6.4990026e-08	-0.0018116641	0.089983724	-9.415088e-17	-1.6794174e-16	2.101829e-16	-7.544172e-17	0	-6.0950334e-17
2.2100000000026276e-09	2.1559805e-07	6.3322176e-08	-0.001810733	0.08997824	-9.4152616e-17	-1.6794731e-16	2.1018988e-16	-7.544481e-17	0	-6.095037e-17
2.2200000000025065e-09	2.2735266e-07	5.773768e-08	-0.0018097932	0.089972846	-9.41544e-17	-1.6795286e-16	2.1019676e-16	-7.5447885e-17	0	-6.095041e-17
2.2300000000023855e-09	2.3065792e-07	5.400844e-08	-0.0018088903	0.089967586	-9.4156156e-17	-1.6795841e-16	2.1020365e-16	-7.545095e-17	0	-6.095045e-17
2.2400000000022645e-09	2.1697075e-07	5.185335e-08	-0.0018080336	0.08996239	-9.4157896e-17	-1.6796392e-16	2.1021051e-16	-7.5454e-17	0	-6.095049e-17
2.2500000000021435e-09	2.1493278e-07	5.6294706e-08	-0.0018071615	0.0899573	-9.4159623e-17	-1.6796939e-16	2.102173e-16	-7.545702e-17	0	-6.0950526e-17
2.2600000000020225e-09	2.0996904e-07	6.401555e-08	-0.0018062233	0.08995226	-9.416137e-17	-1.6797481e-16	2.1022405e-16	-7.5460034e-17	0	-6.095056e-17
2.2700000000019015e-09	2.0087785e-07	6.424043e-08	-0.0018052977	0.08994734	-9.416306e-17	-1.6798019e-16	2.1023075e-16	-7.546302e-17	0	-6.0950605e-17
2.2800000000017805e-09	1.8989391e-07	6.545853e-08	-0.0018043424	0.08994249	-9.416475e-17	-1.679855e-16	2.1023739e-16	-7.5465984e-17	0	-6.095063e-17
2.2900000000016595e-09	1.8934811e-07	6.401555e-08	-0.0018033771	0.0899377	-9.4166466e-17	-1.6799087e-16	2.1024399e-16	-7.546894e-17	0	-6.0950664e-17
2.3000000000015385e-09	1.8989157e-07	6.1972905e-08	-0.0018024516	0.08993295	-9.4168153e-17	-1.6799613e-16	2.1025054e-16	-7.5471866e-17	0	-6.09507e-17
2.3100000000014175e-09	1.878536e-07	6.705142e-08	-0.0018014997	0.089928284	-9.416984e-17	-1.6800132e-16	2.10257e-16	-7.5474765e-17	0	-6.095073e-17
2.3200000000012965e-09	1.8589996e-07	7.158648e-08	-0.0018004933	0.089923665	-9.417148e-17	-1.6800651e-16	2.1026346e-16	-7.5477663e-17	0	-6.0950764e-17
2.3300000000011754e-09	1.8736871e-07	7.615902e-08	-0.001799542	0.08991912	-9.41731e-17	-1.6801165e-16	2.1026987e-16	-7.548053e-17	0	-6.09508e-17
2.3400000000010544e-09	1.8249165e-07	7.941976e-08	-0.0017985844	0.08991464	-9.417477e-17	-1.6801675e-16	2.102762e-16	-7.548339e-17	0	-6.095083e-17
2.3500000000009334e-09	1.7965489e-07	7.4865966e-08	-0.0017976757	0.08991028	-9.41764e-17	-1.6802182e-16	2.1028251e-16	-7.548623e-17	0	-6.095086e-17
2.3600000000008124e-09	1.7478486e-07	7.116483e-08	-0.0017967825	0.08990599	-9.417805e-17	-1.6802685e-16	2.1028875e-16	-7.5489045e-17	0	-6.095089e-17
2.3700000000006914e-09	1.7475206e-07	7.501588e-08	-0.0017959148	0.08990177	-9.417961e-17	-1.6803184e-16	2.10295e-16	-7.549184e-17	0	-6.095092e-17
2.3800000000005704e-09	1.6682273e-07	7.274836e-08	-0.0017950452	0.08989761	-9.418122e-17	-1.6803683e-16	2.1030115e-16	-7.5494624e-17	0	-6.0950956e-17
2.3900000000004494e-09	1.63138e-07	6.455901e-08	-0.0017942017	0.08989355	-9.418281e-17	-1.6804174e-16	2.1030734e-16	-7.5497383e-17	0	-6.095099e-17
2.4000000000003284e-09	1.543232e-07	5.6350927e-08	-0.001793328	0.08988954	-9.4184426e-17	-1.6804668e-16	2.1031341e-16	-7.550014e-17	0	-6.095103e-17
2.4100000000002074e-09	1.4269274e-07	5.312766e-08	-0.0017924618	0.08988556	-9.4185954e-17	-1.6805154e-16	2.1031949e-16	-7.550287e-17	0	-6.0951055e-17
2.4200000000000864e-09	1.3664445e-07	6.031442e-08	-0.0017915855	0.08988164	-9.418753e-17	-1.680564e-16	2.1032555e-16	-7.550559e-17	0	-6.095109e-17
2.4300099999999652e-09	1.3429961e-07	6.1813616e-08	-0.0017906775	0.08987782	-9.418908e-17	-1.6806128e-16	2.1033157e-16	-7.550831e-17	0	-6.0951114e-17
2.4400099999998442e-09	1.3477514e-07	6.030505e-08	-0.0017897966	0.08987409	-9.4190646e-17	-1.6806611e-16	2.1033759e-16	-7.551099e-17	0	-6.095115e-17
2.450009999999723e-09	1.3710357e-07	5.6332187e-08	-0.0017889685	0.08987047	-9.4192195e-17	-1.6807088e-16	2.1034355e-16	-7.551367e-17	0	-6.095118e-17
2.460009999999602e-09	1.3559735e-07	5.5338973e-08	-0.0017881339	0.08986692	-9.4193683e-17	-1.6807566e-16	2.1034953e-16	-7.5516336e-17	0	-6.0951214e-17
2.470009999999481e-09	1.2937335e-07	5.6388405e-08	-0.001787309	0.089863405	-9.419522e-17	-1.6808044e-16	2.1035546e-16	-7.551898e-17	0	-6.095125e-17
2.48000999999936e-09	1.2217723e-07	5.4982912e-08	-0.0017864784	0.08985993	-9.4196714e-17	-1.6808519e-16	2.1036137e-16	-7.5521616e-17	0	-6.095128e-17
2.490009999999239e-09	1.2484531e-07	4.9454638e-08	-0.0017856258	0.08985651	-9.4198236e-17	-1.6808994e-16	2.1036725e-16	-7.552425e-17	0	-6.0951306e-17
2.500009999999118e-09	1.2912739e-07	5.3202623e-08	-0.0017847518	0.089853115	-9.419971e-17	-1.6809464e-16	2.1037313e-16	-7.5526864e-17	0	-6.095134e-17
2.510009999998997e-09	1.2335549e-07	4.9998096e-08	-0.0017838832	0.08984975	-9.420119e-17	-1.6809937e-16	2.1037903e-16	-7.552947e-17	0	-6.0951366e-17
2.520009999998876e-09	1.2427141e-07	5.134737e-08	-0.0017830513	0.089846425	-9.420267e-17	-1.6810405e-16	2.1038485e-16	-7.553205e-17	0	-6.09514e-17
2.530009999998755e-09	1.1849483e-07	4.9829435e-08	-0.0017822597	0.089843094	-9.420413e-17	-1.6810872e-16	2.1039064e-16	-7.553461e-17	0	-6.095143e-17
2.540009999998634e-09	1.1646623e-07	4.904236e-08	-0.0017814687	0.08983978	-9.420559e-17	-1.6811334e-16	2.1039639e-16	-7.553718e-17	0	-6.0951465e-17
2.550009999998513e-09	1.1588061e-07	4.6100194e-08	-0.001780684	0.08983651	-9.420702e-17	-1.6811795e-16	2.1040214e-16	-7.5539715e-17	0	-6.0951485e-17
2.560009999998392e-09	1.1460396e-07	4.907047e-08	-0.0017799049	0.08983321	-9.420847e-17	-1.6812257e-16	2.1040787e-16	-7.554225e-17	0	-6.095152e-17
2.570009999998271e-09	1.1470468e-07	4.7561905e-08	-0.0017790986	0.089829914	-9.42099e-17	-1.6812713e-16	2.1041355e-16	-7.554477e-17	0	-6.095155e-17
2.58000999999815e-09	1.1438845e-07	4.6962228e-08	-0.0017782812	0.08982664	-9.4211326e-17	-1.6813167e-16	2.1041921e-16	-7.554727e-17	0	-6.095158e-17
2.590009999998029e-09	1.1812706e-07	4.027208e-08	-0.0017774452	0.08982339	-9.421272e-17	-1.681362e-16	2.1042481e-16	-7.554976e-17	0	-6.0951604e-17
2.600009999997908e-09	1.1731187e-07	4.3626525e-08	-0.0017766128	0.08982011	-9.421412e-17	-1.6814067e-16	2.1043041e-16	-7.555223e-17	0	-6.095163e-17
2.610009999997787e-09	1.15433195e-07	3.828565e-08	-0.0017757564	0.08981683	-9.4215534e-17	-1.6814515e-16	2.1043597e-16	-7.5554704e-17	0	-6.095166e-17
2.620009999997666e-09	1.0185613e-07	3.8847844e-08	-0.0017749585	0.08981361	-9.4216904e-17	-1.6814958e-16	2.1044148e-16	-7.555715e-17	0	-6.0951684e-17
2.630009999997545e-09	9.176e-08	3.7573532e-08	-0.0017741583	0.089810416	-9.421833e-17	-1.6815396e-16	2.1044696e-16	-7.5559574e-17	0	-6.095171e-17
2.640009999997424e-09	8.815256e-08	3.7386133e-08	-0.0017733269	0.08980717	-9.421968e-17	-1.6815834e-16	2.1045238e-16	-7.556198e-17	0	-6.0951736e-17
2.650009999997303e-09	8.7210886e-08	4.5238156e-08	-0.0017725095	0.089803964	-9.4221014e-17	-1.6816267e-16	2.104578e-16	-7.5564385e-17	0	-6.095176e-17
2.660009999997182e-09	8.129844e-08	5.4139615e-08	-0.0017716808	0.08980073	-9.42224e-17	-1.68167e-16	2.1046316e-16	-7.5566794e-17	0	-6.095178e-17
2.670009999997061e-09	8.045983e-08	5.2546724e-08	-0.0017708696	0.08979751	-9.4223727e-17	-1.6817126e-16	2.1046847e-16	-7.556915e-17	0	-6.09518e-17
2.68000999999694e-09	8.426872e-08	4.7055927e-08	-0.0017700584	0.089794315	-9.4225116e-17	-1.6817552e-16	2.1047372e-16	-7.557151e-17	0	-6.095183e-17
2.690009999996819e-09	8.339263e-08	5.1881457e-08	-0.0017692437	0.08979111	-9.4226466e-17	-1.6817972e-16	2.1047895e-16	-7.5573855e-17	0	-6.095185e-17
2.700009999996698e-09	8.78621e-08	4.084833e-08	-0.0017684283	0.08978795	-9.4227777e-17	-1.6818386e-16	2.1048414e-16	-7.5576184e-17	0	-6.095187e-17
2.710009999996577e-09	8.355192e-08	4.1443325e-08	-0.0017676124	0.089784786	-9.4229093e-17	-1.68188e-16	2.1048929e-16	-7.5578493e-17	0	-6.095189e-17
2.720009999996456e-09	8.0928324e-08	4.01409e-08	-0.0017667563	0.08978163	-9.423044e-17	-1.6819213e-16	2.1049442e-16	-7.5580816e-17	0	-6.0951915e-17
2.730009999996335e-09	8.1354656e-08	4.3270465e-08	-0.0017658912	0.0897785	-9.4231734e-17	-1.6819619e-16	2.104995e-16	-7.558311e-17	0	-6.0951935e-17
2.740009999996214e-09	7.446305e-08	4.0609397e-08	-0.0017650375	0.08977541	-9.423304e-17	-1.6820024e-16	2.1050452e-16	-7.558537e-17	0	-6.0951955e-17
2.750009999996093e-09	7.8267256e-08	4.1415213e-08	-0.0017641475	0.089772336	-9.4234354e-17	-1.6820427e-16	2.1050952e-16	-7.558764e-17	0	-6.095197e-17
2.760009999995972e-09	7.931201e-08	3.442991e-08	-0.0017632695	0.089769244	-9.423567e-17	-1.6820829e-16	2.1051453e-16	-7.558991e-17	0	-6.095199e-17
2.770009999995851e-09	7.807049e-08	3.3521026e-08	-0.0017623457	0.08976616	-9.423696e-17	-1.6821223e-16	2.1051942e-16	-7.559216e-17	0	-6.0952e-17
2.78000999999573e-09	7.317469e-08	3.189065e-08	-0.0017614164	0.08976308	-9.423825e-17	-1.6821616e-16	2.1052431e-16	-7.559438e-17	0	-6.095202e-17
2.790009999995609e-09	7.288422e-08	3.494994e-08	-0.0017604742	0.089760005	-9.4239496e-17	-1.6822006e-16	2.1052915e-16	-7.559659e-17	0	-6.095204e-17
2.800009999995488e-09	6.92721e-08	3.973799e-08	-0.0017595298	0.08975691	-9.4240786e-17	-1.6822393e-16	2.10534e-16	-7.559881e-17	0	-6.095205e-17
2.810009999995367e-09	6.2675646e-08	4.156982e-08	-0.001758593	0.08975381	-9.424204e-17	-1.6822777e-16	2.1053879e-16	-7.5601e-17	0	-6.095206e-17
2.820009999995246e-09	6.7651094e-08	3.7301803e-08	-0.0017576665	0.08975069	-9.4243314e-17	-1.6823162e-16	2.1054358e-16	-7.560319e-17	0	-6.095208e-17
2.830009999995125e-09	7.140845e-08	4.3898254e-08	-0.0017567622	0.08974759	-9.424461e-17	-1.6823542e-16	2.1054828e-16	-7.560536e-17	0	-6.0952094e-17
2.840009999995004e-09	6.8011836e-08	4.0614083e-08	-0.0017558609	0.08974446	-9.4245836e-17	-1.6823917e-16	2.1055296e-16	-7.5607524e-17	0	-6.095211e-17
2.850009999994883e-09	6.446531e-08	4.2492758e-08	-0.0017549625	0.089741334	-9.4247086e-17	-1.6824287e-16	2.105576e-16	-7.560969e-17	0	-6.095213e-17
2.860009999994762e-09	6.4254486e-08	4.105447e-08	-0.0017540037	0.08973822	-9.4248363e-17	-1.682466e-16	2.1056223e-16	-7.5611825e-17	0	-6.0952134e-17
2.870009999994641e-09	6.0778234e-08	4.640706e-08	-0.0017529856	0.089735076	-9.4249634e-17	-1.682503e-16	2.105668e-16	-7.561396e-17	0	-6.0952153e-17
2.8800099999945198e-09	5.952266e-08	5.3073784e-08	-0.0017519406	0.089731894	-9.425087e-17	-1.6825395e-16	2.1057135e-16	-7.5616074e-17	0	-6.0952167e-17
2.8900099999943988e-09	6.4245114e-08	5.293792e-08	-0.0017508763	0.089728676	-9.425206e-17	-1.6825756e-16	2.1057587e-16	-7.561818e-17	0	-6.095218e-17
2.9000099999942778e-09	6.671878e-08	5.5465467e-08	-0.0017498251	0.089725435	-9.425332e-17	-1.6826112e-16	2.1058028e-16	-7.562027e-17	0	-6.09522e-17
2.9100099999941568e-09	7.184884e-08	5.28817e-08	-0.0017487931	0.08972222	-9.4254544e-17	-1.6826466e-16	2.1058469e-16	-7.5622334e-17	0	-6.095221e-17
2.9200099999940357e-09	7.008728e-08	4.7568935e-08	-0.001747788	0.08971902	-9.4255735e-17	-1.6826815e-16	2.1058904e-16	-7.56244e-17	0	-6.0952226e-17
2.9300099999939147e-09	6.539762e-08	4.6100194e-08	-0.0017468035	0.089715846	-9.4256966e-17	-1.682716e-16	2.1059332e-16	-7.562643e-17	0	-6.095224e-17
2.9400099999937937e-09	6.421232e-08	4.1178623e-08	-0.001745853	0.08971262	-9.425819e-17	-1.6827502e-16	2.1059756e-16	-7.562846e-17	0	-6.095226e-17
2.9500099999936727e-09	6.549132e-08	4.4216833e-08	-0.0017448723	0.089709364	-9.425936e-17	-1.6827838e-16	2.1060176e-16	-7.563046e-17	0	-6.095227e-17
2.9600099999935517e-09	5.539519e-08	4.8437997e-08	-0.0017438573	0.08970606	-9.4260586e-17	-1.682817e-16	2.1060585e-16	-7.5632445e-17	0	-6.095229e-17
2.9700099999934307e-09	5.787823e-08	5.519608e-08	-0.0017428307	0.08970274	-9.4261764e-17	-1.6828493e-16	2.1060986e-16	-7.563441e-17	0	-6.0952306e-17
2.9800099999933097e-09	5.81687e-08	5.850953e-08	-0.0017417978	0.08969939	-9.426296e-17	-1.6828811e-16	2.1061383e-16	-7.563634e-17	0	-6.095232e-17
2.9900099999931887e-09	5.639309e-08	5.9048304e-08	-0.0017407751	0.089696	-9.426413e-17	-1.6829123e-16	2.106177e-16	-7.563826e-17	0	-6.0952345e-17
3.0000099999930677e-09	5.2050115e-08	6.095509e-08	-0.0017397354	0.08969262	-9.426528e-17	-1.6829426e-16	2.1062152e-16	-7.564014e-17	0	-6.0952365e-17
